word,word_length,by_word_count_guessed,by_word_count_missed,by_word_count_total,by_letter_count_guessed,by_letter_count_missed,by_letter_count_total
A,1,1,0,1,1,0,1
A's,3,3,1,4,3,1,4
AMD,3,3,3,6,3,2,5
AMD's,5,5,3,8,5,3,8
AOL,3,3,4,7,3,3,6
AOL's,5,5,2,7,5,2,7
Aachen,6,3,5,8,3,5,8
Aachen's,8,5,2,7,5,2,7
Aaliyah,7,2,2,4,1,2,3
Aaliyah's,9,3,1,4,2,2,4
Aaron,5,1,2,3,1,2,3
Aaron's,7,3,1,4,2,1,3
Abbas,5,3,3,6,3,2,5
Abbas's,7,3,2,5,3,2,5
Abbasid,7,4,1,5,3,1,4
Abbasid's,9,5,1,6,3,0,3
Abbott,6,4,4,8,4,4,8
Abbott's,8,5,3,8,6,3,9
Abby,4,3,5,8,3,4,7
Abby's,6,5,4,9,5,4,9
Abdul,5,4,4,8,4,5,9
Abdul's,7,6,3,9,6,3,9
Abe,3,3,0,3,3,0,3
Abe's,5,5,1,6,5,1,6
Abel,4,3,2,5,3,4,7
Abel's,6,5,2,7,5,2,7
Abelard,7,3,1,4,3,1,4
Abelard's,9,4,0,4,4,0,4
Abelson,7,5,0,5,5,0,5
Abelson's,9,6,1,7,5,0,5
Aberdeen,8,1,1,2,1,1,2
Aberdeen's,10,2,0,2,2,0,2
Abernathy,9,5,1,6,3,1,4
Abernathy's,11,7,0,7,4,0,4
Abidjan,7,2,2,4,2,3,5
Abidjan's,9,4,2,6,4,2,6
Abigail,7,2,3,5,2,2,4
Abigail's,9,5,1,6,3,1,4
Abilene,7,3,1,4,3,0,3
Abilene's,9,5,1,6,5,2,7
Abner,5,5,2,7,5,2,7
Abner's,7,6,0,6,6,1,7
Abraham,7,2,3,5,2,2,4
Abraham's,9,3,1,4,3,2,5
Abram,5,2,4,6,2,4,6
Abram's,7,4,2,6,4,2,6
Abrams,6,3,3,6,3,3,6
Abrams's,8,5,1,6,4,2,6
Absalom,7,2,2,4,2,2,4
Absalom's,9,2,1,3,2,2,4
Abuja,5,1,5,6,1,5,6
Abuja's,7,3,4,7,3,4,7
Abyssinia,9,2,1,3,2,1,3
Abyssinia's,11,2,1,3,2,1,3
Abyssinian,10,2,1,3,2,1,3
Abyssinian's,12,1,1,2,1,1,2
Ac,2,2,2,4,2,2,4
Ac's,4,4,1,5,4,1,5
Acadia,6,3,2,5,3,2,5
Acadia's,8,5,1,6,5,1,6
Acapulco,8,1,3,4,1,3,4
Acapulco's,10,3,2,5,2,2,4
Accenture,9,7,1,8,5,1,6
Accenture's,11,9,0,9,6,0,6
Accra,5,3,2,5,3,2,5
Accra's,7,5,1,6,5,1,6
Acevedo,7,2,2,4,2,2,4
Acevedo's,9,3,1,4,3,2,5
Achaean,7,3,3,6,3,2,5
Achaean's,9,4,0,4,4,1,5
Achebe,6,4,1,5,4,1,5
Achebe's,8,4,1,5,5,1,6
Achernar,8,4,1,5,3,1,4
Achernar's,10,5,0,5,4,0,4
Acheson,7,4,0,4,3,0,3
Acheson's,9,3,1,4,4,2,6
Achilles,8,6,0,6,6,0,6
Achilles's,10,7,0,7,7,0,7
Aconcagua,9,1,3,4,1,3,4
Aconcagua's,11,2,1,3,2,1,3
Acosta,6,3,1,4,3,1,4
Acosta's,8,4,1,5,4,1,5
Acropolis,9,3,1,4,3,1,4
Acrux,5,2,5,7,2,5,7
Acrux's,7,4,4,8,4,4,8
Actaeon,7,3,3,6,3,2,5
Actaeon's,9,4,0,4,4,1,5
Acton,5,3,4,7,3,4,7
Acton's,7,7,2,9,7,2,9
Acts,4,4,3,7,4,3,7
Acts's,6,4,3,7,4,3,7
Acuff,5,3,4,7,3,4,7
Acuff's,7,5,3,8,4,3,7
Ada,3,2,0,2,2,0,2
Ada's,5,4,1,5,4,1,5
Adam,4,2,2,4,2,3,5
Adam's,6,5,2,7,5,2,7
Adams,5,3,2,5,3,2,5
Adams's,7,3,1,4,3,1,4
Adan,4,3,1,4,3,2,5
Adan's,6,4,3,7,4,3,7
Adana,5,3,2,5,3,2,5
Adana's,7,5,1,6,5,1,6
Adar,4,3,0,3,3,1,4
Adar's,6,5,1,6,5,1,6
Addams,6,2,4,6,2,4,6
Addams's,8,4,2,6,5,1,6
Adderley,8,2,1,3,2,1,3
Adderley's,10,4,1,5,4,1,5
Addie,5,4,3,7,3,2,5
Addie's,7,6,3,9,5,2,7
Addison,7,6,1,7,4,2,6
Addison's,9,7,0,7,5,1,6
Adela,5,3,1,4,3,1,4
Adela's,7,5,0,5,5,0,5
Adelaide,8,3,2,5,3,2,5
Adelaide's,10,5,1,6,4,1,5
Adele,5,2,2,4,2,2,4
Adele's,7,4,1,5,4,1,5
Adeline,7,2,3,5,4,1,5
Adeline's,9,6,1,7,6,1,7
Aden,4,3,1,4,3,1,4
Aden's,6,5,4,9,5,4,9
Adenauer,8,3,1,4,3,1,4
Adenauer's,10,5,0,5,4,0,4
Adhara,6,3,3,6,3,3,6
Adhara's,8,5,2,7,5,2,7
Adidas,6,3,3,6,3,3,6
Adidas's,8,3,1,4,2,1,3
Adirondack,10,2,2,4,2,2,4
Adirondack's,12,3,1,4,3,1,4
Adirondacks,11,3,1,4,3,1,4
Adirondacks's,13,3,0,3,3,0,3
Adkins,6,4,4,8,4,4,8
Adkins's,8,7,1,8,7,1,8
Adler,5,4,1,5,4,1,5
Adler's,7,6,1,7,6,0,6
Adolf,5,3,2,5,3,2,5
Adolf's,7,5,1,6,4,2,6
Adolfo,6,3,3,6,3,3,6
Adolfo's,8,5,1,6,4,1,5
Adolph,6,3,3,6,3,3,6
Adolph's,8,5,1,6,5,1,6
Adonis,6,5,2,7,5,2,7
Adonis's,8,4,1,5,4,1,5
Adonises,8,5,1,6,4,2,6
Adrian,6,4,2,6,4,2,6
Adrian's,8,6,1,7,6,1,7
Adriana,7,2,2,4,1,2,3
Adriana's,9,2,1,3,2,1,3
Adriatic,8,3,2,5,2,2,4
Adriatic's,10,4,1,5,4,1,5
Adrienne,8,4,1,5,4,1,5
Adrienne's,10,5,0,5,5,0,5
Advent,6,5,1,6,6,2,8
Advent's,8,7,0,7,8,0,8
Adventist,9,3,0,3,3,0,3
Adventist's,11,5,0,5,5,0,5
Advents,7,6,1,7,6,1,7
Advil,5,4,3,7,5,4,9
Advil's,7,7,2,9,7,3,10
Aegean,6,2,3,5,2,3,5
Aegean's,8,5,1,6,4,1,5
Aelfric,7,5,1,6,3,2,5
Aelfric's,9,4,0,4,5,0,5
Aeneas,6,4,3,7,2,4,6
Aeneas's,8,3,1,4,4,0,4
Aeneid,6,3,2,5,3,2,5
Aeneid's,8,5,1,6,4,1,5
Aeolus,6,3,1,4,3,3,6
Aeolus's,8,4,1,5,4,2,6
Aeroflot,8,2,2,4,2,2,4
Aeroflot's,10,4,0,4,3,0,3
Aeschylus,9,3,1,4,3,1,4
Aeschylus's,11,5,0,5,5,0,5
Aesculapius,11,3,1,4,3,1,4
Aesculapius's,13,2,0,2,2,0,2
Aesop,5,3,0,3,3,0,3
Aesop's,7,4,1,5,4,1,5
Afghan,6,3,3,6,3,3,6
Afghan's,8,5,2,7,5,2,7
Afghani,7,2,2,4,2,2,4
Afghani's,9,5,2,7,4,1,5
Afghanistan,11,3,1,4,3,1,4
Afghanistan's,13,2,1,3,2,1,3
Afghans,7,3,2,5,3,2,5
Africa,6,4,2,6,4,3,7
Africa's,8,6,1,7,7,1,8
African,7,5,2,7,5,2,7
African's,9,5,1,6,7,1,8
Africans,8,4,2,6,6,2,8
Afrikaans,9,2,1,3,2,1,3
Afrikaans's,11,3,0,3,3,0,3
Afrikaner,9,3,2,5,3,2,5
Afrikaner's,11,5,0,5,4,0,4
Afrikaners,10,4,1,5,4,0,4
Afro,4,3,2,5,3,2,5
Afro's,6,5,1,6,5,1,6
Afrocentrism,12,2,0,2,2,0,2
Afrocentrism's,14,4,0,4,3,0,3
Afros,5,4,2,6,4,2,6
Ag,2,2,3,5,2,3,5
Ag's,4,4,2,6,4,2,6
Agamemnon,9,2,1,3,2,1,3
Agamemnon's,11,5,1,6,3,0,3
Agassi,6,2,1,3,2,1,3
Agassi's,8,2,1,3,2,1,3
Agassiz,7,2,2,4,2,2,4
Agassiz's,9,3,0,3,2,2,4
Agatha,6,2,3,5,2,3,5
Agatha's,8,4,2,6,4,2,6
Aggie,5,4,2,6,4,3,7
Aggie's,7,6,2,8,6,3,9
Aglaia,6,2,3,5,2,3,5
Aglaia's,8,4,2,6,4,2,6
Agnes,5,4,0,4,4,0,4
Agnes's,7,5,0,5,5,0,5
Agnew,5,3,4,7,3,4,7
Agnew's,7,5,2,7,5,2,7
Agni,4,3,3,6,3,3,6
Agni's,6,5,2,7,5,2,7
Agra,4,3,0,3,3,3,6
Agra's,6,5,2,7,5,2,7
Agricola,8,2,2,4,2,2,4
Agricola's,10,3,1,4,3,1,4
Agrippa,7,3,2,5,3,2,5
Agrippa's,9,5,1,6,3,2,5
Agrippina,9,3,2,5,3,2,5
Agrippina's,11,4,1,5,3,1,4
Aguilar,7,4,2,6,2,3,5
Aguilar's,9,4,1,5,4,1,5
Aguinaldo,9,4,2,6,4,2,6
Aguinaldo's,11,6,1,7,3,2,5
Aguirre,7,4,1,5,4,0,4
Aguirre's,9,6,0,6,6,0,6
Agustin,7,3,1,4,3,1,4
Agustin's,9,5,1,6,4,2,6
Ahab,4,2,3,5,2,4,6
Ahab's,6,4,3,7,4,3,7
Ahmad,5,2,5,7,3,3,6
Ahmad's,7,5,3,8,4,4,8
Ahmadabad,9,2,3,5,2,3,5
Ahmadabad's,11,4,1,5,3,1,4
Ahmadinejad,11,2,1,3,2,2,4
Ahmadinejad's,13,4,1,5,3,0,3
Ahmed,5,5,1,6,5,1,6
Ahmed's,7,5,5,10,5,5,10
Ahriman,7,4,3,7,4,3,7
Ahriman's,9,4,2,6,6,2,8
Aida,4,2,2,4,2,1,3
Aida's,6,4,3,7,4,3,7
Aiken,5,3,5,8,3,5,8
Aiken's,7,6,3,9,6,3,9
Aileen,6,4,1,5,4,1,5
Aileen's,8,6,0,6,6,0,6
Aimee,5,2,2,4,3,2,5
Aimee's,7,4,1,5,5,1,6
Ainu,4,3,3,6,3,3,6
Ainu's,6,5,2,7,5,2,7
Airedale,8,3,2,5,3,2,5
Airedale's,10,5,0,5,4,0,4
Airedales,9,4,0,4,4,0,4
Aires,5,5,1,6,5,1,6
Aires's,7,5,1,6,5,1,6
Aisha,5,2,1,3,2,1,3
Aisha's,7,3,1,4,3,1,4
Ajax,4,2,4,6,2,5,7
Ajax's,6,4,4,8,4,4,8
Akbar,5,3,4,7,2,5,7
Akbar's,7,4,3,7,4,3,7
Akhmatova,9,1,3,4,1,3,4
Akhmatova's,11,2,1,3,2,1,3
Akihito,7,3,4,7,3,3,6
Akihito's,9,5,2,7,5,2,7
Akita,5,4,3,7,4,3,7
Akita's,7,6,2,8,6,2,8
Akiva,5,3,4,7,3,4,7
Akiva's,7,5,3,8,5,3,8
Akkad,5,1,6,7,2,5,7
Akkad's,7,4,4,8,3,5,8
Akron,5,5,2,7,5,2,7
Akron's,7,7,1,8,7,1,8
Al,2,2,4,6,2,4,6
Al's,4,4,3,7,4,3,7
Alabama,7,3,3,6,3,2,5
Alabama's,9,5,1,6,6,1,7
Alabaman,8,3,3,6,3,3,6
Alabaman's,10,5,1,6,5,1,6
Alabamans,9,3,2,5,5,2,7
Alabamian,9,3,2,5,3,2,5
Alabamian's,11,2,1,3,2,1,3
Alabamians,10,3,1,4,3,1,4
Aladdin,7,2,2,4,2,2,4
Aladdin's,9,3,1,4,3,1,4
Alamo,5,2,4,6,2,4,6
Alamo's,7,4,1,5,4,1,5
Alamogordo,10,1,3,4,1,3,4
Alamogordo's,12,2,1,3,2,2,4
Alan,4,2,2,4,2,3,5
Alan's,6,3,5,8,3,5,8
Alana,5,3,3,6,3,3,6
Alana's,7,5,2,7,5,2,7
Alar,4,3,1,4,3,2,5
Alar's,6,5,2,7,5,2,7
Alaric,6,3,3,6,4,3,7
Alaric's,8,5,2,7,6,2,8
Alaska,6,2,2,4,2,1,3
Alaska's,8,3,2,5,3,1,4
Alaskan,7,2,2,4,2,2,4
Alaskan's,9,3,2,5,2,2,4
Alaskans,8,2,2,4,2,2,4
Alba,4,3,1,4,3,2,5
Alba's,6,5,1,6,5,1,6
Albania,7,2,3,5,2,2,4
Albania's,9,5,1,6,4,1,5
Albanian,8,3,2,5,3,2,5
Albanian's,10,4,1,5,3,1,4
Albanians,9,3,1,4,4,1,5
Albany,6,4,3,7,4,3,7
Albany's,8,6,2,8,6,2,8
Albee,5,2,3,5,2,3,5
Albee's,7,4,2,6,4,2,6
Alberio,7,7,1,8,7,1,8
Alberio's,9,9,0,9,9,0,9
Albert,6,6,2,8,6,3,9
Albert's,8,8,1,9,8,2,10
Alberta,7,5,1,6,5,1,6
Alberta's,9,7,0,7,7,0,7
Alberto,7,6,2,8,6,2,8
Alberto's,9,8,1,9,8,1,9
Albigensian,11,3,0,3,3,0,3
Albigensian's,13,3,0,3,3,0,3
Albion,6,5,2,7,5,2,7
Albion's,8,7,2,9,7,2,9
Albireo,7,3,2,5,3,2,5
Albireo's,9,5,0,5,5,0,5
Albuquerque,11,2,2,4,2,1,3
Albuquerque's,13,3,1,4,3,0,3
Alcatraz,8,2,3,5,2,3,5
Alcatraz's,10,3,2,5,2,2,4
Alcestis,8,3,1,4,3,1,4
Alcestis's,10,5,0,5,2,1,3
Alcibiades,10,5,0,5,5,0,5
Alcibiades's,12,2,0,2,2,0,2
Alcindor,8,4,2,6,3,2,5
Alcindor's,10,5,1,6,4,1,5
Alcmena,7,3,4,7,4,2,6
Alcmena's,9,6,0,6,6,1,7
Alcoa,5,3,4,7,3,4,7
Alcoa's,7,5,3,8,5,3,8
Alcott,6,3,5,8,3,5,8
Alcott's,8,6,1,7,5,4,9
Alcuin,6,5,3,8,3,2,5
Alcuin's,8,4,3,7,4,2,6
Alcyone,7,3,3,6,4,1,5
Alcyone's,9,6,1,7,6,1,7
Aldan,5,3,3,6,2,3,5
Aldan's,7,5,2,7,5,2,7
Aldebaran,9,3,1,4,3,1,4
Aldebaran's,11,5,0,5,4,0,4
Alden,5,5,2,7,5,2,7
Alden's,7,7,1,8,7,1,8
Alderamin,9,3,1,4,3,1,4
Alderamin's,11,5,0,5,7,0,7
Aldo,4,4,3,7,4,3,7
Aldo's,6,6,2,8,6,2,8
Aldrin,6,4,4,8,3,3,6
Aldrin's,8,5,2,7,4,3,7
Alec,4,4,2,6,3,3,6
Alec's,6,5,1,6,5,1,6
Aleichem,8,1,3,4,1,3,4
Aleichem's,10,3,1,4,2,2,4
Alejandra,9,7,1,8,7,1,8
Alejandra's,11,9,0,9,9,0,9
Alejandro,9,4,1,5,3,1,4
Alejandro's,11,6,0,6,4,0,4
Alembert,8,4,1,5,4,1,5
Alembert's,10,4,0,4,3,0,3
Aleppo,6,3,3,6,2,4,6
Aleppo's,8,4,2,6,4,2,6
Aleut,5,5,1,6,5,1,6
Aleut's,7,7,0,7,7,0,7
Aleutian,8,4,1,5,4,1,5
Aleutian's,10,7,1,8,5,1,6
Alex,4,3,3,6,3,4,7
Alex's,6,5,2,7,5,2,7
Alexander,9,3,1,4,3,1,4
Alexander's,11,6,0,6,5,0,5
Alexandra,9,6,2,8,6,2,8
Alexandra's,11,8,1,9,8,1,9
Alexandria,10,3,1,4,3,1,4
Alexandria's,12,4,0,4,3,0,3
Alexei,6,3,3,6,2,4,6
Alexei's,8,5,1,6,5,1,6
Alexis,6,4,2,6,4,2,6
Alexis's,8,6,0,6,6,0,6
Alfonso,7,3,2,5,3,2,5
Alfonso's,9,4,2,6,4,2,6
Alfonzo,7,2,3,5,2,3,5
Alfonzo's,9,3,2,5,3,2,5
Alford,6,5,3,8,4,3,7
Alford's,8,7,2,9,6,3,9
Alfred,6,4,1,5,4,1,5
Alfred's,8,6,0,6,6,0,6
Alfreda,7,3,1,4,3,1,4
Alfreda's,9,6,1,7,5,0,5
Alfredo,7,3,1,4,3,1,4
Alfredo's,9,6,1,7,5,0,5
Algenib,7,4,1,5,4,1,5
Algenib's,9,6,0,6,5,0,5
Alger,5,5,3,8,5,3,8
Alger's,7,7,1,8,7,2,9
Algeria,7,4,2,6,4,2,6
Algeria's,9,6,1,7,6,1,7
Algerian,8,6,1,7,6,1,7
Algerian's,10,8,0,8,8,0,8
Algerians,9,5,1,6,5,1,6
Algieba,7,2,3,5,2,3,5
Algieba's,9,5,2,7,5,2,7
Algiers,7,5,0,5,5,2,7
Algiers's,9,5,2,7,5,2,7
Algol,5,3,3,6,3,3,6
Algol's,7,5,3,8,5,3,8
Algonquian,10,3,2,5,3,2,5
Algonquian's,12,3,1,4,4,1,5
Algonquians,11,3,1,4,3,1,4
Algonquin,9,3,2,5,3,2,5
Algonquin's,11,6,1,7,6,1,7
Alhambra,8,1,3,4,1,3,4
Alhambra's,10,7,1,8,7,1,8
Alhena,6,5,1,6,5,1,6
Alhena's,8,7,0,7,5,0,5
Ali,3,3,4,7,3,3,6
Ali's,5,5,2,7,5,2,7
Alice,5,5,2,7,5,2,7
Alice's,7,7,1,8,7,1,8
Alicia,6,2,2,4,2,2,4
Alicia's,8,4,1,5,4,2,6
Alighieri,9,3,2,5,3,2,5
Alighieri's,11,5,1,6,4,1,5
Aline,5,5,1,6,5,1,6
Aline's,7,5,2,7,6,2,8
Alioth,6,4,2,6,4,2,6
Alioth's,8,6,1,7,5,3,8
Alisa,5,2,1,3,2,1,3
Alisa's,7,3,1,4,3,1,4
Alisha,6,2,2,4,2,2,4
Alisha's,8,3,2,5,3,2,5
Alison,6,6,1,7,6,1,7
Alison's,8,7,1,8,7,1,8
Alissa,6,4,1,5,4,1,5
Alissa's,8,5,1,6,5,1,6
Alistair,8,2,1,3,2,1,3
Alistair's,10,3,1,4,3,1,4
Alkaid,6,4,4,8,4,4,8
Alkaid's,8,5,2,7,5,2,7
Allah,5,3,3,6,3,2,5
Allah's,7,4,4,8,4,3,7
Allahabad,9,2,3,5,2,3,5
Allahabad's,11,4,1,5,3,1,4
Allan,5,3,3,6,3,3,6
Allan's,7,5,2,7,5,2,7
Alleghenies,11,4,0,4,4,0,4
Alleghenies's,13,4,0,4,3,0,3
Allegheny,9,3,1,4,3,1,4
Allegheny's,11,3,0,3,3,0,3
Allegra,7,3,1,4,3,1,4
Allegra's,9,5,0,5,4,1,5
Allen,5,4,3,7,4,3,7
Allen's,7,6,1,7,6,1,7
Allende,7,3,2,5,3,1,4
Allende's,9,5,0,5,5,1,6
Allentown,9,3,1,4,3,1,4
Allentown's,11,5,0,5,4,1,5
Allie,5,3,1,4,3,1,4
Allie's,7,6,1,7,6,1,7
Allison,7,5,2,7,6,1,7
Allison's,9,6,1,7,7,0,7
Allstate,8,3,2,5,3,2,5
Allstate's,10,6,1,7,6,0,6
Allyson,7,4,2,6,5,2,7
Allyson's,9,3,2,5,6,1,7
Alma,4,3,2,5,3,3,6
Alma's,6,5,2,7,5,2,7
Almach,6,2,5,7,2,5,7
Almach's,8,5,3,8,5,3,8
Almaty,6,3,4,7,3,4,7
Almaty's,8,5,3,8,5,3,8
Almighty,8,2,3,5,3,3,6
Almighty's,10,4,2,6,3,2,5
Almohad,7,3,4,7,1,4,5
Almohad's,9,3,3,6,3,3,6
Almoravid,9,4,2,6,3,3,6
Almoravid's,11,5,1,6,3,2,5
Alnilam,7,4,3,7,3,3,6
Alnilam's,9,6,2,8,5,2,7
Alnitak,7,4,3,7,3,3,6
Alnitak's,9,6,2,8,5,2,7
Alonzo,6,3,3,6,3,3,6
Alonzo's,8,5,1,6,4,1,5
Alpert,6,5,3,8,4,4,8
Alpert's,8,7,2,9,7,3,10
Alphard,7,4,3,7,3,4,7
Alphard's,9,4,1,5,5,3,8
Alphecca,8,3,3,6,3,1,4
Alphecca's,10,4,2,6,4,0,4
Alpheratz,9,3,2,5,4,2,6
Alpheratz's,11,5,1,6,5,1,6
Alphonse,8,4,0,4,4,0,4
Alphonse's,10,5,1,6,4,0,4
Alphonso,8,2,2,4,2,2,4
Alphonso's,10,3,2,5,2,2,4
Alpine,6,4,1,5,5,0,5
Alpine's,8,7,0,7,6,1,7
Alpo,4,4,4,8,4,4,8
Alpo's,6,6,3,9,6,3,9
Alps,4,4,4,8,4,4,8
Alps's,6,5,1,6,5,1,6
Alsace,6,3,2,5,3,2,5
Alsace's,8,4,2,6,4,2,6
Alsatian,8,4,1,5,4,1,5
Alsatian's,10,4,1,5,3,1,4
Alsop,5,4,1,5,4,1,5
Alsop's,7,5,1,6,5,2,7
Alston,6,3,2,5,2,3,5
Alston's,8,5,2,7,6,1,7
Altai,5,4,3,7,4,2,6
Altai's,7,4,4,8,4,3,7
Altaic,6,3,5,8,3,5,8
Altaic's,8,7,1,8,7,1,8
Altair,6,4,2,6,3,3,6
Altair's,8,6,2,8,6,2,8
Altamira,8,2,3,5,2,3,5
Altamira's,10,6,2,8,6,2,8
Althea,6,3,3,6,3,3,6
Althea's,8,5,1,6,5,1,6
Altiplano,9,3,2,5,2,3,5
Altiplano's,11,4,1,5,3,2,5
Altman,6,4,4,8,3,4,7
Altman's,8,6,3,9,5,3,8
Altoids,7,6,2,8,6,2,8
Altoids's,9,4,1,5,4,2,6
Alton,5,3,3,6,3,3,6
Alton's,7,6,3,9,6,3,9
Aludra,6,2,4,6,2,4,6
Aludra's,8,4,3,7,4,2,6
Alva,4,3,3,6,3,4,7
Alva's,6,5,3,8,5,3,8
Alvarado,8,2,3,5,1,4,5
Alvarado's,10,4,1,5,3,2,5
Alvarez,7,4,2,6,4,2,6
Alvarez's,9,6,0,6,6,0,6
Alvaro,6,4,2,6,4,2,6
Alvaro's,8,4,4,8,4,4,8
Alvin,5,3,4,7,3,4,7
Alvin's,7,5,2,7,5,3,8
Alyce,5,4,2,6,4,2,6
Alyce's,7,6,2,8,5,2,7
Alyson,6,5,2,7,5,2,7
Alyson's,8,6,2,8,6,2,8
Alyssa,6,3,2,5,3,2,5
Alyssa's,8,4,2,6,4,2,6
Alzheimer,9,2,2,4,2,2,4
Alzheimer's,11,4,1,5,3,1,4
Am,2,2,0,2,2,0,2
Am's,4,4,4,8,4,4,8
Amadeus,7,3,5,8,3,5,8
Amadeus's,9,4,2,6,4,1,5
Amado,5,2,4,6,2,4,6
Amado's,7,5,1,6,5,1,6
Amalia,6,3,3,6,3,3,6
Amalia's,8,5,2,7,5,2,7
Amanda,6,1,4,5,1,4,5
Amanda's,8,3,3,6,3,3,6
Amarillo,8,2,2,4,2,2,4
Amarillo's,10,4,1,5,3,1,4
Amaru,5,3,2,5,3,2,5
Amaru's,7,5,2,7,5,2,7
Amaterasu,9,3,1,4,3,1,4
Amaterasu's,11,4,1,5,3,1,4
Amati,5,3,3,6,3,3,6
Amati's,7,4,3,7,4,3,7
Amazon,6,4,2,6,4,2,6
Amazon's,8,6,1,7,6,1,7
Amazons,7,4,2,6,4,2,6
Amber,5,4,2,6,4,2,6
Amber's,7,6,0,6,6,1,7
Amelia,6,3,2,5,3,2,5
Amelia's,8,5,1,6,5,1,6
Amenhotep,9,3,2,5,3,2,5
Amenhotep's,11,5,0,5,5,0,5
Amerasian,9,4,0,4,4,0,4
Amerasian's,11,3,0,3,3,0,3
America,7,3,1,4,3,1,4
America's,9,8,0,8,8,1,9
American,8,4,1,5,4,1,5
American's,10,5,0,5,5,1,6
Americana,9,4,1,5,3,1,4
Americana's,11,5,0,5,4,0,4
Americanism,11,4,1,5,4,0,4
Americanism's,13,5,0,5,4,0,4
Americanisms,12,4,0,4,4,0,4
Americanization,15,2,1,3,3,1,4
Americanization's,17,2,0,2,3,0,3
Americanizations,16,3,0,3,2,0,2
Americanize,11,3,1,4,2,1,3
Americanized,12,3,1,4,3,1,4
Americanizes,12,4,0,4,4,0,4
Americanizing,13,4,1,5,4,1,5
Americans,9,7,1,8,7,2,9
Americas,8,4,1,5,4,1,5
Amerind,7,4,1,5,4,1,5
Amerind's,9,5,0,5,5,1,6
Amerindian,10,3,1,4,3,1,4
Amerindian's,12,4,0,4,4,0,4
Amerindians,11,4,1,5,4,0,4
Amerinds,8,4,1,5,4,2,6
Ameslan,7,3,0,3,3,0,3
Ameslan's,9,3,1,4,3,0,3
Amharic,7,4,2,6,4,2,6
Amharic's,9,6,1,7,4,2,6
Amherst,7,4,0,4,4,0,4
Amherst's,9,4,1,5,3,0,3
Amie,4,3,3,6,3,3,6
Amie's,6,5,1,6,5,2,7
Amiga,5,2,5,7,3,4,7
Amiga's,7,4,4,8,5,3,8
Amish,5,3,1,4,3,1,4
Amish's,7,4,1,5,4,1,5
Amman,5,3,2,5,2,3,5
Amman's,7,5,1,6,5,1,6
Amoco,5,2,2,4,2,2,4
Amoco's,7,4,1,5,5,1,6
Amos,4,4,5,9,4,5,9
Amos's,6,4,4,8,4,4,8
Amparo,6,3,3,6,3,3,6
Amparo's,8,5,2,7,5,2,7
Ampere,6,2,1,3,2,1,3
Ampere's,8,5,0,5,3,0,3
Amritsar,8,2,1,3,2,1,3
Amritsar's,10,4,1,5,2,1,3
Amsterdam,9,4,1,5,5,1,6
Amsterdam's,11,4,0,4,4,0,4
Amtrak,6,4,3,7,4,3,7
Amtrak's,8,5,2,7,4,3,7
Amundsen,8,3,0,3,3,0,3
Amundsen's,10,4,0,4,3,1,4
Amur,4,3,5,8,3,5,8
Amur's,6,6,3,9,6,3,9
Amway,5,2,5,7,2,3,5
Amway's,7,3,5,8,4,4,8
Amy,3,3,6,9,3,6,9
Amy's,5,5,4,9,5,4,9
Ana,3,2,1,3,2,1,3
Ana's,5,4,2,6,4,2,6
Anabaptist,10,4,0,4,3,1,4
Anabaptist's,12,5,0,5,3,0,3
Anabel,6,3,3,6,3,4,7
Anabel's,8,5,1,6,5,2,7
Anacin,6,2,3,5,3,3,6
Anacin's,8,4,2,6,5,2,7
Anacreon,8,3,3,6,2,1,3
Anacreon's,10,4,0,4,4,0,4
Anaheim,7,3,2,5,3,2,5
Anaheim's,9,5,0,5,5,1,6
Analects,8,7,1,8,5,1,6
Analects's,10,3,1,4,3,0,3
Ananias,7,4,2,6,3,1,4
Ananias's,9,4,2,6,4,1,5
Anasazi,7,3,1,4,3,1,4
Anasazi's,9,4,1,5,3,1,4
Anastasia,9,2,0,2,2,0,2
Anastasia's,11,2,0,2,2,0,2
Anatole,7,4,1,5,4,0,4
Anatole's,9,5,0,5,5,0,5
Anatolia,8,2,2,4,2,2,4
Anatolia's,10,4,1,5,3,1,4
Anatolian,9,2,2,4,2,2,4
Anatolian's,11,4,1,5,3,1,4
Anaxagoras,10,2,1,3,2,1,3
Anaxagoras's,12,4,2,6,2,2,4
Anchorage,9,2,2,4,2,2,4
Anchorage's,11,5,0,5,5,0,5
Andalusia,9,2,1,3,2,2,4
Andalusia's,11,3,1,4,2,1,3
Andalusian,10,3,0,3,3,1,4
Andalusian's,12,4,0,4,2,1,3
Andaman,7,2,3,5,2,2,4
Andaman's,9,3,1,4,3,1,4
Andean,6,3,1,4,3,1,4
Andean's,8,5,0,5,4,0,4
Andersen,8,5,0,5,4,0,4
Andersen's,10,4,0,4,4,0,4
Anderson,8,3,0,3,3,0,3
Anderson's,10,3,0,3,3,0,3
Andes,5,5,0,5,5,0,5
Andes's,7,5,0,5,5,0,5
Andorra,7,1,3,4,1,3,4
Andorra's,9,4,2,6,4,1,5
Andre,5,4,4,8,3,2,5
Andre's,7,6,0,6,6,0,6
Andrea,6,3,1,4,3,1,4
Andrea's,8,5,0,5,5,0,5
Andrei,6,6,1,7,6,1,7
Andrei's,8,8,0,8,8,0,8
Andres,6,5,0,5,5,0,5
Andres's,8,6,0,6,6,0,6
Andretti,8,4,1,5,3,1,4
Andretti's,10,7,0,7,6,0,6
Andrew,6,5,2,7,5,2,7
Andrew's,8,7,1,8,7,1,8
Andrews,7,4,1,5,4,1,5
Andrews's,9,5,0,5,5,0,5
Andrianampoinimerina,20,1,0,1,1,0,1
Andrianampoinimerina's,22,1,0,1,1,0,1
Android,7,3,2,5,3,2,5
Android's,9,4,1,5,4,1,5
Andromache,10,3,1,4,3,2,5
Andromache's,12,5,1,6,4,1,5
Andromeda,9,4,1,5,3,1,4
Andromeda's,11,6,0,6,4,0,4
Andropov,8,2,3,5,2,3,5
Andropov's,10,3,2,5,3,2,5
Andy,4,3,6,9,3,7,10
Andy's,6,5,2,7,5,2,7
Angara,6,4,2,6,4,2,6
Angara's,8,6,1,7,6,1,7
Angel,5,3,3,6,3,3,6
Angel's,7,5,1,6,5,1,6
Angela,6,3,1,4,3,1,4
Angela's,8,5,0,5,4,0,4
Angeles,7,4,0,4,3,2,5
Angeles's,9,4,0,4,3,1,4
Angelia,7,5,1,6,5,1,6
Angelia's,9,7,0,7,7,0,7
Angelica,8,7,2,9,7,2,9
Angelica's,10,9,0,9,9,0,9
Angelico,8,4,2,6,3,2,5
Angelico's,10,6,0,6,5,1,6
Angelina,8,4,1,5,4,1,5
Angelina's,10,6,0,6,5,0,5
Angeline,8,3,1,4,3,1,4
Angeline's,10,6,0,6,3,1,4
Angelique,9,4,2,6,4,2,6
Angelique's,11,5,0,5,5,1,6
Angelita,8,6,3,9,6,3,9
Angelita's,10,8,1,9,8,1,9
Angelo,6,2,3,5,2,3,5
Angelo's,8,5,1,6,4,2,6
Angelou,7,4,1,5,6,1,7
Angelou's,9,6,0,6,5,0,5
Angevin,7,4,2,6,3,2,5
Angevin's,9,5,1,6,4,2,6
Angie,5,4,2,6,4,3,7
Angie's,7,6,2,8,6,3,9
Angkor,6,5,3,8,5,3,8
Angkor's,8,7,1,8,7,1,8
Anglia,6,2,2,4,2,2,4
Anglia's,8,4,1,5,4,2,6
Anglican,8,4,2,6,3,2,5
Anglican's,10,4,1,5,4,1,5
Anglicanism,11,4,1,5,4,0,4
Anglicanism's,13,4,0,4,4,0,4
Anglicanisms,12,4,0,4,4,0,4
Anglicans,9,3,1,4,3,1,4
Anglicize,9,4,1,5,4,1,5
Anglo,5,3,3,6,3,3,6
Anglo's,7,5,1,6,5,2,7
Anglophile,10,5,1,6,4,1,5
Anglophile's,12,6,0,6,5,0,5
Angola,6,2,4,6,2,4,6
Angola's,8,4,3,7,4,3,7
Angolan,7,3,4,7,2,3,5
Angolan's,9,4,2,6,4,2,6
Angolans,8,2,3,5,2,3,5
Angora,6,3,3,6,3,3,6
Angora's,8,5,2,7,5,1,6
Angoras,7,4,2,6,4,1,5
Anguilla,8,2,2,4,2,2,4
Anguilla's,10,4,1,5,4,1,5
Angus,5,5,3,8,5,3,8
Angus's,7,6,1,7,6,1,7
Aniakchak,9,2,3,5,2,3,5
Aniakchak's,11,2,1,3,2,1,3
Anibal,6,5,2,7,5,2,7
Anibal's,8,7,1,8,7,1,8
Anita,5,3,4,7,3,5,8
Anita's,7,5,3,8,5,4,9
Ankara,6,3,3,6,3,3,6
Ankara's,8,5,2,7,5,2,7
Ann,3,2,5,7,2,5,7
Ann's,5,4,5,9,4,4,8
Anna,4,2,3,5,2,4,6
Anna's,6,4,4,8,4,4,8
Annabel,7,2,3,5,2,3,5
Annabel's,9,5,2,7,3,1,4
Annabelle,9,2,1,3,2,1,3
Annabelle's,11,4,0,4,3,1,4
Annam,5,2,2,4,3,3,6
Annam's,7,4,1,5,4,1,5
Annapolis,9,3,1,4,3,1,4
Annapolis's,11,4,0,4,4,0,4
Annapurna,9,1,3,4,1,3,4
Annapurna's,11,2,1,3,2,1,3
Anne,4,3,4,7,3,0,3
Anne's,6,5,2,7,5,0,5
Annette,7,3,1,4,3,0,3
Annette's,9,5,0,5,5,0,5
Annie,5,4,4,8,4,4,8
Annie's,7,5,4,9,5,4,9
Annmarie,8,3,1,4,3,2,5
Annmarie's,10,6,0,6,4,0,4
Anouilh,7,5,2,7,5,2,7
Anouilh's,9,5,1,6,5,1,6
Anselm,6,4,0,4,4,0,4
Anselm's,8,4,0,4,4,0,4
Anselmo,7,4,1,5,4,0,4
Anselmo's,9,4,0,4,4,0,4
Anshan,6,2,2,4,2,2,4
Anshan's,8,2,2,4,3,1,4
Antaeus,7,5,2,7,4,2,6
Antaeus's,9,4,1,5,4,1,5
Antananarivo,12,2,1,3,2,1,3
Antananarivo's,14,4,0,4,3,1,4
Antarctic,9,2,2,4,2,2,4
Antarctic's,11,3,1,4,3,1,4
Antarctica,10,3,2,5,3,2,5
Antarctica's,12,2,1,3,3,1,4
Antares,7,4,2,6,4,1,5
Antares's,9,4,1,5,4,1,5
Anthony,7,3,3,6,3,3,6
Anthony's,9,5,2,7,4,2,6
Anthropocene,12,1,2,3,1,2,3
Antichrist,10,3,0,3,3,0,3
Antichrist's,12,4,0,4,3,0,3
Antichrists,11,3,0,3,3,0,3
Antietam,8,4,2,6,2,1,3
Antietam's,10,4,1,5,3,0,3
Antigone,8,4,1,5,4,1,5
Antigone's,10,6,0,6,5,0,5
Antigua,7,3,2,5,3,2,5
Antigua's,9,5,1,6,3,2,5
Antilles,8,5,1,6,5,1,6
Antilles's,10,6,1,7,6,1,7
Antioch,7,3,2,5,3,2,5
Antioch's,9,4,1,5,4,1,5
Antipas,7,3,3,6,3,2,5
Antipas's,9,4,1,5,5,1,6
Antofagasta,11,3,0,3,3,0,3
Antofagasta's,13,2,1,3,2,1,3
Antoine,7,4,1,5,4,0,4
Antoine's,9,6,0,6,6,0,6
Antoinette,10,2,1,3,2,1,3
Antoinette's,12,3,0,3,3,0,3
Anton,5,4,4,8,4,4,8
Anton's,7,6,2,8,6,2,8
Antone,6,5,2,7,5,2,7
Antone's,8,7,2,9,7,3,10
Antonia,7,3,2,5,3,2,5
Antonia's,9,5,1,6,3,1,4
Antoninus,9,4,1,5,4,1,5
Antoninus's,11,3,0,3,3,0,3
Antonio,7,3,2,5,3,2,5
Antonio's,9,4,1,5,4,1,5
Antonius,8,6,2,8,5,2,7
Antonius's,10,5,0,5,3,1,4
Antony,6,3,4,7,3,4,7
Antony's,8,5,3,8,7,1,8
Antwan,6,2,2,4,2,2,4
Antwan's,8,4,1,5,4,1,5
Antwerp,7,3,2,5,4,1,5
Antwerp's,9,6,0,6,6,0,6
Anubis,6,3,3,6,3,3,6
Anubis's,8,5,1,6,4,1,5
Anzac,5,2,2,4,2,6,8
Anzac's,7,4,1,5,4,1,5
Apache,6,3,1,4,3,1,4
Apache's,8,4,2,6,4,3,7
Apaches,7,3,2,5,3,1,4
Apalachicola,12,3,2,5,3,2,5
Apalachicola's,14,3,2,5,3,1,4
Apatosaurus,11,2,2,4,2,2,4
Apennines,9,4,1,5,4,1,5
Apennines's,11,3,0,3,3,0,3
Aphrodite,9,6,1,7,5,1,6
Aphrodite's,11,8,0,8,5,0,5
Apia,4,3,2,5,3,1,4
Apia's,6,4,3,7,4,3,7
Apocrypha,9,1,3,4,1,3,4
Apocrypha's,11,2,2,4,2,2,4
Apollinaire,11,3,1,4,3,1,4
Apollinaire's,13,3,1,4,4,0,4
Apollo,6,3,3,6,3,3,6
Apollo's,8,5,1,6,4,1,5
Apollonian,10,3,2,5,3,2,5
Apollonian's,12,3,1,4,4,1,5
Apollos,7,3,2,5,3,1,4
Appalachia,10,2,2,4,2,3,5
Appalachia's,12,8,1,9,8,2,10
Appalachian,11,3,1,4,2,3,5
Appalachian's,13,3,2,5,3,2,5
Appalachians,12,7,2,9,7,3,10
Appalachians's,14,2,0,2,2,0,2
Appaloosa,9,2,2,4,2,2,4
Appaloosa's,11,3,2,5,2,2,4
Apple,5,4,1,5,4,1,5
Apple's,7,6,1,7,6,3,9
Appleseed,9,2,0,2,2,0,2
Appleseed's,11,2,0,2,2,0,2
Appleton,8,3,2,5,3,1,4
Appleton's,10,5,1,6,4,0,4
Appomattox,10,1,3,4,2,3,5
Appomattox's,12,3,1,4,3,2,5
Apr,3,3,2,5,3,4,7
Apr's,5,5,1,6,5,1,6
April,5,3,6,9,3,5,8
April's,7,5,3,8,5,4,9
Aprils,6,5,5,10,5,5,10
Apuleius,8,3,2,5,3,2,5
Apuleius's,10,5,0,5,4,0,4
Aquafresh,9,3,1,4,3,1,4
Aquafresh's,11,5,1,6,3,0,3
Aquarius,8,5,2,7,3,3,6
Aquarius's,10,4,0,4,3,1,4
Aquariuses,10,2,1,3,3,1,4
Aquila,6,3,3,6,2,5,7
Aquila's,8,5,2,7,4,4,8
Aquinas,7,3,2,5,3,1,4
Aquinas's,9,4,2,6,5,1,6
Aquino,6,5,3,8,5,3,8
Aquino's,8,7,1,8,7,1,8
Aquitaine,9,3,1,4,3,1,4
Aquitaine's,11,5,0,5,4,0,4
Ara,3,2,2,4,2,2,4
Ara's,5,4,3,7,4,3,7
Arab,4,3,0,3,3,1,4
Arab's,6,5,1,6,5,1,6
Arabia,6,3,4,7,3,4,7
Arabia's,8,5,3,8,5,3,8
Arabian,7,3,2,5,1,3,4
Arabian's,9,4,1,5,3,2,5
Arabians,8,3,2,5,2,3,5
Arabic,6,3,3,6,4,3,7
Arabic's,8,5,2,7,6,2,8
Arabs,5,2,3,5,2,3,5
Araby,5,2,2,4,2,2,4
Araby's,7,4,2,6,4,2,6
Araceli,7,3,2,5,3,2,5
Araceli's,9,4,1,5,5,1,6
Arafat,6,3,2,5,3,2,5
Arafat's,8,5,1,6,5,1,6
Araguaya,8,1,3,4,1,3,4
Araguaya's,10,2,1,3,2,1,3
Aral,4,2,1,3,2,2,4
Aral's,6,4,2,6,4,2,6
Aramaic,7,2,2,4,3,2,5
Aramaic's,9,5,1,6,5,1,6
Aramco,6,3,2,5,3,2,5
Aramco's,8,5,1,6,5,1,6
Arapaho,7,2,3,5,2,3,5
Arapaho's,9,2,2,4,4,2,6
Ararat,6,2,2,4,2,2,4
Ararat's,8,4,1,5,3,1,4
Araucanian,10,3,2,5,3,2,5
Araucanian's,12,2,1,3,3,1,4
Arawak,6,2,3,5,2,3,5
Arawak's,8,4,2,6,4,2,6
Arawakan,8,2,4,6,2,4,6
Arawakan's,10,4,2,6,4,2,6
Arbitron,8,4,2,6,3,2,5
Arbitron's,10,5,1,6,4,1,5
Arcadia,7,3,2,5,2,3,5
Arcadia's,9,4,2,6,3,2,5
Arcadian,8,4,2,6,4,2,6
Arcadian's,10,5,1,6,4,1,5
Archean,7,3,2,5,3,2,5
Archean's,9,5,0,5,5,1,6
Archibald,9,3,2,5,3,2,5
Archibald's,11,4,1,5,3,1,4
Archie,6,4,1,5,3,2,5
Archie's,8,5,1,6,6,1,7
Archimedes,10,4,0,4,4,0,4
Archimedes's,12,4,0,4,4,0,4
Arctic,6,3,2,5,3,2,5
Arctic's,8,6,2,8,4,2,6
Arcturus,8,3,3,6,3,3,6
Arcturus's,10,3,2,5,2,2,4
Arden,5,3,1,4,3,1,4
Arden's,7,5,1,6,6,1,7
Arequipa,8,4,2,6,4,3,7
Arequipa's,10,4,0,4,4,0,4
Ares,4,4,0,4,4,2,6
Ares's,6,4,2,6,4,2,6
Argentina,9,4,1,5,5,1,6
Argentina's,11,6,0,6,4,0,4
Argentine,9,4,1,5,4,1,5
Argentine's,11,6,0,6,4,0,4
Argentinian,11,2,1,3,3,1,4
Argentinian's,13,4,0,4,3,0,3
Argentinians,12,3,0,3,3,0,3
Argo,4,4,2,6,4,2,6
Argo's,6,6,1,7,6,1,7
Argonaut,8,2,3,5,2,4,6
Argonaut's,10,5,1,6,4,1,5
Argonne,7,4,2,6,4,1,5
Argonne's,9,6,1,7,6,1,7
Argos,5,4,2,6,4,2,6
Argos's,7,3,2,5,4,2,6
Argus,5,4,4,8,4,4,8
Argus's,7,5,2,7,5,2,7
Ariadne,7,3,1,4,3,0,3
Ariadne's,9,5,0,5,5,0,5
Arianism,8,2,2,4,2,2,4
Arianism's,10,3,0,3,2,1,3
Ariel,5,5,2,7,5,3,8
Ariel's,7,7,0,7,7,1,8
Aries,5,4,1,5,4,1,5
Aries's,7,5,1,6,5,1,6
Arieses,7,2,1,3,3,1,4
Ariosto,7,3,1,4,3,1,4
Ariosto's,9,4,0,4,3,0,3
Aristarchus,11,2,2,4,2,2,4
Aristarchus's,13,2,0,2,2,0,2
Aristides,9,3,0,3,3,0,3
Aristides's,11,2,0,2,2,0,2
Aristophanes,12,4,0,4,4,0,4
Aristophanes's,14,1,0,1,1,0,1
Aristotelian,12,6,0,6,3,0,3
Aristotelian's,14,4,0,4,3,0,3
Aristotle,9,3,0,3,3,0,3
Aristotle's,11,4,0,4,3,0,3
Arius,5,3,4,7,3,4,7
Arius's,7,4,2,6,3,2,5
Arizona,7,2,2,4,2,2,4
Arizona's,9,4,1,5,3,1,4
Arizonan,8,2,2,4,2,2,4
Arizonan's,10,4,2,6,3,2,5
Arizonans,9,4,1,5,3,1,4
Arizonian,9,2,2,4,2,2,4
Arizonian's,11,4,1,5,3,1,4
Arizonians,10,3,1,4,3,1,4
Arjuna,6,2,3,5,2,3,5
Arjuna's,8,4,2,6,4,1,5
Arkansan,8,2,1,3,2,1,3
Arkansan's,10,2,2,4,2,1,3
Arkansas,8,2,3,5,2,1,3
Arkansas's,10,3,1,4,2,1,3
Arkhangelsk,11,2,1,3,3,1,4
Arkhangelsk's,13,4,1,5,3,1,4
Arkwright,9,5,2,7,3,2,5
Arkwright's,11,3,2,5,3,2,5
Arlene,6,2,1,3,2,1,3
Arlene's,8,5,0,5,5,0,5
Arline,6,4,0,4,5,0,5
Arline's,8,7,0,7,5,3,8
Arlington,9,3,2,5,3,2,5
Arlington's,11,4,1,5,4,1,5
Armageddon,10,4,1,5,4,1,5
Armageddon's,12,6,0,6,3,0,3
Armageddons,11,5,1,6,3,0,3
Armagnac,8,2,3,5,2,3,5
Armagnac's,10,4,1,5,3,1,4
Armand,6,5,2,7,5,2,7
Armand's,8,7,2,9,7,2,9
Armando,7,2,3,5,1,5,6
Armando's,9,4,2,6,3,3,6
Armani,6,4,3,7,4,3,7
Armani's,8,6,3,9,6,3,9
Armenia,7,4,2,6,3,3,6
Armenia's,9,4,1,5,4,1,5
Armenian,8,5,1,6,5,1,6
Armenian's,10,7,0,7,4,1,5
Armenians,9,6,1,7,6,1,7
Arminius,8,3,2,5,3,2,5
Arminius's,10,4,0,4,4,1,5
Armonk,6,4,3,7,4,3,7
Armonk's,8,5,2,7,7,1,8
Armour,6,3,3,6,3,3,6
Armour's,8,5,2,7,5,2,7
Armstrong,9,2,2,4,2,2,4
Armstrong's,11,5,1,6,3,1,4
Arneb,5,2,4,6,2,4,6
Arneb's,7,5,1,6,6,1,7
Arnhem,6,4,2,6,4,2,6
Arnhem's,8,6,0,6,5,1,6
Arno,4,3,3,6,3,3,6
Arno's,6,5,2,7,5,2,7
Arnold,6,4,3,7,4,3,7
Arnold's,8,5,1,6,4,1,5
Arnulfo,7,2,3,5,2,3,5
Arnulfo's,9,5,2,7,4,2,6
Aron,4,4,2,6,4,2,6
Aron's,6,6,1,7,6,1,7
Arrhenius,9,3,1,4,4,1,5
Arrhenius's,11,4,1,5,5,0,5
Arron,5,4,2,6,4,2,6
Arron's,7,6,1,7,6,1,7
Art,3,3,2,5,3,4,7
Art's,5,5,1,6,5,1,6
Artaxerxes,10,3,1,4,3,1,4
Artaxerxes's,12,3,1,4,3,1,4
Artemis,7,4,1,5,4,2,6
Artemis's,9,3,0,3,3,0,3
Arthur,6,3,4,7,3,4,7
Arthur's,8,5,3,8,4,3,7
Arthurian,9,3,2,5,3,2,5
Arthurian's,11,4,1,5,3,1,4
Artie,5,3,5,8,3,5,8
Artie's,7,5,0,5,5,0,5
Arturo,6,2,3,5,2,3,5
Arturo's,8,3,2,5,3,2,5
Aruba,5,3,2,5,3,2,5
Aruba's,7,5,1,6,5,1,6
Aryan,5,3,4,7,2,4,6
Aryan's,7,4,3,7,4,3,7
Aryans,6,3,3,6,3,3,6
As,2,2,1,3,2,1,3
As's,4,3,0,3,3,1,4
Asama,5,2,0,2,2,0,2
Asama's,7,2,0,2,2,1,3
Ascella,7,3,0,3,3,0,3
Ascella's,9,4,0,4,3,0,3
Asgard,6,3,1,4,3,1,4
Asgard's,8,3,0,3,2,1,3
Ashanti,7,3,0,3,3,1,4
Ashanti's,9,3,0,3,3,0,3
Ashcroft,8,4,0,4,2,2,4
Ashcroft's,10,3,0,3,3,1,4
Ashe,4,4,0,4,3,4,7
Ashe's,6,4,0,4,4,0,4
Ashikaga,8,2,0,2,2,1,3
Ashikaga's,10,2,0,2,2,0,2
Ashkenazim,10,3,0,3,3,0,3
Ashkenazim's,12,4,0,4,4,0,4
Ashkhabad,9,2,0,2,2,0,2
Ashkhabad's,11,2,0,2,2,0,2
Ashlee,6,4,0,4,3,1,4
Ashlee's,8,4,0,4,3,0,3
Ashley,6,3,2,5,3,2,5
Ashley's,8,4,0,4,3,0,3
Ashmolean,9,2,0,2,2,0,2
Ashmolean's,11,3,0,3,3,0,3
Ashurbanipal,12,2,0,2,2,0,2
Ashurbanipal's,14,2,0,2,2,0,2
Asia,4,2,3,5,3,2,5
Asia's,6,4,1,5,4,1,5
Asiago,6,3,1,4,3,1,4
Asian,5,4,0,4,4,0,4
Asian's,7,5,0,5,5,1,6
Asians,6,3,2,5,3,2,5
Asiatic,7,3,0,3,3,1,4
Asiatic's,9,3,0,3,3,0,3
Asiatics,8,2,1,3,3,0,3
Asimov,6,3,1,4,3,1,4
Asimov's,8,4,1,5,3,1,4
Asmara,6,3,1,4,3,1,4
Asmara's,8,4,0,4,4,0,4
Asoka,5,2,0,2,2,0,2
Asoka's,7,2,1,3,2,2,4
Aspell,6,4,1,5,4,1,5
Aspell's,8,6,0,6,3,1,4
Aspen,5,5,0,5,5,0,5
Aspen's,7,5,0,5,5,0,5
Asperger,8,3,0,3,4,0,4
Asperger's,10,4,1,5,4,0,4
Aspidiske,9,1,0,1,1,0,1
Aspidiske's,11,1,0,1,1,0,1
Asquith,7,4,0,4,3,1,4
Asquith's,9,3,0,3,3,0,3
Assad,5,3,0,3,3,0,3
Assad's,7,4,0,4,4,1,5
Assam,5,3,1,4,3,1,4
Assam's,7,4,1,5,4,2,6
Assamese,8,2,0,2,2,0,2
Assamese's,10,3,0,3,2,0,2
Assisi,6,3,1,4,2,1,3
Assisi's,8,4,0,4,2,0,2
Assyria,7,2,0,2,2,1,3
Assyria's,9,6,0,6,6,0,6
Assyrian,8,2,0,2,2,0,2
Assyrian's,10,4,0,4,4,0,4
Assyrians,9,5,1,6,5,1,6
Astaire,7,3,0,3,3,1,4
Astaire's,9,3,0,3,3,0,3
Astana,6,2,2,4,2,2,4
Astana's,8,3,1,4,3,1,4
Astarte,7,3,0,3,3,1,4
Astarte's,9,3,0,3,3,0,3
Aston,5,5,1,6,5,1,6
Aston's,7,6,1,7,6,1,7
Astor,5,4,2,6,4,2,6
Astor's,7,5,2,7,5,2,7
Astoria,7,2,1,3,2,1,3
Astoria's,9,3,1,4,2,1,3
Astrakhan,9,2,0,2,2,0,2
Astrakhan's,11,2,0,2,2,0,2
AstroTurf,9,3,0,3,3,1,4
AstroTurf's,11,3,0,3,3,0,3
Asturias,8,2,1,3,2,0,2
Asturias's,10,1,0,1,1,0,1
Asunción,8,3,1,4,3,1,4
Asunción's,10,3,2,5,3,1,4
Aswan,5,3,1,4,3,1,4
Aswan's,7,4,1,5,4,2,6
Atacama,7,2,4,6,2,3,5
Atacama's,9,4,2,6,3,2,5
Atahualpa,9,1,3,4,1,3,4
Atahualpa's,11,2,1,3,2,1,3
Atalanta,8,1,3,4,1,3,4
Atalanta's,10,3,1,4,3,1,4
Atari,5,3,3,6,3,3,6
Atari's,7,5,2,7,5,2,7
Atatürk,7,2,4,6,2,3,5
Atatürk's,9,3,2,5,3,2,5
Athabasca,9,2,1,3,2,2,4
Athabasca's,11,2,2,4,2,1,3
Athabascan,10,2,2,4,2,2,4
Athabascan's,12,3,1,4,2,1,3
Athena,6,4,2,6,4,2,6
Athena's,8,6,1,7,4,1,5
Athenian,8,4,2,6,4,2,6
Athenian's,10,6,1,7,5,0,5
Athenians,9,5,2,7,5,2,7
Athens,6,4,5,9,4,5,9
Athens's,8,4,1,5,4,1,5
Atkins,6,4,3,7,4,3,7
Atkins's,8,6,2,8,6,2,8
Atkinson,8,2,1,3,2,1,3
Atkinson's,10,4,1,5,2,1,3
Atlanta,7,2,3,5,2,2,4
Atlanta's,9,5,1,6,3,1,4
Atlantes,8,5,1,6,5,1,6
Atlantic,8,3,2,5,3,2,5
Atlantic's,10,4,1,5,4,1,5
Atlantis,8,3,2,5,3,2,5
Atlantis's,10,3,0,3,3,1,4
Atlas,5,3,1,4,3,1,4
Atlas's,7,4,1,5,4,1,5
Atlases,7,4,2,6,3,2,5
Atman,5,4,2,6,2,4,6
Atman's,7,6,1,7,6,1,7
Atreus,6,4,1,5,4,1,5
Atreus's,8,5,0,5,5,0,5
Atria,5,3,2,5,3,2,5
Atria's,7,5,1,6,5,1,6
Atropos,7,5,2,7,5,1,6
Atropos's,9,4,2,6,2,3,5
Ats,3,3,2,5,3,2,5
Attic,5,3,5,8,3,3,6
Attic's,7,5,3,8,5,2,7
Attica,6,3,3,6,4,2,6
Attica's,8,5,2,7,6,2,8
Attila,6,3,4,7,3,3,6
Attila's,8,5,3,8,5,3,8
Attlee,6,3,1,4,4,0,4
Attlee's,8,5,0,5,4,1,5
Attucks,7,3,3,6,4,4,8
Attucks's,9,4,2,6,3,2,5
Atwood,6,3,3,6,3,3,6
Atwood's,8,3,1,4,3,1,4
Au,2,2,5,7,2,5,7
Au's,4,4,5,9,4,5,9
Aubrey,6,3,2,5,3,2,5
Aubrey's,8,5,1,6,5,1,6
Auckland,8,3,3,6,2,3,5
Auckland's,10,3,2,5,3,2,5
Auden,5,4,3,7,4,3,7
Auden's,7,5,4,9,5,4,9
Audi,4,2,4,6,2,4,6
Audi's,6,4,5,9,4,5,9
Audion,6,5,3,8,5,3,8
Audion's,8,7,3,10,7,3,10
Audra,5,2,3,5,2,3,5
Audra's,7,4,2,6,4,2,6
Audrey,6,4,2,6,4,2,6
Audrey's,8,6,1,7,6,1,7
Audubon,7,2,3,5,2,3,5
Audubon's,9,3,2,5,3,2,5
Aug,3,3,8,11,3,8,11
Aug's,5,5,6,11,5,6,11
Augean,6,3,1,4,3,1,4
Augean's,8,5,0,5,4,0,4
Augsburg,8,3,2,5,3,2,5
Augsburg's,10,4,1,5,3,2,5
August,6,3,3,6,3,3,6
August's,8,4,2,6,3,2,5
Augusta,7,2,1,3,2,1,3
Augusta's,9,2,2,4,3,0,3
Augustan,8,2,2,4,2,2,4
Augustan's,10,2,1,3,2,1,3
Augustine,9,5,0,5,4,0,4
Augustine's,11,6,1,7,5,1,6
Augusts,7,3,3,6,3,3,6
Augustus,8,3,2,5,3,2,5
Augustus's,10,4,1,5,3,0,3
Aurangzeb,9,3,2,5,3,2,5
Aurangzeb's,11,5,0,5,4,0,4
Aurelia,7,5,2,7,5,2,7
Aurelia's,9,6,1,7,6,1,7
Aurelio,7,4,1,5,3,2,5
Aurelio's,9,6,0,6,7,0,7
Aurelius,8,4,1,5,5,1,6
Aurelius's,10,5,0,5,3,0,3
Aureomycin,10,3,1,4,2,2,4
Aureomycin's,12,4,0,4,4,0,4
Auriga,6,3,3,6,3,4,7
Auriga's,8,5,2,7,4,2,6
Aurora,6,2,3,5,2,3,5
Aurora's,8,4,2,6,3,1,4
Auschwitz,9,4,2,6,4,2,6
Auschwitz's,11,4,1,5,4,1,5
Aussie,6,3,2,5,4,1,5
Aussie's,8,4,0,4,4,0,4
Aussies,7,5,0,5,5,0,5
Austen,6,5,2,7,5,2,7
Austen's,8,6,1,7,6,1,7
Austerlitz,10,3,1,4,3,1,4
Austerlitz's,12,3,0,3,3,0,3
Austin,6,6,1,7,6,1,7
Austin's,8,7,1,8,5,2,7
Austins,7,5,2,7,3,1,4
Australasia,11,2,0,2,2,0,2
Australasia's,13,2,0,2,2,0,2
Australia,9,3,1,4,3,1,4
Australia's,11,8,1,9,8,1,9
Australian,10,6,0,6,4,0,4
Australian's,12,4,0,4,4,0,4
Australians,11,7,2,9,7,2,9
Australoid,10,4,0,4,2,1,3
Australoid's,12,3,0,3,4,0,4
Australopithecus,16,2,0,2,2,0,2
Australopithecus's,18,1,0,1,1,0,1
Austria,7,3,0,3,3,1,4
Austria's,9,7,1,8,4,1,5
Austrian,8,4,1,5,4,1,5
Austrian's,10,4,1,5,3,1,4
Austrians,9,6,2,8,3,2,5
Austronesian,12,2,0,2,2,0,2
Austronesian's,14,2,0,2,2,0,2
Autumn,6,4,4,8,4,4,8
Autumn's,8,6,3,9,6,3,9
Ava,3,2,3,5,2,3,5
Ava's,5,3,4,7,3,4,7
Avalon,6,3,3,6,3,3,6
Avalon's,8,5,2,7,5,2,7
Aventine,8,3,2,5,3,2,5
Aventine's,10,5,1,6,4,1,5
Avernus,7,5,1,6,3,3,6
Avernus's,9,4,0,4,4,0,4
Averroes,8,4,0,4,4,0,4
Averroes's,10,4,1,5,4,0,4
Avery,5,3,2,5,3,2,5
Avery's,7,4,1,5,4,1,5
Avesta,6,3,1,4,3,0,3
Avesta's,8,4,1,5,3,0,3
Avicenna,8,2,2,4,3,1,4
Avicenna's,10,4,1,5,4,0,4
Avignon,7,3,2,5,3,2,5
Avignon's,9,4,1,5,4,1,5
Avila,5,3,4,7,2,6,8
Avila's,7,5,3,8,4,5,9
Avior,5,4,2,6,4,2,6
Avior's,7,6,1,7,6,1,7
Avis,4,4,2,6,4,2,6
Avis's,6,5,2,7,5,2,7
Avogadro,8,2,3,5,2,4,6
Avogadro's,10,2,2,4,2,2,4
Avon,4,4,3,7,4,3,7
Avon's,6,6,2,8,6,2,8
Axum,4,4,5,9,4,5,9
Axum's,6,6,3,9,6,3,9
Ayala,5,1,3,4,1,3,4
Ayala's,7,3,2,5,3,2,5
Ayers,5,5,1,6,5,1,6
Ayers's,7,6,0,6,6,0,6
Aymara,6,2,4,6,2,4,6
Aymara's,8,4,3,7,4,3,7
Ayrshire,8,4,0,4,4,0,4
Ayrshire's,10,6,0,6,5,0,5
Ayurveda,8,3,3,6,3,1,4
Ayurveda's,10,4,0,4,4,0,4
Ayyubid,7,3,3,6,3,3,6
Ayyubid's,9,4,2,6,4,2,6
Azana,5,2,4,6,2,4,6
Azana's,7,4,3,7,4,3,7
Azania,6,2,5,7,2,5,7
Azania's,8,4,4,8,4,4,8
Azazel,6,3,5,8,4,3,7
Azazel's,8,5,3,8,6,1,7
Azerbaijan,10,3,1,4,3,1,4
Azerbaijan's,12,4,0,4,4,0,4
Azerbaijani,11,1,1,2,2,1,3
Azerbaijani's,13,3,1,4,3,0,3
Azores,6,6,1,7,6,1,7
Azores's,8,5,1,6,5,1,6
Azov,4,3,3,6,3,3,6
Azov's,6,5,2,7,5,2,7
Aztec,5,2,5,7,2,5,7
Aztec's,7,4,3,7,4,3,7
Aztecan,7,3,1,4,3,1,4
Aztecan's,9,4,0,4,4,0,4
Aztecs,6,4,5,9,4,5,9
Aztlan,6,4,4,8,3,4,7
Aztlan's,8,6,3,9,5,3,8
B,1,1,1,2,1,1,2
B's,3,3,5,8,3,5,8
BBB,3,1,7,8,1,7,8
BBB's,5,3,6,9,3,6,9
BMW,3,2,7,9,1,8,9
BMW's,5,3,6,9,3,6,9
BP,2,2,6,8,2,6,8
BP's,4,4,5,9,4,5,9
BSD,3,2,5,7,1,6,7
BSD's,5,3,2,5,3,3,6
Ba,2,2,2,4,2,2,4
Ba's,4,4,9,13,4,6,10
Baal,4,2,1,3,2,2,4
Baal's,6,4,1,5,4,1,5
Baath,5,1,2,3,1,2,3
Baath's,7,3,1,4,2,1,3
Baathist,8,3,1,4,3,1,4
Baathist's,10,5,0,5,4,1,5
Babar,5,3,5,8,3,4,7
Babar's,7,5,4,9,5,2,7
Babbage,7,4,2,6,4,1,5
Babbage's,9,6,0,6,6,0,6
Babbitt,7,3,5,8,2,6,8
Babbitt's,9,6,4,10,6,4,10
Babel,5,4,3,7,4,3,7
Babel's,7,6,1,7,6,1,7
Babels,6,5,3,8,5,3,8
Babur,5,3,6,9,3,6,9
Babur's,7,4,3,7,4,3,7
Babylon,7,4,3,7,4,3,7
Babylon's,9,6,2,8,6,2,8
Babylonian,10,3,2,5,3,2,5
Babylonian's,12,5,1,6,4,1,5
Babylons,8,4,3,7,4,4,8
Bacall,6,2,3,5,2,3,5
Bacall's,8,4,2,6,4,2,6
Bacardi,7,4,2,6,4,2,6
Bacardi's,9,6,1,7,6,1,7
Bacchanalia,11,2,1,3,1,3,4
Bacchanalia's,13,3,2,5,5,1,6
Bacchus,7,5,4,9,4,4,8
Bacchus's,9,5,2,7,5,2,7
Bach,4,3,8,11,3,8,11
Bach's,6,6,6,12,6,6,12
Backus,6,4,4,8,4,4,8
Backus's,8,5,2,7,5,1,6
Bacon,5,5,3,8,5,3,8
Bacon's,7,7,2,9,7,2,9
Bactria,7,3,2,5,3,2,5
Bactria's,9,5,1,6,5,1,6
Baden,5,5,2,7,5,2,7
Baden's,7,5,4,9,5,4,9
Badlands,8,3,3,6,3,3,6
Badlands's,10,4,2,6,3,2,5
Baedeker,8,3,1,4,3,1,4
Baedeker's,10,3,0,3,3,0,3
Baez,4,3,1,4,2,6,8
Baez's,6,4,6,10,4,4,8
Baffin,6,4,5,9,4,4,8
Baffin's,8,6,4,10,6,3,9
Baggies,7,5,5,10,5,5,10
Baggies's,9,5,2,7,5,1,6
Baghdad,7,4,4,8,2,5,7
Baghdad's,9,6,3,9,4,5,9
Baguio,6,3,6,9,3,6,9
Baguio's,8,7,1,8,5,5,10
Baha'i,6,2,5,7,2,5,7
Baha'i's,8,3,1,4,3,1,4
Baha'ullah,10,2,4,6,2,3,5
Baha'ullah's,12,3,1,4,3,2,5
Bahama,6,3,2,5,3,2,5
Bahama's,8,5,1,6,5,1,6
Bahamas,7,3,3,6,4,2,6
Bahamas's,9,5,2,7,5,2,7
Bahamian,8,5,2,7,5,2,7
Bahamian's,10,7,1,8,7,1,8
Bahamians,9,5,2,7,5,2,7
Bahia,5,2,5,7,2,7,9
Bahia's,7,4,4,8,4,6,10
Bahrain,7,3,2,5,3,3,6
Bahrain's,9,5,1,6,5,2,7
Baikal,6,3,4,7,3,5,8
Baikal's,8,5,3,8,5,4,9
Bailey,6,5,5,10,5,5,10
Bailey's,8,7,3,10,7,3,10
Baird,5,4,5,9,4,5,9
Baird's,7,6,1,7,6,1,7
Bakelite,8,5,1,6,5,1,6
Bakelite's,10,7,0,7,7,0,7
Baker,5,5,4,9,5,4,9
Baker's,7,7,0,7,7,1,8
Bakersfield,11,4,0,4,3,0,3
Bakersfield's,13,2,0,2,2,0,2
Baku,4,3,10,13,2,10,12
Baku's,6,5,8,13,4,8,12
Bakunin,7,3,2,5,2,2,4
Bakunin's,9,4,1,5,4,1,5
Balanchine,10,2,1,3,3,1,4
Balanchine's,12,5,0,5,4,0,4
Balaton,7,3,3,6,2,5,7
Balaton's,9,4,3,7,4,4,8
Balboa,6,2,3,5,2,3,5
Balboa's,8,4,2,6,4,2,6
Balder,6,6,3,9,6,2,8
Balder's,8,8,2,10,8,2,10
Baldwin,7,4,2,6,4,4,8
Baldwin's,9,6,2,8,6,3,9
Balearic,8,2,2,4,2,2,4
Balearic's,10,4,0,4,3,0,3
Balfour,7,3,3,6,4,4,8
Balfour's,9,7,2,9,6,2,8
Bali,4,4,4,8,4,4,8
Bali's,6,6,3,9,6,3,9
Balinese,8,4,0,4,3,0,3
Balinese's,10,5,0,5,3,0,3
Balkan,6,3,4,7,3,4,7
Balkan's,8,5,3,8,5,3,8
Balkans,7,5,3,8,5,3,8
Balkans's,9,4,2,6,3,2,5
Balkhash,8,4,2,6,3,2,5
Balkhash's,10,5,2,7,3,2,5
Ball,4,3,2,5,3,2,5
Ball's,6,5,1,6,5,1,6
Ballard,7,5,3,8,5,2,7
Ballard's,9,7,1,8,7,1,8
Balthazar,9,2,3,5,3,3,6
Balthazar's,11,5,1,6,5,1,6
Baltic,6,3,4,7,3,4,7
Baltic's,8,5,3,8,5,3,8
Baltimore,9,4,1,5,4,1,5
Baltimore's,11,6,0,6,4,0,4
Baluchistan,11,3,1,4,3,1,4
Baluchistan's,13,2,1,3,2,1,3
Balzac,6,2,3,5,2,3,5
Balzac's,8,4,2,6,4,2,6
Bamako,6,2,6,8,1,7,8
Bamako's,8,4,4,8,4,3,7
Bambi,5,3,5,8,3,5,8
Bambi's,7,5,5,10,5,5,10
Banach,6,3,2,5,3,2,5
Banach's,8,5,1,6,5,1,6
Bancroft,8,6,3,9,5,4,9
Bancroft's,10,8,1,9,7,2,9
Bandung,7,4,4,8,3,3,6
Bandung's,9,6,2,8,6,2,8
Bangalore,9,4,2,6,5,2,7
Bangalore's,11,5,0,5,4,0,4
Bangkok,7,5,3,8,5,2,7
Bangkok's,9,7,1,8,7,1,8
Bangladesh,10,2,2,4,2,1,3
Bangladesh's,12,3,2,5,2,1,3
Bangladeshi,11,2,1,3,2,1,3
Bangladeshi's,13,2,0,2,2,0,2
Bangladeshis,12,2,1,3,2,0,2
Bangor,6,4,3,7,4,3,7
Bangor's,8,7,3,10,6,2,8
Bangui,6,4,4,8,4,4,8
Bangui's,8,6,2,8,7,2,9
Banjarmasin,11,1,2,3,1,2,3
Banjarmasin's,13,3,0,3,3,0,3
Banjul,6,5,3,8,5,3,8
Banjul's,8,7,3,10,6,3,9
Banks,5,5,4,9,5,5,10
Banks's,7,4,3,7,5,2,7
Banneker,8,3,3,6,3,2,5
Banneker's,10,5,0,5,5,0,5
Bannister,9,5,0,5,5,0,5
Bannister's,11,6,0,6,5,0,5
Banting,7,6,2,8,6,2,8
Banting's,9,8,1,9,8,1,9
Bantu,5,5,6,11,5,6,11
Bantu's,7,4,5,9,4,5,9
Bantus,6,4,5,9,4,5,9
Baotou,6,2,5,7,2,5,7
Baotou's,8,4,1,5,4,4,8
Baptist,7,4,2,6,4,2,6
Baptist's,9,5,1,6,5,1,6
Baptiste,8,4,0,4,4,0,4
Baptiste's,10,3,0,3,5,1,6
Baptists,8,4,2,6,4,2,6
Barabbas,8,3,2,5,3,1,4
Barabbas's,10,3,2,5,2,2,4
Barack,6,3,4,7,3,4,7
Barack's,8,4,3,7,4,3,7
Barbadian,9,4,2,6,5,3,8
Barbadian's,11,6,1,7,5,1,6
Barbadians,10,5,1,6,6,2,8
Barbados,8,4,3,7,4,2,6
Barbados's,10,3,3,6,3,2,5
Barbara,7,1,5,6,3,3,6
Barbara's,9,3,3,6,5,2,7
Barbarella,10,4,1,5,4,1,5
Barbarella's,12,6,0,6,5,0,5
Barbarossa,10,1,0,1,1,0,1
Barbarossa's,12,2,0,2,2,0,2
Barbary,7,4,3,7,3,2,5
Barbary's,9,6,1,7,5,1,6
Barber,6,4,0,4,4,0,4
Barber's,8,6,0,6,6,0,6
Barbie,6,4,5,9,4,4,8
Barbie's,8,6,2,8,7,1,8
Barbour,7,5,3,8,4,4,8
Barbour's,9,5,4,9,5,3,8
Barbra,6,2,5,7,2,4,6
Barbra's,8,4,4,8,4,3,7
Barbuda,7,2,4,6,2,5,7
Barbuda's,9,4,3,7,4,4,8
Barcelona,9,3,2,5,3,2,5
Barcelona's,11,5,0,5,5,0,5
Barclay,7,3,4,7,3,5,8
Barclay's,9,5,2,7,5,2,7
Bardeen,7,3,2,5,2,4,6
Bardeen's,9,5,1,6,6,1,7
Barents,7,7,1,8,7,1,8
Barents's,9,5,0,5,4,0,4
Barker,6,5,0,5,5,0,5
Barker's,8,7,0,7,7,0,7
Barkley,7,5,2,7,5,2,7
Barkley's,9,7,0,7,7,0,7
Barlow,6,6,3,9,6,3,9
Barlow's,8,8,2,10,8,2,10
Barnabas,8,3,1,4,3,1,4
Barnabas's,10,3,2,5,2,2,4
Barnaby,7,4,3,7,4,2,6
Barnaby's,9,6,1,7,6,1,7
Barnard,7,4,4,8,3,2,5
Barnard's,9,6,2,8,4,1,5
Barnaul,7,4,3,7,4,2,6
Barnaul's,9,6,1,7,6,1,7
Barnes,6,6,3,9,6,3,9
Barnes's,8,6,0,6,6,0,6
Barnett,7,4,2,6,4,2,6
Barnett's,9,6,1,7,6,1,7
Barney,6,6,3,9,6,4,10
Barney's,8,8,1,9,8,2,10
Barnum,6,4,2,6,4,2,6
Barnum's,8,6,3,9,6,1,7
Baroda,6,4,3,7,4,3,7
Baroda's,8,6,2,8,6,2,8
Barquisimeto,12,3,0,3,3,0,3
Barquisimeto's,14,4,0,4,2,1,3
Barr,4,3,3,6,3,3,6
Barr's,6,5,2,7,5,2,7
Barranquilla,12,2,2,4,2,2,4
Barranquilla's,14,3,2,5,2,1,3
Barrera,7,2,1,3,2,1,3
Barrera's,9,5,0,5,4,0,4
Barrett,7,5,1,6,5,1,6
Barrett's,9,7,0,7,7,0,7
Barrie,6,4,5,9,4,4,8
Barrie's,8,7,1,8,7,0,7
Barron,6,4,2,6,4,2,6
Barron's,8,6,3,9,6,1,7
Barry,5,4,3,7,4,3,7
Barry's,7,6,1,7,6,1,7
Barrymore,9,3,2,5,3,2,5
Barrymore's,11,5,1,6,4,0,4
Barth,5,5,5,10,5,5,10
Barth's,7,7,3,10,7,3,10
Bartholdi,9,2,2,4,2,2,4
Bartholdi's,11,4,1,5,4,1,5
Bartholomew,11,4,2,6,4,1,5
Bartholomew's,13,5,0,5,3,0,3
Bartlett,8,2,1,3,4,1,5
Bartlett's,10,6,0,6,6,0,6
Barton,6,6,2,8,6,2,8
Barton's,8,8,1,9,8,1,9
Bartók,6,3,5,8,4,5,9
Bartók's,8,4,5,9,5,3,8
Baruch,6,3,6,9,3,6,9
Baruch's,8,6,3,9,5,4,9
Baryshnikov,11,3,1,4,3,1,4
Baryshnikov's,13,4,1,5,3,1,4
Basel,5,5,1,6,5,2,7
Basel's,7,5,0,5,4,3,7
Basho,5,3,2,5,3,2,5
Basho's,7,4,2,6,4,2,6
Basie,5,3,1,4,3,1,4
Basie's,7,5,3,8,5,3,8
Basil,5,5,1,6,5,1,6
Basil's,7,6,1,7,6,1,7
Basque,6,6,2,8,6,4,10
Basque's,8,7,0,7,7,0,7
Basques,7,6,0,6,6,0,6
Basra,5,3,2,5,3,2,5
Basra's,7,4,2,6,4,3,7
Bass,4,3,0,3,3,1,4
Bass's,6,4,1,5,4,1,5
Basseterre,10,2,1,3,2,1,3
Basseterre's,12,2,0,2,2,0,2
Bastille,8,6,0,6,6,0,6
Bastille's,10,7,0,7,7,0,7
Bataan,6,2,2,4,2,2,4
Bataan's,8,4,1,5,4,1,5
Bates,5,5,0,5,5,0,5
Bates's,7,6,0,6,6,0,6
Bathsheba,9,3,0,3,3,0,3
Bathsheba's,11,4,0,4,3,0,3
Batista,7,4,1,5,3,1,4
Batista's,9,5,0,5,4,0,4
Batman,6,5,2,7,5,2,7
Batman's,8,6,2,8,6,2,8
Battle,6,5,1,6,5,1,6
Battle's,8,7,1,8,7,1,8
Batu,4,3,6,9,3,6,9
Batu's,6,5,6,11,5,5,10
Baudelaire,10,3,2,5,3,1,4
Baudelaire's,12,5,1,6,5,0,5
Baudouin,8,4,2,6,4,3,7
Baudouin's,10,5,1,6,5,1,6
Bauer,5,5,5,10,5,5,10
Bauer's,7,7,3,10,7,2,9
Bauhaus,7,3,6,9,3,5,8
Bauhaus's,9,3,3,6,2,3,5
Baum,4,2,6,8,2,6,8
Baum's,6,4,6,10,4,6,10
Bavaria,7,2,3,5,2,4,6
Bavaria's,9,4,3,7,4,3,7
Bavarian,8,4,3,7,4,3,7
Bavarian's,10,6,2,8,6,2,8
Baxter,6,6,3,9,6,3,9
Baxter's,8,8,1,9,8,1,9
Bayer,5,4,6,10,4,6,10
Bayer's,7,6,4,10,6,3,9
Bayes,5,5,10,15,4,9,13
Bayes's,7,6,1,7,6,1,7
Bayesian,8,3,1,4,3,1,4
Bayesian's,10,4,1,5,4,1,5
Bayeux,6,3,1,4,3,4,7
Bayeux's,8,6,2,8,6,2,8
Baylor,6,6,3,9,6,3,9
Baylor's,8,7,2,9,8,2,10
Bayonne,7,5,2,7,5,1,6
Bayonne's,9,7,1,8,7,1,8
Bayreuth,8,3,1,4,3,1,4
Bayreuth's,10,5,0,5,4,1,5
Baywatch,8,2,4,6,2,5,7
Baywatch's,10,3,3,6,4,3,7
Beach,5,5,2,7,5,5,10
Beach's,7,7,0,7,7,4,11
Beadle,6,5,1,6,3,2,5
Beadle's,8,7,1,8,7,3,10
Bean,4,4,4,8,4,3,7
Bean's,6,6,2,8,6,4,10
Beard,5,5,2,7,5,2,7
Beard's,7,6,2,8,6,1,7
Beardmore,9,3,1,4,2,1,3
Beardmore's,11,5,0,5,3,0,3
Beardsley,9,4,0,4,4,0,4
Beardsley's,11,3,0,3,3,0,3
Bearnaise,9,3,1,4,3,1,4
Bearnaise's,11,4,2,6,4,0,4
Beasley,7,2,3,5,2,3,5
Beasley's,9,6,1,7,4,1,5
Beatlemania,11,2,1,3,2,1,3
Beatlemania's,13,4,0,4,3,0,3
Beatles,7,5,1,6,5,2,7
Beatles's,9,4,1,5,4,1,5
Beatrice,8,4,1,5,4,2,6
Beatrice's,10,6,1,7,6,1,7
Beatrix,7,7,1,8,7,2,9
Beatrix's,9,9,0,9,9,0,9
Beatriz,7,6,2,8,6,3,9
Beatriz's,9,8,1,9,8,1,9
Beau,4,4,5,9,4,6,10
Beau's,6,6,3,9,6,5,11
Beaufort,8,7,3,10,7,3,10
Beaufort's,10,9,0,9,8,1,9
Beaujolais,10,4,2,6,3,1,4
Beaujolais's,12,3,0,3,3,0,3
Beaumarchais,12,3,0,3,3,0,3
Beaumarchais's,14,4,0,4,3,1,4
Beaumont,8,6,4,10,6,4,10
Beaumont's,10,8,1,9,7,2,9
Beauregard,10,2,2,4,2,1,3
Beauregard's,12,3,0,3,3,0,3
Beauvoir,8,3,1,4,4,2,6
Beauvoir's,10,5,2,7,8,1,9
Bechtel,7,2,3,5,2,4,6
Bechtel's,9,6,1,7,4,3,7
Beck,4,4,7,11,4,7,11
Beck's,6,6,4,10,5,4,9
Becker,6,3,6,9,2,9,11
Becker's,8,5,5,10,7,4,11
Becket,6,1,5,6,1,5,6
Becket's,8,3,3,6,3,3,6
Beckett,7,4,1,5,3,3,6
Beckett's,9,6,0,6,5,2,7
Becky,5,4,7,11,3,6,9
Becky's,7,5,7,12,5,5,10
Becquerel,9,2,2,4,2,2,4
Becquerel's,11,3,0,3,3,0,3
Bede,4,2,2,4,2,2,4
Bede's,6,4,1,5,4,2,6
Bedouin,7,3,2,5,3,2,5
Bedouin's,9,5,1,6,4,3,7
Bedouins,8,4,2,6,4,3,7
Beebe,5,2,2,4,2,1,3
Beebe's,7,4,1,5,3,1,4
Beecher,7,3,2,5,3,1,4
Beecher's,9,2,0,2,2,0,2
Beefaroni,9,4,1,5,4,1,5
Beefaroni's,11,3,0,3,3,0,3
Beelzebub,9,1,1,2,1,1,2
Beelzebub's,11,2,0,2,2,0,2
Beerbohm,8,2,2,4,2,2,4
Beerbohm's,10,4,0,4,3,0,3
Beethoven,9,2,1,3,2,1,3
Beethoven's,11,2,0,2,2,0,2
Beeton,6,2,1,3,2,1,3
Beeton's,8,4,1,5,3,1,4
Begin,5,4,3,7,5,3,8
Begin's,7,6,4,10,5,5,10
Behan,5,4,3,7,4,4,8
Behan's,7,6,2,8,6,3,9
Behring,7,5,3,8,5,3,8
Behring's,9,7,1,8,9,1,10
Beiderbecke,11,2,1,3,1,1,2
Beiderbecke's,13,2,1,3,2,0,2
Beijing,7,5,2,7,5,3,8
Beijing's,9,7,1,8,7,2,9
Beirut,6,4,2,6,4,2,6
Beirut's,8,5,0,5,6,1,7
Bekesy,6,2,2,4,4,1,5
Bekesy's,8,5,1,6,5,0,5
Bela,4,4,0,4,4,4,8
Bela's,6,6,0,6,6,0,6
Belarus,7,5,2,7,5,2,7
Belarus's,9,6,1,7,5,1,6
Belau,5,4,2,6,5,2,7
Belau's,7,5,1,6,6,1,7
Belem,5,3,3,6,3,3,6
Belem's,7,5,1,6,5,1,6
Belfast,7,4,1,5,4,1,5
Belfast's,9,4,1,5,4,0,4
Belgian,7,5,1,6,5,1,6
Belgian's,9,7,1,8,6,1,7
Belgians,8,5,3,8,5,2,7
Belgium,7,3,3,6,3,3,6
Belgium's,9,4,3,7,5,2,7
Belgrade,8,4,2,6,4,2,6
Belgrade's,10,6,0,6,6,0,6
Belinda,7,7,1,8,7,1,8
Belinda's,9,9,0,9,9,1,10
Belize,6,3,2,5,3,2,5
Belize's,8,5,1,6,5,2,7
Bell,4,3,2,5,3,1,4
Bell's,6,5,2,7,5,1,6
Bella,5,4,1,5,4,4,8
Bella's,7,6,0,6,6,3,9
Bellamy,7,3,4,7,4,3,7
Bellamy's,9,5,2,7,6,2,8
Bellatrix,9,4,1,5,3,1,4
Bellatrix's,11,5,0,5,4,0,4
Belleek,7,3,2,5,2,2,4
Belleek's,9,4,0,4,3,0,3
Bellini,7,5,1,6,5,1,6
Bellini's,9,7,1,8,7,1,8
Bellow,6,5,3,8,5,3,8
Bellow's,8,7,2,9,7,2,9
Belmont,7,3,4,7,6,3,9
Belmont's,9,5,3,8,5,2,7
Belmopan,8,3,3,6,3,3,6
Belmopan's,10,5,1,6,5,1,6
Belshazzar,10,3,0,3,3,0,3
Belshazzar's,12,3,0,3,3,0,3
Beltane,7,4,2,6,3,1,4
Beltane's,9,5,1,6,5,1,6
Belushi,7,3,1,4,3,1,4
Belushi's,9,3,1,4,3,1,4
Ben,3,3,2,5,3,4,7
Ben's,5,5,0,5,5,0,5
Benacerraf,10,3,1,4,2,1,3
Benacerraf's,12,3,0,3,3,0,3
Benares,7,6,0,6,6,1,7
Benares's,9,3,1,4,3,1,4
Benchley,8,2,3,5,2,3,5
Benchley's,10,4,1,5,4,1,5
Bender,6,5,1,6,5,0,5
Bender's,8,7,0,7,7,1,8
Bendix,6,3,4,7,4,3,7
Bendix's,8,5,2,7,5,2,7
Benedict,8,3,2,5,3,2,5
Benedict's,10,5,1,6,4,1,5
Benedictine,11,4,1,5,2,1,3
Benedictine's,13,5,0,5,2,1,3
Benelux,7,3,3,6,3,3,6
Benelux's,9,6,1,7,6,1,7
Benet,5,4,4,8,4,4,8
Benet's,7,6,2,8,6,2,8
Benetton,8,3,2,5,3,2,5
Benetton's,10,5,1,6,4,1,5
Bengal,6,4,4,8,4,4,8
Bengal's,8,6,2,8,6,2,8
Bengali,7,4,1,5,4,1,5
Bengali's,9,6,0,6,6,1,7
Benghazi,8,2,1,3,2,1,3
Benghazi's,10,5,2,7,5,2,7
Benin,5,4,3,7,2,4,6
Benin's,7,6,2,8,4,3,7
Benita,6,6,3,9,6,3,9
Benita's,8,8,1,9,8,1,9
Benito,6,5,4,9,5,4,9
Benito's,8,7,2,9,7,2,9
Benjamin,8,4,1,5,4,3,7
Benjamin's,10,5,1,6,5,2,7
Bennett,7,3,2,5,4,2,6
Bennett's,9,5,1,6,6,1,7
Bennie,6,4,0,4,4,3,7
Bennie's,8,6,0,6,6,1,7
Benny,5,4,5,9,4,4,8
Benny's,7,6,3,9,6,3,9
Benson,6,5,0,5,5,0,5
Benson's,8,6,0,6,6,0,6
Bentham,7,3,3,6,3,3,6
Bentham's,9,5,2,7,7,2,9
Bentley,7,3,3,6,2,3,5
Bentley's,9,4,1,5,3,1,4
Benton,6,5,2,7,5,2,7
Benton's,8,7,1,8,7,0,7
Benz,4,3,5,8,3,5,8
Benz's,6,5,4,9,5,5,10
Benzedrine,10,2,1,3,2,1,3
Benzedrine's,12,3,0,3,3,0,3
Beowulf,7,3,3,6,3,4,7
Beowulf's,9,4,2,6,6,2,8
Berber,6,3,0,3,3,1,4
Berber's,8,5,0,5,5,0,5
Berbers,7,4,0,4,4,0,4
Berenice,8,2,1,3,2,2,4
Berenice's,10,4,0,4,3,0,3
Beretta,7,3,1,4,3,1,4
Beretta's,9,4,1,5,4,0,4
Berg,4,4,4,8,4,3,7
Berg's,6,6,3,9,6,3,9
Bergen,6,4,2,6,3,3,6
Bergen's,8,5,0,5,5,0,5
Berger,6,3,0,3,3,1,4
Berger's,8,5,0,5,5,0,5
Bergerac,8,2,1,3,2,1,3
Bergerac's,10,4,1,5,3,0,3
Bergman,7,4,2,6,4,2,6
Bergman's,9,6,0,6,6,1,7
Bergson,7,4,0,4,4,0,4
Bergson's,9,5,1,6,2,2,4
Beria,5,5,2,7,4,3,7
Beria's,7,7,1,8,6,2,8
Bering,6,4,2,6,4,2,6
Bering's,8,6,1,7,6,1,7
Berkeley,8,2,2,4,2,2,4
Berkeley's,10,3,0,3,3,0,3
Berkshire,9,3,1,4,3,1,4
Berkshire's,11,4,0,4,3,0,3
Berkshires,10,3,0,3,3,1,4
Berkshires's,12,2,0,2,2,0,2
Berle,5,4,2,6,4,2,6
Berle's,7,6,1,7,6,1,7
Berlin,6,5,2,7,5,2,7
Berlin's,8,7,1,8,8,1,9
Berliner,8,2,2,4,2,2,4
Berliner's,10,3,0,3,3,0,3
Berlins,7,6,2,8,6,2,8
Berlioz,7,4,3,7,4,3,7
Berlioz's,9,6,3,9,5,2,7
Berlitz,7,4,2,6,4,2,6
Berlitz's,9,6,2,8,6,0,6
Bermuda,7,3,2,5,3,3,6
Bermuda's,9,5,1,6,5,1,6
Bermudas,8,4,2,6,4,2,6
Bern,4,4,4,8,4,3,7
Bern's,6,6,2,8,6,3,9
Bernadette,10,2,1,3,2,1,3
Bernadette's,12,3,0,3,3,0,3
Bernadine,9,3,1,4,4,1,5
Bernadine's,11,5,0,5,5,0,5
Bernanke,8,3,1,4,4,1,5
Bernanke's,10,5,0,5,5,0,5
Bernard,7,4,2,6,3,1,4
Bernard's,9,6,0,6,5,1,6
Bernardo,8,4,2,6,3,2,5
Bernardo's,10,6,0,6,4,0,4
Bernays,7,5,2,7,5,2,7
Bernays's,9,4,1,5,4,1,5
Bernbach,8,3,2,5,4,2,6
Bernbach's,10,6,0,6,5,0,5
Berne,5,3,3,6,3,3,6
Berne's,7,5,2,7,5,2,7
Bernhardt,9,3,2,5,2,2,4
Bernhardt's,11,4,1,5,3,1,4
Bernice,7,5,1,6,5,1,6
Bernice's,9,5,0,5,6,1,7
Bernie,6,4,0,4,5,0,5
Bernie's,8,6,0,6,6,1,7
Bernini,7,3,1,4,3,1,4
Bernini's,9,5,1,6,5,0,5
Bernoulli,9,3,1,4,3,1,4
Bernoulli's,11,4,0,4,5,0,5
Bernstein,9,3,0,3,3,0,3
Bernstein's,11,2,0,2,2,0,2
Berra,5,4,2,6,4,3,7
Berra's,7,6,1,7,6,2,8
Berry,5,4,2,6,4,1,5
Berry's,7,6,1,7,6,0,6
Bert,4,4,5,9,4,4,8
Bert's,6,6,4,10,6,4,10
Berta,5,4,3,7,4,4,8
Berta's,7,6,2,8,6,3,9
Bertelsmann,11,2,0,2,2,0,2
Bertelsmann's,13,2,0,2,2,0,2
Bertha,6,3,3,6,3,3,6
Bertha's,8,5,2,7,5,2,7
Bertie,6,4,1,5,4,1,5
Bertie's,8,6,1,7,6,0,6
Bertillon,9,4,1,5,4,1,5
Bertillon's,11,6,0,6,5,0,5
Bertram,7,3,2,5,3,2,5
Bertram's,9,5,0,5,5,0,5
Bertrand,8,4,2,6,3,2,5
Bertrand's,10,5,1,6,4,0,4
Beryl,5,3,2,5,3,1,4
Beryl's,7,5,1,6,5,0,5
Berzelius,9,3,1,4,3,1,4
Berzelius's,11,5,0,5,4,0,4
Bess,4,3,1,4,3,0,3
Bess's,6,4,0,4,4,0,4
Bessel,6,4,2,6,4,2,6
Bessel's,8,5,0,5,5,0,5
Bessemer,8,3,0,3,3,0,3
Bessemer's,10,2,0,2,2,0,2
Bessie,6,4,2,6,4,5,9
Bessie's,8,5,0,5,5,0,5
Best,4,4,1,5,4,0,4
Best's,6,5,0,5,5,0,5
Betelgeuse,10,2,1,3,3,0,3
Betelgeuse's,12,3,2,5,2,1,3
Beth,4,3,6,9,3,5,8
Beth's,6,5,5,10,5,5,10
Bethany,7,4,3,7,4,4,8
Bethany's,9,7,0,7,5,3,8
Bethe,5,4,4,8,2,5,7
Bethe's,7,5,3,8,5,5,10
Bethesda,8,3,0,3,3,0,3
Bethesda's,10,3,0,3,3,0,3
Bethlehem,9,4,2,6,4,2,6
Bethlehem's,11,3,1,4,3,1,4
Bethune,7,3,3,6,5,2,7
Bethune's,9,7,0,7,7,2,9
Betsy,5,3,0,3,3,0,3
Betsy's,7,4,0,4,4,0,4
Bette,5,3,6,9,2,5,7
Bette's,7,5,3,8,5,5,10
Bettie,6,4,1,5,4,4,8
Bettie's,8,6,1,7,6,1,7
Betty,5,4,6,10,4,5,9
Betty's,7,6,4,10,6,3,9
Bettye,6,2,5,7,3,5,8
Bettye's,8,4,4,8,4,2,6
Beulah,6,5,3,8,5,3,8
Beulah's,8,7,2,9,7,2,9
Beverley,8,2,2,4,2,2,4
Beverley's,10,3,1,4,3,1,4
Beverly,7,3,1,4,3,1,4
Beverly's,9,5,0,5,5,0,5
Beyer,5,4,4,8,4,4,8
Beyer's,7,5,2,7,5,2,7
Bhopal,6,3,3,6,3,3,6
Bhopal's,8,4,2,6,4,2,6
Bhutan,6,2,4,6,2,4,6
Bhutan's,8,5,2,7,5,2,7
Bhutto,6,2,4,6,3,4,7
Bhutto's,8,5,3,8,5,3,8
Bialystok,9,4,1,5,4,1,5
Bialystok's,11,4,1,5,4,1,5
Bianca,6,5,3,8,5,3,8
Bianca's,8,7,2,9,7,2,9
Bible,5,4,3,7,4,3,7
Bible's,7,6,3,9,5,1,6
Bibles,6,5,4,9,4,3,7
Biblical,8,3,2,5,2,2,4
Biblical's,10,5,1,6,4,2,6
Bic,3,3,8,11,3,6,9
Bic's,5,5,7,12,5,5,10
Biddle,6,5,2,7,5,1,6
Biddle's,8,7,1,8,6,2,8
Biden,5,5,3,8,5,3,8
Biden's,7,5,5,10,5,5,10
Bierce,6,5,1,6,5,1,6
Bierce's,8,7,0,7,7,0,7
Bigfoot,7,3,3,6,3,3,6
Bigfoot's,9,4,3,7,4,3,7
Biggles,7,6,0,6,6,0,6
Biggles's,9,5,1,6,5,0,5
Biko,4,3,5,8,3,6,9
Biko's,6,5,5,10,5,6,11
Bilbao,6,2,2,4,2,2,4
Bilbao's,8,4,1,5,4,1,5
Bilbo,5,4,4,8,4,3,7
Bilbo's,7,6,3,9,4,3,7
Bill,4,3,4,7,3,4,7
Bill's,6,5,3,8,5,3,8
Billie,6,4,1,5,4,0,4
Billie's,8,6,1,7,6,1,7
Billings,8,6,3,9,6,3,9
Billings's,10,6,0,6,5,1,6
Billy,5,4,6,10,4,4,8
Billy's,7,6,4,10,6,3,9
Bimini,6,4,3,7,4,3,7
Bimini's,8,6,3,9,6,3,9
Bioko,5,2,4,6,2,4,6
Bioko's,7,4,3,7,4,3,7
Bird,4,4,6,10,4,8,12
Bird's,6,5,7,12,5,7,12
Birdseye,8,2,0,2,2,0,2
Birdseye's,10,2,0,2,2,0,2
Birkenstock,11,5,0,5,3,0,3
Birkenstock's,13,3,0,3,3,0,3
Birmingham,10,1,3,4,2,2,4
Birmingham's,12,4,1,5,4,1,5
Biro,4,4,2,6,4,2,6
Biro's,6,6,2,8,6,2,8
Biscay,6,5,2,7,4,2,6
Biscay's,8,6,1,7,6,2,8
Biscayne,8,4,1,5,4,1,5
Biscayne's,10,5,0,5,5,0,5
Bishkek,7,5,1,6,5,2,7
Bishkek's,9,6,1,7,6,1,7
Bishop,6,4,2,6,4,2,6
Bishop's,8,5,2,7,5,2,7
Bismarck,8,5,1,6,4,3,7
Bismarck's,10,6,2,8,4,2,6
Bismark,7,5,3,8,5,3,8
Bismark's,9,6,2,8,4,3,7
Bisquick,8,4,2,6,2,3,5
Bisquick's,10,4,2,6,4,2,6
Bissau,6,4,1,5,4,2,6
Bissau's,8,5,1,6,5,2,7
BitTorrent,10,3,1,4,2,1,3
BitTorrent's,12,5,0,5,3,0,3
Bizet,5,3,6,9,3,6,9
Bizet's,7,7,4,11,7,4,11
Bjerknes,8,4,2,6,4,2,6
Bjerknes's,10,4,1,5,3,1,4
Bjork,5,4,5,9,4,5,9
Bjork's,7,6,4,10,6,4,10
Black,5,5,3,8,5,3,8
Black's,7,7,2,9,7,2,9
Blackbeard,10,2,1,3,2,1,3
Blackbeard's,12,4,0,4,3,0,3
Blackburn,9,4,4,8,2,4,6
Blackburn's,11,5,1,6,3,3,6
Blackfoot,9,3,3,6,2,4,6
Blackfoot's,11,7,2,9,4,3,7
Blacks,6,6,3,9,6,3,9
Blackshirt,10,6,2,8,4,1,5
Blackshirt's,12,5,1,6,4,1,5
Blackstone,10,6,1,7,4,1,5
Blackstone's,12,6,0,6,5,0,5
Blackwell,9,3,2,5,2,3,5
Blackwell's,11,5,1,6,3,2,5
Blaine,6,4,1,5,4,0,4
Blaine's,8,6,0,6,6,1,7
Blair,5,5,2,7,5,2,7
Blair's,7,7,1,8,7,1,8
Blake,5,5,2,7,5,2,7
Blake's,7,7,1,8,7,1,8
Blanca,6,4,4,8,4,4,8
Blanca's,8,6,3,9,6,3,9
Blanchard,9,3,3,6,3,3,6
Blanchard's,11,5,1,6,4,1,5
Blanche,7,3,3,6,4,0,4
Blanche's,9,5,2,7,7,1,8
Blankenship,11,3,0,3,3,0,3
Blankenship's,13,3,0,3,3,0,3
Blantyre,8,3,2,5,3,2,5
Blantyre's,10,5,1,6,4,1,5
Blatz,5,3,6,9,3,5,8
Blatz's,7,5,5,10,5,4,9
Blavatsky,9,2,1,3,2,2,4
Blavatsky's,11,2,2,4,2,1,3
Blenheim,8,2,2,4,2,2,4
Blenheim's,10,4,1,5,3,1,4
Blevins,7,5,3,8,2,4,6
Blevins's,9,6,1,7,6,1,7
Bligh,5,4,7,11,4,7,11
Bligh's,7,6,6,12,6,6,12
Bloch,5,5,4,9,5,4,9
Bloch's,7,7,3,10,7,3,10
Blockbuster,11,2,1,3,2,1,3
Blockbuster's,13,3,0,3,3,0,3
Bloemfontein,12,2,1,3,2,1,3
Bloemfontein's,14,3,0,3,3,0,3
Blondel,7,3,2,5,3,2,5
Blondel's,9,5,1,6,4,1,5
Blondie,7,4,2,6,5,1,6
Blondie's,9,6,1,7,7,1,8
Bloom,5,4,4,8,4,4,8
Bloom's,7,6,3,9,6,3,9
Bloomer,7,6,2,8,6,2,8
Bloomer's,9,8,0,8,8,0,8
Bloomfield,10,4,2,6,2,2,4
Bloomfield's,12,4,1,5,3,1,4
Bloomingdale,12,2,1,3,3,1,4
Bloomingdale's,14,3,1,4,3,0,3
Bloomsbury,10,2,3,5,2,3,5
Bloomsbury's,12,3,2,5,2,3,5
Blu,3,3,4,7,3,4,7
Blucher,7,6,4,10,5,5,10
Blucher's,9,8,1,9,7,3,10
Bluebeard,9,5,1,6,4,1,5
Bluebeard's,11,4,0,4,4,0,4
Bluetooth,9,2,3,5,3,2,5
Bluetooth's,11,4,2,6,3,2,5
Blythe,6,3,5,8,3,5,8
Blythe's,8,6,2,8,6,3,9
Boas,4,4,3,7,4,3,7
Boas's,6,5,1,6,5,1,6
Bob,3,2,2,4,2,2,4
Bob's,5,4,3,7,4,3,7
Bobbi,5,3,6,9,3,7,10
Bobbi's,7,5,5,10,5,6,11
Bobbie,6,4,3,7,4,2,6
Bobbie's,8,6,2,8,6,3,9
Bobbitt,7,2,6,8,2,6,8
Bobbitt's,9,5,4,9,5,4,9
Bobby,5,3,6,9,3,5,8
Bobby's,7,5,5,10,5,4,9
Boccaccio,9,3,2,5,3,2,5
Boccaccio's,11,4,1,5,4,1,5
Bodhidharma,11,2,2,4,2,2,4
Bodhidharma's,13,4,2,6,3,1,4
Bodhisattva,11,2,1,3,2,1,3
Bodhisattva's,13,2,1,3,2,1,3
Boeing,6,6,3,9,6,3,9
Boeing's,8,4,2,6,5,2,7
Boeotia,7,4,2,6,4,2,6
Boeotia's,9,6,1,7,4,2,6
Boeotian,8,5,1,6,5,1,6
Boeotian's,10,7,1,8,5,1,6
Boer,4,4,2,6,3,2,5
Boer's,6,6,0,6,6,0,6
Boers,5,5,2,7,5,2,7
Boethius,8,4,3,7,5,2,7
Boethius's,10,5,2,7,3,1,4
Bogart,6,5,2,7,5,3,8
Bogart's,8,7,1,8,7,1,8
Bogotá,6,2,4,6,2,4,6
Bogotá's,8,4,2,6,4,2,6
Bohemia,7,6,1,7,6,2,8
Bohemia's,9,8,1,9,8,1,9
Bohemian,8,4,1,5,4,1,5
Bohemian's,10,6,0,6,6,0,6
Bohemians,9,9,0,9,9,0,9
Bohr,4,2,4,6,2,5,7
Bohr's,6,4,3,7,4,4,8
Boise,5,5,2,7,5,2,7
Boise's,7,6,2,8,6,2,8
Bojangles,9,6,1,7,5,2,7
Bojangles's,11,3,1,4,3,1,4
Boleyn,6,3,3,6,3,2,5
Boleyn's,8,5,1,6,5,1,6
Bolivar,7,4,3,7,4,3,7
Bolivar's,9,6,3,9,6,3,9
Bolivia,7,5,2,7,3,2,5
Bolivia's,9,8,1,9,8,1,9
Bolivian,8,5,2,7,5,2,7
Bolivian's,10,7,1,8,7,2,9
Bolivians,9,7,2,9,7,2,9
Bollywood,9,6,4,10,6,4,10
Bollywood's,11,8,2,10,8,2,10
Bologna,7,3,3,6,3,2,5
Bologna's,9,4,1,5,6,1,7
Bolshevik,9,3,0,3,3,0,3
Bolshevik's,11,3,0,3,3,0,3
Bolsheviks,10,3,1,4,3,1,4
Bolshevism,10,9,0,9,9,0,9
Bolshevism's,12,10,0,10,10,0,10
Bolshevist,10,8,1,9,8,1,9
Bolshevist's,12,9,1,10,9,1,10
Bolshoi,7,2,2,4,2,2,4
Bolshoi's,9,3,2,5,3,2,5
Bolton,6,4,5,9,4,5,9
Bolton's,8,6,3,9,6,3,9
Boltzmann,9,4,3,7,3,4,7
Boltzmann's,11,4,2,6,5,2,7
Bombay,6,4,4,8,3,4,7
Bombay's,8,6,3,9,5,3,8
Bonaparte,9,3,1,4,3,1,4
Bonaparte's,11,5,0,5,4,0,4
Bonaventure,11,3,2,5,2,1,3
Bonaventure's,13,4,1,5,3,0,3
Bond,4,4,7,11,4,7,11
Bond's,6,6,7,13,6,7,13
Bonhoeffer,10,3,2,5,3,2,5
Bonhoeffer's,12,6,0,6,4,0,4
Boniface,8,7,2,9,3,3,6
Boniface's,10,6,0,6,9,0,9
Bonita,6,5,2,7,5,2,7
Bonita's,8,7,1,8,7,1,8
Bonn,4,3,5,8,3,5,8
Bonn's,6,5,4,9,5,4,9
Bonner,6,5,6,11,5,6,11
Bonner's,8,7,3,10,7,5,12
Bonneville,10,2,2,4,4,1,5
Bonneville's,12,6,0,6,6,0,6
Bonnie,6,5,1,6,5,0,5
Bonnie's,8,7,1,8,7,2,9
Bono,4,3,5,8,3,5,8
Bono's,6,5,3,8,5,4,9
Booker,6,5,4,9,5,4,9
Booker's,8,7,3,10,7,3,10
Boole,5,4,2,6,4,2,6
Boole's,7,6,2,8,6,1,7
Boolean,7,3,2,5,4,2,6
Boolean's,9,5,0,5,5,1,6
Boone,5,4,3,7,4,3,7
Boone's,7,6,3,9,6,3,9
Booth,5,3,4,7,3,4,7
Booth's,7,5,3,8,5,3,8
Bordeaux,8,3,1,4,5,1,6
Bordeaux's,10,4,0,4,4,0,4
Borden,6,6,1,7,6,1,7
Borden's,8,5,3,8,5,3,8
Bordon,6,5,5,10,5,6,11
Bordon's,8,7,3,10,7,4,11
Boreas,6,4,1,5,4,1,5
Boreas's,8,5,0,5,5,0,5
Borg,4,4,8,12,4,9,13
Borg's,6,6,7,13,6,8,14
Borges,6,6,2,8,6,2,8
Borges's,8,6,1,7,6,1,7
Borgia,6,5,2,7,5,2,7
Borgia's,8,7,1,8,7,1,8
Borglum,7,2,4,6,2,4,6
Borglum's,9,4,3,7,4,3,7
Boris,5,3,10,13,3,10,13
Boris's,7,6,3,9,6,3,9
Bork,4,4,5,9,4,5,9
Bork's,6,6,4,10,6,3,9
Borlaug,7,3,5,8,3,3,6
Borlaug's,9,5,2,7,4,2,6
Born,4,4,3,7,4,4,8
Born's,6,6,4,10,6,5,11
Borneo,6,3,3,6,3,3,6
Borneo's,8,5,1,6,5,1,6
Borobudur,9,1,4,5,1,4,5
Borobudur's,11,4,2,6,3,2,5
Borodin,7,4,3,7,4,3,7
Borodin's,9,5,2,7,4,2,6
Boru,4,3,9,12,3,10,13
Boru's,6,5,8,13,5,9,14
Bosch,5,3,4,7,3,4,7
Bosch's,7,5,2,7,5,3,8
Bose,4,4,9,13,4,9,13
Bose's,6,5,1,6,5,1,6
Bosnia,6,2,3,5,2,3,5
Bosnia's,8,3,1,4,3,1,4
Bosporus,8,2,4,6,2,4,6
Bosporus's,10,6,0,6,3,2,5
Boston,6,4,3,7,4,3,7
Boston's,8,5,3,8,5,3,8
Bostonian,9,4,1,5,4,1,5
Bostonian's,11,4,1,5,4,1,5
Bostons,7,2,3,5,2,3,5
Boswell,7,6,2,8,2,3,5
Boswell's,9,4,1,5,4,1,5
Botox,5,2,5,7,2,5,7
Botswana,8,2,2,4,2,2,4
Botswana's,10,3,1,4,2,2,4
Botticelli,10,4,2,6,5,2,7
Botticelli's,12,6,1,7,5,1,6
Boulder,7,6,2,8,7,2,9
Boulder's,9,8,0,8,8,0,8
Boulez,6,3,5,8,3,5,8
Boulez's,8,5,3,8,5,3,8
Bourbaki,8,4,2,6,4,2,6
Bourbaki's,10,5,2,7,5,2,7
Bourbon,7,2,5,7,3,4,7
Bourbon's,9,5,2,7,5,2,7
Bournemouth,11,2,2,4,2,1,3
Bournemouth's,13,4,0,4,3,1,4
Bovary,6,3,4,7,3,5,8
Bovary's,8,5,3,8,5,3,8
Bowditch,8,3,3,6,2,4,6
Bowditch's,10,4,2,6,4,2,6
Bowell,6,5,3,8,5,2,7
Bowell's,8,7,1,8,7,1,8
Bowen,5,4,4,8,4,4,8
Bowen's,7,6,2,8,6,2,8
Bowers,6,6,1,7,6,1,7
Bowers's,8,7,0,7,7,0,7
Bowery,6,3,5,8,4,4,8
Bowery's,8,6,2,8,6,2,8
Bowie,5,4,7,11,4,7,11
Bowie's,7,6,6,12,6,6,12
Bowman,6,5,2,7,5,2,7
Bowman's,8,7,1,8,7,1,8
Boyd,4,2,8,10,2,8,10
Boyd's,6,4,7,11,5,7,12
Boyer,5,5,6,11,5,6,11
Boyer's,7,7,2,9,7,2,9
Boyle,5,5,3,8,4,3,7
Boyle's,7,7,2,9,6,1,7
Boötes,6,4,5,9,4,5,9
Boötes's,8,5,3,8,5,2,7
Brad,4,4,1,5,4,1,5
Brad's,6,6,1,7,6,1,7
Bradbury,8,2,4,6,2,4,6
Bradbury's,10,3,3,6,2,3,5
Braddock,8,3,3,6,3,3,6
Braddock's,10,5,1,6,4,1,5
Bradford,8,4,3,7,4,3,7
Bradford's,10,6,1,7,5,1,6
Bradley,7,5,1,6,5,1,6
Bradley's,9,6,2,8,6,2,8
Bradly,6,5,3,8,4,4,8
Bradly's,8,6,2,8,6,3,9
Bradshaw,8,3,2,5,3,2,5
Bradshaw's,10,4,1,5,4,1,5
Bradstreet,10,3,0,3,3,0,3
Bradstreet's,12,4,0,4,3,0,3
Brady,5,5,5,10,4,6,10
Brady's,7,7,3,10,7,4,11
Bragg,5,3,6,9,3,5,8
Bragg's,7,5,5,10,5,5,10
Brahe,5,5,4,9,5,4,9
Brahe's,7,7,3,10,7,3,10
Brahma,6,4,3,7,4,3,7
Brahma's,8,6,2,8,6,2,8
Brahmagupta,11,2,3,5,2,3,5
Brahmagupta's,13,3,1,4,3,2,5
Brahman,7,3,3,6,5,3,8
Brahman's,9,6,1,7,6,1,7
Brahmanism,10,3,1,4,3,2,5
Brahmanism's,12,4,1,5,7,0,7
Brahmanisms,11,4,0,4,4,0,4
Brahmans,8,5,1,6,3,2,5
Brahmaputra,11,2,3,5,2,3,5
Brahmaputra's,13,3,1,4,3,2,5
Brahmas,7,5,2,7,5,1,6
Brahmin,7,4,3,7,3,3,6
Brahmin's,9,6,1,7,5,3,8
Brahmins,8,5,2,7,4,2,6
Brahms,6,5,5,10,5,5,10
Brahms's,8,6,1,7,6,1,7
Braille,7,4,1,5,3,0,3
Braille's,9,6,0,6,6,0,6
Brailles,8,4,0,4,4,0,4
Brain,5,5,2,7,5,3,8
Brain's,7,7,2,9,7,2,9
Brampton,8,3,3,6,3,3,6
Brampton's,10,6,1,7,5,1,6
Bran,4,4,2,6,4,2,6
Bran's,6,6,2,8,6,2,8
Branch,6,4,4,8,4,3,7
Branch's,8,6,2,8,6,2,8
Brandeis,8,4,2,6,5,2,7
Brandeis's,10,7,1,8,5,0,5
Branden,7,5,1,6,4,1,5
Branden's,9,6,2,8,5,2,7
Brandenburg,11,3,2,5,2,1,3
Brandenburg's,13,3,1,4,3,1,4
Brandi,6,6,3,9,6,3,9
Brandi's,8,8,2,10,8,2,10
Brandie,7,6,2,8,6,1,7
Brandie's,9,8,1,9,8,1,9
Brando,6,6,4,10,6,4,10
Brando's,8,8,3,11,8,3,11
Brandon,7,5,3,8,5,3,8
Brandon's,9,7,2,9,7,3,10
Brandt,6,5,5,10,5,5,10
Brandt's,8,7,4,11,7,4,11
Brandy,6,5,2,7,6,2,8
Brandy's,8,8,1,9,8,1,9
Brant,5,4,4,8,4,4,8
Brant's,7,6,3,9,6,3,9
Braque,6,3,3,6,3,4,7
Braque's,8,6,3,9,4,4,8
Brasilia,8,2,1,3,2,1,3
Brasilia's,10,4,1,5,3,1,4
Bratislava,10,3,2,5,3,1,4
Bratislava's,12,4,1,5,3,1,4
Brattain,8,4,2,6,4,2,6
Brattain's,10,6,1,7,5,1,6
Bray,4,4,3,7,4,3,7
Bray's,6,6,3,9,6,3,9
Brazil,6,4,4,8,4,4,8
Brazil's,8,5,3,8,6,3,9
Brazilian,9,5,2,7,4,3,7
Brazilian's,11,7,1,8,6,2,8
Brazilians,10,5,1,6,5,1,6
Brazos,6,6,4,10,6,4,10
Brazos's,8,5,2,7,5,2,7
Brazzaville,11,3,1,4,2,1,3
Brazzaville's,13,3,2,5,5,0,5
Breakspear,10,2,1,3,2,0,2
Breakspear's,12,3,0,3,3,0,3
Brecht,6,4,3,7,5,1,6
Brecht's,8,6,0,6,6,0,6
Breckenridge,12,2,1,3,2,1,3
Breckenridge's,14,2,1,3,3,0,3
Bremen,6,3,2,5,3,2,5
Bremen's,8,3,1,4,3,1,4
Brenda,6,5,1,6,5,2,7
Brenda's,8,6,2,8,6,3,9
Brendan,7,5,1,6,3,2,5
Brendan's,9,7,0,7,5,1,6
Brennan,7,3,1,4,3,1,4
Brennan's,9,5,0,5,4,0,4
Brenner,7,3,3,6,3,2,5
Brenner's,9,5,1,6,5,1,6
Brent,5,4,2,6,4,3,7
Brent's,7,6,1,7,5,2,7
Brenton,7,4,2,6,4,1,5
Brenton's,9,6,1,7,6,0,6
Brest,5,5,1,6,5,1,6
Brest's,7,6,1,7,6,1,7
Bret,4,4,4,8,4,4,8
Bret's,6,6,2,8,6,2,8
Breton,6,5,2,7,4,2,6
Breton's,8,6,1,7,6,1,7
Brett,5,3,2,5,3,3,6
Brett's,7,5,3,8,5,2,7
Brewer,6,3,1,4,3,1,4
Brewer's,8,3,0,3,3,0,3
Brewster,8,4,0,4,4,0,4
Brewster's,10,3,0,3,3,0,3
Brexit,6,3,4,7,4,2,6
Brezhnev,8,3,2,5,3,2,5
Brezhnev's,10,4,0,4,3,1,4
Brian,5,4,4,8,4,4,8
Brian's,7,6,3,9,6,3,9
Briana,6,4,2,6,4,2,6
Briana's,8,6,1,7,6,1,7
Brianna,7,2,2,4,3,2,5
Brianna's,9,5,1,6,5,1,6
Brice,5,5,4,9,5,4,9
Brice's,7,7,2,9,7,2,9
Bridalveil,10,2,2,4,2,2,4
Bridalveil's,12,4,1,5,3,1,4
Bridgeport,10,8,2,10,8,2,10
Bridgeport's,12,10,0,10,10,1,11
Bridger,7,5,2,7,5,2,7
Bridger's,9,7,1,8,5,4,9
Bridges,7,7,0,7,7,0,7
Bridges's,9,4,2,6,4,2,6
Bridget,7,4,2,6,4,2,6
Bridget's,9,6,1,7,6,1,7
Bridgetown,10,4,1,5,4,1,5
Bridgetown's,12,5,0,5,4,1,5
Bridgett,8,4,1,5,4,2,6
Bridgett's,10,5,2,7,5,3,8
Bridgette,9,6,2,8,6,2,8
Bridgette's,11,8,1,9,8,0,8
Bridgman,8,4,2,6,3,3,6
Bridgman's,10,6,1,7,5,2,7
Brie,4,2,2,4,2,2,4
Brie's,6,4,2,6,4,2,6
Brigadoon,9,4,2,6,3,2,5
Brigadoon's,11,4,1,5,3,1,4
Briggs,6,4,5,9,4,7,11
Briggs's,8,4,3,7,4,3,7
Brigham,7,3,2,5,3,3,6
Brigham's,9,4,4,8,5,2,7
Bright,6,6,3,9,6,3,9
Bright's,8,8,3,11,8,3,11
Brighton,8,7,3,10,7,3,10
Brighton's,10,9,2,11,8,3,11
Brigid,6,5,3,8,5,4,9
Brigid's,8,4,4,8,3,5,8
Brigitte,8,3,2,5,3,2,5
Brigitte's,10,5,0,5,4,2,6
Brillo,6,4,5,9,2,5,7
Brillo's,8,6,2,8,3,3,6
Brinkley,8,3,2,5,2,3,5
Brinkley's,10,3,1,4,3,1,4
Brisbane,8,4,0,4,4,0,4
Brisbane's,10,5,0,5,5,0,5
Bristol,7,5,1,6,5,1,6
Bristol's,9,6,1,7,6,1,7
Brit,4,4,5,9,4,5,9
Brit's,6,6,4,10,6,4,10
Britain,7,4,2,6,3,2,5
Britain's,9,5,1,6,5,2,7
Britannia,9,2,2,4,2,2,4
Britannia's,11,3,1,4,3,1,4
Britannic,9,3,2,5,3,2,5
Britannic's,11,4,2,6,3,2,5
Britannica,10,2,2,4,3,2,5
Britannica's,12,4,1,5,3,1,4
British,7,4,1,5,3,2,5
British's,9,5,0,5,3,2,5
Britisher,9,4,0,4,4,0,4
Britney,7,5,2,7,5,2,7
Britney's,9,7,0,7,7,0,7
Briton,6,2,4,6,2,4,6
Briton's,8,5,2,7,6,2,8
Britons,7,5,3,8,6,2,8
Brits,5,5,3,8,5,3,8
Britt,5,3,7,10,3,7,10
Britt's,7,5,5,10,5,5,10
Brittany,8,4,2,6,3,2,5
Brittany's,10,5,2,7,6,2,8
Britten,7,6,2,8,6,2,8
Britten's,9,5,0,5,4,0,4
Brittney,8,3,2,5,3,2,5
Brittney's,10,4,0,4,4,0,4
Brno,4,1,5,6,1,5,6
Brno's,6,3,5,8,3,5,8
Broadway,8,2,3,5,2,4,6
Broadway's,10,6,1,7,6,1,7
Broadways,9,5,2,7,5,2,7
Brobdingnag,11,3,1,4,3,2,5
Brobdingnag's,13,4,2,6,3,1,4
Brobdingnagian,14,2,1,3,2,1,3
Brobdingnagian's,16,2,0,2,3,0,3
Brock,5,5,5,10,5,5,10
Brock's,7,7,4,11,7,4,11
Brokaw,6,5,2,7,5,2,7
Brokaw's,8,7,1,8,7,1,8
Bronson,7,3,2,5,3,2,5
Bronson's,9,4,3,7,3,2,5
Bronte,6,6,2,8,6,2,8
Bronte's,8,8,3,11,8,2,10
Brontosaurus,12,2,2,4,5,1,6
Bronx,5,3,6,9,3,6,9
Bronx's,7,5,5,10,5,5,10
Brooke,6,4,3,7,4,3,7
Brooke's,8,6,3,9,5,2,7
Brooklyn,8,1,4,5,1,4,5
Brooklyn's,10,3,2,5,4,2,6
Brooks,6,5,3,8,5,3,8
Brooks's,8,3,4,7,2,4,6
Brown,5,5,3,8,5,3,8
Brown's,7,7,2,9,7,2,9
Browne,6,5,2,7,5,2,7
Browne's,8,6,3,9,6,2,8
Brownian,8,3,2,5,3,2,5
Brownian's,10,5,1,6,5,1,6
Brownie,7,4,2,6,5,1,6
Brownies,8,6,1,7,6,1,7
Browning,8,7,2,9,7,2,9
Browning's,10,9,2,11,9,2,11
Brownshirt,10,3,0,3,4,1,5
Brownshirt's,12,5,1,6,4,1,5
Brownsville,11,4,0,4,4,0,4
Brownsville's,13,3,0,3,3,0,3
Brubeck,7,3,2,5,3,3,6
Brubeck's,9,5,2,7,5,2,7
Bruce,5,5,4,9,5,4,9
Bruce's,7,7,3,10,7,3,10
Bruckner,8,3,3,6,4,2,6
Bruckner's,10,4,2,6,5,1,6
Brueghel,8,2,2,4,2,2,4
Brueghel's,10,3,0,3,3,0,3
Brummel,7,3,4,7,4,3,7
Brummel's,9,5,2,7,6,1,7
Brunei,6,3,1,4,3,4,7
Brunei's,8,8,1,9,6,1,7
Brunelleschi,12,2,0,2,2,0,2
Brunelleschi's,14,3,0,3,2,0,2
Brunhilde,9,3,2,5,3,2,5
Brunhilde's,11,5,1,6,4,1,5
Bruno,5,3,4,7,3,4,7
Bruno's,7,5,3,8,5,3,8
Brunswick,9,7,2,9,4,2,6
Brunswick's,11,4,2,6,4,2,6
Brussels,8,4,0,4,4,0,4
Brussels's,10,3,0,3,2,0,2
Brut,4,3,6,9,3,6,9
Brut's,6,6,5,11,5,5,10
Brutus,6,2,5,7,2,5,7
Brutus's,8,3,2,5,2,3,5
Bryan,5,4,5,9,3,6,9
Bryan's,7,6,4,10,5,5,10
Bryant,6,4,2,6,4,2,6
Bryant's,8,5,1,6,6,3,9
Bryce,5,3,5,8,3,5,8
Bryce's,7,4,4,8,4,4,8
Brynner,7,2,5,7,2,5,7
Brynner's,9,4,5,9,5,3,8
Bryon,5,2,4,6,2,3,5
Bryon's,7,4,3,7,4,2,6
Brzezinski,10,3,0,3,2,1,3
Brzezinski's,12,3,0,3,2,0,2
Btu,3,2,5,7,2,5,7
Btu's,5,4,5,9,4,5,9
Buber,5,4,5,9,4,5,9
Buber's,7,6,3,9,6,3,9
Buchanan,8,1,4,5,2,3,5
Buchanan's,10,3,1,4,3,1,4
Bucharest,9,7,1,8,3,3,6
Bucharest's,11,5,1,6,4,0,4
Buchenwald,10,3,2,5,3,2,5
Buchenwald's,12,5,1,6,3,2,5
Buchwald,8,4,4,8,3,4,7
Buchwald's,10,6,3,9,5,3,8
Buck,4,4,8,12,4,9,13
Buck's,6,6,5,11,6,8,14
Buckingham,10,3,2,5,3,2,5
Buckingham's,12,4,1,5,4,1,5
Buckley,7,3,4,7,3,5,8
Buckley's,9,5,2,7,5,3,8
Buckner,7,4,5,9,5,5,10
Buckner's,9,5,2,7,4,5,9
Bud,3,3,4,7,3,4,7
Bud's,5,5,4,9,5,4,9
Budapest,8,5,1,6,5,1,6
Budapest's,10,5,1,6,4,0,4
Buddha,6,4,4,8,3,4,7
Buddha's,8,6,3,9,5,3,8
Buddhas,7,4,3,7,4,2,6
Buddhism,8,7,3,10,7,3,10
Buddhism's,10,4,3,7,8,3,11
Buddhisms,9,3,3,6,3,3,6
Buddhist,8,6,4,10,6,4,10
Buddhist's,10,6,2,8,7,4,11
Buddhists,9,4,3,7,5,2,7
Buddy,5,4,6,10,4,10,14
Buddy's,7,6,4,10,6,6,12
Budweiser,9,3,2,5,3,0,3
Budweiser's,11,5,0,5,3,0,3
Buffalo,7,4,3,7,3,3,6
Buffalo's,9,5,2,7,5,1,6
Buffy,5,4,7,11,4,9,13
Buffy's,7,6,5,11,6,7,13
Buford,6,3,4,7,3,4,7
Buford's,8,5,2,7,4,2,6
Bugatti,7,2,2,4,2,2,4
Bugatti's,9,3,2,5,4,1,5
Bugzilla,8,4,2,6,4,2,6
Bugzilla's,10,6,1,7,6,1,7
Buick,5,5,8,13,5,8,13
Buick's,7,7,6,13,7,7,14
Bujumbura,9,1,3,4,1,3,4
Bujumbura's,11,3,2,5,3,2,5
Bukhara,7,2,4,6,1,4,5
Bukhara's,9,4,2,6,4,2,6
Bukharin,8,3,3,6,3,3,6
Bukharin's,10,5,2,7,4,2,6
Bulawayo,8,2,3,5,2,3,5
Bulawayo's,10,3,2,5,3,2,5
Bulfinch,8,3,4,7,2,3,5
Bulfinch's,10,3,3,6,3,3,6
Bulganin,8,3,3,6,3,3,6
Bulganin's,10,4,2,6,4,2,6
Bulgar,6,6,4,10,6,4,10
Bulgar's,8,6,3,9,6,3,9
Bulgari,7,4,2,6,6,3,9
Bulgari's,9,8,2,10,8,2,10
Bulgaria,8,4,2,6,3,2,5
Bulgaria's,10,9,1,10,6,2,8
Bulgarian,9,3,2,5,3,2,5
Bulgarian's,11,4,1,5,4,1,5
Bulgarians,10,8,2,10,4,1,5
Bullock,7,6,4,10,5,4,9
Bullock's,9,8,3,11,7,3,10
Bullwinkle,10,3,2,5,3,1,4
Bullwinkle's,12,6,0,6,4,0,4
Bultmann,8,4,4,8,3,4,7
Bultmann's,10,6,3,9,5,3,8
Bumppo,6,2,4,6,3,4,7
Bumppo's,8,4,3,7,4,3,7
Bunche,6,2,4,6,2,4,6
Bunche's,8,4,4,8,4,5,9
Bundesbank,10,3,1,4,3,1,4
Bundesbank's,12,6,0,6,3,1,4
Bundestag,9,4,0,4,4,0,4
Bundestag's,11,4,0,4,4,0,4
Bunin,5,3,5,8,3,5,8
Bunin's,7,5,3,8,5,3,8
Bunker,6,6,5,11,6,5,11
Bunker's,8,7,4,11,7,6,13
Bunsen,6,3,3,6,3,3,6
Bunsen's,8,5,3,8,4,2,6
Bunyan,6,4,3,7,4,3,7
Bunyan's,8,6,2,8,6,2,8
Burbank,7,3,4,7,4,3,7
Burbank's,9,6,2,8,6,2,8
Burberry,8,5,1,6,2,2,4
Burberry's,10,7,0,7,3,1,4
Burch,5,5,8,13,5,8,13
Burch's,7,7,7,14,7,7,14
Burger,6,5,1,6,5,1,6
Burger's,8,7,1,8,7,1,8
Burgess,7,5,1,6,5,1,6
Burgess's,9,6,1,7,6,1,7
Burgoyne,8,3,3,6,3,3,6
Burgoyne's,10,5,2,7,4,1,5
Burgundian,10,3,2,5,3,2,5
Burgundian's,12,4,1,5,4,1,5
Burgundies,10,3,2,5,3,2,5
Burgundy,8,1,5,6,1,5,6
Burgundy's,10,2,4,6,2,4,6
Burke,5,4,5,9,4,5,9
Burke's,7,6,3,9,6,3,9
Burks,5,5,7,12,5,7,12
Burks's,7,6,2,8,6,2,8
Burl,4,4,6,10,4,5,9
Burl's,6,6,5,11,6,5,11
Burma,5,5,4,9,5,4,9
Burma's,7,7,3,10,7,3,10
Burmese,7,3,0,3,3,2,5
Burmese's,9,4,1,5,4,0,4
Burnett,7,4,3,7,3,2,5
Burnett's,9,5,1,6,5,1,6
Burns,5,5,6,11,5,6,11
Burns's,7,5,3,8,5,3,8
Burnside,8,5,1,6,3,2,5
Burnside's,10,5,1,6,4,2,6
Burr,4,3,5,8,3,6,9
Burr's,6,5,4,9,5,4,9
Burris,6,4,4,8,3,4,7
Burris's,8,4,2,6,4,3,7
Burroughs,9,4,3,7,4,3,7
Burroughs's,11,4,2,6,3,2,5
Bursa,5,3,2,5,3,2,5
Bursa's,7,4,2,6,4,2,6
Burt,4,4,6,10,4,7,11
Burt's,6,6,4,10,6,4,10
Burton,6,5,4,9,5,4,9
Burton's,8,7,3,10,7,3,10
Burundi,7,2,3,5,2,3,5
Burundi's,9,3,3,6,3,3,6
Busch,5,5,4,9,5,5,10
Busch's,7,6,4,10,6,5,11
Bush,4,4,4,8,4,4,8
Bush's,6,5,2,7,5,2,7
Bushido,7,4,3,7,4,3,7
Bushido's,9,7,2,9,4,2,6
Bushnell,8,3,1,4,3,1,4
Bushnell's,10,4,1,5,3,1,4
Butler,6,5,3,8,5,3,8
Butler's,8,7,3,10,7,3,10
Butterfingers,13,3,0,3,4,0,4
Butterfingers's,15,2,0,2,2,0,2
Buxtehude,9,2,3,5,2,3,5
Buxtehude's,11,4,2,6,4,2,6
Buñuel,6,3,6,9,3,6,9
Buñuel's,8,5,4,9,5,2,7
Byblos,6,3,4,7,3,4,7
Byblos's,8,3,4,7,2,4,6
Byelorussia,11,2,0,2,2,0,2
Byelorussia's,13,2,0,2,2,0,2
Byers,5,5,2,7,5,2,7
Byers's,7,6,1,7,6,1,7
Byrd,4,2,7,9,2,7,9
Byrd's,6,4,6,10,4,6,10
Byron,5,5,4,9,5,3,8
Byron's,7,7,3,10,7,2,9
Byronic,7,3,3,6,3,3,6
Byronic's,9,5,2,7,5,2,7
Byzantine,9,4,1,5,4,1,5
Byzantine's,11,6,0,6,5,0,5
Byzantines,10,5,0,5,5,0,5
Byzantium,9,3,2,5,3,2,5
Byzantium's,11,5,2,7,4,2,6
C,1,1,2,3,1,2,3
C's,3,3,6,9,3,6,9
CVS,3,1,6,7,1,6,7
CVS's,5,2,5,7,2,5,7
Ca,2,2,3,5,2,3,5
Ca's,4,4,10,14,4,12,16
Cabernet,8,3,2,5,3,2,5
Cabernet's,10,7,0,7,7,0,7
Cabinet,7,4,4,8,4,3,7
Cabot,5,5,5,10,5,5,10
Cabot's,7,7,4,11,7,4,11
Cabral,6,4,3,7,4,3,7
Cabral's,8,6,2,8,6,2,8
Cabrera,7,2,1,3,2,1,3
Cabrera's,9,5,0,5,4,0,4
Cabrini,7,4,2,6,3,4,7
Cabrini's,9,6,1,7,6,1,7
Cadillac,8,3,2,5,3,2,5
Cadillac's,10,5,1,6,3,3,6
Cadiz,5,3,5,8,3,5,8
Cadiz's,7,5,6,11,5,6,11
Caedmon,7,3,4,7,2,5,7
Caedmon's,9,5,2,7,5,2,7
Caerphilly,10,3,1,4,3,1,4
Caerphilly's,12,4,0,4,4,0,4
Caesar,6,3,0,3,3,0,3
Caesar's,8,4,0,4,3,0,3
Caesarean,9,3,0,3,3,0,3
Caesars,7,3,1,4,3,1,4
Cage,4,4,5,9,4,3,7
Cage's,6,6,3,9,6,3,9
Cagney,6,5,4,9,5,4,9
Cagney's,8,7,2,9,7,2,9
Cahokia,7,3,2,5,3,2,5
Cahokia's,9,5,1,6,5,1,6
Caiaphas,8,3,1,4,4,2,6
Caiaphas's,10,2,1,3,2,1,3
Cain,4,4,4,8,4,4,8
Cain's,6,6,3,9,6,3,9
Cains,5,5,4,9,5,4,9
Cairo,5,4,3,7,4,3,7
Cairo's,7,7,2,9,7,2,9
Caitlin,7,6,2,8,6,3,9
Caitlin's,9,8,2,10,8,2,10
Cajun,5,3,7,10,3,7,10
Cajun's,7,6,4,10,6,4,10
Cajuns,6,4,4,8,4,4,8
Calais,6,4,2,6,4,2,6
Calais's,8,4,1,5,4,1,5
Calcutta,8,3,3,6,2,3,5
Calcutta's,10,5,2,7,2,3,5
Calder,6,5,4,9,5,3,8
Calder's,8,7,3,10,7,3,10
Calderon,8,4,1,5,4,1,5
Calderon's,10,6,1,7,7,1,8
Caldwell,8,2,2,4,3,1,4
Caldwell's,10,5,0,5,5,0,5
Caleb,5,4,4,8,4,4,8
Caleb's,7,6,2,8,6,2,8
Caledonia,9,4,1,5,4,1,5
Caledonia's,11,6,0,6,5,1,6
Calgary,7,6,4,10,6,2,8
Calgary's,9,8,1,9,8,1,9
Calhoun,7,3,4,7,3,2,5
Calhoun's,9,5,1,6,5,1,6
Cali,4,4,5,9,4,5,9
Cali's,6,6,4,10,6,4,10
Caliban,7,6,2,8,6,2,8
Caliban's,9,6,1,7,6,1,7
California,10,2,2,4,2,2,4
California's,12,4,1,5,4,1,5
Californian,11,3,1,4,4,2,6
Californian's,13,5,2,7,5,1,6
Californians,12,4,1,5,4,1,5
Caligula,8,3,2,5,3,2,5
Caligula's,10,4,1,5,4,1,5
Callaghan,9,4,3,7,3,3,6
Callaghan's,11,6,2,8,5,2,7
Callahan,8,3,3,6,3,3,6
Callahan's,10,5,1,6,4,1,5
Callao,6,3,3,6,3,3,6
Callao's,8,5,2,7,5,2,7
Callas,6,4,4,8,4,3,7
Callas's,8,5,3,8,5,1,6
Callie,6,5,1,6,5,2,7
Callie's,8,7,3,10,7,2,9
Calliope,8,4,1,5,4,1,5
Calliope's,10,5,0,5,5,1,6
Callisto,8,4,1,5,4,1,5
Callisto's,10,6,1,7,4,2,6
Caloocan,8,3,3,6,2,3,5
Caloocan's,10,5,2,7,5,2,7
Calvary,7,5,5,10,5,3,8
Calvary's,9,7,2,9,7,2,9
Calvert,7,7,3,10,7,2,9
Calvert's,9,7,0,7,9,1,10
Calvin,6,5,4,9,5,5,10
Calvin's,8,7,3,10,7,4,11
Calvinism,9,8,1,9,8,1,9
Calvinism's,11,9,0,9,9,1,10
Calvinisms,10,8,0,8,8,1,9
Calvinist,9,7,2,9,7,2,9
Calvinist's,11,8,1,9,8,2,10
Calvinistic,11,2,1,3,2,1,3
Calvinists,10,7,1,8,7,2,9
Camacho,7,3,4,7,2,4,6
Camacho's,9,4,3,7,5,2,7
Cambodia,8,3,2,5,3,2,5
Cambodia's,10,9,1,10,9,1,10
Cambodian,9,4,3,7,4,3,7
Cambodian's,11,6,2,8,6,2,8
Cambodians,10,8,2,10,8,2,10
Cambrian,8,3,2,5,3,2,5
Cambrian's,10,5,1,6,5,1,6
Cambridge,9,4,1,5,4,1,5
Cambridge's,11,6,0,6,4,0,4
Camel,5,5,4,9,5,4,9
Camel's,7,7,2,9,7,2,9
Camelopardalis,14,3,1,4,2,0,2
Camelopardalis's,16,3,0,3,3,0,3
Camelot,7,4,2,6,4,2,6
Camelot's,9,6,1,7,8,0,8
Camembert,9,2,2,4,2,2,4
Camembert's,11,4,1,5,3,1,4
Camemberts,10,3,1,4,3,1,4
Cameron,7,4,2,6,4,2,6
Cameron's,9,6,1,7,7,1,8
Cameroon,8,5,1,6,4,1,5
Cameroon's,10,6,0,6,5,0,5
Cameroons,9,6,1,7,4,0,4
Camilla,7,4,2,6,4,2,6
Camilla's,9,6,1,7,6,1,7
Camille,7,3,2,5,3,1,4
Camille's,9,5,1,6,5,1,6
Camoens,7,6,3,9,6,3,9
Camoens's,9,5,1,6,5,1,6
Campanella,10,3,2,5,3,2,5
Campanella's,12,5,1,6,4,1,5
Campbell,8,4,2,6,5,1,6
Campbell's,10,7,0,7,7,0,7
Campinas,8,3,1,4,3,1,4
Campinas's,10,5,1,6,4,2,6
Campos,6,5,3,8,5,3,8
Campos's,8,7,2,9,6,3,9
Camry,5,3,3,6,3,3,6
Camry's,7,5,2,7,5,2,7
Camus,5,5,6,11,3,8,11
Camus's,7,5,3,8,5,4,9
Canaan,6,2,2,4,2,2,4
Canaan's,8,4,1,5,4,1,5
Canada,6,2,3,5,2,3,5
Canada's,8,4,2,6,4,2,6
Canadian,8,3,2,5,3,2,5
Canadian's,10,4,1,5,4,1,5
Canadians,9,3,2,5,4,2,6
Canaletto,9,3,2,5,3,1,4
Canaletto's,11,5,0,5,4,0,4
Canaries,8,5,0,5,5,0,5
Canaries's,10,6,0,6,6,0,6
Canaveral,9,3,2,5,3,1,4
Canaveral's,11,5,0,5,4,0,4
Canberra,8,4,1,5,3,1,4
Canberra's,10,6,0,6,4,0,4
Cancer,6,5,3,8,5,3,8
Cancer's,8,7,1,8,7,1,8
Cancers,7,6,1,7,6,2,8
Cancun,6,3,3,6,3,3,6
Cancun's,8,5,3,8,5,2,7
Candace,7,3,3,6,3,2,5
Candace's,9,5,1,6,5,1,6
Candice,7,5,1,6,5,0,5
Candice's,9,7,0,7,7,0,7
Candide,7,5,1,6,5,0,5
Candide's,9,7,0,7,7,0,7
Candy,5,5,3,8,5,3,8
Candy's,7,7,2,9,7,2,9
Cannes,6,4,3,7,4,4,8
Cannes's,8,5,0,5,5,0,5
Cannon,6,3,2,5,3,2,5
Cannon's,8,5,2,7,5,1,6
Canon,5,3,3,6,3,3,6
Canon's,7,4,2,6,4,2,6
Canopus,7,4,2,6,4,3,7
Canopus's,9,5,2,7,5,2,7
Cantabrigian,12,2,1,3,2,1,3
Cantabrigian's,14,3,0,3,4,0,4
Canterbury,10,4,1,5,4,1,5
Canterbury's,12,6,0,6,5,0,5
Canton,6,5,2,7,5,2,7
Canton's,8,7,2,9,7,1,8
Cantonese,9,4,0,4,4,0,4
Cantonese's,11,5,1,6,4,0,4
Cantor,6,6,2,8,6,2,8
Cantor's,8,8,1,9,8,1,9
Cantrell,8,4,1,5,4,2,6
Cantrell's,10,6,1,7,6,1,7
Cantu,5,4,7,11,4,7,11
Cantu's,7,5,4,9,5,4,9
Canute,6,5,2,7,5,2,7
Canute's,8,7,2,9,7,3,10
Capablanca,10,1,4,5,1,3,4
Capablanca's,12,2,1,3,2,2,4
Capek,5,4,7,11,4,7,11
Capek's,7,4,5,9,4,5,9
Capella,7,4,1,5,4,1,5
Capella's,9,6,0,6,5,0,5
Capet,5,4,6,10,4,6,10
Capet's,7,7,3,10,7,3,10
Capetian,8,5,1,6,3,2,5
Capetian's,10,7,0,7,5,2,7
Capetown,8,6,1,7,6,1,7
Capetown's,10,7,0,7,6,0,6
Caph,4,3,7,10,3,7,10
Caph's,6,5,4,9,5,5,10
Capistrano,10,2,1,3,2,1,3
Capistrano's,12,2,1,3,2,1,3
Capitol,7,3,2,5,3,3,6
Capitol's,9,7,2,9,5,3,8
Capitoline,10,4,1,5,4,1,5
Capitoline's,12,5,0,5,4,0,4
Capitols,8,5,2,7,5,2,7
Capone,6,4,4,8,5,2,7
Capone's,8,7,2,9,7,3,10
Capote,6,5,3,8,2,5,7
Capote's,8,7,3,10,4,4,8
Capra,5,2,6,8,2,5,7
Capra's,7,4,5,9,4,5,9
Capri,5,4,4,8,4,4,8
Capri's,7,6,1,7,6,1,7
Capricorn,9,3,2,5,3,2,5
Capricorn's,11,4,1,5,4,1,5
Capricorns,10,4,2,6,4,1,5
Capuchin,8,3,3,6,3,2,5
Capuchin's,10,5,2,7,4,2,6
Capulet,7,4,4,8,3,4,7
Capulet's,9,6,1,7,6,3,9
Cara,4,3,0,3,3,1,4
Cara's,6,5,1,6,5,1,6
Caracalla,9,3,3,6,2,3,5
Caracalla's,11,5,1,6,3,1,4
Caracas,7,3,4,7,3,3,6
Caracas's,9,3,3,6,3,3,6
Caravaggio,10,3,2,5,2,2,4
Caravaggio's,12,4,1,5,4,1,5
Carboloy,8,2,3,5,2,3,5
Carboloy's,10,4,1,5,3,1,4
Carboniferous,13,4,1,5,3,0,3
Carboniferous's,15,1,1,2,1,1,2
Carborundum,11,2,3,5,2,3,5
Carborundum's,13,4,2,6,3,2,5
Cardenas,8,3,2,5,3,2,5
Cardenas's,10,4,1,5,4,0,4
Cardiff,7,4,3,7,4,6,10
Cardiff's,9,6,3,9,6,4,10
Cardin,6,6,4,10,6,4,10
Cardin's,8,8,3,11,8,3,11
Cardozo,7,2,3,5,2,4,6
Cardozo's,9,4,2,6,4,2,6
Carey,5,5,3,8,5,3,8
Carey's,7,7,0,7,7,0,7
Carib,5,3,8,11,3,8,11
Carib's,7,6,5,11,6,5,11
Caribbean,9,2,1,3,2,1,3
Caribbean's,11,4,0,4,3,0,3
Caribbeans,10,4,0,4,4,0,4
Carina,6,5,3,8,5,3,8
Carina's,8,7,2,9,7,2,9
Carissa,7,5,0,5,5,1,6
Carissa's,9,6,0,6,6,0,6
Carl,4,4,5,9,4,5,9
Carl's,6,6,4,10,6,4,10
Carla,5,4,4,8,4,4,8
Carla's,7,6,3,9,6,3,9
Carlene,7,6,1,7,6,0,6
Carlene's,9,8,0,8,8,0,8
Carlin,6,5,5,10,5,5,10
Carlin's,8,7,4,11,7,4,11
Carlo,5,4,4,8,4,4,8
Carlo's,7,6,2,8,6,2,8
Carlos,6,6,2,8,6,2,8
Carlos's,8,5,3,8,5,4,9
Carlsbad,8,4,2,6,2,3,5
Carlsbad's,10,4,2,6,3,2,5
Carlson,7,5,1,6,5,1,6
Carlson's,9,4,2,6,3,1,4
Carlton,7,4,3,7,5,2,7
Carlton's,9,7,1,8,7,1,8
Carly,5,4,4,8,4,4,8
Carly's,7,6,2,8,6,2,8
Carlyle,7,4,3,7,3,2,5
Carlyle's,9,6,2,8,5,2,7
Carmela,7,3,1,4,3,1,4
Carmela's,9,5,0,5,5,0,5
Carmella,8,4,1,5,5,1,6
Carmella's,10,6,0,6,6,0,6
Carmelo,7,5,1,6,5,1,6
Carmelo's,9,7,0,7,7,0,7
Carmen,6,5,3,8,5,4,9
Carmen's,8,7,1,8,6,3,9
Carmichael,10,4,2,6,2,1,3
Carmichael's,12,4,0,4,4,0,4
Carmine,7,7,1,8,7,0,7
Carmine's,9,9,0,9,9,0,9
Carnap,6,5,2,7,5,2,7
Carnap's,8,7,1,8,7,1,8
Carnation,9,6,2,8,6,2,8
Carnation's,11,8,1,9,8,1,9
Carnegie,8,3,1,4,2,2,4
Carnegie's,10,6,0,6,5,1,6
Carney,6,5,4,9,5,5,10
Carney's,8,7,2,9,7,3,10
Carnot,6,4,4,8,4,4,8
Carnot's,8,6,1,7,5,2,7
Carol,5,5,4,9,5,4,9
Carol's,7,7,1,8,7,1,8
Carole,6,6,3,9,6,5,11
Carole's,8,8,5,13,8,0,8
Carolina,8,3,3,6,3,3,6
Carolina's,10,6,1,7,6,1,7
Caroline,8,6,1,7,6,2,8
Caroline's,10,7,0,7,6,1,7
Carolingian,11,6,1,7,2,2,4
Carolingian's,13,5,2,7,3,1,4
Carolinian,10,2,2,4,2,2,4
Carolinian's,12,5,1,6,3,1,4
Carolyn,7,3,3,6,4,2,6
Carolyn's,9,6,1,7,6,1,7
Carpathian,10,3,2,5,3,3,6
Carpathian's,12,3,1,4,4,1,5
Carpathians,11,4,1,5,4,1,5
Carpathians's,13,4,0,4,3,0,3
Carpenter,9,4,1,5,3,1,4
Carpenter's,11,5,0,5,4,0,4
Carr,4,3,4,7,3,4,7
Carr's,6,5,3,8,5,3,8
Carranza,8,2,3,5,2,3,5
Carranza's,10,3,1,4,3,1,4
Carrie,6,5,2,7,5,5,10
Carrie's,8,6,2,8,6,1,7
Carrier,7,5,1,6,5,1,6
Carrier's,9,7,0,7,7,0,7
Carrillo,8,3,2,5,3,2,5
Carrillo's,10,5,1,6,5,1,6
Carroll,7,3,3,6,3,3,6
Carroll's,9,6,2,8,6,2,8
Carson,6,6,1,7,6,1,7
Carson's,8,7,1,8,7,1,8
Carter,6,4,5,9,5,1,6
Carter's,8,6,3,9,6,3,9
Cartesian,9,3,0,3,3,0,3
Cartesian's,11,3,0,3,3,0,3
Carthage,8,3,3,6,3,1,4
Carthage's,10,5,1,6,6,0,6
Carthaginian,12,2,1,3,2,1,3
Carthaginian's,14,3,0,3,4,0,4
Cartier,7,6,2,8,6,2,8
Cartier's,9,7,1,8,7,1,8
Cartwright,10,2,2,4,2,2,4
Cartwright's,12,3,2,5,3,1,4
Caruso,6,2,2,4,2,2,4
Caruso's,8,4,2,6,3,2,5
Carver,6,5,4,9,4,6,10
Carver's,8,7,2,9,7,2,9
Cary,4,4,5,9,4,5,9
Cary's,6,6,7,13,6,7,13
Casablanca,10,2,2,4,2,2,4
Casablanca's,12,2,2,4,2,2,4
Casals,6,4,3,7,4,2,6
Casals's,8,4,1,5,1,2,3
Casandra,8,5,2,7,5,2,7
Casandra's,10,6,2,8,6,2,8
Casanova,8,4,3,7,4,3,7
Casanova's,10,5,3,8,5,3,8
Casanovas,9,2,1,3,2,2,4
Cascades,8,3,1,4,3,1,4
Cascades's,10,3,1,4,3,0,3
Case,4,4,2,6,4,4,8
Case's,6,5,1,6,5,1,6
Casey,5,5,2,7,5,3,8
Casey's,7,6,1,7,6,2,8
Cash,4,4,0,4,4,1,5
Cash's,6,5,1,6,5,1,6
Casio,5,3,3,6,3,3,6
Casio's,7,4,2,6,4,2,6
Caspar,6,4,2,6,4,2,6
Caspar's,8,5,2,7,5,1,6
Caspian,7,4,0,4,4,1,5
Caspian's,9,3,2,5,5,1,6
Cassandra,9,2,1,3,2,1,3
Cassandra's,11,2,1,3,3,1,4
Cassatt,7,2,2,4,2,2,4
Cassatt's,9,3,2,5,4,0,4
Cassie,6,5,3,8,5,6,11
Cassie's,8,5,1,6,5,1,6
Cassiopeia,10,2,0,2,2,0,2
Cassiopeia's,12,2,0,2,2,0,2
Cassius,7,2,2,4,2,2,4
Cassius's,9,4,0,4,1,1,2
Castaneda,9,3,1,4,3,1,4
Castaneda's,11,3,0,3,3,1,4
Castillo,8,3,1,4,3,1,4
Castillo's,10,4,1,5,3,1,4
Castlereagh,11,2,1,3,2,1,3
Castlereagh's,13,2,1,3,2,1,3
Castor,6,6,2,8,6,2,8
Castor's,8,7,2,9,6,1,7
Castries,8,7,0,7,7,0,7
Castries's,10,5,1,6,3,0,3
Castro,6,5,2,7,5,2,7
Castro's,8,6,2,8,5,1,6
Catalan,7,2,3,5,2,2,4
Catalan's,9,4,1,5,4,1,5
Catalina,8,3,4,7,3,4,7
Catalina's,10,3,2,5,3,2,5
Catalonia,9,6,2,8,6,2,8
Catalonia's,11,8,1,9,8,1,9
Catawba,7,4,3,7,4,2,6
Catawba's,9,6,1,7,6,1,7
Caterpillar,11,3,1,4,3,1,4
Caterpillar's,13,3,0,3,3,1,4
Cathay,6,3,6,9,2,5,7
Cathay's,8,5,5,10,4,4,8
Cather,6,6,2,8,6,2,8
Cather's,8,8,1,9,8,1,9
Catherine,9,8,1,9,8,1,9
Catherine's,11,7,0,7,7,0,7
Cathleen,8,7,1,8,7,1,8
Cathleen's,10,9,0,9,9,0,9
Catholic,8,4,3,7,3,2,5
Catholic's,10,5,2,7,5,2,7
Catholicism,11,4,0,4,4,0,4
Catholicism's,13,4,0,4,3,0,3
Catholicisms,12,3,0,3,3,0,3
Catholics,9,5,2,7,4,2,6
Cathryn,7,4,5,9,7,4,11
Cathryn's,9,6,3,9,9,3,12
Cathy,5,5,4,9,5,4,9
Cathy's,7,7,3,10,7,3,10
Catiline,8,4,1,5,3,2,5
Catiline's,10,5,0,5,4,1,5
Cato,4,3,7,10,3,7,10
Cato's,6,5,5,10,5,6,11
Catskill,8,3,2,5,3,2,5
Catskill's,10,4,1,5,3,1,4
Catskills,9,2,2,4,3,1,4
Catskills's,11,2,0,2,1,1,2
Catt,4,3,6,9,3,6,9
Catt's,6,5,5,10,4,5,9
Catullus,8,3,4,7,3,4,7
Catullus's,10,4,2,6,3,2,5
Caucasian,9,4,1,5,4,2,6
Caucasian's,11,5,1,6,3,2,5
Caucasians,10,4,1,5,3,1,4
Caucasoid,9,3,1,4,3,1,4
Caucasus,8,2,3,5,2,3,5
Caucasus's,10,3,1,4,2,1,3
Cauchy,6,2,7,9,2,7,9
Cauchy's,8,5,4,9,4,6,10
Cavendish,9,4,1,5,3,2,5
Cavendish's,11,4,2,6,4,2,6
Cavour,6,3,3,6,3,3,6
Cavour's,8,5,2,7,5,2,7
Caxton,6,5,4,9,5,4,9
Caxton's,8,7,3,10,7,3,10
Cayenne,7,2,1,3,2,0,2
Cayenne's,9,5,0,5,3,2,5
Cayman,6,5,3,8,5,3,8
Cayman's,8,7,1,8,7,1,8
Cayuga,6,3,4,7,3,5,8
Cayuga's,8,5,3,8,5,4,9
Cd,2,2,7,9,2,7,9
Cd's,4,4,7,11,4,7,11
Ceausescu,9,1,0,1,1,0,1
Ceausescu's,11,3,0,3,2,0,2
Cebu,4,2,7,9,4,8,12
Cebu's,6,4,4,8,6,4,10
Cebuano,7,5,3,8,3,3,6
Cebuano's,9,7,1,8,5,3,8
Cecelia,7,3,3,6,3,3,6
Cecelia's,9,3,2,5,3,2,5
Cecil,5,4,4,8,3,3,6
Cecil's,7,6,3,9,5,2,7
Cecile,6,4,2,6,3,4,7
Cecile's,8,6,0,6,6,1,7
Cecilia,7,3,1,4,2,3,5
Cecilia's,9,6,0,6,4,2,6
Cecily,6,4,4,8,4,4,8
Cecily's,8,5,2,7,5,2,7
Cedric,6,4,2,6,4,2,6
Cedric's,8,6,1,7,6,1,7
Celebes,7,3,1,4,4,2,6
Celebes's,9,2,0,2,2,0,2
Celeste,7,3,0,3,3,1,4
Celeste's,9,4,1,5,4,1,5
Celia,5,4,3,7,4,4,8
Celia's,7,6,2,8,6,3,9
Celina,6,5,3,8,5,3,8
Celina's,8,6,2,8,6,2,8
Cellini,7,5,2,7,5,2,7
Cellini's,9,7,2,9,7,2,9
Celsius,7,3,2,5,3,2,5
Celsius's,9,3,0,3,3,0,3
Celt,4,4,2,6,4,1,5
Celt's,6,6,2,8,6,1,7
Celtic,6,4,3,7,4,3,7
Celtic's,8,5,2,7,5,2,7
Celtics,7,3,3,6,3,3,6
Celts,5,5,3,8,5,2,7
Cenozoic,8,3,2,5,4,1,5
Cenozoic's,10,5,1,6,4,1,5
Centaurus,9,4,2,6,4,2,6
Centaurus's,11,3,1,4,3,1,4
Centigrade,10,3,1,4,3,1,4
Cepheid,7,2,3,5,2,3,5
Cepheid's,9,4,2,6,3,2,5
Cepheus,7,2,4,6,2,4,6
Cepheus's,9,4,0,4,4,0,4
Cerberus,8,4,1,5,4,1,5
Cerberus's,10,3,1,4,3,0,3
Cerenkov,8,3,2,5,3,2,5
Cerenkov's,10,5,1,6,5,1,6
Ceres,5,4,1,5,4,1,5
Ceres's,7,4,0,4,4,1,5
Cerf,4,3,9,12,3,9,12
Cerf's,6,5,8,13,5,8,13
Cervantes,9,4,1,5,4,1,5
Cervantes's,11,2,1,3,2,1,3
Cesar,5,4,0,4,4,0,4
Cesar's,7,5,1,6,5,1,6
Cesarean,8,3,0,3,3,0,3
Cesarean's,10,3,0,3,3,0,3
Cessna,6,3,0,3,3,0,3
Cessna's,8,4,0,4,3,0,3
Cetus,5,5,5,10,5,5,10
Cetus's,7,6,1,7,6,1,7
Ceylon,6,5,3,8,5,3,8
Ceylon's,8,7,2,9,7,2,9
Cezanne,7,2,2,4,2,1,3
Cezanne's,9,4,0,4,3,1,4
Ch'in,5,3,5,8,3,5,8
Ch'in's,7,4,1,5,4,4,8
Chablis,7,3,3,6,3,3,6
Chablis's,9,7,1,8,7,2,9
Chad,4,4,5,9,3,7,10
Chad's,6,6,4,10,5,5,10
Chadwick,8,2,5,7,2,5,7
Chadwick's,10,6,3,9,5,4,9
Chagall,7,3,3,6,3,2,5
Chagall's,9,5,2,7,5,3,8
Chaitanya,9,2,2,4,2,2,4
Chaitanya's,11,3,1,4,3,1,4
Chaitin,7,2,2,4,2,2,4
Chaitin's,9,4,1,5,3,2,5
Chaldean,8,3,2,5,2,1,3
Chaldean's,10,4,0,4,4,0,4
Challenger,10,3,1,4,3,1,4
Challenger's,12,6,0,6,4,1,5
Chamberlain,11,4,1,5,3,1,4
Chamberlain's,13,5,1,6,5,0,5
Chambers,8,7,3,10,7,3,10
Chambers's,10,6,1,7,3,1,4
Champlain,9,3,2,5,3,2,5
Champlain's,11,6,1,7,5,1,6
Champollion,11,4,1,5,3,2,5
Champollion's,13,3,2,5,3,1,4
Chan,4,4,6,10,3,6,9
Chan's,6,6,5,11,5,5,10
Chance,6,4,3,7,3,1,4
Chance's,8,6,2,8,6,3,9
Chancellorsville,16,2,0,2,2,0,2
Chancellorsville's,18,3,0,3,2,0,2
Chandigarh,10,3,2,5,3,2,5
Chandigarh's,12,6,1,7,2,2,4
Chandler,8,4,1,5,3,2,5
Chandler's,10,5,1,6,5,1,6
Chandon,7,4,4,8,4,4,8
Chandon's,9,6,3,9,6,4,10
Chandra,7,2,3,5,2,2,4
Chandra's,9,3,1,4,3,1,4
Chandragupta,12,1,3,4,1,3,4
Chandragupta's,14,3,0,3,2,3,5
Chandrasekhar,13,3,0,3,2,0,2
Chandrasekhar's,15,3,0,3,2,0,2
Chanel,6,3,3,6,6,3,9
Chanel's,8,5,1,6,8,1,9
Chaney,6,4,4,8,4,4,8
Chaney's,8,6,2,8,6,2,8
Chang,5,4,5,9,4,5,9
Chang's,7,7,3,10,5,4,9
Changchun,9,2,4,6,2,5,7
Changchun's,11,4,1,5,3,3,6
Changsha,8,4,1,5,3,1,4
Changsha's,10,2,2,4,3,1,4
Chantilly,9,3,2,5,3,2,5
Chantilly's,11,5,1,6,4,1,5
Chanukah,8,3,3,6,2,4,6
Chanukah's,10,5,1,6,4,2,6
Chanukahs,9,3,3,6,3,3,6
Chaplin,7,5,3,8,5,3,8
Chaplin's,9,5,2,7,4,3,7
Chapman,7,4,4,8,3,4,7
Chapman's,9,6,1,7,5,1,6
Chappaquiddick,14,2,1,3,1,2,3
Chappaquiddick's,16,2,1,3,2,0,2
Chapultepec,11,2,2,4,2,1,3
Chapultepec's,13,3,0,3,3,1,4
Charbray,8,5,3,8,2,3,5
Charbray's,10,6,1,7,4,1,5
Chardonnay,10,2,3,5,1,3,4
Chardonnay's,12,4,1,5,2,2,4
Charity,7,7,3,10,7,3,10
Charity's,9,9,1,10,9,2,11
Charlemagne,11,1,3,4,2,1,3
Charlemagne's,13,4,1,5,3,0,3
Charlene,8,3,1,4,3,1,4
Charlene's,10,3,0,3,3,0,3
Charles,7,6,1,7,7,1,8
Charles's,9,5,0,5,5,1,6
Charleston,10,3,1,4,5,0,5
Charleston's,12,3,1,4,5,0,5
Charlestons,11,5,0,5,3,0,3
Charley,7,3,4,7,3,3,6
Charley's,9,5,1,6,5,1,6
Charlie,7,4,1,5,3,0,3
Charlie's,9,6,0,6,6,0,6
Charlotte,9,3,1,4,3,2,5
Charlotte's,11,5,0,5,4,0,4
Charlottetown,13,2,2,4,2,2,4
Charlottetown's,15,2,0,2,2,1,3
Charmaine,9,4,1,5,3,1,4
Charmaine's,11,6,0,6,4,0,4
Charmin,7,6,2,8,6,2,8
Charmin's,9,5,1,6,5,2,7
Charolais,9,4,1,5,5,1,6
Charolais's,11,4,0,4,4,0,4
Charon,6,3,2,5,3,2,5
Charon's,8,5,1,6,4,1,5
Chartism,8,4,1,5,4,1,5
Chartism's,10,5,0,5,7,1,8
Chartres,8,4,1,5,4,1,5
Chartres's,10,3,1,4,3,0,3
Charybdis,9,3,3,6,3,2,5
Charybdis's,11,4,0,4,3,1,4
Chase,5,5,1,6,5,1,6
Chase's,7,6,1,7,6,1,7
Chasity,7,3,2,5,3,2,5
Chasity's,9,4,1,5,4,2,6
Chateaubriand,13,2,1,3,3,1,4
Chateaubriand's,15,4,0,4,3,0,3
Chattahoochee,13,1,2,3,1,2,3
Chattahoochee's,15,2,0,2,2,1,3
Chattanooga,11,2,3,5,2,3,5
Chattanooga's,13,2,0,2,3,2,5
Chatterley,10,2,1,3,2,1,3
Chatterley's,12,4,0,4,4,0,4
Chatterton,10,4,1,5,4,1,5
Chatterton's,12,8,0,8,5,0,5
Chaucer,7,4,3,7,4,3,7
Chaucer's,9,5,2,7,6,4,10
Chauncey,8,3,3,6,3,3,6
Chauncey's,10,4,1,5,4,1,5
Chautauqua,10,1,4,5,1,3,4
Chautauqua's,12,2,1,3,2,2,4
Chavez,6,3,7,10,2,8,10
Chavez's,8,5,5,10,4,6,10
Chayefsky,9,3,1,4,2,1,3
Chayefsky's,11,3,1,4,3,1,4
Che,3,3,5,8,3,5,8
Che's,5,4,5,9,4,5,9
Chechen,7,3,3,6,3,3,6
Chechen's,9,3,1,4,3,1,4
Chechnya,8,3,3,6,2,3,5
Chechnya's,10,4,2,6,4,2,6
Cheddar,7,3,1,4,3,1,4
Cheddar's,9,5,0,5,4,0,4
Cheer,5,3,1,4,3,1,4
Cheer's,7,5,0,5,5,0,5
Cheerios,8,3,0,3,3,0,3
Cheerios's,10,4,1,5,2,0,2
Cheetos,7,2,1,3,2,1,3
Cheetos's,9,3,0,3,3,0,3
Cheever,7,3,2,5,2,3,5
Cheever's,9,6,0,6,6,0,6
Chekhov,7,2,5,7,3,4,7
Chekhov's,9,5,3,8,5,3,8
Chelsea,7,3,0,3,3,3,6
Chelsea's,9,3,1,4,3,1,4
Chelyabinsk,11,3,1,4,3,0,3
Chelyabinsk's,13,3,0,3,2,0,2
Chen,4,4,6,10,4,5,9
Chen's,6,6,3,9,6,3,9
Cheney,6,2,4,6,3,3,6
Cheney's,8,4,2,6,4,2,6
Chengdu,7,3,4,7,3,4,7
Chengdu's,9,5,2,7,5,3,8
Chennai,7,2,2,4,2,2,4
Chennai's,9,4,1,5,4,1,5
Cheops,6,4,4,8,4,4,8
Cheops's,8,4,1,5,3,2,5
Cheri,5,4,3,7,3,4,7
Cheri's,7,6,1,7,5,2,7
Cherie,6,3,0,3,3,0,3
Cherie's,8,5,0,5,5,0,5
Chernenko,9,2,1,3,2,1,3
Chernenko's,11,3,0,3,3,0,3
Chernobyl,9,4,1,5,3,2,5
Chernobyl's,11,6,0,6,4,2,6
Chernomyrdin,12,3,1,4,3,1,4
Chernomyrdin's,14,3,1,4,3,0,3
Cherokee,8,1,1,2,1,1,2
Cherokee's,10,2,0,2,2,0,2
Cherokees,9,2,0,2,2,0,2
Cherry,6,3,1,4,3,1,4
Cherry's,8,5,0,5,5,0,5
Cheryl,6,4,1,5,4,2,6
Cheryl's,8,6,0,6,6,1,7
Chesapeake,10,3,0,3,3,0,3
Chesapeake's,12,3,0,3,3,0,3
Cheshire,8,3,0,3,3,0,3
Cheshire's,10,5,0,5,3,0,3
Chester,7,3,0,3,3,1,4
Chester's,9,3,0,3,3,0,3
Chesterfield,12,3,0,3,3,0,3
Chesterfield's,14,4,1,5,2,0,2
Chesterton,10,3,0,3,3,0,3
Chesterton's,12,2,0,2,2,0,2
Chevalier,9,3,1,4,3,1,4
Chevalier's,11,4,1,5,3,1,4
Cheviot,7,2,3,5,2,3,5
Cheviot's,9,4,2,6,4,2,6
Chevrolet,9,3,1,4,4,1,5
Chevrolet's,11,4,1,5,3,1,4
Chevron,7,4,1,5,4,1,5
Chevron's,9,6,0,6,6,0,6
Chevy,5,5,4,9,5,4,9
Chevy's,7,5,3,8,5,3,8
Cheyenne,8,2,1,3,2,1,3
Cheyenne's,10,3,0,3,3,0,3
Cheyennes,9,3,0,3,3,0,3
Chi,3,2,3,5,2,3,5
Chi's,5,5,5,10,5,5,10
Chianti,7,2,3,5,2,2,4
Chianti's,9,3,1,4,3,1,4
Chiantis,8,3,2,5,3,2,5
Chiba,5,3,4,7,3,4,7
Chiba's,7,5,3,8,5,3,8
Chibcha,7,2,2,4,2,3,5
Chibcha's,9,6,2,8,5,3,8
Chicago,7,6,3,9,2,5,7
Chicago's,9,8,3,11,8,3,11
Chicagoan,9,3,2,5,3,2,5
Chicagoan's,11,4,1,5,4,1,5
Chicana,7,3,2,5,3,2,5
Chicana's,9,5,1,6,4,1,5
Chicano,7,5,4,9,4,4,8
Chicano's,9,7,4,11,7,4,11
Chickasaw,9,2,1,3,2,2,4
Chickasaw's,11,2,1,3,2,1,3
Chiclets,8,5,3,8,5,2,7
Chiclets's,10,4,0,4,3,1,4
Chihuahua,9,2,3,5,2,3,5
Chihuahua's,11,3,1,4,2,2,4
Chihuahuas,10,2,1,3,2,1,3
Chile,5,5,4,9,5,4,9
Chile's,7,7,3,10,5,4,9
Chilean,7,3,3,6,3,3,6
Chilean's,9,8,1,9,5,2,7
Chileans,8,4,2,6,4,2,6
Chimborazo,10,3,2,5,3,3,6
Chimborazo's,12,4,1,5,3,2,5
Chimera,7,6,3,9,6,3,9
Chimera's,9,8,0,8,5,2,7
Chimu,5,5,6,11,5,6,11
Chimu's,7,7,5,12,7,5,12
China,5,4,2,6,4,2,6
China's,7,6,1,7,6,2,8
Chinatown,9,3,2,5,3,2,5
Chinatown's,11,6,1,7,5,1,6
Chinese,7,3,1,4,4,0,4
Chinese's,9,4,0,4,4,1,5
Chinook,7,2,4,6,2,4,6
Chinook's,9,4,2,6,4,2,6
Chinooks,8,3,2,5,3,2,5
Chipewyan,9,5,1,6,5,2,7
Chipewyan's,11,7,1,8,4,2,6
Chippendale,11,3,1,4,3,1,4
Chippendale's,13,4,1,5,4,0,4
Chippewa,8,2,4,6,3,1,4
Chippewa's,10,5,0,5,5,0,5
Chiquita,8,4,3,7,3,3,6
Chiquita's,10,4,1,5,3,2,5
Chirico,7,2,4,6,2,4,6
Chirico's,9,4,2,6,4,2,6
Chisholm,8,3,1,4,3,1,4
Chisholm's,10,4,2,6,3,2,5
Chisinau,8,2,1,3,2,1,3
Chisinau's,10,4,1,5,2,1,3
Chittagong,10,3,2,5,3,2,5
Chittagong's,12,3,1,4,3,1,4
Chivas,6,4,3,7,4,3,7
Chivas's,8,5,2,7,3,2,5
Chloe,5,4,2,6,4,2,6
Chloe's,7,5,2,7,5,3,8
Choctaw,7,3,4,7,2,4,6
Choctaw's,9,5,2,7,5,2,7
Chomsky,7,5,2,7,4,3,7
Chomsky's,9,6,3,9,5,3,8
Chongqing,9,6,2,8,6,2,8
Chongqing's,11,4,2,6,4,2,6
Chopin,6,4,3,7,4,3,7
Chopin's,8,4,3,7,4,3,7
Chopra,6,3,3,6,4,3,7
Chopra's,8,4,2,6,4,2,6
Chou,4,4,6,10,4,6,10
Chou's,6,6,5,11,6,5,11
Chretien,8,4,2,6,3,2,5
Chretien's,10,3,0,3,3,0,3
Chris,5,3,3,6,3,3,6
Chris's,7,3,4,7,3,4,7
Christ,6,3,3,6,3,4,7
Christ's,8,5,2,7,5,2,7
Christa,7,3,1,4,3,1,4
Christa's,9,3,0,3,3,0,3
Christchurch,12,4,0,4,3,0,3
Christchurch's,14,3,0,3,2,0,2
Christendom,11,4,0,4,3,0,3
Christendom's,13,6,0,6,3,0,3
Christendoms,12,3,0,3,3,0,3
Christensen,11,2,0,2,2,0,2
Christensen's,13,2,0,2,2,0,2
Christi,7,6,3,9,2,3,5
Christi's,9,3,0,3,2,3,5
Christian,9,3,1,4,3,1,4
Christian's,11,6,1,7,7,1,8
Christianities,14,3,0,3,2,0,2
Christianity,12,3,0,3,3,0,3
Christianity's,14,3,0,3,3,0,3
Christians,10,4,1,5,4,1,5
Christie,8,3,0,3,3,0,3
Christie's,10,4,0,4,3,0,3
Christina,9,4,1,5,4,1,5
Christina's,11,4,1,5,7,1,8
Christine,9,3,1,4,3,2,5
Christine's,11,6,1,7,4,2,6
Christmas,9,3,0,3,2,0,2
Christmas's,11,9,0,9,9,0,9
Christmases,11,8,1,9,8,1,9
Christoper,10,3,1,4,3,1,4
Christoper's,12,4,0,4,3,0,3
Christopher,11,5,1,6,4,0,4
Christopher's,13,5,0,5,4,0,4
Christs,7,4,3,7,4,3,7
Christy,7,6,3,9,2,3,5
Christy's,9,5,2,7,2,3,5
Chrysler,8,4,0,4,4,0,4
Chrysler's,10,5,0,5,4,0,4
Chrysostom,10,2,0,2,2,0,2
Chrysostom's,12,2,0,2,2,0,2
Chrystal,8,3,3,6,4,3,7
Chrystal's,10,4,2,6,5,3,8
Chuck,5,3,7,10,3,7,10
Chuck's,7,5,6,11,6,4,10
Chukchi,7,1,4,5,2,3,5
Chukchi's,9,2,4,6,3,3,6
Chumash,7,6,3,9,6,3,9
Chumash's,9,7,3,10,7,2,9
Chung,5,5,7,12,5,7,12
Chung's,7,7,6,13,7,4,11
Chungking,9,5,3,8,5,3,8
Chungking's,11,3,3,6,3,3,6
Church,6,3,6,9,3,5,8
Church's,8,4,4,8,4,4,8
Churchill,9,2,4,6,2,4,6
Churchill's,11,3,3,6,3,3,6
Churriguera,11,2,1,3,2,2,4
Churriguera's,13,4,1,5,3,1,4
Chuvash,7,5,4,9,5,4,9
Chuvash's,9,6,4,10,6,3,9
Ci,2,2,4,6,2,4,6
Ci's,4,4,10,14,4,8,12
Cicero,6,3,4,7,3,4,7
Cicero's,8,5,1,6,4,2,6
Cid,3,3,4,7,3,4,7
Cid's,5,5,9,14,5,9,14
Cimabue,7,4,2,6,4,1,5
Cimabue's,9,6,1,7,6,1,7
Cincinnati,10,1,2,3,1,2,3
Cincinnati's,12,4,2,6,2,1,3
Cinderella,10,3,1,4,3,1,4
Cinderella's,12,4,0,4,4,0,4
Cinderellas,11,4,0,4,4,0,4
Cindy,5,5,4,9,5,5,10
Cindy's,7,7,3,10,7,4,11
CinemaScope,11,3,0,3,2,0,2
CinemaScope's,13,2,0,2,2,0,2
Cinerama,8,3,1,4,3,1,4
Cinerama's,10,4,0,4,3,0,3
Cipro,5,3,5,8,3,5,8
Cipro's,7,5,4,9,6,4,10
Circe,5,3,6,9,3,4,7
Circe's,7,6,3,9,5,3,8
Cisco,5,4,3,7,4,3,7
Cisco's,7,5,2,7,4,2,6
Citibank,8,3,2,5,3,2,5
Citibank's,10,5,2,7,5,2,7
Citigroup,9,2,3,5,2,3,5
Citigroup's,11,3,2,5,3,2,5
Citroen,7,4,2,6,3,2,5
Citroen's,9,5,0,5,5,0,5
Cl,2,1,12,13,1,12,13
Cl's,4,3,11,14,3,11,14
Claiborne,9,4,1,5,3,1,4
Claiborne's,11,6,0,6,4,0,4
Clair,5,5,3,8,5,3,8
Clair's,7,7,2,9,7,2,9
Claire,6,5,0,5,4,1,5
Claire's,8,5,1,6,4,0,4
Clairol,7,3,2,5,3,2,5
Clairol's,9,5,1,6,5,2,7
Clancy,6,4,3,7,4,3,7
Clancy's,8,6,2,8,6,3,9
Clapeyron,9,3,1,4,3,1,4
Clapeyron's,11,6,0,6,4,0,4
Clapton,7,7,3,10,7,3,10
Clapton's,9,9,2,11,9,1,10
Clara,5,3,2,5,3,2,5
Clara's,7,5,1,6,5,1,6
Clare,5,5,1,6,5,1,6
Clare's,7,7,0,7,7,0,7
Clarence,8,4,1,5,3,2,5
Clarence's,10,6,0,6,4,0,4
Clarendon,9,4,1,5,3,1,4
Clarendon's,11,5,0,5,4,0,4
Clarice,7,4,1,5,4,0,4
Clarice's,9,6,0,6,6,0,6
Clarissa,8,2,0,2,2,0,2
Clarissa's,10,3,0,3,3,0,3
Clark,5,4,3,7,4,3,7
Clark's,7,6,2,8,6,2,8
Clarke,6,5,2,7,5,1,6
Clarke's,8,7,1,8,7,0,7
Claude,6,6,2,8,6,2,8
Claude's,8,6,2,8,6,2,8
Claudette,9,3,3,6,3,3,6
Claudette's,11,5,2,7,3,2,5
Claudia,7,2,2,4,2,3,5
Claudia's,9,3,2,5,3,2,5
Claudine,8,3,2,5,4,1,5
Claudine's,10,5,1,6,5,0,5
Claudio,7,3,3,6,3,3,6
Claudio's,9,8,2,10,6,1,7
Claudius,8,4,3,7,4,4,8
Claudius's,10,4,0,4,3,1,4
Claus,5,5,2,7,5,2,7
Claus's,7,5,1,6,5,1,6
Clausewitz,10,3,1,4,3,1,4
Clausewitz's,12,3,0,3,3,0,3
Clausius,8,4,2,6,4,1,5
Clausius's,10,2,1,3,3,0,3
Clay,4,4,4,8,4,4,8
Clay's,6,6,3,9,6,3,9
Clayton,7,6,4,10,6,4,10
Clayton's,9,8,3,11,8,2,10
Clearasil,9,2,1,3,3,0,3
Clearasil's,11,3,0,3,3,0,3
Clem,4,4,3,7,4,3,7
Clem's,6,6,1,7,6,1,7
Clemenceau,10,2,1,3,2,1,3
Clemenceau's,12,3,0,3,3,0,3
Clemens,7,3,2,5,3,2,5
Clemens's,9,2,0,2,2,0,2
Clement,7,2,2,4,2,2,4
Clement's,9,3,1,4,4,0,4
Clementine,10,2,1,3,2,1,3
Clementine's,12,5,0,5,3,0,3
Clements,8,2,2,4,2,2,4
Clements's,10,2,1,3,2,0,2
Clemons,7,4,4,8,3,3,6
Clemons's,9,5,2,7,5,2,7
Clemson,7,4,1,5,4,1,5
Clemson's,9,5,2,7,3,1,4
Cleo,4,4,4,8,4,4,8
Cleo's,6,6,2,8,6,2,8
Cleopatra,9,4,1,5,3,1,4
Cleopatra's,11,6,0,6,4,0,4
Cleveland,9,2,2,4,2,2,4
Cleveland's,11,3,1,4,3,1,4
Cliburn,7,5,3,8,5,3,8
Cliburn's,9,4,3,7,3,3,6
Cliff,5,4,5,9,4,5,9
Cliff's,7,6,4,10,6,4,10
Clifford,8,3,3,6,3,3,6
Clifford's,10,6,2,8,4,2,6
Clifton,7,4,4,8,4,4,8
Clifton's,9,7,2,9,5,2,7
Cline,5,5,5,10,5,5,10
Cline's,7,7,2,9,7,2,9
Clint,5,5,5,10,5,5,10
Clint's,7,7,4,11,7,4,11
Clinton,7,4,3,7,5,3,8
Clinton's,9,7,2,9,7,2,9
Clio,4,3,2,5,3,2,5
Clio's,6,5,2,7,5,2,7
Clive,5,5,6,11,5,6,11
Clive's,7,7,3,10,7,3,10
Clorets,7,3,2,5,3,2,5
Clorets's,9,4,1,5,4,1,5
Clorox,6,2,4,6,2,4,6
Clorox's,8,3,2,5,3,2,5
Closure,7,4,0,4,7,2,9
Closure's,9,5,0,5,4,0,4
Clotho,6,2,4,6,2,4,6
Clotho's,8,3,3,6,3,2,5
Clouseau,8,3,0,3,3,0,3
Clouseau's,10,4,0,4,3,0,3
Clovis,6,5,5,10,5,5,10
Clovis's,8,4,3,7,3,4,7
Clyde,5,3,5,8,3,6,9
Clyde's,7,4,5,9,4,5,9
Clydesdale,10,3,1,4,3,0,3
Clydesdale's,12,4,0,4,3,0,3
Clytemnestra,12,2,1,3,2,1,3
Clytemnestra's,14,3,1,4,2,1,3
Cobain,6,5,3,8,5,2,7
Cobain's,8,6,2,8,7,2,9
Cobb,4,3,7,10,3,6,9
Cobb's,6,5,6,11,5,5,10
Cochabamba,10,3,3,6,3,3,6
Cochabamba's,12,5,1,6,4,2,6
Cochin,6,4,5,9,4,5,9
Cochin's,8,6,4,10,6,4,10
Cochise,7,4,0,4,4,1,5
Cochise's,9,4,1,5,4,0,4
Cochran,7,4,3,7,4,3,7
Cochran's,9,4,3,7,6,2,8
Cockney,7,4,3,7,3,3,6
Cockney's,9,6,2,8,5,1,6
Cocteau,7,4,3,7,4,3,7
Cocteau's,9,6,0,6,6,1,7
Cody,4,4,6,10,4,7,11
Cody's,6,6,5,11,6,6,12
Coffey,6,4,6,10,4,6,10
Coffey's,8,5,4,9,5,4,9
Cognac,6,4,2,6,4,2,6
Cognac's,8,6,1,7,6,1,7
Cohan,5,3,5,8,3,5,8
Cohan's,7,5,4,9,5,4,9
Cohen,5,5,5,10,5,5,10
Cohen's,7,7,3,10,7,3,10
Coimbatore,10,3,1,4,3,1,4
Coimbatore's,12,5,0,5,4,0,4
Cointreau,9,6,1,7,3,1,4
Cointreau's,11,8,0,8,4,0,4
Coke,4,4,7,11,4,7,11
Coke's,6,6,3,9,6,5,11
Cokes,5,5,6,11,5,8,13
Colbert,7,5,3,8,5,2,7
Colbert's,9,7,2,9,7,1,8
Colby,5,5,3,8,5,3,8
Colby's,7,7,2,9,7,3,10
Cole,4,4,4,8,4,4,8
Cole's,6,6,3,9,6,3,9
Coleen,6,4,2,6,4,2,6
Coleen's,8,5,1,6,5,1,6
Coleman,7,5,2,7,4,1,5
Coleman's,9,5,1,6,5,0,5
Coleridge,9,2,3,5,2,3,5
Coleridge's,11,4,1,5,5,1,6
Colette,7,4,3,7,4,1,5
Colette's,9,5,1,6,6,1,7
Colfax,6,4,3,7,3,3,6
Colfax's,8,6,2,8,5,2,7
Colgate,7,6,2,8,4,1,5
Colgate's,9,8,0,8,8,0,8
Colin,5,4,5,9,4,5,9
Colin's,7,6,4,10,6,3,9
Colleen,7,3,1,4,3,1,4
Colleen's,9,5,0,5,5,0,5
Collier,7,6,2,8,6,1,7
Collier's,9,5,0,5,5,0,5
Collin,6,4,3,7,4,4,8
Collin's,8,6,2,8,6,3,9
Collins,7,6,4,10,6,4,10
Collins's,9,7,1,8,7,1,8
Cologne,7,3,3,6,3,2,5
Cologne's,9,5,3,8,5,2,7
Colombia,8,6,2,8,3,2,5
Colombia's,10,9,1,10,9,1,10
Colombian,9,3,2,5,3,2,5
Colombian's,11,3,1,4,3,1,4
Colombians,10,8,2,10,8,2,10
Colombo,7,1,5,6,2,4,6
Colombo's,9,2,3,5,2,3,5
Colon,5,3,4,7,2,4,6
Colon's,7,5,3,8,4,3,7
Colonial,8,3,2,5,4,2,6
Colorado,8,4,3,7,4,3,7
Colorado's,10,6,1,7,6,1,7
Colosseum,9,3,1,4,3,1,4
Colosseum's,11,4,1,5,3,0,3
Colt,4,4,4,8,4,3,7
Colt's,6,6,3,9,6,2,8
Coltrane,8,5,1,6,5,1,6
Coltrane's,10,7,1,8,6,0,6
Columbia,8,6,2,8,3,2,5
Columbia's,10,5,1,6,5,1,6
Columbine,9,4,2,6,3,2,5
Columbine's,11,5,1,6,6,1,7
Columbus,8,3,3,6,3,3,6
Columbus's,10,4,3,7,3,3,6
Comanche,8,3,2,5,3,2,5
Comanche's,10,5,1,6,4,1,5
Comanches,9,5,2,7,6,1,7
Combs,5,4,6,10,4,6,10
Combs's,7,4,4,8,4,4,8
Comintern,9,2,1,3,2,1,3
Comintern's,11,4,0,4,3,0,3
Commons,7,5,3,8,4,2,6
Commons's,9,5,3,8,3,3,6
Commonwealth,12,2,2,4,2,2,4
Communion,9,5,2,7,4,2,6
Communion's,11,3,2,5,3,2,5
Communions,10,3,2,5,4,2,6
Communism,9,4,1,5,4,1,5
Communist,9,4,1,5,4,1,5
Communist's,11,6,1,7,4,1,5
Communists,10,4,1,5,5,1,6
Como,4,2,3,5,2,4,6
Como's,6,4,2,6,4,2,6
Comoros,7,3,3,6,3,2,5
Comoros's,9,4,3,7,3,3,6
Compaq,6,5,4,9,4,5,9
Compaq's,8,7,3,10,6,4,10
Compton,7,3,4,7,3,5,8
Compton's,9,5,3,8,5,3,8
CompuServe,10,2,1,3,2,0,2
CompuServe's,12,2,0,2,2,0,2
Comte,5,4,5,9,4,7,11
Comte's,7,6,4,10,6,6,12
Conakry,7,3,4,7,3,4,7
Conakry's,9,5,2,7,5,2,7
Conan,5,3,2,5,3,2,5
Conan's,7,5,1,6,5,1,6
Concepción,10,3,1,4,3,1,4
Concepción's,12,5,0,5,4,0,4
Concetta,8,3,2,5,2,2,4
Concetta's,10,5,1,6,4,1,5
Concord,7,3,4,7,3,4,7
Concord's,9,5,2,7,5,2,7
Concorde,8,3,3,6,3,3,6
Concorde's,10,4,2,6,4,1,5
Concords,8,4,3,7,4,3,7
Condillac,9,3,2,5,3,2,5
Condillac's,11,4,1,5,4,1,5
Condorcet,9,3,1,4,3,1,4
Condorcet's,11,4,0,4,4,0,4
Conestoga,9,4,0,4,4,1,5
Conestoga's,11,4,0,4,4,0,4
Confederacy,11,2,2,4,2,1,3
Confederacy's,13,2,1,3,3,0,3
Confederate,11,1,2,3,1,1,2
Confederate's,13,4,0,4,2,0,2
Confederates,12,3,0,3,3,0,3
Confucian,9,4,2,6,3,2,5
Confucian's,11,4,1,5,4,1,5
Confucianism,12,2,1,3,2,1,3
Confucianism's,14,4,0,4,3,0,3
Confucianisms,13,3,0,3,2,1,3
Confucians,10,5,1,6,5,1,6
Confucius,9,4,3,7,3,2,5
Confucius's,11,4,1,5,3,1,4
Congo,5,4,3,7,4,5,9
Congo's,7,6,2,8,5,3,8
Congolese,9,3,0,3,3,0,3
Congolese's,11,4,1,5,3,0,3
Congregationalist,17,4,0,4,6,0,6
Congregationalist's,19,4,0,4,2,0,2
Congregationalists,18,1,0,1,1,0,1
Congress,8,5,0,5,5,0,5
Congress's,10,6,0,6,6,0,6
Congresses,10,6,1,7,6,1,7
Congreve,8,3,1,4,3,1,4
Congreve's,10,5,0,5,5,0,5
Conley,6,6,4,10,6,4,10
Conley's,8,8,2,10,8,2,10
Connecticut,11,3,1,4,2,1,3
Connecticut's,13,3,0,3,3,0,3
Connemara,9,3,1,4,3,1,4
Connemara's,11,6,0,6,4,0,4
Conner,6,4,7,11,4,7,11
Conner's,8,7,4,11,6,6,12
Connery,7,6,1,7,6,2,8
Connery's,9,7,2,9,8,1,9
Connie,6,5,2,7,5,1,6
Connie's,8,7,2,9,7,3,10
Connolly,8,2,4,6,2,4,6
Connolly's,10,3,2,5,3,2,5
Connors,7,3,3,6,3,2,5
Connors's,9,5,3,8,3,3,6
Conrad,6,5,2,7,5,2,7
Conrad's,8,7,1,8,7,1,8
Conrail,7,5,2,7,4,2,6
Conrail's,9,5,1,6,6,2,8
Constable,9,4,0,4,5,0,5
Constable's,11,5,0,5,6,0,6
Constance,9,4,0,4,4,0,4
Constance's,11,5,0,5,4,0,4
Constantine,11,3,0,3,4,0,4
Constantine's,13,5,0,5,4,0,4
Constantinople,14,2,0,2,2,0,2
Constantinople's,16,2,0,2,2,0,2
Constitution,12,4,0,4,4,0,4
Consuelo,8,3,0,3,3,0,3
Consuelo's,10,4,0,4,4,0,4
Continent,9,2,1,3,2,1,3
Continent's,11,4,0,4,3,0,3
Continental,11,5,1,6,2,1,3
Continental's,13,3,0,3,3,0,3
Contreras,9,4,1,5,4,0,4
Contreras's,11,2,1,3,2,1,3
Conway,6,5,3,8,5,3,8
Conway's,8,7,2,9,7,2,9
Cook,4,3,4,7,3,4,7
Cook's,6,5,4,9,5,3,8
Cooke,5,4,3,7,4,3,7
Cooke's,7,6,4,10,6,4,10
Cooley,6,4,4,8,4,4,8
Cooley's,8,7,2,9,7,2,9
Coolidge,8,4,2,6,4,2,6
Coolidge's,10,6,0,6,5,1,6
Cooper,6,5,3,8,5,3,8
Cooper's,8,7,2,9,7,2,9
Cooperstown,11,3,0,3,3,0,3
Cooperstown's,13,4,0,4,3,0,3
Coors,5,4,8,12,4,9,13
Coors's,7,3,4,7,3,4,7
Copacabana,10,2,3,5,1,3,4
Copacabana's,12,4,1,5,2,2,4
Copeland,8,7,2,9,7,2,9
Copeland's,10,9,0,9,5,1,6
Copenhagen,10,3,2,5,3,2,5
Copenhagen's,12,4,1,5,3,1,4
Copernican,10,3,1,4,3,1,4
Copernican's,12,3,0,3,3,0,3
Copernicus,10,4,2,6,5,1,6
Copernicus's,12,3,0,3,3,0,3
Copland,7,6,3,9,5,3,8
Copland's,9,7,2,9,8,1,9
Copley,6,6,5,11,6,5,11
Copley's,8,8,3,11,8,3,11
Copperfield,11,6,1,7,1,2,3
Copperfield's,13,8,1,9,2,1,3
Coppertone,10,2,3,5,2,3,5
Coppertone's,12,4,1,5,4,1,5
Coppola,7,4,3,7,4,2,6
Coppola's,9,6,1,7,6,1,7
Coptic,6,3,4,7,3,5,8
Coptic's,8,5,3,8,5,3,8
Cora,4,4,2,6,4,6,10
Cora's,6,6,5,11,6,5,11
Cordelia,8,8,1,9,8,1,9
Cordelia's,10,10,0,10,6,1,7
Cordilleras,11,4,2,6,4,0,4
Cordilleras's,13,3,0,3,3,0,3
Cordoba,7,4,4,8,3,3,6
Cordoba's,9,5,2,7,5,2,7
Corey,5,5,2,7,5,2,7
Corey's,7,7,1,8,7,1,8
Corfu,5,2,5,7,3,5,8
Corfu's,7,4,4,8,5,4,9
Corina,6,5,2,7,5,2,7
Corina's,8,7,1,8,7,1,8
Corine,6,4,2,6,5,2,7
Corine's,8,7,1,8,7,1,8
Corinne,7,3,3,6,3,2,5
Corinne's,9,5,2,7,5,2,7
Corinth,7,3,3,6,3,3,6
Corinth's,9,5,2,7,4,2,6
Corinthian,10,3,2,5,3,2,5
Corinthian's,12,3,1,4,4,1,5
Corinthians,11,4,1,5,3,1,4
Corinthians's,13,2,0,2,2,0,2
Coriolanus,10,6,2,8,4,1,5
Coriolanus's,12,2,0,2,2,0,2
Coriolis,8,4,3,7,4,3,7
Coriolis's,10,5,0,5,2,1,3
Corleone,8,4,1,5,4,1,5
Corleone's,10,6,1,7,5,1,6
Cormack,7,4,4,8,4,3,7
Cormack's,9,7,1,8,4,3,7
Corneille,9,2,2,4,2,2,4
Corneille's,11,4,0,4,4,0,4
Cornelia,8,7,2,9,7,2,9
Cornelia's,10,9,1,10,7,0,7
Cornelius,9,4,1,5,3,2,5
Cornelius's,11,5,0,5,5,0,5
Cornell,7,4,2,6,4,3,7
Cornell's,9,5,2,7,6,2,8
Corning,7,6,3,9,6,3,9
Corning's,9,8,2,10,8,2,10
Cornish,7,5,3,8,5,2,7
Cornish's,9,7,2,9,7,3,10
Cornwall,8,7,3,10,7,3,10
Cornwall's,10,9,1,10,9,1,10
Cornwallis,10,5,2,7,4,2,6
Cornwallis's,12,5,0,5,5,0,5
Coronado,8,4,3,7,4,3,7
Coronado's,10,6,1,7,6,1,7
Corot,5,2,4,6,2,4,6
Corot's,7,4,3,7,4,3,7
Correggio,9,2,4,6,3,2,5
Correggio's,11,4,0,4,3,1,4
Corrine,7,6,2,8,6,1,7
Corrine's,9,8,1,9,8,1,9
Corsica,7,3,2,5,3,2,5
Corsica's,9,4,1,5,4,2,6
Corsican,8,4,1,5,4,1,5
Corsican's,10,5,1,6,4,1,5
Cortes,6,6,1,7,6,1,7
Cortes's,8,5,2,7,5,2,7
Corteses,8,3,0,3,3,0,3
Cortez,6,6,3,9,6,3,9
Cortez's,8,8,1,9,8,1,9
Cortland,8,8,3,11,8,3,11
Cortland's,10,10,1,11,10,1,11
Corvallis,9,3,2,5,3,2,5
Corvallis's,11,3,0,3,3,0,3
Corvette,8,3,2,5,3,3,6
Corvette's,10,6,1,7,5,1,6
Corvus,6,6,3,9,6,3,9
Corvus's,8,7,2,9,7,3,10
Cory,4,4,9,13,4,10,14
Cory's,6,5,8,13,4,9,13
Cosby,5,2,4,6,2,4,6
Cosby's,7,4,2,6,4,3,7
Cossack,7,3,1,4,3,2,5
Cossack's,9,4,1,5,4,0,4
Costco,6,2,3,5,2,3,5
Costco's,8,2,3,5,2,3,5
Costello,8,4,1,5,4,0,4
Costello's,10,4,1,5,4,1,5
Costner,7,4,2,6,6,1,7
Costner's,9,5,1,6,7,1,8
Cote,4,4,5,9,4,5,9
Cote's,6,6,4,10,6,4,10
Cotonou,7,2,4,6,2,4,6
Cotonou's,9,4,2,6,4,2,6
Cotopaxi,8,3,2,5,3,2,5
Cotopaxi's,10,6,1,7,5,2,7
Cotswold,8,4,3,7,3,4,7
Cotswold's,10,3,3,6,2,3,5
Cotton,6,3,4,7,3,4,7
Cotton's,8,5,2,7,5,2,7
Coulomb,7,2,5,7,2,5,7
Coulomb's,9,5,2,7,5,2,7
Coulter,7,5,3,8,4,3,7
Coulter's,9,7,1,8,7,1,8
Couperin,8,4,2,6,4,2,6
Couperin's,10,5,1,6,5,2,7
Courbet,7,6,3,9,6,2,8
Courbet's,9,8,0,8,8,0,8
Courtney,8,5,2,7,5,2,7
Courtney's,10,7,0,7,7,0,7
Cousteau,8,6,0,6,5,0,5
Cousteau's,10,7,0,7,6,0,6
Coventries,10,4,0,4,6,0,6
Coventry,8,5,2,7,4,3,7
Coventry's,10,7,2,9,3,3,6
Coward,6,6,3,9,6,4,10
Coward's,8,8,2,10,8,2,10
Cowley,6,5,6,11,5,6,11
Cowley's,8,7,4,11,7,4,11
Cowper,6,4,3,7,4,4,8
Cowper's,8,6,2,8,6,2,8
Cox,3,3,8,11,3,9,12
Cox's,5,5,11,16,5,11,16
Coy,3,3,7,10,3,7,10
Coy's,5,5,10,15,5,10,15
Cozumel,7,4,4,8,3,5,8
Cozumel's,9,5,2,7,5,3,8
Cr,2,2,8,10,2,8,10
Cr's,4,4,6,10,4,6,10
Crabbe,6,5,1,6,5,1,6
Crabbe's,8,6,3,9,7,1,8
Craft,5,5,3,8,5,2,7
Craft's,7,7,1,8,7,1,8
Craig,5,4,4,8,4,4,8
Craig's,7,6,4,10,6,3,9
Cranach,7,2,3,5,2,2,4
Cranach's,9,4,2,6,5,1,6
Crane,5,5,1,6,5,1,6
Crane's,7,7,0,7,7,0,7
Cranmer,7,4,3,7,4,4,8
Cranmer's,9,6,3,9,6,2,8
Crater,6,5,0,5,5,0,5
Crater's,8,7,0,7,7,0,7
Crawford,8,4,3,7,4,3,7
Crawford's,10,6,1,7,5,1,6
Cray,4,4,3,7,4,3,7
Cray's,6,6,3,9,6,3,9
Crayola,7,5,4,9,5,3,8
Crayola's,9,7,2,9,7,2,9
Creation,8,4,1,5,4,1,5
Creation's,10,6,0,6,6,0,6
Creator,7,2,1,3,2,1,3
Creator's,9,3,0,3,3,0,3
Crecy,5,3,3,6,3,4,7
Crecy's,7,5,2,7,5,3,8
Cree,4,3,1,4,3,0,3
Cree's,6,5,0,5,5,0,5
Creek,5,4,1,5,4,1,5
Creek's,7,6,0,6,6,0,6
Creighton,9,6,1,7,6,1,7
Creighton's,11,8,0,8,7,0,7
Creole,6,4,0,4,4,0,4
Creole's,8,6,0,6,6,0,6
Creoles,7,5,0,5,5,1,6
Creon,5,4,3,7,4,4,8
Creon's,7,7,1,8,6,3,9
Cressida,8,3,1,4,3,1,4
Cressida's,10,4,1,5,6,0,6
Crest,5,5,0,5,5,0,5
Crest's,7,6,0,6,6,0,6
Cretaceous,10,3,1,4,5,0,5
Cretaceous's,12,2,1,3,2,1,3
Cretan,6,3,2,5,6,1,7
Cretan's,8,8,0,8,8,0,8
Crete,5,4,1,5,4,1,5
Crete's,7,6,0,6,6,0,6
Crichton,8,4,4,8,4,4,8
Crichton's,10,8,3,11,9,2,11
Crick,5,3,5,8,3,5,8
Crick's,7,6,4,10,5,4,9
Crimea,6,3,0,3,3,0,3
Crimea's,8,5,0,5,6,2,8
Crimean,7,4,2,6,3,2,5
Crimean's,9,7,2,9,5,1,6
Criollo,7,2,3,5,2,3,5
Criollo's,9,3,2,5,2,3,5
Crisco,6,3,1,4,3,2,5
Crisco's,8,4,1,5,4,2,6
Cristina,8,7,2,9,7,2,9
Cristina's,10,8,1,9,8,1,9
Croat,5,3,3,6,5,2,7
Croat's,7,7,1,8,7,1,8
Croatia,7,3,2,5,2,3,5
Croatia's,9,4,2,6,4,3,7
Croatian,8,4,2,6,4,2,6
Croatian's,10,5,2,7,5,2,7
Croatians,9,4,3,7,3,1,4
Croats,6,4,3,7,6,2,8
Croce,5,4,5,9,4,3,7
Croce's,7,5,5,10,6,2,8
Crockett,8,3,2,5,3,3,6
Crockett's,10,6,1,7,6,2,8
Croesus,7,2,2,4,2,2,4
Croesus's,9,2,0,2,2,0,2
Cromwell,8,4,2,6,3,3,6
Cromwell's,10,6,1,7,5,3,8
Cromwellian,11,3,1,4,4,1,5
Cromwellian's,13,4,1,5,4,0,4
Cronin,6,4,4,8,4,3,7
Cronin's,8,5,3,8,5,3,8
Cronkite,8,4,2,6,4,2,6
Cronkite's,10,6,1,7,5,1,6
Cronus,6,4,5,9,4,5,9
Cronus's,8,5,2,7,5,3,8
Crookes,7,5,3,8,5,2,7
Crookes's,9,5,1,6,3,3,6
Crosby,6,3,1,4,5,2,7
Crosby's,8,4,1,5,3,2,5
Cross,5,4,0,4,4,0,4
Cross's,7,5,1,6,5,1,6
Crowley,7,5,3,8,5,3,8
Crowley's,9,7,1,8,7,1,8
Cruikshank,10,3,1,4,3,1,4
Cruikshank's,12,4,1,5,3,1,4
Cruise,6,6,1,7,6,1,7
Cruise's,8,7,0,7,7,0,7
Crusades,8,4,1,5,3,2,5
Crusades's,10,1,1,2,2,1,3
Crusoe,6,2,2,4,2,2,4
Crusoe's,8,4,0,4,4,0,4
Crux,4,4,5,9,4,5,9
Crux's,6,6,4,10,6,4,10
Cruz,4,4,6,10,4,6,10
Cruz's,6,6,5,11,6,5,11
Cryptozoic,10,2,2,4,3,2,5
Cryptozoic's,12,3,2,5,4,1,5
Crystal,7,7,2,9,7,2,9
Crystal's,9,8,2,10,8,2,10
Cs,2,2,4,6,2,4,6
Csonka,6,2,1,3,2,1,3
Csonka's,8,4,0,4,3,1,4
Ctesiphon,9,5,0,5,3,1,4
Ctesiphon's,11,3,0,3,3,0,3
Cthulhu,7,1,5,6,1,5,6
Cthulhu's,9,2,4,6,2,4,6
Cu,2,2,5,7,2,5,7
Cu's,4,4,7,11,4,7,11
Cuba,4,4,4,8,4,5,9
Cuba's,6,6,4,10,6,5,11
Cuban,5,3,6,9,3,7,10
Cuban's,7,5,5,10,5,5,10
Cubans,6,4,4,8,4,4,8
Cuchulain,9,4,2,6,3,2,5
Cuchulain's,11,5,2,7,5,2,7
Cuisinart,9,2,1,3,2,1,3
Cuisinart's,11,4,2,6,3,2,5
Culbertson,10,5,0,5,4,0,4
Culbertson's,12,5,0,5,2,0,2
Cullen,6,5,5,10,5,5,10
Cullen's,8,7,3,10,7,3,10
Cumberland,10,5,2,7,9,1,10
Cumberland's,12,11,0,11,11,0,11
Cummings,8,7,3,10,7,4,11
Cummings's,10,6,0,6,6,1,7
Cunard,6,3,4,7,5,2,7
Cunard's,8,5,3,8,4,4,8
Cunningham,10,3,2,5,3,2,5
Cunningham's,12,3,1,4,4,1,5
Cupid,5,4,4,8,4,4,8
Cupid's,7,5,4,9,5,4,9
Curacao,7,3,3,6,3,2,5
Curacao's,9,5,1,6,5,1,6
Curie,5,4,3,7,4,3,7
Curie's,7,7,2,9,7,2,9
Curitiba,8,3,3,6,3,3,6
Curitiba's,10,4,1,5,4,1,5
Currier,7,5,2,7,5,2,7
Currier's,9,6,1,7,6,1,7
Curry,5,4,8,12,4,8,12
Curry's,7,6,6,12,6,7,13
Curt,4,4,5,9,4,6,10
Curt's,6,6,5,11,6,5,11
Curtis,6,6,4,10,6,4,10
Curtis's,8,7,2,9,7,2,9
Custer,6,6,3,9,6,3,9
Custer's,8,7,0,7,7,0,7
Cuvier,6,5,2,7,5,2,7
Cuvier's,8,6,2,8,6,2,8
Cuzco,5,3,5,8,3,5,8
Cuzco's,7,5,4,9,5,4,9
Cybele,6,2,1,3,2,1,3
Cybele's,8,4,2,6,4,1,5
Cyclades,8,5,3,8,4,3,7
Cyclades's,10,4,1,5,4,0,4
Cyclops,7,4,5,9,3,4,7
Cyclops's,9,4,3,7,3,3,6
Cygnus,6,5,5,10,5,5,10
Cygnus's,8,5,3,8,4,4,8
Cymbeline,9,3,2,5,2,3,5
Cymbeline's,11,6,1,7,5,1,6
Cynthia,7,3,2,5,3,3,6
Cynthia's,9,4,2,6,4,2,6
Cyprian,7,4,2,6,4,3,7
Cyprian's,9,6,2,8,5,2,7
Cypriot,7,2,4,6,2,4,6
Cypriot's,9,4,3,7,5,3,8
Cypriots,8,4,2,6,3,3,6
Cyprus,6,4,6,10,4,6,10
Cyprus's,8,6,2,8,6,3,9
Cyrano,6,5,2,7,3,3,6
Cyrano's,8,7,1,8,6,1,7
Cyril,5,2,6,8,2,6,8
Cyril's,7,5,4,9,4,4,8
Cyrillic,8,3,2,5,1,3,4
Cyrillic's,10,3,3,6,3,3,6
Cyrus,5,2,4,6,2,4,6
Cyrus's,7,3,4,7,3,4,7
Czech,5,2,5,7,3,4,7
Czech's,7,4,4,8,5,3,8
Czechia,7,3,3,6,3,3,6
Czechia's,9,5,2,7,3,3,6
Czechoslovakia,14,3,0,3,3,0,3
Czechoslovakia's,16,12,0,12,12,0,12
Czechoslovakian,15,3,0,3,3,0,3
Czechoslovakian's,17,4,0,4,2,0,2
Czechoslovakians,16,11,1,12,11,1,12
Czechs,6,3,4,7,4,4,8
Czerny,6,5,1,6,5,2,7
Czerny's,8,7,0,7,7,1,8
D,1,1,3,4,1,3,4
D's,3,3,7,10,3,7,10
Dacca,5,2,7,9,2,5,7
Dacca's,7,4,6,10,4,5,9
Dachau,6,3,6,9,2,8,10
Dachau's,8,5,5,10,4,7,11
Dacron,6,6,2,8,6,2,8
Dacron's,8,8,1,9,8,1,9
Dacrons,7,7,2,9,7,2,9
Dada,4,2,4,6,2,3,5
Dada's,6,4,6,10,4,3,7
Dadaism,7,4,3,7,3,3,6
Dadaism's,9,5,2,7,4,3,7
Daedalus,8,4,2,6,3,1,4
Daedalus's,10,3,1,4,3,0,3
Daguerre,8,2,2,4,2,3,5
Daguerre's,10,4,0,4,3,0,3
Dagwood,7,4,5,9,3,5,8
Dagwood's,9,6,3,9,5,3,8
Dahomey,7,3,2,5,3,2,5
Dahomey's,9,5,3,8,4,4,8
Daimler,7,4,1,5,4,2,6
Daimler's,9,7,1,8,6,2,8
Daisy,5,4,2,6,4,2,6
Daisy's,7,5,2,7,5,2,7
Dakar,5,3,3,6,3,5,8
Dakar's,7,5,1,6,5,3,8
Dakota,6,3,3,6,3,3,6
Dakota's,8,5,2,7,5,2,7
Dakotan,7,2,5,7,2,5,7
Dakotan's,9,5,3,8,5,3,8
Dakotas,7,4,3,7,4,2,6
Dalai,5,3,2,5,3,2,5
Dale,4,4,1,5,4,0,4
Dale's,6,6,0,6,6,0,6
Daley,5,4,2,6,4,2,6
Daley's,7,7,1,8,7,1,8
Dali,4,3,6,9,3,6,9
Dali's,6,5,5,10,5,5,10
Dalian,6,2,6,8,3,5,8
Dalian's,8,4,5,9,5,4,9
Dallas,6,3,5,8,3,4,7
Dallas's,8,4,4,8,4,2,6
Dalmatian,9,4,2,6,4,2,6
Dalmatian's,11,6,1,7,5,2,7
Dalmatians,10,5,1,6,5,1,6
Dalton,6,6,3,9,6,3,9
Dalton's,8,8,2,10,8,2,10
Damascus,8,3,2,5,5,2,7
Damascus's,10,5,1,6,2,0,2
Damian,6,3,2,5,3,2,5
Damian's,8,5,1,6,5,1,6
Damien,6,6,2,8,6,2,8
Damien's,8,6,2,8,6,2,8
Damion,6,4,4,8,4,4,8
Damion's,8,6,3,9,6,3,9
Damocles,8,4,2,6,4,2,6
Damocles's,10,3,1,4,5,0,5
Damon,5,5,4,9,5,4,9
Damon's,7,6,5,11,6,3,9
Dana,4,3,2,5,3,3,6
Dana's,6,5,3,8,4,3,7
Dane,4,4,3,7,4,4,8
Dane's,6,6,2,8,6,2,8
Danelaw,7,3,1,4,3,1,4
Danelaw's,9,5,0,5,5,0,5
Danes,5,5,3,8,5,3,8
Dangerfield,11,6,1,7,3,1,4
Dangerfield's,13,8,1,9,4,0,4
Danial,6,4,2,6,4,2,6
Danial's,8,6,1,7,6,1,7
Daniel,6,4,2,6,4,2,6
Daniel's,8,7,1,8,7,1,8
Danielle,8,3,1,4,3,1,4
Danielle's,10,5,1,6,4,2,6
Daniels,7,6,4,10,5,4,9
Daniels's,9,4,1,5,4,2,6
Danish,6,6,2,8,6,2,8
Danish's,8,6,2,8,6,3,9
Dannie,6,5,2,7,5,1,6
Dannie's,8,7,2,9,7,3,10
Danny,5,4,4,8,4,4,8
Danny's,7,6,3,9,6,3,9
Danone,6,4,4,8,3,2,5
Danone's,8,5,2,7,5,3,8
Dante,5,4,3,7,4,4,8
Dante's,7,6,3,9,6,3,9
Danton,6,5,3,8,5,3,8
Danton's,8,7,3,10,7,2,9
Danube,6,5,3,8,5,3,8
Danube's,8,7,3,10,6,4,10
Danubian,8,4,2,6,4,2,6
Danubian's,10,6,1,7,4,1,5
Daphne,6,3,4,7,4,3,7
Daphne's,8,6,3,9,6,4,10
Darby,5,5,2,7,5,2,7
Darby's,7,6,3,9,6,3,9
Darcy,5,4,3,7,4,3,7
Darcy's,7,7,2,9,7,2,9
Dardanelles,11,5,0,5,4,0,4
Dardanelles's,13,2,1,3,2,1,3
Dare,4,4,2,6,4,1,5
Dare's,6,6,1,7,6,1,7
Daren,5,4,1,5,4,1,5
Daren's,7,7,1,8,6,1,7
Darfur,6,3,4,7,3,4,7
Darfur's,8,5,6,11,5,3,8
Darin,5,5,4,9,5,4,9
Darin's,7,7,4,11,7,4,11
Dario,5,5,5,10,5,5,10
Dario's,7,7,3,10,7,3,10
Darius,6,6,3,9,6,3,9
Darius's,8,7,1,8,7,2,9
Darjeeling,10,5,1,6,3,1,4
Darjeeling's,12,7,0,7,4,0,4
Darla,5,4,5,9,4,5,9
Darla's,7,6,4,10,6,4,10
Darlene,7,6,2,8,6,1,7
Darlene's,9,8,1,9,8,1,9
Darling,7,5,4,9,5,4,9
Darling's,9,8,1,9,8,1,9
Darnell,7,6,1,7,6,2,8
Darnell's,9,8,0,8,8,1,9
Darrel,6,5,0,5,5,0,5
Darrel's,8,7,1,8,7,1,8
Darrell,7,5,2,7,5,2,7
Darrell's,9,7,1,8,7,1,8
Darren,6,4,1,5,4,1,5
Darren's,8,7,1,8,7,1,8
Darrin,6,4,3,7,4,3,7
Darrin's,8,6,2,8,6,2,8
Darrow,6,5,4,9,5,4,9
Darrow's,8,7,2,9,7,3,10
Darryl,6,2,4,6,2,4,6
Darryl's,8,7,4,11,4,3,7
Darth,5,5,6,11,5,6,11
Darth's,7,7,4,11,7,4,11
Dartmoor,8,3,3,6,3,3,6
Dartmoor's,10,5,1,6,5,1,6
Dartmouth,9,2,3,5,2,3,5
Dartmouth's,11,4,1,5,4,1,5
Darvon,6,5,4,9,5,4,9
Darvon's,8,7,3,10,7,3,10
Darwin,6,5,4,9,5,4,9
Darwin's,8,7,3,10,7,3,10
Darwinian,9,4,2,6,3,2,5
Darwinian's,11,3,1,4,4,1,5
Darwinism,9,2,2,4,2,2,4
Darwinism's,11,3,1,4,3,2,5
Daryl,5,4,2,6,4,2,6
Daryl's,7,6,2,8,6,2,8
Daugherty,9,3,2,5,4,1,5
Daugherty's,11,6,0,6,5,0,5
Daumier,7,5,4,9,5,7,12
Daumier's,9,8,1,9,6,4,10
Davao,5,3,6,9,2,8,10
Davao's,7,5,5,10,4,7,11
Dave,4,4,6,10,4,6,10
Dave's,6,6,5,11,6,6,12
Davenport,9,3,1,4,3,1,4
Davenport's,11,5,0,5,5,0,5
David,5,3,5,8,3,5,8
David's,7,5,6,11,5,6,11
Davids,6,5,5,10,4,5,9
Davidson,8,5,1,6,3,2,5
Davidson's,10,4,1,5,3,1,4
Davies,6,5,1,6,5,1,6
Davies's,8,5,2,7,5,2,7
Davis,5,5,7,12,4,8,12
Davis's,7,6,1,7,6,1,7
Davy,4,3,8,11,3,8,11
Davy's,6,5,7,12,5,7,12
Dawes,5,5,4,9,5,5,10
Dawes's,7,5,2,7,5,2,7
Dawn,4,4,5,9,4,5,9
Dawn's,6,6,4,10,6,4,10
Dawson,6,6,2,8,6,2,8
Dawson's,8,7,2,9,7,2,9
Day,3,3,2,5,3,3,6
Day's,5,5,1,6,5,1,6
Dayton,6,4,5,9,5,4,9
Dayton's,8,6,4,10,7,3,10
DeGeneres,9,2,0,2,2,0,2
DeGeneres's,11,2,1,3,2,1,3
Deadhead,8,3,3,6,2,2,4
Deadhead's,10,4,1,5,4,0,4
Dean,4,4,3,7,4,4,8
Dean's,6,5,3,8,5,2,7
Deana,5,2,1,3,3,3,6
Deana's,7,4,0,4,5,2,7
Deandre,7,3,2,5,3,1,4
Deandre's,9,5,0,5,5,1,6
Deann,5,3,4,7,2,3,5
Deann's,7,6,2,8,4,2,6
Deanna,6,4,2,6,4,2,6
Deanna's,8,6,1,7,6,0,6
Deanne,6,4,2,6,3,3,6
Deanne's,8,6,2,8,6,2,8
Debbie,6,2,5,7,3,2,5
Debbie's,8,4,4,8,5,3,8
Debby,5,2,9,11,2,6,8
Debby's,7,5,7,12,4,5,9
Debian,6,5,3,8,4,4,8
Debian's,8,7,2,9,6,2,8
Debora,6,5,1,6,5,1,6
Debora's,8,7,0,7,6,1,7
Deborah,7,5,3,8,5,2,7
Deborah's,9,5,1,6,5,1,6
Debouillet,10,2,1,3,2,1,3
Debouillet's,12,3,1,4,2,1,3
Debra,5,5,2,7,5,1,6
Debra's,7,7,1,8,7,0,7
Debs,4,3,3,6,3,2,5
Debs's,6,4,0,4,4,0,4
Debussy,7,2,1,3,3,0,3
Debussy's,9,3,1,4,2,1,3
Dec,3,3,5,8,3,5,8
Dec's,5,5,1,6,5,1,6
Decalogue,9,3,1,4,3,2,5
Decalogue's,11,5,0,5,5,1,6
Decatur,7,4,3,7,2,3,5
Decatur's,9,6,0,6,5,0,5
Decca,5,2,5,7,3,6,9
Decca's,7,4,4,8,5,5,10
Deccan,6,4,4,8,5,3,8
Deccan's,8,6,3,9,7,1,8
December,8,5,1,6,5,1,6
December's,10,7,0,7,7,1,8
Decembers,9,6,0,6,6,1,7
Decker,6,4,2,6,4,1,5
Decker's,8,6,0,6,6,5,11
Dedekind,8,3,3,6,3,3,6
Dedekind's,10,5,1,6,4,1,5
Dee,3,2,3,5,2,3,5
Dee's,5,4,0,4,4,0,4
Deena,5,1,3,4,1,3,4
Deena's,7,4,1,5,2,1,3
Deere,5,2,1,3,2,2,4
Deere's,7,3,0,3,3,0,3
Defoe,5,3,3,6,2,4,6
Defoe's,7,5,1,6,5,1,6
Degas,5,5,1,6,4,1,5
Degas's,7,6,1,7,6,1,7
Deidre,6,2,0,2,3,0,3
Deidre's,8,4,0,4,4,1,5
Deimos,6,4,3,7,4,5,9
Deimos's,8,4,0,4,4,0,4
Deirdre,7,2,1,3,2,0,2
Deirdre's,9,4,1,5,3,0,3
Deity,5,5,4,9,4,5,9
Dejesus,7,4,2,6,2,3,5
Dejesus's,9,3,1,4,3,1,4
Delacroix,9,4,1,5,3,1,4
Delacroix's,11,5,0,5,4,1,5
Delacruz,8,3,2,5,3,2,5
Delacruz's,10,5,1,6,5,1,6
Delaney,7,3,2,5,3,2,5
Delaney's,9,5,1,6,3,1,4
Delano,6,5,3,8,5,3,8
Delano's,8,6,1,7,5,1,6
Delaware,8,2,1,3,2,1,3
Delaware's,10,4,0,4,4,0,4
Delawarean,10,2,2,4,2,2,4
Delawarean's,12,4,0,4,3,1,4
Delawareans,11,3,0,3,3,0,3
Delawares,9,3,1,4,3,1,4
Delbert,7,3,1,4,3,2,5
Delbert's,9,5,0,5,5,0,5
Deleon,6,4,3,7,4,3,7
Deleon's,8,4,2,6,3,2,5
Delgado,7,2,5,7,3,4,7
Delgado's,9,4,3,7,5,3,8
Delhi,5,3,3,6,3,3,6
Delhi's,7,5,3,8,5,2,7
Delia,5,4,2,6,4,3,7
Delia's,7,6,1,7,6,2,8
Delibes,7,5,2,7,5,0,5
Delibes's,9,4,1,5,4,1,5
Delicious,9,8,1,9,8,1,9
Delicious's,11,8,0,8,8,0,8
Delilah,7,3,1,4,2,3,5
Delilah's,9,5,1,6,4,2,6
Delius,6,5,2,7,4,4,8
Delius's,8,6,0,6,6,0,6
Dell,4,3,3,6,3,2,5
Dell's,6,5,3,8,5,2,7
Della,5,3,2,5,3,5,8
Della's,7,5,1,6,5,4,9
Delmar,6,4,2,6,4,2,6
Delmar's,8,6,1,7,5,2,7
Delmarva,8,3,2,5,3,2,5
Delmarva's,10,5,0,5,4,0,4
Delmer,6,4,3,7,4,2,6
Delmer's,8,6,1,7,6,0,6
Delmonico,9,4,1,5,4,1,5
Delmonico's,11,6,0,6,5,0,5
Delores,7,4,1,5,5,2,7
Delores's,9,6,0,6,6,0,6
Deloris,7,6,1,7,6,1,7
Deloris's,9,5,1,6,5,2,7
Delphi,6,3,3,6,3,3,6
Delphi's,8,5,2,7,5,2,7
Delphic,7,5,3,8,5,3,8
Delphic's,9,4,3,7,5,2,7
Delphinus,9,4,2,6,4,2,6
Delphinus's,11,4,0,4,4,0,4
Delta,5,5,1,6,5,2,7
Delta's,7,7,0,7,7,1,8
Demavend,8,3,2,5,2,2,4
Demavend's,10,5,0,5,4,0,4
Demerol,7,4,1,5,4,1,5
Demerol's,9,6,0,6,6,0,6
Demeter,7,2,1,3,2,1,3
Demeter's,9,4,1,5,4,1,5
Demetrius,9,4,0,4,4,0,4
Demetrius's,11,4,0,4,3,0,3
Deming,6,5,2,7,5,2,7
Deming's,8,5,2,7,6,1,7
Democrat,8,4,2,6,4,2,6
Democrat's,10,6,0,6,6,0,6
Democratic,10,3,1,4,3,1,4
Democrats,9,5,2,7,5,2,7
Democritus,10,7,1,8,4,2,6
Democritus's,12,8,0,8,5,0,5
Demosthenes,11,4,0,4,3,0,3
Demosthenes's,13,2,0,2,2,0,2
Dempsey,7,3,0,3,3,0,3
Dempsey's,9,4,1,5,2,2,4
Dena,4,4,2,6,4,4,8
Dena's,6,6,1,7,6,1,7
Deneb,5,3,2,5,3,2,5
Deneb's,7,4,3,7,4,3,7
Denebola,8,3,2,5,3,2,5
Denebola's,10,5,1,6,4,1,5
Deng,4,4,4,8,4,5,9
Deng's,6,5,2,7,5,4,9
Denis,5,5,2,7,5,3,8
Denis's,7,6,2,8,6,2,8
Denise,6,5,2,7,5,2,7
Denise's,8,6,0,6,6,0,6
Denmark,7,4,2,6,3,3,6
Denmark's,9,6,1,7,6,1,7
Dennis,6,4,3,7,5,2,7
Dennis's,8,5,1,6,6,0,6
Denny,5,4,6,10,4,5,9
Denny's,7,6,4,10,6,4,10
Denver,6,5,1,6,5,0,5
Denver's,8,7,2,9,7,1,8
Deon,4,4,4,8,4,4,8
Deon's,6,6,2,8,6,3,9
Depp,4,3,7,10,3,6,9
Depp's,6,5,6,11,4,5,9
Derby,5,4,2,6,4,1,5
Derby's,7,6,1,7,6,0,6
Derek,5,3,1,4,3,1,4
Derek's,7,5,0,5,5,0,5
Derick,6,4,3,7,4,3,7
Derick's,8,6,1,7,6,1,7
Derrick,7,6,3,9,4,3,7
Derrick's,9,8,2,10,6,1,7
Derrida,7,4,4,8,4,3,7
Derrida's,9,6,0,6,6,1,7
Descartes,9,4,0,4,4,0,4
Descartes's,11,3,0,3,2,0,2
Desdemona,9,3,1,4,3,0,3
Desdemona's,11,3,0,3,3,0,3
Desiree,7,3,0,3,2,0,2
Desiree's,9,2,0,2,2,0,2
Desmond,7,5,2,7,3,1,4
Desmond's,9,2,2,4,2,2,4
Detroit,7,3,4,7,4,2,6
Detroit's,9,5,2,7,6,0,6
Deuteronomy,11,2,2,4,3,1,4
Deuteronomy's,13,4,0,4,3,0,3
Devanagari,10,2,1,3,2,1,3
Devanagari's,12,3,0,3,4,0,4
Devi,4,3,8,11,3,8,11
Devi's,6,5,7,12,5,6,11
Devin,5,5,4,9,5,5,10
Devin's,7,7,3,10,7,3,10
Devon,5,4,6,10,4,6,10
Devon's,7,6,3,9,7,4,11
Devonian,8,3,1,4,3,1,4
Devonian's,10,5,1,6,5,1,6
Dewar,5,5,3,8,5,1,6
Dewar's,7,6,2,8,6,0,6
Dewayne,7,3,2,5,2,3,5
Dewayne's,9,5,1,6,4,3,7
Dewey,5,2,3,5,2,3,5
Dewey's,7,4,3,7,4,3,7
Dewitt,6,5,4,9,5,4,9
Dewitt's,8,7,3,10,7,3,10
Dexedrine,9,2,2,4,2,2,4
Dexedrine's,11,4,1,5,3,1,4
Dexter,6,5,2,7,5,3,8
Dexter's,8,5,3,8,6,3,9
Dhaka,5,3,3,6,3,3,6
Dhaka's,7,5,2,7,5,2,7
Dhaulagiri,10,2,2,4,3,2,5
Dhaulagiri's,12,4,1,5,4,1,5
Di,2,2,5,7,2,5,7
Di's,4,4,5,9,4,5,9
DiCaprio,8,3,2,5,3,2,5
DiCaprio's,10,4,1,5,4,1,5
DiMaggio,8,2,3,5,2,3,5
DiMaggio's,10,3,2,5,3,2,5
Diaghilev,9,3,1,4,3,1,4
Diaghilev's,11,5,1,6,4,2,6
Dial,4,4,3,7,4,3,7
Dial's,6,6,3,9,6,3,9
Diana,5,3,5,8,3,4,7
Diana's,7,5,4,9,5,3,8
Diane,5,5,3,8,5,3,8
Diane's,7,7,2,9,7,2,9
Diann,5,3,4,7,3,4,7
Diann's,7,5,3,8,5,3,8
Dianna,6,3,2,5,3,2,5
Dianna's,8,5,1,6,5,1,6
Dianne,6,4,3,7,4,3,7
Dianne's,8,7,2,9,7,2,9
Diaspora,8,3,1,4,3,1,4
Diaspora's,10,4,1,5,4,1,5
Diaz,4,2,7,9,2,7,9
Diaz's,6,4,6,10,4,5,9
Dick,4,4,8,12,4,7,11
Dick's,6,6,6,12,6,6,12
Dickens,7,6,4,10,6,4,10
Dickens's,9,5,1,6,5,2,7
Dickerson,9,8,1,9,8,1,9
Dickerson's,11,9,1,10,9,1,10
Dickinson,9,6,0,6,6,1,7
Dickinson's,11,7,1,8,7,2,9
Dickson,7,5,2,7,4,2,6
Dickson's,9,3,0,3,4,2,6
Dictaphone,10,8,1,9,8,1,9
Dictaphone's,12,10,0,10,4,1,5
Diderot,7,5,2,7,4,2,6
Diderot's,9,7,1,8,6,1,7
Dido,4,3,4,7,3,3,6
Dido's,6,5,3,8,5,3,8
Didrikson,9,4,0,4,4,1,5
Didrikson's,11,3,1,4,4,2,6
Diefenbaker,11,2,1,3,2,1,3
Diefenbaker's,13,2,1,3,2,0,2
Diego,5,3,5,8,3,5,8
Diego's,7,5,4,9,5,4,9
Diem,4,4,4,8,4,2,6
Diem's,6,6,3,9,6,3,9
Diesel,6,5,0,5,5,0,5
Diesel's,8,6,0,6,6,0,6
Dietrich,8,2,2,4,2,2,4
Dietrich's,10,4,0,4,4,0,4
Dijkstra,8,4,2,6,4,2,6
Dijkstra's,10,6,1,7,5,1,6
Dijon,5,5,3,8,5,4,9
Dijon's,7,7,2,9,7,3,10
Dilbert,7,7,2,9,7,1,8
Dilbert's,9,9,1,10,9,0,9
Dillard,7,4,2,6,5,2,7
Dillard's,9,7,1,8,7,1,8
Dillinger,9,3,1,4,3,1,4
Dillinger's,11,7,1,8,7,1,8
Dillon,6,5,3,8,5,4,9
Dillon's,8,7,2,9,7,4,11
Dina,4,4,3,7,4,3,7
Dina's,6,6,3,9,6,3,9
Dinah,5,3,4,7,3,4,7
Dinah's,7,5,3,8,5,3,8
Dino,4,3,4,7,3,3,6
Dino's,6,5,3,8,5,3,8
Diocletian,10,3,1,4,3,1,4
Diocletian's,12,4,1,5,4,0,4
Diogenes,8,4,0,4,5,3,8
Diogenes's,10,4,1,5,6,0,6
Dion,4,4,5,9,4,5,9
Dion's,6,6,4,10,6,4,10
Dionne,6,3,4,7,3,4,7
Dionne's,8,6,3,9,6,3,9
Dionysian,9,3,1,4,3,1,4
Dionysian's,11,3,1,4,3,1,4
Dionysus,8,4,4,8,3,2,5
Dionysus's,10,3,0,3,2,0,2
Diophantine,11,2,1,3,3,1,4
Diophantine's,13,5,0,5,3,0,3
Dior,4,3,3,6,3,3,6
Dior's,6,5,3,8,5,3,8
Dipper,6,5,3,8,5,3,8
Dipper's,8,7,4,11,7,4,11
Dirac,5,4,5,9,4,5,9
Dirac's,7,6,4,10,6,4,10
Dirichlet,9,3,1,4,3,1,4
Dirichlet's,11,5,1,6,4,1,5
Dirk,4,4,6,10,2,8,10
Dirk's,6,4,7,11,4,7,11
Dis,3,3,4,7,3,4,7
Dis's,5,3,4,7,3,4,7
Disney,6,5,1,6,5,1,6
Disney's,8,4,3,7,4,3,7
Disneyland,10,4,0,4,4,0,4
Disneyland's,12,4,0,4,4,0,4
Disraeli,8,3,0,3,3,0,3
Disraeli's,10,4,0,4,3,0,3
Diwali,6,4,4,8,4,4,8
Diwali's,8,6,4,10,6,2,8
Dix,3,3,5,8,3,5,8
Dix's,5,4,9,13,4,9,13
Dixie,5,4,3,7,4,3,7
Dixie's,7,6,4,10,6,4,10
Dixiecrat,9,3,2,5,3,2,5
Dixiecrat's,11,5,0,5,4,1,5
Dixieland,9,3,1,4,3,1,4
Dixieland's,11,5,1,6,5,0,5
Dixielands,10,4,2,6,4,0,4
Dixon,5,4,4,8,4,5,9
Dixon's,7,6,3,9,6,4,10
Djakarta,8,2,3,5,2,3,5
Djakarta's,10,3,1,4,3,1,4
Djibouti,8,2,2,4,2,2,4
Djibouti's,10,3,2,5,3,2,5
Dmitri,6,3,3,6,2,5,7
Dmitri's,8,5,3,8,2,5,7
Dnepropetrovsk,14,3,0,3,1,1,2
Dnepropetrovsk's,16,4,0,4,1,1,2
Dnieper,7,2,1,3,2,0,2
Dnieper's,9,5,0,5,5,0,5
Dniester,8,4,0,4,4,0,4
Dniester's,10,6,0,6,6,0,6
Dobbin,6,5,4,9,5,3,8
Dobbin's,8,7,3,10,7,2,9
Doberman,8,5,1,6,5,1,6
Doberman's,10,7,0,7,6,1,7
Dobro,5,4,4,8,4,3,7
Dobro's,7,6,3,9,6,3,9
Doctor,6,3,5,8,2,5,7
Doctorow,8,3,4,7,2,4,6
Doctorow's,10,5,2,7,3,2,5
Dodge,5,4,4,8,4,4,8
Dodge's,7,6,3,9,6,3,9
Dodgson,7,4,2,6,4,2,6
Dodgson's,9,4,3,7,4,2,6
Dodoma,6,3,3,6,3,2,5
Dodoma's,8,5,2,7,5,1,6
Dodson,6,4,1,5,4,2,6
Dodson's,8,5,1,6,5,2,7
Doe,3,3,3,6,3,4,7
Doe's,5,5,0,5,5,0,5
Doha,4,3,3,6,4,4,8
Doha's,6,6,3,9,6,3,9
Dolby,5,4,4,8,4,4,8
Dolby's,7,6,3,9,6,4,10
Dole,4,4,2,6,4,2,6
Dole's,6,6,1,7,6,1,7
Dollie,6,5,0,5,5,1,6
Dollie's,8,7,0,7,7,1,8
Dolly,5,4,3,7,4,3,7
Dolly's,7,6,2,8,6,3,9
Dolores,7,4,2,6,5,2,7
Dolores's,9,5,0,5,5,0,5
Domesday,8,5,1,6,5,1,6
Domesday's,10,5,1,6,5,2,7
Domingo,7,2,3,5,2,3,5
Domingo's,9,4,2,6,3,4,7
Dominguez,9,3,1,4,3,1,4
Dominguez's,11,5,1,6,3,1,4
Dominic,7,3,3,6,4,3,7
Dominic's,9,5,2,7,4,2,6
Dominica,8,7,2,9,7,2,9
Dominica's,10,6,1,7,5,1,6
Dominican,9,3,3,6,2,3,5
Dominican's,11,4,1,5,4,1,5
Dominicans,10,6,1,7,5,1,6
Dominick,8,6,3,9,6,3,9
Dominick's,10,4,3,7,3,3,6
Dominique,9,2,2,4,2,2,4
Dominique's,11,4,1,5,3,1,4
Domitian,8,4,3,7,4,3,7
Domitian's,10,6,2,8,6,3,9
Don,3,3,4,7,3,3,6
Don's,5,5,4,9,5,4,9
Dona,4,4,1,5,4,1,5
Dona's,6,6,1,7,6,1,7
Donahue,7,4,2,6,3,2,5
Donahue's,9,5,0,5,5,0,5
Donald,6,3,3,6,3,2,5
Donald's,8,5,2,7,5,2,7
Donaldson,9,3,0,3,2,1,3
Donaldson's,11,2,2,4,3,1,4
Donatello,9,3,2,5,3,1,4
Donatello's,11,5,0,5,4,0,4
Donetsk,7,3,0,3,4,1,5
Donetsk's,9,4,1,5,3,0,3
Donizetti,9,3,2,5,3,2,5
Donizetti's,11,5,1,6,4,1,5
Donn,4,2,6,8,2,6,8
Donn's,6,4,5,9,4,5,9
Donna,5,4,3,7,4,3,7
Donna's,7,5,2,7,5,1,6
Donne,5,4,7,11,4,5,9
Donne's,7,6,6,12,6,4,10
Donnell,7,4,2,6,4,2,6
Donnell's,9,4,2,6,4,2,6
Donner,6,5,2,7,5,2,7
Donner's,8,6,5,11,7,1,8
Donnie,6,5,3,8,5,2,7
Donnie's,8,7,3,10,6,4,10
Donny,5,4,5,9,4,4,8
Donny's,7,6,6,12,6,2,8
Donovan,7,2,4,6,2,3,5
Donovan's,9,6,1,7,4,2,6
Dooley,6,4,4,8,3,4,7
Dooley's,8,6,3,9,6,3,9
Doolittle,9,3,2,5,3,2,5
Doolittle's,11,5,1,6,4,1,5
Doonesbury,10,3,0,3,3,0,3
Doonesbury's,12,4,0,4,3,0,3
Doppler,7,4,3,7,4,3,7
Doppler's,9,7,4,11,7,1,8
Dora,4,4,3,7,3,5,8
Dora's,6,5,4,9,5,4,9
Dorcas,6,4,2,6,4,5,9
Dorcas's,8,6,1,7,3,2,5
Doreen,6,4,1,5,4,1,5
Doreen's,8,6,1,7,6,1,7
Dorian,6,5,3,8,4,3,7
Dorian's,8,7,2,9,6,2,8
Doric,5,4,7,11,4,6,10
Doric's,7,6,5,11,6,4,10
Doris,5,5,5,10,5,5,10
Doris's,7,5,4,9,5,4,9
Doritos,7,3,4,7,2,4,6
Doritos's,9,4,1,5,4,2,6
Dorothea,8,3,1,4,3,1,4
Dorothea's,10,4,0,4,4,0,4
Dorothy,7,2,4,6,2,4,6
Dorothy's,9,5,3,8,4,3,7
Dorset,6,6,0,6,6,0,6
Dorset's,8,7,1,8,7,0,7
Dorsey,6,5,1,6,5,1,6
Dorsey's,8,6,2,8,6,1,7
Dorthy,6,6,6,12,6,6,12
Dorthy's,8,8,4,12,8,4,12
Dortmund,8,3,4,7,3,4,7
Dortmund's,10,4,3,7,4,3,7
Dostoevsky,10,2,0,2,3,0,3
Dostoevsky's,12,2,0,2,2,0,2
Dot,3,3,1,4,3,1,4
Dot's,5,5,2,7,5,2,7
Dotson,6,4,1,5,4,2,6
Dotson's,8,5,1,6,5,2,7
Douala,6,2,3,5,2,3,5
Douala's,8,4,3,7,4,2,6
Douay,5,4,4,8,4,4,8
Douay's,7,5,3,8,6,3,9
Doubleday,9,3,3,6,4,1,5
Doubleday's,11,6,0,6,4,1,5
Doug,4,1,12,13,1,13,14
Doug's,6,4,10,14,4,9,13
Douglas,7,3,3,6,3,2,5
Douglas's,9,3,2,5,3,3,6
Douglass,8,4,1,5,4,1,5
Douglass's,10,5,1,6,3,1,4
Douro,5,3,5,8,3,4,7
Douro's,7,5,4,9,5,4,9
Dover,5,3,2,5,3,2,5
Dover's,7,7,1,8,7,1,8
Dow,3,3,5,8,3,5,8
Dow's,5,5,5,10,5,5,10
Downs,5,5,5,10,5,5,10
Downs's,7,5,5,10,5,5,10
Downy,5,4,5,9,4,4,8
Downy's,7,6,6,12,4,4,8
Doyle,5,5,4,9,5,4,9
Doyle's,7,7,3,10,7,2,9
Draco,5,3,5,8,3,5,8
Draco's,7,6,3,9,6,3,9
Draconian,9,3,2,5,3,2,5
Draconian's,11,4,1,5,4,1,5
Dracula,7,5,3,8,5,2,7
Dracula's,9,7,1,8,7,1,8
Drake,5,5,2,7,5,2,7
Drake's,7,7,1,8,7,1,8
Dramamine,9,3,1,4,3,1,4
Dramamine's,11,5,0,5,4,0,4
Drambuie,8,3,1,4,3,1,4
Drambuie's,10,6,0,6,4,0,4
Drano,5,4,4,8,4,4,8
Drano's,7,6,3,9,6,3,9
Dravidian,9,4,3,7,5,2,7
Dravidian's,11,6,2,8,7,1,8
Dreiser,7,3,1,4,4,0,4
Dreiser's,9,3,1,4,3,1,4
Dresden,7,5,0,5,3,0,3
Dresden's,9,5,0,5,5,0,5
Drew,4,4,2,6,3,1,4
Drew's,6,6,1,7,6,1,7
Dreyfus,7,3,3,6,3,3,6
Dreyfus's,9,4,2,6,3,2,5
Dristan,7,4,2,6,4,2,6
Dristan's,9,5,2,7,5,2,7
Dropbox,7,3,4,7,3,4,7
Dropbox's,9,5,2,7,5,2,7
Drudge,6,4,3,7,4,3,7
Drudge's,8,7,4,11,6,0,6
Druid,5,4,4,8,3,4,7
Druid's,7,6,3,9,4,3,7
Dryden,6,2,4,6,3,2,5
Dryden's,8,5,1,6,6,1,7
Dschubba,8,3,0,3,2,1,3
Dschubba's,10,4,0,4,3,0,3
DuPont,6,2,5,7,2,5,7
DuPont's,8,4,3,7,3,4,7
Duane,5,4,4,8,4,4,8
Duane's,7,6,3,9,6,3,9
Dubai,5,2,3,5,2,3,5
Dubai's,7,4,2,6,4,2,6
Dubcek,6,5,3,8,5,3,8
Dubcek's,8,4,5,9,4,5,9
Dubhe,5,3,7,10,3,7,10
Dubhe's,7,5,6,11,5,6,11
Dublin,6,3,5,8,3,5,8
Dublin's,8,6,5,11,6,5,11
Dubrovnik,9,2,3,5,2,3,5
Dubrovnik's,11,4,2,6,3,2,5
Duchamp,7,3,5,8,2,5,7
Duchamp's,9,4,5,9,4,3,7
Dudley,6,2,2,4,2,2,4
Dudley's,8,7,4,11,6,4,10
Duffy,5,4,7,11,4,10,14
Duffy's,7,6,7,13,6,10,16
Duisburg,8,2,2,4,2,2,4
Duisburg's,10,3,3,6,2,3,5
Duke,4,4,4,8,4,3,7
Duke's,6,6,4,10,6,4,10
Dulles,6,5,2,7,5,2,7
Dulles's,8,5,3,8,5,3,8
Duluth,6,2,5,7,2,5,7
Duluth's,8,3,4,7,3,4,7
Dumas,5,5,2,7,4,3,7
Dumas's,7,5,1,6,4,1,5
Dumbledore,10,5,2,7,2,2,4
Dumbledore's,12,7,0,7,3,1,4
Dumbo,5,5,4,9,5,4,9
Dumbo's,7,7,3,10,7,5,12
Dumpster,8,6,1,7,6,1,7
Dumpster's,10,6,1,7,7,1,8
Dunant,6,2,3,5,2,2,4
Dunant's,8,4,2,6,5,3,8
Dunbar,6,4,3,7,5,3,8
Dunbar's,8,6,2,8,7,2,9
Duncan,6,4,4,8,4,4,8
Duncan's,8,6,3,9,6,3,9
Dunedin,7,4,3,7,3,3,6
Dunedin's,9,3,3,6,4,2,6
Dunkirk,7,3,3,6,3,4,7
Dunkirk's,9,5,3,8,5,3,8
Dunlap,6,4,4,8,4,4,8
Dunlap's,8,6,3,9,6,3,9
Dunn,4,2,7,9,2,7,9
Dunn's,6,4,10,14,4,6,10
Dunne,5,4,6,10,4,6,10
Dunne's,7,6,5,11,6,5,11
Duracell,8,3,2,5,2,2,4
Duracell's,10,5,0,5,5,0,5
Duran,5,5,4,9,5,4,9
Duran's,7,6,3,9,6,3,9
Durant,6,3,3,6,4,2,6
Durant's,8,5,2,7,6,3,9
Durante,7,6,3,9,5,1,6
Durante's,9,6,0,6,6,0,6
Durban,6,6,3,9,6,3,9
Durban's,8,8,4,12,8,4,12
Durex,5,3,2,5,3,2,5
Durex's,7,6,2,8,6,2,8
Durham,6,3,5,8,3,5,8
Durham's,8,5,4,9,5,4,9
Durhams,7,4,4,8,4,4,8
Durkheim,8,3,3,6,2,2,4
Durkheim's,10,4,2,6,5,2,7
Duroc,5,2,6,8,3,5,8
Duroc's,7,4,5,9,5,4,9
Durocher,8,3,1,4,4,3,7
Durocher's,10,6,1,7,6,2,8
Duse,4,4,5,9,4,4,8
Duse's,6,5,3,8,5,3,8
Dushanbe,8,5,1,6,5,1,6
Dushanbe's,10,6,1,7,6,1,7
Dustbuster,10,5,0,5,3,1,4
Dustbuster's,12,6,0,6,4,0,4
Dustin,6,6,2,8,6,2,8
Dustin's,8,7,2,9,7,2,9
Dusty,5,5,2,7,5,2,7
Dusty's,7,6,3,9,6,4,10
Dutch,5,3,9,12,3,9,12
Dutch's,7,5,8,13,5,8,13
Dutchman,8,2,4,6,2,4,6
Dutchman's,10,4,3,7,4,3,7
Dutchmen,8,2,2,4,2,2,4
Dutchmen's,10,6,1,7,5,2,7
Duvalier,8,5,1,6,5,2,7
Duvalier's,10,7,0,7,6,0,6
Dvina,5,4,3,7,4,3,7
Dvina's,7,6,2,8,6,3,9
Dvorák,6,3,4,7,3,5,8
Dvorák's,8,5,2,7,5,3,8
Dwayne,6,3,3,6,3,4,7
Dwayne's,8,5,2,7,5,3,8
Dwight,6,4,6,10,4,6,10
Dwight's,8,6,6,12,6,6,12
Dyer,4,2,4,6,4,1,5
Dyer's,6,4,2,6,4,2,6
Dylan,5,4,5,9,4,5,9
Dylan's,7,6,4,10,6,4,10
Dyson,5,5,2,7,5,2,7
Dyson's,7,6,2,8,6,3,9
Dzerzhinsky,11,2,1,3,2,1,3
Dzerzhinsky's,13,2,0,2,2,0,2
Dzungaria,9,3,2,5,3,2,5
Dzungaria's,11,4,1,5,3,1,4
Dürer,5,4,1,5,4,1,5
Dürer's,7,5,0,5,5,0,5
Düsseldorf,10,3,1,4,3,1,4
Düsseldorf's,12,4,0,4,3,0,3
E,1,1,4,5,1,4,5
E's,3,3,3,6,3,4,7
ECMAScript,10,3,0,3,3,0,3
ECMAScript's,12,3,0,3,3,0,3
Eakins,6,3,3,6,3,3,6
Eakins's,8,5,0,5,3,1,4
Earhart,7,4,2,6,4,2,6
Earhart's,9,6,0,6,6,0,6
Earl,4,4,1,5,4,0,4
Earl's,6,6,0,6,6,0,6
Earle,5,4,1,5,4,1,5
Earle's,7,6,1,7,6,0,6
Earlene,7,2,1,3,1,1,2
Earlene's,9,4,0,4,3,0,3
Earline,7,5,1,6,5,0,5
Earline's,9,7,0,7,7,0,7
Earnest,7,4,0,4,4,0,4
Earnest's,9,3,1,4,2,0,2
Earnestine,10,4,0,4,2,0,2
Earnestine's,12,2,0,2,2,0,2
Earnhardt,9,2,2,4,3,1,4
Earnhardt's,11,3,2,5,2,2,4
Earp,4,4,2,6,4,1,5
Earp's,6,5,1,6,5,1,6
Earth,5,3,3,6,4,3,7
Earth's,7,4,2,6,4,2,6
East,4,4,1,5,4,1,5
East's,6,4,0,4,3,0,3
Easter,6,5,0,5,5,1,6
Easter's,8,5,0,5,5,0,5
Eastern,7,2,1,3,5,0,5
Easterner,9,2,0,2,2,0,2
Easters,7,3,0,3,3,0,3
Eastman,7,2,1,3,4,0,4
Eastman's,9,3,0,3,5,0,5
Easts,5,2,0,2,2,0,2
Eastwood,8,4,0,4,3,0,3
Eastwood's,10,2,0,2,2,0,2
Eaton,5,5,2,7,5,2,7
Eaton's,7,7,1,8,7,1,8
Eben,4,3,2,5,3,1,4
Eben's,6,5,0,5,5,0,5
Ebeneezer,9,1,1,2,1,1,2
Ebeneezer's,11,2,0,2,2,0,2
Ebert,5,4,1,5,4,1,5
Ebert's,7,6,1,7,6,1,7
Ebola,5,2,4,6,2,4,6
Ebola's,7,4,3,7,4,3,7
Ebonics,7,6,1,7,6,1,7
Ebonics's,9,4,0,4,4,0,4
Ebony,5,4,2,6,4,2,6
Ebony's,7,6,1,7,6,1,7
Ebro,4,4,3,7,4,3,7
Ebro's,6,6,2,8,6,2,8
Ecclesiastes,12,2,0,2,2,0,2
Ecclesiastes's,14,1,0,1,1,0,1
Eco,3,3,1,4,3,1,4
Eco's,5,5,1,6,5,1,6
Ecuador,7,6,2,8,6,2,8
Ecuador's,9,8,0,8,8,0,8
Ecuadoran,9,2,3,5,3,1,4
Ecuadoran's,11,5,0,5,3,1,4
Ecuadorans,10,2,2,4,3,1,4
Ecuadorian,10,4,1,5,4,1,5
Ecuadorian's,12,4,0,4,4,0,4
Ecuadorians,11,5,0,5,4,0,4
Ed,2,2,3,5,2,3,5
Ed's,4,4,2,6,4,4,8
Edam,4,4,0,4,4,0,4
Edam's,6,6,0,6,6,0,6
Edams,5,5,2,7,5,2,7
Edda,4,3,3,6,3,1,4
Edda's,6,5,3,8,5,1,6
Eddie,5,2,2,4,2,2,4
Eddie's,7,5,1,6,3,2,5
Eddington,9,7,1,8,3,1,4
Eddington's,11,9,0,9,5,0,5
Eddy,4,3,4,7,3,4,7
Eddy's,6,5,3,8,5,3,8
Eden,4,3,3,6,3,2,5
Eden's,6,5,1,6,5,1,6
Edens,5,4,1,5,4,1,5
Edgar,5,2,5,7,3,4,7
Edgar's,7,5,3,8,5,3,8
Edgardo,7,6,2,8,6,2,8
Edgardo's,9,8,0,8,8,0,8
Edinburgh,9,2,1,3,3,1,4
Edinburgh's,11,4,1,5,3,0,3
Edison,6,4,0,4,4,0,4
Edison's,8,5,0,5,5,0,5
Edith,5,4,1,5,4,1,5
Edith's,7,5,1,6,5,1,6
Edmond,6,5,3,8,5,3,8
Edmond's,8,7,2,9,7,2,9
Edmonton,8,1,3,4,2,2,4
Edmonton's,10,4,0,4,2,2,4
Edmund,6,4,4,8,4,4,8
Edmund's,8,6,3,9,6,3,9
Edna,4,4,1,5,3,1,4
Edna's,6,6,1,7,5,1,6
Edsel,5,4,0,4,3,0,3
Edsel's,7,5,0,5,5,0,5
Eduardo,7,6,3,9,6,3,9
Eduardo's,9,8,1,9,8,1,9
Edward,6,4,3,7,3,3,6
Edward's,8,4,2,6,4,2,6
Edwardian,9,3,2,5,2,2,4
Edwardian's,11,5,1,6,4,1,5
Edwardo,7,5,4,9,5,4,9
Edwardo's,9,7,2,9,7,2,9
Edwards,7,5,3,8,4,3,7
Edwards's,9,2,1,3,2,1,3
Edwin,5,5,1,6,5,1,6
Edwin's,7,7,0,7,7,0,7
Edwina,6,3,2,5,3,2,5
Edwina's,8,7,0,7,6,1,7
Eeyore,6,1,0,1,1,0,1
Eeyore's,8,2,0,2,2,0,2
Effie,5,2,4,6,3,3,6
Effie's,7,5,2,7,2,3,5
Efrain,6,3,1,4,3,1,4
Efrain's,8,6,1,7,5,0,5
Efren,5,3,1,4,3,1,4
Efren's,7,5,0,5,5,0,5
Eggo,4,3,4,7,3,4,7
Eggo's,6,5,3,8,5,3,8
Egypt,5,4,4,8,4,4,8
Egypt's,7,4,3,7,4,3,7
Egyptian,8,6,1,7,6,1,7
Egyptian's,10,8,0,8,8,0,8
Egyptians,9,7,1,8,7,1,8
Egyptology,10,3,2,5,3,2,5
Egyptology's,12,4,1,5,4,1,5
Ehrenberg,9,2,1,3,2,1,3
Ehrenberg's,11,3,0,3,3,0,3
Ehrlich,7,4,2,6,3,2,5
Ehrlich's,9,4,2,6,6,0,6
Eichmann,8,2,1,3,2,1,3
Eichmann's,10,3,1,4,3,0,3
Eiffel,6,3,2,5,3,2,5
Eiffel's,8,5,0,5,4,2,6
Eileen,6,2,1,3,2,1,3
Eileen's,8,2,0,2,2,0,2
Einstein,8,3,0,3,3,0,3
Einstein's,10,4,0,4,3,0,3
Einsteins,9,3,0,3,3,0,3
Eire,4,3,1,4,3,0,3
Eire's,6,5,0,5,5,0,5
Eisenhower,10,3,1,4,3,1,4
Eisenhower's,12,3,0,3,3,0,3
Eisenstein,10,2,0,2,2,0,2
Eisenstein's,12,2,0,2,2,0,2
Eisner,6,3,1,4,3,2,5
Eisner's,8,4,1,5,4,1,5
Elaine,6,4,0,4,4,0,4
Elaine's,8,6,0,6,6,0,6
Elam,4,4,1,5,4,1,5
Elam's,6,6,1,7,6,1,7
Elanor,6,4,2,6,4,2,6
Elanor's,8,4,1,5,3,1,4
Elastoplast,11,2,0,2,2,0,2
Elastoplast's,13,2,0,2,2,0,2
Elba,4,4,0,4,4,0,4
Elba's,6,6,0,6,6,0,6
Elbe,4,3,2,5,3,1,4
Elbe's,6,3,1,4,3,1,4
Elbert,6,4,2,6,4,2,6
Elbert's,8,6,0,6,6,0,6
Elbrus,6,3,4,7,3,4,7
Elbrus's,8,4,2,6,4,3,7
Eldon,5,4,3,7,3,4,7
Eldon's,7,6,2,8,5,3,8
Eleanor,7,3,1,4,3,1,4
Eleanor's,9,6,0,6,5,0,5
Eleazar,7,3,1,4,3,1,4
Eleazar's,9,6,0,6,5,0,5
Electra,7,3,1,4,3,1,4
Electra's,9,7,0,7,7,0,7
Elena,5,3,2,5,3,2,5
Elena's,7,5,2,7,5,2,7
Elgar,5,4,4,8,4,3,7
Elgar's,7,6,2,8,6,2,8
Eli,3,3,2,5,3,2,5
Eli's,5,5,0,5,5,0,5
Elias,5,4,2,6,4,2,6
Elias's,7,4,0,4,5,0,5
Elijah,6,4,1,5,4,1,5
Elijah's,8,5,0,5,5,0,5
Elinor,6,3,2,5,3,2,5
Elinor's,8,7,1,8,6,1,7
Eliot,5,3,2,5,3,2,5
Eliot's,7,6,1,7,6,1,7
Elisa,5,4,0,4,4,0,4
Elisa's,7,4,0,4,3,0,3
Elisabeth,9,3,0,3,3,0,3
Elisabeth's,11,2,0,2,2,0,2
Elise,5,3,0,3,3,0,3
Elise's,7,3,0,3,2,1,3
Eliseo,6,2,1,3,2,2,4
Eliseo's,8,4,0,4,3,1,4
Elisha,6,3,1,4,3,1,4
Elisha's,8,4,1,5,4,1,5
Eliza,5,3,3,6,3,3,6
Eliza's,7,6,1,7,6,1,7
Elizabeth,9,2,1,3,2,1,3
Elizabeth's,11,4,0,4,3,0,3
Elizabethan,11,2,1,3,2,1,3
Elizabethan's,13,4,0,4,2,0,2
Elizabethans,12,3,0,3,3,0,3
Ella,4,3,0,3,3,0,3
Ella's,6,5,0,5,5,0,5
Ellen,5,2,3,5,2,3,5
Ellen's,7,4,1,5,3,2,5
Ellesmere,9,2,0,2,2,0,2
Ellesmere's,11,2,0,2,2,0,2
Ellie,5,2,1,3,2,1,3
Ellie's,7,4,3,7,3,0,3
Ellington,9,6,2,8,2,2,4
Ellington's,11,8,1,9,4,1,5
Elliot,6,3,3,6,3,2,5
Elliot's,8,5,1,6,5,1,6
Elliott,7,3,1,4,3,1,4
Elliott's,9,5,1,6,5,1,6
Ellis,5,4,1,5,4,1,5
Ellis's,7,5,1,6,4,0,4
Ellison,7,3,0,3,3,0,3
Ellison's,9,3,1,4,3,1,4
Elma,4,4,1,5,4,1,5
Elma's,6,6,1,7,6,1,7
Elmer,5,4,1,5,4,1,5
Elmer's,7,6,0,6,6,0,6
Elmo,4,3,5,8,3,5,8
Elmo's,6,5,4,9,5,4,9
Elnath,6,4,3,7,3,4,7
Elnath's,8,6,2,8,5,3,8
Elnora,6,3,3,6,3,3,6
Elnora's,8,5,2,7,6,2,8
Elohim,6,3,3,6,3,3,6
Elohim's,8,4,2,6,5,1,6
Eloise,6,4,2,6,4,2,6
Eloise's,8,5,0,5,3,1,4
Eloy,4,3,3,6,3,3,6
Eloy's,6,5,2,7,5,2,7
Elroy,5,4,3,7,3,3,6
Elroy's,7,5,2,7,5,2,7
Elsa,4,4,2,6,4,2,6
Elsa's,6,4,0,4,3,0,3
Elsie,5,3,0,3,3,0,3
Elsie's,7,2,1,3,2,1,3
Elsinore,8,3,0,3,3,0,3
Elsinore's,10,2,0,2,2,0,2
Eltanin,7,4,1,5,4,1,5
Eltanin's,9,5,1,6,5,1,6
Elton,5,4,3,7,4,3,7
Elton's,7,6,2,8,6,2,8
Elul,4,2,5,7,2,5,7
Elul's,6,4,4,8,4,4,8
Elva,4,3,3,6,3,3,6
Elva's,6,5,2,7,5,2,7
Elvia,5,3,2,5,3,2,5
Elvia's,7,5,1,6,5,1,6
Elvin,5,5,2,7,5,2,7
Elvin's,7,7,1,8,7,1,8
Elvira,6,3,3,6,3,2,5
Elvira's,8,5,2,7,5,1,6
Elvis,5,4,1,5,4,1,5
Elvis's,7,5,1,6,5,0,5
Elway,5,3,5,8,3,4,7
Elway's,7,5,3,8,5,3,8
Elwood,6,2,4,6,2,4,6
Elwood's,8,4,3,7,3,3,6
Elysian,7,5,0,5,4,1,5
Elysian's,9,6,0,6,5,1,6
Elysium,7,3,1,4,3,1,4
Elysium's,9,4,1,5,4,1,5
Elysiums,8,4,0,4,4,0,4
Elysée,6,2,1,3,2,1,3
Elysée's,8,2,0,2,2,0,2
Emacs,5,4,2,6,4,2,6
Emacs's,7,5,0,5,5,1,6
Emanuel,7,3,2,5,2,3,5
Emanuel's,9,3,0,3,3,1,4
Emerson,7,2,0,2,2,0,2
Emerson's,9,2,1,3,2,1,3
Emery,5,4,2,6,4,2,6
Emery's,7,4,0,4,4,0,4
Emil,4,4,4,8,4,4,8
Emil's,6,6,2,8,6,2,8
Emile,5,4,2,6,4,2,6
Emile's,7,6,0,6,6,1,7
Emilia,6,5,1,6,5,1,6
Emilia's,8,7,0,7,7,0,7
Emilio,6,4,2,6,4,2,6
Emilio's,8,6,1,7,6,1,7
Emily,5,4,3,7,4,3,7
Emily's,7,5,3,8,5,3,8
Eminem,6,3,4,7,2,4,6
Eminem's,8,5,1,6,5,0,5
Emma,4,3,2,5,3,2,5
Emma's,6,5,2,7,5,2,7
Emmanuel,8,1,3,4,1,3,4
Emmanuel's,10,3,1,4,3,1,4
Emmett,6,2,1,3,2,1,3
Emmett's,8,3,0,3,3,0,3
Emmy,4,3,5,8,3,5,8
Emmy's,6,5,4,9,5,4,9
Emory,5,4,3,7,4,3,7
Emory's,7,6,2,8,6,2,8
Encarta,7,2,2,4,2,2,4
Encarta's,9,4,0,4,5,0,5
Endymion,8,3,1,4,3,1,4
Endymion's,10,4,1,5,5,0,5
Engels,6,3,2,5,3,2,5
Engels's,8,2,0,2,2,0,2
England,7,3,3,6,3,3,6
England's,9,5,1,6,4,3,7
English,7,2,1,3,2,1,3
English's,9,5,2,7,4,0,4
Englisher,9,4,0,4,2,1,3
Englishes,9,2,1,3,2,0,2
Englishman,10,6,0,6,3,0,3
Englishman's,12,3,0,3,3,0,3
Englishmen,10,6,0,6,3,0,3
Englishmen's,12,2,0,2,2,0,2
Englishwoman,12,4,0,4,4,0,4
Englishwoman's,14,5,0,5,4,0,4
Englishwomen,12,3,0,3,3,0,3
Englishwomen's,14,5,0,5,4,0,4
Enid,4,4,5,9,4,5,9
Enid's,6,6,3,9,6,3,9
Enif,4,3,6,9,3,6,9
Enif's,6,5,4,9,5,4,9
Eniwetok,8,3,1,4,3,1,4
Eniwetok's,10,4,0,4,4,0,4
Enkidu,6,3,3,6,3,3,6
Enkidu's,8,6,1,7,6,1,7
Enoch,5,5,3,8,5,3,8
Enoch's,7,7,2,9,7,2,9
Enos,4,4,1,5,4,1,5
Enos's,6,5,0,5,5,0,5
Enrico,6,6,1,7,6,2,8
Enrico's,8,5,2,7,5,2,7
Enrique,7,4,2,6,2,2,4
Enrique's,9,4,1,5,3,1,4
Enron,5,3,2,5,3,2,5
Enron's,7,5,1,6,5,1,6
Enterprise,10,4,0,4,3,0,3
Enterprise's,12,5,0,5,3,2,5
Eocene,6,3,0,3,3,1,4
Eocene's,8,5,0,5,5,0,5
Epcot,5,3,4,7,3,4,7
Epcot's,7,5,3,8,5,3,8
Ephesian,8,2,0,2,2,0,2
Ephesian's,10,3,0,3,3,0,3
Ephesus,7,2,1,3,2,0,2
Ephesus's,9,2,0,2,2,0,2
Ephraim,7,4,1,5,4,1,5
Ephraim's,9,5,1,6,4,1,5
Epictetus,9,3,1,4,3,0,3
Epictetus's,11,4,0,4,3,0,3
Epicurean,9,2,2,4,2,2,4
Epicurean's,11,4,1,5,3,1,4
Epicurus,8,3,1,4,3,2,5
Epicurus's,10,4,0,4,4,0,4
Epimethius,10,4,0,4,4,0,4
Epimethius's,12,2,0,2,2,0,2
Epiphanies,10,4,0,4,4,0,4
Epiphany,8,5,1,6,3,1,4
Epiphany's,10,3,1,4,5,0,5
Episcopal,9,2,0,2,2,0,2
Episcopalian,12,6,0,6,3,0,3
Episcopalian's,14,4,0,4,3,0,3
Episcopalians,13,3,0,3,3,0,3
Epsom,5,5,0,5,5,0,5
Epsom's,7,6,0,6,2,1,3
Epson,5,4,1,5,4,1,5
Epson's,7,5,1,6,3,0,3
Epstein,7,4,1,5,4,1,5
Epstein's,9,2,0,2,2,0,2
Equuleus,8,4,2,6,3,1,4
Equuleus's,10,2,1,3,2,0,2
Erasmus,7,2,1,3,3,0,3
Erasmus's,9,2,0,2,2,0,2
Erato,5,2,2,4,2,2,4
Erato's,7,4,1,5,4,1,5
Eratosthenes,12,2,0,2,2,0,2
Eratosthenes's,14,2,0,2,2,0,2
Erebus,6,4,1,5,4,1,5
Erebus's,8,2,0,2,2,0,2
Erector,7,3,2,5,2,2,4
Erector's,9,3,0,3,3,0,3
Erewhon,7,3,2,5,2,2,4
Erewhon's,9,4,0,4,4,0,4
Erhard,6,2,2,4,2,2,4
Erhard's,8,4,1,5,3,1,4
Eric,4,4,2,6,4,2,6
Eric's,6,6,1,7,6,1,7
Erica,5,5,2,7,5,2,7
Erica's,7,7,0,7,7,0,7
Erich,5,5,4,9,5,4,9
Erich's,7,7,2,9,7,2,9
Erick,5,4,5,9,4,5,9
Erick's,7,6,3,9,6,3,9
Ericka,6,4,2,6,3,2,5
Ericka's,8,6,0,6,5,0,5
Erickson,8,2,0,2,2,0,2
Erickson's,10,3,0,3,3,0,3
Ericson,7,3,0,3,3,0,3
Ericson's,9,4,1,5,3,1,4
Ericsson,8,2,0,2,2,0,2
Ericsson's,10,2,0,2,2,0,2
Eridanus,8,3,1,4,4,1,5
Eridanus's,10,4,0,4,4,0,4
Erie,4,3,1,4,3,0,3
Erie's,6,3,0,3,3,0,3
Erik,4,4,3,7,4,3,7
Erik's,6,6,2,8,6,2,8
Erika,5,4,3,7,4,3,7
Erika's,7,6,1,7,6,1,7
Erin,4,3,4,7,3,4,7
Erin's,6,5,3,8,5,3,8
Eris,4,4,3,7,4,2,6
Eris's,6,5,1,6,5,1,6
Eritrea,7,2,2,4,2,2,4
Eritrea's,9,3,1,4,3,0,3
Erlenmeyer,10,2,1,3,2,1,3
Erlenmeyer's,12,2,0,2,2,0,2
Erma,4,3,2,5,3,2,5
Erma's,6,5,2,7,5,2,7
Erna,4,4,2,6,3,4,7
Erna's,6,6,2,8,5,4,9
Ernest,6,4,0,4,3,0,3
Ernest's,8,3,1,4,2,0,2
Ernestine,9,2,0,2,2,0,2
Ernestine's,11,2,0,2,2,0,2
Ernesto,7,2,0,2,2,0,2
Ernesto's,9,2,1,3,2,1,3
Ernie,5,3,3,6,3,4,7
Ernie's,7,5,0,5,3,1,4
Ernst,5,2,1,3,2,1,3
Ernst's,7,3,1,4,2,1,3
Eros,4,4,2,6,4,2,6
Eros's,6,4,1,5,4,1,5
Eroses,6,4,0,4,4,1,5
Errol,5,4,3,7,3,3,6
Errol's,7,5,2,7,5,2,7
Erse,4,2,2,4,2,1,3
Erse's,6,4,0,4,4,0,4
ErvIn,5,4,3,7,3,3,6
ErvIn's,7,6,2,8,6,2,8
Erwin,5,4,2,6,4,2,6
Erwin's,7,6,1,7,6,1,7
Es,2,2,2,4,2,2,4
Esau,4,3,1,4,3,1,4
Esau's,6,2,0,2,2,0,2
Escher,6,5,0,5,5,1,6
Escher's,8,6,1,7,6,1,7
Escherichia,11,2,0,2,2,0,2
Escherichia's,13,2,0,2,2,0,2
Eskimo,6,3,0,3,3,0,3
Eskimo's,8,4,1,5,3,1,4
Eskimos,7,3,1,4,3,0,3
Esmeralda,9,5,0,5,5,0,5
Esmeralda's,11,6,0,6,6,0,6
Esperanto,9,3,0,3,3,0,3
Esperanto's,11,3,0,3,3,0,3
Esperanza,9,4,1,5,4,1,5
Esperanza's,11,5,1,6,5,1,6
Espinoza,8,2,1,3,3,0,3
Espinoza's,10,3,1,4,2,1,3
Essen,5,3,1,4,3,1,4
Essen's,7,4,1,5,4,0,4
Essene,6,3,1,4,3,0,3
Essene's,8,2,0,2,2,0,2
Essequibo,9,2,1,3,2,1,3
Essequibo's,11,1,1,2,1,1,2
Essex,5,2,2,4,2,2,4
Essex's,7,3,2,5,3,1,4
Essie,5,2,1,3,2,1,3
Essie's,7,2,1,3,2,0,2
Establishment,13,1,0,1,1,0,1
Esteban,7,2,0,2,4,0,4
Esteban's,9,3,0,3,3,0,3
Estela,6,2,0,2,2,0,2
Estela's,8,3,1,4,4,0,4
Estella,7,3,0,3,4,0,4
Estella's,9,3,0,3,3,0,3
Estelle,7,2,1,3,3,1,4
Estelle's,9,3,1,4,2,1,3
Ester,5,3,1,4,2,2,4
Ester's,7,2,1,3,2,0,2
Esterházy,9,3,1,4,2,1,3
Esterházy's,11,3,1,4,2,1,3
Estes,5,2,1,3,2,1,3
Estes's,7,2,0,2,2,0,2
Esther,6,3,1,4,3,2,5
Esther's,8,5,2,7,5,2,7
Estonia,7,3,0,3,3,0,3
Estonia's,9,4,0,4,4,0,4
Estonian,8,4,0,4,4,0,4
Estonian's,10,3,0,3,3,0,3
Estonians,9,4,0,4,4,0,4
Estrada,7,2,0,2,3,0,3
Estrada's,9,2,0,2,2,0,2
Ethan,5,2,3,5,2,5,7
Ethan's,7,4,4,8,4,4,8
Ethel,5,2,4,6,2,4,6
Ethel's,7,4,1,5,3,1,4
Ethelred,8,3,1,4,3,1,4
Ethelred's,10,3,0,3,3,0,3
Ethernet,8,1,2,3,1,2,3
Ethernet's,10,3,0,3,3,0,3
Ethiopia,8,3,1,4,3,1,4
Ethiopia's,10,9,0,9,9,0,9
Ethiopian,9,4,1,5,3,1,4
Ethiopian's,11,4,0,4,4,0,4
Ethiopians,10,8,1,9,8,1,9
Etna,4,3,3,6,3,3,6
Etna's,6,5,3,8,5,3,8
Eton,4,2,4,6,2,4,6
Eton's,6,4,3,7,4,3,7
Etruria,7,4,1,5,4,1,5
Etruria's,9,5,0,5,5,0,5
Etruscan,8,2,1,3,2,1,3
Etruscan's,10,6,0,6,4,1,5
Etta,4,3,4,7,3,3,6
Etta's,6,5,4,9,5,3,8
Eucharist,9,3,0,3,3,1,4
Eucharist's,11,4,2,6,3,1,4
Eucharistic,11,2,0,2,2,0,2
Eucharists,10,4,1,5,3,1,4
Euclid,6,3,3,6,3,3,6
Euclid's,8,5,0,5,5,1,6
Euclidean,9,2,2,4,2,2,4
Euclidean's,11,4,1,5,3,1,4
Eugene,6,2,2,4,2,2,4
Eugene's,8,4,1,5,4,1,5
Eugenia,7,6,1,7,6,1,7
Eugenia's,9,8,0,8,8,2,10
Eugenie,7,3,1,4,2,1,3
Eugenie's,9,3,0,3,3,0,3
Eugenio,7,5,2,7,5,2,7
Eugenio's,9,7,1,8,7,3,10
Eula,4,3,0,3,3,0,3
Eula's,6,5,0,5,5,0,5
Euler,5,3,1,4,3,1,4
Euler's,7,5,0,5,5,0,5
Eumenides,9,3,0,3,3,0,3
Eumenides's,11,3,0,3,3,0,3
Eunice,6,2,0,2,2,0,2
Eunice's,8,3,0,3,3,0,3
Euphrates,9,6,0,6,6,0,6
Euphrates's,11,2,1,3,2,1,3
Eurasia,7,3,0,3,3,0,3
Eurasia's,9,7,0,7,7,0,7
Eurasian,8,5,0,5,5,0,5
Eurasian's,10,5,0,5,6,0,6
Eurasians,9,6,1,7,6,1,7
Euripides,9,3,1,4,3,1,4
Euripides's,11,3,0,3,3,0,3
Eurodollar,10,2,2,4,2,2,4
Eurodollar's,12,3,1,4,3,1,4
Eurodollars,11,3,0,3,3,1,4
Europa,6,3,2,5,3,2,5
Europa's,8,5,1,6,4,1,5
Europe,6,2,3,5,2,3,5
Europe's,8,3,1,4,3,1,4
European,8,2,1,3,2,1,3
European's,10,3,0,3,3,0,3
Europeans,9,3,0,3,3,1,4
Eurydice,8,3,2,5,4,2,6
Eurydice's,10,5,0,5,4,1,5
Eustachian,10,6,0,6,4,0,4
Eustachian's,12,4,0,4,4,0,4
Euterpe,7,2,2,4,2,2,4
Euterpe's,9,2,1,3,2,1,3
Eva,3,3,0,3,3,0,3
Eva's,5,5,2,7,5,2,7
Evan,4,3,2,5,3,2,5
Evan's,6,5,1,6,5,1,6
Evangelina,10,2,1,3,2,1,3
Evangelina's,12,3,0,3,4,0,4
Evangeline,10,3,1,4,3,1,4
Evangeline's,12,2,0,2,2,0,2
Evans,5,3,3,6,3,3,6
Evans's,7,4,1,5,4,2,6
Evansville,10,2,0,2,2,0,2
Evansville's,12,2,0,2,2,0,2
Eve,3,2,2,4,2,2,4
Eve's,5,4,0,4,4,0,4
Evelyn,6,2,1,3,2,1,3
Evelyn's,8,5,0,5,4,0,4
Evenki,6,2,2,4,2,2,4
Evenki's,8,3,1,4,3,1,4
EverReady,9,2,1,3,2,1,3
EverReady's,11,5,0,5,3,0,3
Everest,7,5,0,5,5,0,5
Everest's,9,3,1,4,2,0,2
Everett,7,2,1,3,2,0,2
Everett's,9,3,0,3,3,0,3
Everette,8,1,1,2,1,1,2
Everette's,10,2,0,2,2,0,2
Everglades,10,5,0,5,2,1,3
Everglades's,12,2,1,3,2,1,3
Evert,5,4,2,6,4,2,6
Evert's,7,5,2,7,5,2,7
Evian,5,3,2,5,3,2,5
Evian's,7,5,0,5,5,0,5
Evita,5,3,2,5,3,2,5
Evita's,7,5,2,7,5,2,7
Ewing,5,5,5,10,5,5,10
Ewing's,7,4,4,8,4,4,8
Excalibur,9,2,1,3,5,2,7
Excalibur's,11,4,1,5,3,0,3
Excedrin,8,2,1,3,2,1,3
Excedrin's,10,6,0,6,3,0,3
Excellencies,12,4,0,4,4,0,4
Excellency,10,3,1,4,2,1,3
Excellency's,12,5,0,5,3,0,3
Exercycle,9,2,1,3,2,1,3
Exercycle's,11,4,0,4,3,0,3
Exocet,6,2,3,5,1,5,6
Exocet's,8,4,2,6,5,1,6
Exodus,6,4,2,6,4,2,6
Exodus's,8,5,1,6,5,2,7
Exxon,5,3,4,7,4,3,7
Exxon's,7,5,3,8,6,2,8
Eyck,4,2,4,6,2,4,6
Eyck's,6,4,3,7,4,3,7
Eyre,4,2,2,4,2,1,3
Eyre's,6,4,1,5,4,1,5
Eysenck,7,2,1,3,2,0,2
Eysenck's,9,2,0,2,2,0,2
Ezekiel,7,1,2,3,3,1,4
Ezekiel's,9,2,0,2,2,0,2
Ezra,4,2,5,7,3,4,7
Ezra's,6,4,5,9,5,4,9
F,1,1,5,6,1,5,6
F's,3,3,8,11,3,8,11
FDR,3,1,9,10,1,9,10
FDR's,5,3,7,10,3,7,10
FNMA,4,2,4,6,2,4,6
FNMA's,6,4,4,8,4,4,8
FSF,3,1,6,7,2,5,7
FSF's,5,3,3,6,3,1,4
Fabergé,7,3,3,6,3,3,6
Fabergé's,9,4,2,6,5,2,7
Fabian,6,3,4,7,3,4,7
Fabian's,8,5,3,8,5,3,8
Facebook,8,4,3,7,4,3,7
Facebook's,10,6,0,6,5,0,5
Faeroe,6,2,2,4,2,2,4
Faeroe's,8,4,1,5,4,1,5
Fafnir,6,4,3,7,4,3,7
Fafnir's,8,6,2,8,4,3,7
Fagin,5,4,5,9,4,5,9
Fagin's,7,6,3,9,6,3,9
Fahd,4,3,8,11,3,8,11
Fahd's,6,5,7,12,5,7,12
Fahrenheit,10,3,1,4,3,1,4
Fahrenheit's,12,5,0,5,5,0,5
Fairbanks,9,3,4,7,3,3,6
Fairbanks's,11,3,1,4,2,1,3
Faisal,6,4,2,6,4,1,5
Faisal's,8,4,2,6,4,1,5
Faisalabad,10,3,1,4,3,1,4
Faisalabad's,12,2,1,3,2,2,4
Faith,5,3,4,7,3,4,7
Faith's,7,6,3,9,6,3,9
Falasha,7,4,1,5,4,1,5
Falasha's,9,5,2,7,5,0,5
Falkland,8,5,4,9,2,3,5
Falkland's,10,6,1,7,4,1,5
Falklands,9,6,3,9,3,2,5
Falklands's,11,2,3,5,2,3,5
Fallopian,9,5,2,7,5,2,7
Fallopian's,11,7,1,8,7,1,8
Falstaff,8,4,2,6,3,2,5
Falstaff's,10,5,1,6,3,2,5
Falwell,7,3,4,7,3,3,6
Falwell's,9,5,2,7,5,2,7
Fannie,6,5,3,8,5,2,7
Fannie's,8,7,3,10,7,4,11
Fanny,5,4,3,7,4,3,7
Fanny's,7,6,2,8,6,2,8
Faraday,7,5,4,9,5,3,8
Faraday's,9,6,2,8,6,2,8
Fargo,5,5,3,8,5,3,8
Fargo's,7,7,1,8,7,1,8
Farley,6,6,2,8,6,2,8
Farley's,8,8,0,8,8,0,8
Farmer,6,5,1,6,5,2,7
Farmer's,8,7,1,8,7,1,8
Farragut,8,2,5,7,3,3,6
Farragut's,10,4,1,5,4,1,5
Farrakhan,9,3,4,7,2,4,6
Farrakhan's,11,5,3,8,5,1,6
Farrell,7,5,3,8,5,3,8
Farrell's,9,7,2,9,7,2,9
Farrow,6,5,3,8,5,3,8
Farrow's,8,7,1,8,7,2,9
Farsi,5,5,3,8,5,3,8
Farsi's,7,6,2,8,6,2,8
Fascism,7,6,0,6,6,1,7
Fassbinder,10,2,0,2,2,0,2
Fassbinder's,12,6,0,6,5,0,5
Fatah,5,2,8,10,1,9,10
Fatah's,7,4,7,11,3,8,11
Fates,5,5,1,6,5,1,6
Fates's,7,6,1,7,6,1,7
Father,6,6,1,7,6,1,7
Father's,8,8,0,8,8,0,8
Fathers,7,7,0,7,7,0,7
Fatima,6,4,3,7,4,3,7
Fatima's,8,6,2,8,6,2,8
Fatimid,7,3,2,5,2,6,8
Fatimid's,9,5,3,8,5,4,9
Faulkner,8,5,3,8,4,2,6
Faulkner's,10,6,0,6,6,0,6
Faulknerian,11,3,1,4,2,1,3
Faulknerian's,13,3,1,4,3,0,3
Fauntleroy,10,4,1,5,3,1,4
Fauntleroy's,12,6,0,6,4,0,4
Faust,5,4,3,7,4,3,7
Faust's,7,5,3,8,5,3,8
Faustian,8,3,1,4,3,1,4
Faustian's,10,4,1,5,6,1,7
Faustino,8,3,2,5,3,2,5
Faustino's,10,4,1,5,6,1,7
Faustus,7,2,3,5,2,3,5
Faustus's,9,4,1,5,4,1,5
Fawkes,6,4,5,9,4,5,9
Fawkes's,8,4,2,6,4,2,6
Fay,3,3,7,10,3,8,11
Fay's,5,5,7,12,5,7,12
Faye,4,4,10,14,4,9,13
Faye's,6,5,10,15,5,11,16
Fe,2,2,4,6,2,4,6
Fe's,4,4,6,10,4,5,9
Feb,3,2,11,13,3,9,12
Feb's,5,4,8,12,4,7,11
Februaries,10,3,0,3,4,0,4
February,8,3,3,6,3,2,5
February's,10,5,1,6,4,0,4
FedEx,5,3,2,5,3,2,5
FedEx's,7,5,3,8,5,3,8
Federalist,10,6,0,6,4,1,5
Federalist's,12,7,0,7,10,0,10
Federico,8,4,2,6,4,2,6
Federico's,10,6,0,6,5,1,6
Feds,4,4,3,7,4,2,6
Feds's,6,4,0,4,4,0,4
Felecia,7,2,3,5,2,3,5
Felecia's,9,3,2,5,3,2,5
Felice,6,5,1,6,5,1,6
Felice's,8,7,0,7,7,1,8
Felicia,7,5,1,6,4,3,7
Felicia's,9,6,0,6,5,2,7
Felicity,8,5,2,7,4,2,6
Felicity's,10,6,1,7,6,1,7
Felipe,6,5,2,7,5,2,7
Felipe's,8,7,1,8,7,2,9
Felix,5,5,4,9,3,5,8
Felix's,7,6,4,10,6,3,9
Fellini,7,4,3,7,4,3,7
Fellini's,9,6,3,9,6,3,9
Fenian,6,4,3,7,4,3,7
Fenian's,8,6,2,8,6,1,7
Ferber,6,4,0,4,4,1,5
Ferber's,8,6,0,6,6,0,6
Ferdinand,9,3,1,4,4,1,5
Ferdinand's,11,4,0,4,5,0,5
Fergus,6,3,4,7,4,3,7
Fergus's,8,4,2,6,4,3,7
Ferguson,8,5,0,5,4,1,5
Ferguson's,10,6,0,6,5,1,6
Ferlinghetti,12,1,1,2,1,1,2
Ferlinghetti's,14,3,0,3,2,0,2
Fermat,6,4,3,7,4,3,7
Fermat's,8,6,2,8,6,2,8
Fermi,5,4,4,8,4,3,7
Fermi's,7,6,3,9,6,2,8
Fern,4,4,3,7,4,2,6
Fern's,6,6,1,7,6,2,8
Fernandez,9,7,1,8,7,1,8
Fernandez's,11,9,0,9,9,0,9
Fernando,8,4,2,6,4,2,6
Fernando's,10,5,0,5,5,0,5
Ferrari,7,2,2,4,5,2,7
Ferrari's,9,7,1,8,7,0,7
Ferraro,7,3,2,5,4,3,7
Ferraro's,9,6,2,8,6,1,7
Ferrell,7,2,2,4,4,1,5
Ferrell's,9,4,1,5,6,0,6
Ferris,6,4,4,8,3,1,4
Ferris's,8,5,2,7,5,1,6
Feynman,7,4,3,7,2,2,4
Feynman's,9,5,2,7,4,1,5
Fez,3,3,10,13,3,8,11
Fez's,5,5,7,12,5,6,11
Fiat,4,3,6,9,3,5,8
Fiat's,6,5,5,10,5,4,9
Fiberglas,9,3,0,3,3,0,3
Fiberglas's,11,3,0,3,3,0,3
Fibonacci,9,1,2,3,1,2,3
Fibonacci's,11,3,1,4,3,1,4
Fichte,6,5,1,6,5,1,6
Fichte's,8,6,1,7,5,3,8
Fidel,5,4,4,8,4,4,8
Fidel's,7,6,3,9,6,3,9
Fido,4,3,4,7,3,3,6
Fido's,6,5,3,8,5,3,8
Fielding,8,7,1,8,7,1,8
Fielding's,10,6,1,7,6,1,7
Fields,6,6,2,8,6,2,8
Fields's,8,5,0,5,4,1,5
Figaro,6,5,2,7,5,3,8
Figaro's,8,7,1,8,7,1,8
Figueroa,8,4,2,6,4,1,5
Figueroa's,10,5,1,6,5,0,5
Fiji,4,2,5,7,2,5,7
Fiji's,6,4,5,9,4,5,9
Fijian,6,4,4,8,3,7,10
Fijian's,8,6,3,9,5,6,11
Fijians,7,3,4,7,4,3,7
Filipino,8,3,2,5,3,2,5
Filipino's,10,5,2,7,4,2,6
Filipinos,9,2,2,4,2,2,4
Fillmore,8,4,2,6,3,2,5
Fillmore's,10,6,1,7,5,1,6
Filofax,7,4,2,6,4,2,6
Filofax's,9,6,2,8,6,1,7
Finch,5,5,6,11,5,6,11
Finch's,7,7,5,12,7,5,12
Finland,7,3,3,6,3,3,6
Finland's,9,5,2,7,5,1,6
Finley,6,4,6,10,4,6,10
Finley's,8,5,5,10,6,5,11
Finn,4,3,5,8,3,5,8
Finn's,6,5,4,9,5,4,9
Finnbogadottir,14,1,1,2,1,1,2
Finnbogadottir's,16,2,0,2,2,0,2
Finnegan,8,2,2,4,3,1,4
Finnegan's,10,4,1,5,5,0,5
Finnish,7,4,1,5,3,1,4
Finnish's,9,4,0,4,4,1,5
Finns,5,4,5,9,4,5,9
Fiona,5,3,3,6,3,4,7
Fiona's,7,5,2,7,6,2,8
Firefox,7,3,2,5,5,2,7
Firefox's,9,6,1,7,6,1,7
Firestone,9,6,1,7,4,1,5
Firestone's,11,7,1,8,4,1,5
Fischer,7,4,1,5,4,0,4
Fischer's,9,5,0,5,5,0,5
Fisher,6,6,6,12,5,6,11
Fisher's,8,7,1,8,7,1,8
Fisk,4,4,5,9,4,5,9
Fisk's,6,5,4,9,5,4,9
Fitch,5,5,5,10,5,5,10
Fitch's,7,7,4,11,7,4,11
Fitzgerald,10,3,2,5,3,2,5
Fitzgerald's,12,5,0,5,4,0,4
Fitzpatrick,11,3,2,5,3,2,5
Fitzpatrick's,13,2,0,2,3,1,4
Fitzroy,7,4,3,7,3,5,8
Fitzroy's,9,6,2,8,5,4,9
Fizeau,6,3,2,5,3,1,4
Fizeau's,8,5,1,6,5,0,5
Flanagan,8,1,3,4,1,3,4
Flanagan's,10,2,1,3,2,1,3
Flanders,8,7,3,10,6,4,10
Flanders's,10,5,2,7,5,0,5
Flatt,5,3,6,9,3,4,7
Flatt's,7,5,5,10,5,3,8
Flaubert,8,3,2,5,4,1,5
Flaubert's,10,6,0,6,6,0,6
Fleischer,9,3,0,3,3,0,3
Fleischer's,11,3,0,3,3,0,3
Fleming,7,7,2,9,7,2,9
Fleming's,9,5,1,6,5,1,6
Flemish,7,7,0,7,7,0,7
Flemish's,9,8,2,10,8,0,8
Fletcher,8,2,2,4,2,2,4
Fletcher's,10,4,1,5,3,1,4
Flint,5,5,4,9,5,4,9
Flint's,7,7,3,10,7,3,10
Flintstones,11,3,0,3,5,0,5
Flintstones's,13,4,0,4,3,0,3
Flo,3,3,4,7,3,4,7
Flo's,5,5,5,10,5,5,10
Flora,5,3,3,6,3,3,6
Flora's,7,5,2,7,5,2,7
Florence,8,5,1,6,5,1,6
Florence's,10,6,0,6,5,0,5
Florentine,10,5,1,6,4,1,5
Florentine's,12,7,0,7,6,0,6
Flores,6,4,2,6,4,2,6
Flores's,8,5,1,6,5,1,6
Florida,7,3,3,6,2,2,4
Florida's,9,4,1,5,4,1,5
Floridan,8,3,2,5,3,2,5
Floridan's,10,5,1,6,4,1,5
Florine,7,4,2,6,4,1,5
Florine's,9,6,1,7,6,1,7
Florsheim,9,3,1,4,2,2,4
Florsheim's,11,4,1,5,3,1,4
Flory,5,5,3,8,5,3,8
Flory's,7,7,2,9,7,2,9
Flossie,7,2,0,2,4,2,6
Flossie's,9,4,1,5,2,0,2
Flowers,7,7,1,8,7,1,8
Flowers's,9,5,1,6,5,1,6
Floyd,5,4,5,9,4,5,9
Floyd's,7,6,4,10,6,4,10
Flynn,5,3,6,9,3,6,9
Flynn's,7,4,5,9,3,5,8
Foch,4,4,7,11,4,7,11
Foch's,6,4,6,10,4,6,10
Fokker,6,4,8,12,4,8,12
Fokker's,8,7,6,13,6,8,14
Foley,5,4,4,8,4,4,8
Foley's,7,6,2,8,6,2,8
Folgers,7,7,1,8,7,1,8
Folgers's,9,6,1,7,6,1,7
Folsom,6,2,2,4,2,3,5
Folsom's,8,3,2,5,3,3,6
Fomalhaut,9,2,3,5,1,4,5
Fomalhaut's,11,4,1,5,3,2,5
Fonda,5,5,3,8,5,3,8
Fonda's,7,7,2,9,7,1,8
Foosball,8,3,2,5,2,3,5
Foosball's,10,4,1,5,3,2,5
Forbes,6,6,3,9,6,3,9
Forbes's,8,6,1,7,5,1,6
Ford,4,4,4,8,4,6,10
Ford's,6,6,2,8,6,5,11
Foreman,7,6,1,7,7,2,9
Foreman's,9,9,0,9,8,1,9
Forest,6,5,1,6,5,1,6
Forest's,8,6,1,7,6,0,6
Forester,8,4,1,5,4,1,5
Forester's,10,5,0,5,4,0,4
Formica,7,4,3,7,3,4,7
Formica's,9,6,2,8,5,3,8
Formicas,8,7,1,8,4,2,6
Formosa,7,2,2,4,2,2,4
Formosa's,9,3,2,5,3,2,5
Formosan,8,3,1,4,3,1,4
Formosan's,10,3,2,5,3,1,4
Forrest,7,6,4,10,5,3,8
Forrest's,9,5,1,6,5,0,5
Forster,7,6,0,6,6,0,6
Forster's,9,7,0,7,7,0,7
Fortaleza,9,2,2,4,5,2,7
Fortaleza's,11,4,1,5,4,1,5
Fosse,5,4,2,6,4,1,5
Fosse's,7,5,1,6,5,1,6
Foster,6,5,5,10,6,3,9
Foster's,8,7,1,8,7,1,8
Fotomat,7,4,3,7,4,2,6
Fotomat's,9,6,2,8,6,1,7
Foucault,8,2,4,6,3,3,6
Foucault's,10,5,2,7,5,2,7
Fourier,7,6,2,8,6,2,8
Fourier's,9,8,1,9,8,1,9
Fourneyron,10,5,1,6,3,1,4
Fourneyron's,12,3,0,3,4,1,5
Fowler,6,6,4,10,6,5,11
Fowler's,8,8,1,9,8,3,11
Fox,3,3,9,12,3,10,13
Fox's,5,5,10,15,5,10,15
Fr,2,2,9,11,2,9,11
Fr's,4,4,7,11,4,7,11
Fragonard,9,1,4,5,1,4,5
Fragonard's,11,4,2,6,3,2,5
Fran,4,4,4,8,4,4,8
Fran's,6,6,3,9,6,3,9
France,6,6,1,7,6,1,7
France's,8,8,2,10,8,1,9
Frances,7,7,2,9,7,1,8
Frances's,9,5,1,6,4,1,5
Francesca,9,7,1,8,3,0,3
Francesca's,11,3,0,3,3,0,3
Francine,8,5,1,6,4,1,5
Francine's,10,7,0,7,5,0,5
Francis,7,3,4,7,3,4,7
Francis's,9,4,1,5,4,2,6
Francisca,9,6,2,8,2,2,4
Francisca's,11,3,1,4,2,1,3
Franciscan,10,3,1,4,3,1,4
Franciscan's,12,4,0,4,2,1,3
Francisco,9,3,0,3,3,1,4
Francisco's,11,3,1,4,3,1,4
Franck,6,6,4,10,6,3,9
Franck's,8,8,2,10,8,2,10
Franco,6,5,5,10,5,4,9
Franco's,8,7,3,10,7,3,10
Francois,8,3,2,5,5,2,7
Francois's,10,6,2,8,3,2,5
Francoise,9,3,1,4,3,1,4
Francoise's,11,10,2,12,3,1,4
Franglais,9,5,2,7,4,3,7
Franglais's,11,4,0,4,4,0,4
Frank,5,5,2,7,5,3,8
Frank's,7,7,2,9,7,2,9
Frankel,7,4,3,7,5,4,9
Frankel's,9,6,1,7,7,2,9
Frankenstein,12,3,0,3,3,0,3
Frankenstein's,14,3,0,3,3,0,3
Frankfort,9,3,3,6,3,3,6
Frankfort's,11,9,1,10,4,2,6
Frankfurt,9,4,4,8,2,5,7
Frankfurt's,11,8,2,10,3,3,6
Frankfurter,11,4,2,6,3,1,4
Frankfurter's,13,3,1,4,3,0,3
Frankie,7,5,3,8,5,2,7
Frankie's,9,7,2,9,7,2,9
Franklin,8,3,2,5,3,2,5
Franklin's,10,4,2,6,4,2,6
Franks,6,6,2,8,6,3,9
Franks's,8,6,2,8,5,3,8
Franny,6,5,2,7,5,2,7
Franny's,8,7,1,8,7,1,8
Franz,5,5,5,10,5,5,10
Franz's,7,7,4,11,7,3,10
Fraser,6,5,2,7,5,2,7
Fraser's,8,5,0,5,4,0,4
Frazier,7,6,1,7,6,1,7
Frazier's,9,8,1,9,8,3,11
Fred,4,4,5,9,4,4,8
Fred's,6,5,4,9,4,7,11
Freda,5,5,1,6,5,1,6
Freda's,7,7,0,7,7,0,7
Freddie,7,3,2,5,3,2,5
Freddie's,9,6,1,7,6,2,8
Freddy,6,4,4,8,2,5,7
Freddy's,8,6,2,8,5,3,8
Frederic,8,4,1,5,3,2,5
Frederic's,10,6,0,6,5,1,6
Frederick,9,2,1,3,2,1,3
Frederick's,11,3,0,3,3,0,3
Fredericton,11,3,1,4,2,1,3
Fredericton's,13,3,0,3,3,0,3
Fredric,7,2,1,3,2,1,3
Fredric's,9,3,0,3,3,0,3
Fredrick,8,4,2,6,4,2,6
Fredrick's,10,4,0,4,4,0,4
Freeman,7,4,1,5,4,1,5
Freeman's,9,6,0,6,7,0,7
Freemason,9,4,0,4,2,0,2
Freemason's,11,2,0,2,2,0,2
Freemasonries,13,2,0,2,2,0,2
Freemasonry,11,3,0,3,3,0,3
Freemasonry's,13,2,0,2,2,0,2
Freemasons,10,2,1,3,2,0,2
Freetown,8,3,3,6,5,1,6
Freetown's,10,7,0,7,7,0,7
Freida,6,4,2,6,4,3,7
Freida's,8,6,2,8,5,3,8
Fremont,7,4,2,6,4,2,6
Fremont's,9,6,0,6,5,0,5
French,6,6,2,8,6,3,9
French's,8,8,1,9,7,2,9
Frenches,8,7,1,8,7,1,8
Frenchman,9,3,1,4,3,1,4
Frenchman's,11,5,0,5,4,0,4
Frenchmen,9,2,2,4,2,2,4
Frenchmen's,11,4,0,4,3,0,3
Frenchwoman,11,3,2,5,3,2,5
Frenchwoman's,13,4,1,5,4,1,5
Frenchwomen,11,3,2,5,3,1,4
Frenchwomen's,13,3,1,4,3,0,3
Freon,5,4,4,8,4,6,10
Freon's,7,6,2,8,6,5,11
Fresnel,7,4,0,4,5,1,6
Fresnel's,9,5,0,5,6,1,7
Fresno,6,6,0,6,6,1,7
Fresno's,8,7,0,7,7,1,8
Freud,5,3,5,8,3,7,10
Freud's,7,5,4,9,5,6,11
Freudian,8,4,2,6,4,2,6
Freudian's,10,4,0,4,4,0,4
Frey,4,4,4,8,4,3,7
Frey's,6,6,1,7,6,1,7
Freya,5,4,2,6,4,2,6
Freya's,7,6,1,7,6,1,7
Friday,6,3,5,8,3,5,8
Friday's,8,7,3,10,7,3,10
Fridays,7,6,3,9,6,3,9
Frieda,6,4,1,5,4,1,5
Frieda's,8,6,0,6,6,0,6
Friedan,7,4,2,6,5,2,7
Friedan's,9,4,0,4,4,1,5
Friedman,8,4,2,6,5,1,6
Friedman's,10,6,1,7,6,0,6
Frigga,6,2,3,5,2,3,5
Frigga's,8,3,2,5,3,2,5
Frigidaire,10,3,1,4,3,1,4
Frigidaire's,12,5,0,5,3,1,4
Frisbee,7,4,0,4,2,2,4
Frisbee's,9,5,0,5,4,1,5
Frisco,6,4,1,5,3,2,5
Frisco's,8,5,1,6,4,2,6
Frisian,7,3,1,4,3,1,4
Frisian's,9,3,1,4,2,1,3
Frito,5,4,3,7,3,3,6
Frito's,7,6,2,8,5,3,8
Fritz,5,3,7,10,3,7,10
Fritz's,7,5,5,10,5,5,10
Frobisher,9,3,1,4,4,0,4
Frobisher's,11,5,0,5,4,1,5
Froissart,9,5,0,5,3,0,3
Froissart's,11,7,0,7,3,1,4
Fromm,5,2,8,10,2,8,10
Fromm's,7,4,7,11,5,6,11
Fronde,6,4,3,7,4,3,7
Fronde's,8,6,4,10,6,3,9
Frontenac,9,5,1,6,3,2,5
Frontenac's,11,5,0,5,4,0,4
Frost,5,4,2,6,4,2,6
Frost's,7,5,2,7,5,2,7
Frostbelt,9,4,0,4,4,0,4
Frostbelt's,11,3,1,4,3,1,4
Fry,3,3,6,9,3,6,9
Fry's,5,5,5,10,5,5,10
Frye,4,2,5,7,2,5,7
Frye's,6,4,4,8,4,4,8
Fuchs,5,4,9,13,5,7,12
Fuchs's,7,4,3,7,4,4,8
Fuentes,7,3,2,5,2,3,5
Fuentes's,9,2,0,2,2,0,2
Fugger,6,5,7,12,5,7,12
Fugger's,8,7,6,13,7,6,13
Fuji,4,3,3,6,3,3,6
Fuji's,6,5,3,8,5,3,8
Fujitsu,7,5,1,6,4,1,5
Fujitsu's,9,6,0,6,5,1,6
Fujiwara,8,3,2,5,3,2,5
Fujiwara's,10,5,1,6,4,1,5
Fukuoka,7,2,3,5,3,2,5
Fukuoka's,9,3,2,5,3,2,5
Fukuyama,8,1,4,5,1,4,5
Fukuyama's,10,4,1,5,3,1,4
Fulani,6,4,3,7,3,4,7
Fulani's,8,6,2,8,4,2,6
Fulbright,9,5,3,8,2,4,6
Fulbright's,11,3,3,6,3,3,6
Fuller,6,5,6,11,5,6,11
Fuller's,8,7,7,14,7,7,14
Fulton,6,4,5,9,4,5,9
Fulton's,8,6,4,10,6,4,10
Funafuti,8,2,2,4,2,2,4
Funafuti's,10,3,1,4,3,1,4
Fundy,5,5,7,12,5,7,12
Fundy's,7,6,5,11,6,4,10
Furtwängler,11,1,4,5,1,4,5
Furtwängler's,13,5,0,5,4,0,4
Fushun,6,4,4,8,3,5,8
Fushun's,8,5,4,9,4,5,9
Fuzhou,6,5,4,9,5,4,9
Fuzhou's,8,7,3,10,7,5,12
Fuzzbuster,10,4,1,5,4,1,5
Fuzzbuster's,12,3,2,5,3,1,4
G,1,1,6,7,1,6,7
G's,3,3,9,12,3,9,12
GE,2,2,2,4,2,2,4
GE's,4,4,2,6,4,1,5
GNU,3,2,5,7,2,5,7
GNU's,5,4,4,8,4,4,8
GTE,3,2,6,8,2,6,8
GTE's,5,3,6,9,3,6,9
Gable,5,5,2,7,5,1,6
Gable's,7,7,1,8,7,1,8
Gabon,5,4,3,7,4,3,7
Gabon's,7,6,3,9,6,2,8
Gaborone,8,3,2,5,3,2,5
Gaborone's,10,5,1,6,6,0,6
Gabriel,7,3,4,7,6,3,9
Gabriel's,9,8,1,9,8,1,9
Gabriela,8,4,2,6,3,1,4
Gabriela's,10,5,0,5,5,0,5
Gabrielle,9,1,3,4,1,3,4
Gabrielle's,11,3,2,5,3,1,4
Gacrux,6,3,4,7,3,4,7
Gacrux's,8,6,5,11,5,3,8
Gadsden,7,3,1,4,3,1,4
Gadsden's,9,4,2,6,3,2,5
Gaea,4,3,1,4,2,6,8
Gaea's,6,4,6,10,4,4,8
Gael,4,2,2,4,3,4,7
Gael's,6,5,2,7,5,2,7
Gaelic,6,2,3,5,2,3,5
Gaelic's,8,4,2,6,4,2,6
Gagarin,7,5,2,7,4,2,6
Gagarin's,9,7,1,8,6,1,7
Gage,4,3,7,10,3,5,8
Gage's,6,5,3,8,5,3,8
Gaia,4,3,2,5,3,4,7
Gaia's,6,5,4,9,5,4,9
Gail,4,4,2,6,4,2,6
Gail's,6,6,1,7,6,1,7
Gaiman,6,3,4,7,3,4,7
Gaiman's,8,5,3,8,5,3,8
Gaines,6,5,3,8,5,2,7
Gaines's,8,6,1,7,6,1,7
Gainsborough,12,3,0,3,3,0,3
Gainsborough's,14,1,2,3,3,0,3
Galahad,7,2,4,6,2,3,5
Galahad's,9,4,2,6,4,2,6
Galahads,8,3,3,6,3,2,5
Galapagos,9,2,3,5,3,2,5
Galapagos's,11,2,2,4,2,2,4
Galatea,7,3,4,7,3,4,7
Galatea's,9,5,1,6,4,2,6
Galatia,7,4,2,6,2,3,5
Galatia's,9,4,2,6,4,2,6
Galatians,9,4,3,7,4,3,7
Galatians's,11,6,0,6,4,0,4
Galbraith,9,2,3,5,2,3,5
Galbraith's,11,4,1,5,3,1,4
Gale,4,4,2,6,4,1,5
Gale's,6,6,1,7,6,1,7
Galen,5,4,5,9,4,5,9
Galen's,7,6,3,9,6,3,9
Galibi,6,3,4,7,3,4,7
Galibi's,8,4,3,7,5,3,8
Galilean,8,2,2,4,3,1,4
Galilean's,10,6,0,6,5,1,6
Galilee,7,3,1,4,3,0,3
Galilee's,9,5,0,5,5,0,5
Galileo,7,2,4,6,2,5,7
Galileo's,9,4,1,5,3,2,5
Gall,4,3,3,6,3,3,6
Gall's,6,5,2,7,5,2,7
Gallagher,9,4,3,7,4,3,7
Gallagher's,11,6,0,6,6,0,6
Gallegos,8,5,2,7,5,2,7
Gallegos's,10,3,1,4,4,0,4
Gallic,6,4,5,9,4,5,9
Gallic's,8,7,4,11,6,4,10
Gallo,5,3,5,8,3,5,8
Gallo's,7,5,4,9,5,4,9
Galloway,8,4,4,8,2,3,5
Galloway's,10,6,3,9,2,4,6
Gallup,6,2,6,8,3,6,9
Gallup's,8,4,7,11,5,5,10
Galois,6,6,5,11,6,5,11
Galois's,8,7,1,8,7,2,9
Galsworthy,10,2,2,4,2,2,4
Galsworthy's,12,3,1,4,3,1,4
Galvani,7,3,2,5,3,3,6
Galvani's,9,4,2,6,3,2,5
Galveston,9,4,0,4,4,0,4
Galveston's,11,4,0,4,4,0,4
Gamay,5,2,5,7,3,4,7
Gamay's,7,5,3,8,5,3,8
Gambia,6,5,2,7,5,2,7
Gambia's,8,7,3,10,7,3,10
Gamble,6,6,1,7,6,1,7
Gamble's,8,8,1,9,6,2,8
Gamow,5,3,6,9,3,6,9
Gamow's,7,6,5,11,5,5,10
Gandhi,6,4,4,8,4,4,8
Gandhi's,8,6,2,8,5,3,8
Gandhian,8,4,2,6,4,2,6
Gandhian's,10,6,1,7,5,1,6
Ganesha,7,4,0,4,3,1,4
Ganesha's,9,3,2,5,2,1,3
Ganges,6,5,3,8,5,4,9
Ganges's,8,5,0,5,5,0,5
Gangtok,7,4,3,7,4,2,6
Gangtok's,9,6,1,7,6,1,7
Gantry,6,6,2,8,6,2,8
Gantry's,8,8,4,12,8,1,9
Ganymede,8,2,2,4,2,2,4
Ganymede's,10,3,1,4,3,1,4
Gap,3,3,1,4,3,0,3
Gap's,5,5,4,9,5,3,8
Garbo,5,4,3,7,4,3,7
Garbo's,7,6,1,7,6,1,7
Garcia,6,4,3,7,3,4,7
Garcia's,8,7,1,8,7,1,8
Gardner,7,6,2,8,6,2,8
Gardner's,9,8,0,8,8,0,8
Gareth,6,5,3,8,4,2,6
Gareth's,8,6,1,7,6,1,7
Garfield,8,4,2,6,7,1,8
Garfield's,10,9,0,9,9,0,9
Garfunkel,9,4,2,6,3,2,5
Garfunkel's,11,5,0,5,4,0,4
Gargantua,9,2,3,5,2,3,5
Gargantua's,11,4,1,5,4,1,5
Garibaldi,9,1,2,3,1,2,3
Garibaldi's,11,3,2,5,3,1,4
Garland,7,3,3,6,4,2,6
Garland's,9,6,1,7,6,1,7
Garner,6,5,2,7,4,4,8
Garner's,8,7,3,10,7,3,10
Garrett,7,5,2,7,5,2,7
Garrett's,9,7,1,8,7,1,8
Garrick,7,4,3,7,4,5,9
Garrick's,9,6,3,9,6,3,9
Garrison,8,7,1,8,7,1,8
Garrison's,10,8,1,9,8,1,9
Garry,5,4,4,8,4,4,8
Garry's,7,6,2,8,6,2,8
Garth,5,4,7,11,4,7,11
Garth's,7,6,5,11,6,5,11
Garvey,6,6,5,11,6,5,11
Garvey's,8,8,3,11,8,3,11
Gary,4,4,6,10,4,6,10
Gary's,6,5,8,13,5,8,13
Garza,5,2,8,10,2,8,10
Garza's,7,4,7,11,4,7,11
Gascony,7,4,2,6,4,2,6
Gascony's,9,5,2,7,5,2,7
Gasser,6,5,4,9,5,4,9
Gasser's,8,6,1,7,6,1,7
Gates,5,5,2,7,5,2,7
Gates's,7,6,2,8,6,2,8
Gatling,7,5,2,7,5,2,7
Gatling's,9,6,1,7,6,1,7
Gatorade,8,3,2,5,3,1,4
Gatorade's,10,6,1,7,5,0,5
Gatsby,6,4,2,6,4,2,6
Gatsby's,8,5,2,7,5,2,7
Gatun,5,4,6,10,4,6,10
Gatun's,7,5,5,10,5,5,10
Gauguin,7,4,3,7,4,3,7
Gauguin's,9,6,3,9,6,2,8
Gaul,4,4,3,7,4,3,7
Gaul's,6,6,2,8,6,2,8
Gauls,5,5,4,9,5,3,8
Gauss,5,2,1,3,2,1,3
Gauss's,7,3,3,6,3,3,6
Gaussian,8,4,0,4,3,1,4
Gaussian's,10,2,1,3,2,1,3
Gautama,7,2,3,5,2,4,6
Gautama's,9,4,1,5,4,3,7
Gautier,7,7,2,9,5,3,8
Gautier's,9,7,2,9,6,1,7
Gavin,5,5,5,10,5,5,10
Gavin's,7,7,3,10,7,3,10
Gawain,6,2,2,4,2,2,4
Gawain's,8,4,1,5,4,1,5
Gay,3,3,3,6,3,4,7
Gay's,5,5,2,7,5,2,7
Gayle,5,4,3,7,4,2,6
Gayle's,7,6,2,8,6,3,9
Gaza,4,3,3,6,3,5,8
Gaza's,6,5,5,10,5,5,10
Gaziantep,9,3,3,6,3,3,6
Gaziantep's,11,5,1,6,3,1,4
Gd,2,2,8,10,2,8,10
Gd's,4,4,8,12,4,8,12
Gdansk,6,2,3,5,2,3,5
Gdansk's,8,3,2,5,4,2,6
Ge,2,2,2,4,2,2,4
Ge's,4,4,2,6,4,1,5
Geffen,6,3,5,8,3,5,8
Geffen's,8,5,3,8,5,2,7
Gehenna,7,2,2,4,2,2,4
Gehenna's,9,3,1,4,3,1,4
Gehrig,6,3,3,6,3,3,6
Gehrig's,8,6,2,8,6,2,8
Geiger,6,4,7,11,3,7,10
Geiger's,8,6,6,12,5,6,11
Gelbvieh,8,1,4,5,1,4,5
Gelbvieh's,10,3,2,5,3,2,5
Geller,6,4,2,6,4,2,6
Geller's,8,6,2,8,6,1,7
Gemini,6,3,2,5,3,2,5
Gemini's,8,5,2,7,5,0,5
Geminis,7,4,3,7,4,3,7
Gena,4,4,3,7,4,6,10
Gena's,6,6,2,8,6,2,8
Genaro,6,4,2,6,4,2,6
Genaro's,8,7,0,7,7,0,7
Gene,4,2,3,5,2,3,5
Gene's,6,4,2,6,4,3,7
Genesis,7,3,1,4,4,0,4
Genesis's,9,4,0,4,4,0,4
Genet,5,3,5,8,3,5,8
Genet's,7,5,3,8,5,3,8
Geneva,6,2,3,5,2,3,5
Geneva's,8,5,1,6,5,1,6
Genevieve,9,1,1,2,1,1,2
Genevieve's,11,2,0,2,2,0,2
Genghis,7,5,2,7,5,2,7
Genghis's,9,6,0,6,5,0,5
Genoa,5,4,3,7,4,5,9
Genoa's,7,6,2,8,6,3,9
Genoas,6,4,2,6,5,2,7
Gentile,7,5,2,7,5,1,6
Gentile's,9,7,0,7,7,1,8
Gentiles,8,5,1,6,5,1,6
Gentoo,6,4,3,7,4,4,8
Gentoo's,8,5,2,7,5,2,7
Gentry,6,5,2,7,5,2,7
Gentry's,8,7,1,8,7,1,8
Geo,3,3,1,4,3,1,4
Geo's,5,5,3,8,5,7,12
Geoffrey,8,2,2,4,2,2,4
Geoffrey's,10,3,0,3,3,0,3
George,6,3,3,6,3,0,3
George's,8,4,3,7,4,3,7
Georges,7,4,0,4,4,1,5
Georgetown,10,3,1,4,3,1,4
Georgetown's,12,4,0,4,4,0,4
Georgette,9,1,2,3,1,2,3
Georgette's,11,3,1,4,3,0,3
Georgia,7,4,1,5,3,2,5
Georgia's,9,6,0,6,5,0,5
Georgian,8,4,1,5,4,1,5
Georgian's,10,5,0,5,5,0,5
Georgians,9,5,1,6,5,1,6
Georgina,8,4,1,5,4,1,5
Georgina's,10,5,0,5,5,0,5
Gerald,6,6,2,8,6,2,8
Gerald's,8,8,1,9,8,2,10
Geraldine,9,3,1,4,4,1,5
Geraldine's,11,5,0,5,5,0,5
Gerard,6,2,1,3,2,1,3
Gerard's,8,4,0,4,4,1,5
Gerardo,7,3,3,6,3,2,5
Gerardo's,9,5,1,6,5,0,5
Gerber,6,3,1,4,3,2,5
Gerber's,8,5,1,6,5,1,6
Gere,4,3,1,4,3,0,3
Gere's,6,5,0,5,5,0,5
Geritol,7,3,2,5,4,2,6
Geritol's,9,6,1,7,7,0,7
German,6,6,2,8,6,2,8
German's,8,8,1,9,7,0,7
Germanic,8,4,1,5,4,2,6
Germanic's,10,6,0,6,5,0,5
Germans,7,5,2,7,4,4,8
Germany,7,4,2,6,3,5,8
Germany's,9,6,2,8,6,1,7
Geronimo,8,5,1,6,4,1,5
Geronimo's,10,5,1,6,4,1,5
Gerry,5,4,4,8,4,3,7
Gerry's,7,6,3,9,6,2,8
Gershwin,8,4,0,4,3,0,3
Gershwin's,10,5,0,5,6,0,6
Gertrude,8,2,4,6,2,3,5
Gertrude's,10,3,3,6,4,2,6
Gestapo,7,4,1,5,4,1,5
Gestapo's,9,6,0,6,6,0,6
Gestapos,8,5,0,5,5,0,5
Gethsemane,10,2,0,2,2,0,2
Gethsemane's,12,2,0,2,2,0,2
Getty,5,4,7,11,4,6,10
Getty's,7,6,5,11,6,4,10
Gettysburg,10,3,1,4,3,0,3
Gettysburg's,12,3,0,3,3,0,3
Gewürztraminer,14,2,1,3,2,1,3
Gewürztraminer's,16,2,0,2,3,0,3
Ghana,5,2,4,6,3,4,7
Ghana's,7,4,3,7,5,3,8
Ghanaian,8,2,2,4,2,2,4
Ghanian,7,3,2,5,3,2,5
Ghanian's,9,5,1,6,5,1,6
Ghanians,8,4,1,5,4,1,5
Ghats,5,5,4,9,5,4,9
Ghats's,7,3,3,6,3,3,6
Ghazvanid,9,2,3,5,2,3,5
Ghazvanid's,11,4,1,5,4,1,5
Ghent,5,3,5,8,3,5,8
Ghent's,7,5,4,9,5,4,9
Ghibelline,10,2,1,3,2,1,3
Ghibelline's,12,4,0,4,4,0,4
Giacometti,10,4,1,5,3,1,4
Giacometti's,12,6,0,6,4,0,4
Giannini,8,1,2,3,1,2,3
Giannini's,10,4,2,6,4,2,6
Giauque,7,4,2,6,4,1,5
Giauque's,9,6,1,7,5,2,7
Gibbon,6,3,5,8,5,4,9
Gibbon's,8,5,4,9,7,3,10
Gibbs,5,3,10,13,3,10,13
Gibbs's,7,4,4,8,4,4,8
Gibraltar,9,2,2,4,2,2,4
Gibraltar's,11,2,2,4,2,2,4
Gibraltars,10,3,1,4,3,1,4
Gibson,6,5,2,7,5,2,7
Gibson's,8,6,2,8,6,2,8
Gide,4,4,6,10,4,6,10
Gide's,6,6,8,14,6,9,15
Gideon,6,5,2,7,4,3,7
Gideon's,8,7,1,8,5,1,6
Gielgud,7,4,2,6,3,2,5
Gielgud's,9,6,1,7,5,1,6
Gienah,6,3,2,5,2,4,6
Gienah's,8,5,1,6,5,1,6
Gil,3,2,9,11,3,8,11
Gil's,5,4,5,9,5,6,11
Gila,4,4,2,6,4,2,6
Gila's,6,6,2,8,6,2,8
Gilbert,7,7,3,10,7,2,9
Gilbert's,9,9,2,11,9,1,10
Gilberto,8,4,1,5,6,2,8
Gilberto's,10,5,1,6,8,1,9
Gilchrist,9,4,1,5,4,1,5
Gilchrist's,11,5,0,5,4,1,5
Gilda,5,5,2,7,5,2,7
Gilda's,7,7,1,8,7,2,9
Gilead,6,4,3,7,4,2,6
Gilead's,8,6,2,8,6,2,8
Giles,5,5,3,8,5,3,8
Giles's,7,6,1,7,6,1,7
Gilgamesh,9,3,1,4,3,1,4
Gilgamesh's,11,4,0,4,4,0,4
Gill,4,3,5,8,3,5,8
Gill's,6,5,4,9,5,4,9
Gillespie,9,3,0,3,3,0,3
Gillespie's,11,4,0,4,3,0,3
Gillette,8,3,3,6,3,2,5
Gillette's,10,5,1,6,5,1,6
Gilliam,7,5,3,8,5,3,8
Gilliam's,9,7,4,11,7,2,9
Gillian,7,5,3,8,4,4,8
Gillian's,9,7,2,9,6,3,9
Gilligan,8,5,2,7,3,2,5
Gilligan's,10,7,1,8,5,2,7
Gilmore,7,3,3,6,3,3,6
Gilmore's,9,5,2,7,5,2,7
Gina,4,4,4,8,4,4,8
Gina's,6,6,4,10,6,4,10
Ginger,6,5,0,5,5,1,6
Ginger's,8,7,3,10,7,3,10
Gingrich,8,5,2,7,4,3,7
Gingrich's,10,7,3,10,3,3,6
Ginny,5,4,9,13,4,5,9
Ginny's,7,6,7,13,6,6,12
Gino,4,4,6,10,4,7,11
Gino's,6,6,6,12,6,7,13
Ginsberg,8,2,2,4,2,2,4
Ginsberg's,10,3,2,5,2,2,4
Ginsburg,8,3,2,5,3,2,5
Ginsburg's,10,4,2,6,3,2,5
Ginsu,5,3,4,7,3,4,7
Ginsu's,7,4,4,8,4,4,8
Giorgione,9,2,2,4,2,2,4
Giorgione's,11,4,1,5,3,1,4
Giotto,6,2,3,5,2,5,7
Giotto's,8,3,3,6,6,2,8
Giovanni,8,2,2,4,2,2,4
Giovanni's,10,5,1,6,4,1,5
Gipsies,7,4,2,6,3,2,5
Gipsy,5,4,3,7,4,3,7
Gipsy's,7,5,3,8,5,3,8
Giraudoux,9,2,2,4,2,2,4
Giraudoux's,11,4,1,5,3,1,4
Giselle,7,3,1,4,4,3,7
Giselle's,9,5,0,5,5,0,5
Gish,4,4,4,8,4,4,8
Gish's,6,5,3,8,5,3,8
GitHub,6,3,7,10,3,5,8
GitHub's,8,5,4,9,5,4,9
Giuliani,8,1,2,3,1,2,3
Giuliani's,10,4,2,6,4,2,6
Giuseppe,8,4,0,4,4,0,4
Giuseppe's,10,3,0,3,3,0,3
Giza,4,3,7,10,3,7,10
Giza's,6,5,7,12,5,7,12
Gladstone,9,7,0,7,6,0,6
Gladstone's,11,9,0,9,6,0,6
Gladstones,10,7,0,7,5,0,5
Gladys,6,4,5,9,4,5,9
Gladys's,8,4,2,6,4,2,6
Glaser,6,5,1,6,5,1,6
Glaser's,8,6,0,6,6,0,6
Glasgow,7,3,2,5,3,2,5
Glasgow's,9,3,2,5,3,2,5
Glass,5,4,1,5,4,1,5
Glass's,7,5,2,7,5,2,7
Glastonbury,11,3,1,4,3,1,4
Glastonbury's,13,3,0,3,3,0,3
Glaswegian,10,4,0,4,4,0,4
Glaswegian's,12,5,0,5,2,1,3
Glaxo,5,4,5,9,3,6,9
Glaxo's,7,4,6,10,5,5,10
Gleason,7,6,0,6,6,0,6
Gleason's,9,7,1,8,5,0,5
Glen,4,4,4,8,4,5,9
Glen's,6,6,3,9,6,3,9
Glenda,6,4,2,6,4,2,6
Glenda's,8,6,1,7,5,1,6
Glendale,8,2,2,4,2,2,4
Glenlivet,9,3,2,5,3,2,5
Glenlivet's,11,5,0,5,4,1,5
Glenn,5,3,3,6,3,2,5
Glenn's,7,5,2,7,5,1,6
Glenna,6,4,2,6,4,2,6
Glenna's,8,6,1,7,5,1,6
Gloria,6,3,3,6,3,3,6
Gloria's,8,4,2,6,4,2,6
Gloucester,10,4,1,5,3,0,3
Gloucester's,12,3,2,5,3,0,3
Glover,6,6,3,9,6,3,9
Glover's,8,8,1,9,8,1,9
Gnostic,7,3,2,5,3,2,5
Gnostic's,9,4,2,6,5,1,6
Gnosticism,10,2,0,2,1,1,2
Gnosticism's,12,3,0,3,2,0,2
Goa,3,3,2,5,3,2,5
Goa's,5,5,4,9,5,4,9
Gobi,4,3,9,12,3,10,13
Gobi's,6,5,8,13,4,7,11
God,3,3,3,6,3,4,7
God's,5,5,4,9,5,4,9
Goddard,7,3,3,6,3,2,5
Goddard's,9,5,1,6,5,2,7
Godiva,6,3,4,7,4,4,8
Godiva's,8,5,3,8,6,3,9
Godot,5,2,5,7,2,5,7
Godot's,7,4,4,8,5,4,9
Godthaab,8,1,3,4,1,3,4
Godthaab's,10,2,1,3,2,1,3
Godunov,7,3,4,7,2,5,7
Godunov's,9,5,2,7,4,3,7
Godzilla,8,4,2,6,4,2,6
Godzilla's,10,6,1,7,6,1,7
Goebbels,8,3,2,5,3,2,5
Goebbels's,10,4,1,5,3,0,3
Goering,7,3,2,5,3,2,5
Goering's,9,4,1,5,4,0,4
Goethals,8,6,2,8,6,1,7
Goethals's,10,3,1,4,3,0,3
Goethe,6,2,3,5,2,2,4
Goethe's,8,4,1,5,4,1,5
Goff,4,3,10,13,3,9,12
Goff's,6,4,10,14,5,8,13
Gog,3,2,9,11,2,8,10
Gog's,5,4,7,11,4,7,11
Gogol,5,1,6,7,2,4,6
Gogol's,7,4,4,8,4,3,7
Goiania,7,2,2,4,3,2,5
Goiania's,9,5,1,6,4,1,5
Golan,5,4,2,6,4,2,6
Golan's,7,6,1,7,6,1,7
Golconda,8,3,3,6,3,3,6
Golconda's,10,4,2,6,4,2,6
Golda,5,5,4,9,5,6,11
Golda's,7,7,4,11,7,4,11
Goldberg,8,4,2,6,3,3,6
Goldberg's,10,6,1,7,5,2,7
Golden,6,6,2,8,6,2,8
Golden's,8,8,1,9,8,1,9
Goldie,6,4,0,4,4,1,5
Goldie's,8,6,0,6,6,2,8
Goldilocks,10,5,3,8,4,2,6
Goldilocks's,12,4,0,4,2,1,3
Golding,7,6,3,9,6,3,9
Golding's,9,6,2,8,4,2,6
Goldman,7,5,4,9,4,3,7
Goldman's,9,7,2,9,6,3,9
Goldsmith,9,3,1,4,5,2,7
Goldsmith's,11,6,1,7,6,1,7
Goldwater,9,4,1,5,4,1,5
Goldwater's,11,6,0,6,6,0,6
Goldwyn,7,2,5,7,2,5,7
Goldwyn's,9,4,4,8,3,4,7
Golgi,5,3,7,10,2,8,10
Golgi's,7,4,6,10,4,7,11
Golgotha,8,3,3,6,3,3,6
Golgotha's,10,4,2,6,4,2,6
Goliath,7,4,2,6,4,3,7
Goliath's,9,5,2,7,5,1,6
Gomez,5,3,7,10,2,8,10
Gomez's,7,5,5,10,6,4,10
Gomorrah,8,3,3,6,3,3,6
Gomorrah's,10,5,2,7,4,1,5
Gompers,7,5,2,7,6,3,9
Gompers's,9,6,1,7,6,1,7
Gomulka,7,4,3,7,3,2,5
Gomulka's,9,4,1,5,4,1,5
Gondwanaland,12,1,3,4,1,3,4
Gondwanaland's,14,3,2,5,2,2,4
Gonzales,8,5,1,6,5,2,7
Gonzales's,10,4,1,5,3,1,4
Gonzalez,8,3,3,6,3,3,6
Gonzalez's,10,4,1,5,4,1,5
Gonzalo,7,3,3,6,2,4,6
Gonzalo's,9,5,2,7,4,2,6
Good,4,3,5,8,3,6,9
Good's,6,5,2,7,5,2,7
Goodall,7,3,3,6,4,3,7
Goodall's,9,6,2,8,6,1,7
Goodman,7,6,3,9,6,2,8
Goodman's,9,8,1,9,8,1,9
Goodrich,8,4,5,9,2,5,7
Goodrich's,10,6,3,9,4,3,7
Goodwill,8,5,4,9,4,4,8
Goodwill's,10,7,2,9,6,2,8
Goodwin,7,3,3,6,2,4,6
Goodwin's,9,7,2,9,7,2,9
Goodyear,8,2,3,5,5,1,6
Goodyear's,10,7,0,7,7,0,7
Google,6,3,3,6,3,3,6
Google's,8,5,4,9,5,2,7
Goolagong,9,2,3,5,2,3,5
Goolagong's,11,4,1,5,3,1,4
Gopher,6,5,3,8,4,4,8
Gorbachev,9,4,2,6,3,2,5
Gorbachev's,11,5,1,6,4,0,4
Gordian,7,4,3,7,4,4,8
Gordian's,9,6,3,9,5,3,8
Gordimer,8,5,1,6,4,1,5
Gordimer's,10,6,0,6,6,0,6
Gordon,6,5,6,11,5,7,12
Gordon's,8,7,4,11,7,5,12
Gore,4,4,1,5,4,1,5
Gore's,6,6,2,8,6,2,8
Goren,5,5,3,8,5,3,8
Goren's,7,7,2,9,7,2,9
Gorey,5,4,3,7,4,3,7
Gorey's,7,6,2,8,6,2,8
Gorgas,6,4,3,7,4,3,7
Gorgas's,8,5,2,7,2,3,5
Gorgonzola,10,2,3,5,1,3,4
Gorgonzola's,12,4,1,5,2,2,4
Gorky,5,5,4,9,4,7,11
Gorky's,7,6,3,9,6,5,11
Gospel,6,4,3,7,4,3,7
Gospel's,8,5,2,7,5,2,7
Gospels,7,5,2,7,5,2,7
Goth,4,4,7,11,4,7,11
Goth's,6,6,6,12,6,6,12
Gotham,6,5,4,9,4,6,10
Gotham's,8,6,3,9,5,4,9
Gothic,6,3,4,7,3,5,8
Gothic's,8,5,3,8,4,4,8
Gothics,7,4,5,9,4,5,9
Goths,5,5,7,12,5,7,12
Gouda,5,4,5,9,4,7,11
Gouda's,7,6,5,11,6,5,11
Goudas,6,4,3,7,4,3,7
Gould,5,5,6,11,5,6,11
Gould's,7,7,5,12,7,5,12
Gounod,6,3,4,7,2,5,7
Gounod's,8,4,2,6,4,2,6
Goya,4,4,5,9,3,5,8
Goya's,6,5,4,9,5,4,9
Grable,6,4,2,6,5,3,8
Grable's,8,6,2,8,6,0,6
Gracchus,8,4,4,8,4,2,6
Gracchus's,10,5,2,7,3,2,5
Grace,5,5,1,6,5,1,6
Grace's,7,7,0,7,7,0,7
Graceland,9,3,2,5,3,2,5
Graceland's,11,5,0,5,4,0,4
Gracie,6,6,1,7,6,1,7
Gracie's,8,8,1,9,6,1,7
Graciela,8,3,2,5,3,1,4
Graciela's,10,5,0,5,5,0,5
Grady,5,4,6,10,5,5,10
Grady's,7,6,4,10,6,5,11
Graffias,8,4,2,6,5,1,6
Graffias's,10,4,0,4,3,1,4
Grafton,7,5,4,9,5,4,9
Grafton's,9,7,3,10,7,2,9
Graham,6,2,3,5,2,3,5
Graham's,8,4,2,6,4,2,6
Grahame,7,3,1,4,3,0,3
Grahame's,9,5,0,5,5,0,5
Grail,5,4,6,10,4,6,10
Grail's,7,6,5,11,6,5,11
Grammy,6,4,5,9,4,4,8
Grammy's,8,5,3,8,5,4,9
Grampians,9,4,2,6,3,3,6
Grampians's,11,6,0,6,4,0,4
Granada,7,1,3,4,2,2,4
Granada's,9,3,1,4,3,1,4
Grant,5,5,3,8,5,3,8
Grant's,7,7,2,9,7,2,9
Grass,5,4,1,5,4,1,5
Grass's,7,5,2,7,5,2,7
Graves,6,6,2,8,6,2,8
Graves's,8,4,1,5,4,1,5
Gray,4,4,2,6,4,2,6
Gray's,6,6,2,8,6,2,8
Grecian,7,4,1,5,4,1,5
Grecian's,9,6,0,6,6,0,6
Greece,6,4,0,4,4,0,4
Greece's,8,6,0,6,6,0,6
Greek,5,4,3,7,4,3,7
Greek's,7,6,2,8,6,2,8
Greeks,6,5,1,6,5,1,6
Greeley,7,3,2,5,3,2,5
Greeley's,9,4,0,4,3,0,3
Green,5,4,2,6,4,2,6
Green's,7,6,1,7,6,1,7
Greene,6,3,1,4,3,1,4
Greene's,8,5,1,6,5,1,6
Greenland,9,3,1,4,2,1,3
Greenland's,11,4,0,4,4,0,4
Greenpeace,10,1,1,2,1,1,2
Greenpeace's,12,3,0,3,3,0,3
Greensboro,10,6,1,7,6,0,6
Greensboro's,12,7,0,7,6,0,6
Greensleeves,12,2,0,2,2,0,2
Greensleeves's,14,2,0,2,2,0,2
Greenspan,9,2,0,2,2,0,2
Greenspan's,11,2,0,2,2,0,2
Greenwich,9,6,1,7,6,1,7
Greenwich's,11,8,0,8,8,0,8
Greer,5,3,1,4,3,1,4
Greer's,7,4,0,4,4,0,4
Greg,4,3,6,9,3,6,9
Greg's,6,5,5,10,5,4,9
Gregg,5,2,5,7,3,5,8
Gregg's,7,4,5,9,5,4,9
Gregorian,9,3,1,4,3,1,4
Gregorian's,11,4,0,4,3,0,3
Gregorio,8,4,1,5,4,1,5
Gregorio's,10,4,0,4,4,0,4
Gregory,7,3,1,4,3,1,4
Gregory's,9,5,0,5,4,0,4
Grenada,7,3,1,4,3,1,4
Grenada's,9,5,0,5,4,0,4
Grenadines,10,6,0,6,5,0,5
Grenadines's,12,3,0,3,3,0,3
Grendel,7,3,1,4,3,0,3
Grendel's,9,5,1,6,5,1,6
Grenoble,8,3,2,5,3,2,5
Grenoble's,10,6,1,7,6,1,7
Gresham,7,4,0,4,4,0,4
Gresham's,9,3,1,4,5,0,5
Greta,5,3,2,5,3,2,5
Greta's,7,5,1,6,5,1,6
Gretchen,8,3,2,5,3,2,5
Gretchen's,10,5,0,5,5,0,5
Gretel,6,2,3,5,2,3,5
Gretel's,8,5,0,5,5,0,5
Gretzky,7,4,2,6,3,3,6
Gretzky's,9,5,1,6,5,1,6
Grey,4,4,3,7,4,2,6
Grey's,6,6,0,6,6,0,6
Grieg,5,4,3,7,4,2,6
Grieg's,7,6,1,7,6,0,6
Griffin,7,3,3,6,2,3,5
Griffin's,9,4,3,7,4,3,7
Griffith,8,3,4,7,3,4,7
Griffith's,10,4,3,7,3,4,7
Grimes,6,6,2,8,6,3,9
Grimes's,8,4,2,6,4,2,6
Grimm,5,3,8,11,3,8,11
Grimm's,7,6,6,12,5,7,12
Grinch,6,2,6,8,3,5,8
Grinch's,8,7,3,10,7,4,11
Gris,4,4,3,7,4,3,7
Gris's,6,5,2,7,5,2,7
Gromyko,7,3,4,7,3,4,7
Gromyko's,9,5,2,7,5,2,7
Gropius,7,4,4,8,5,4,9
Gropius's,9,7,1,8,8,3,11
Gross,5,4,1,5,4,1,5
Gross's,7,5,2,7,5,2,7
Grosz,5,1,6,7,1,6,7
Grosz's,7,3,6,9,2,6,8
Grotius,7,4,3,7,4,3,7
Grotius's,9,4,2,6,7,4,11
Grover,6,5,1,6,5,1,6
Grover's,8,7,1,8,7,1,8
Grumman,7,3,4,7,3,4,7
Grumman's,9,5,1,6,4,3,7
Grundy,6,5,5,10,5,7,12
Grundy's,8,5,5,10,3,5,8
Grus,4,4,4,8,4,4,8
Grus's,6,4,4,8,4,4,8
Gruyeres,8,3,2,5,3,2,5
Gruyère,7,2,5,7,2,4,6
Gruyère's,9,4,3,7,5,3,8
Grünewald,9,4,1,5,3,1,4
Grünewald's,11,5,0,5,4,0,4
Guadalajara,11,1,3,4,1,3,4
Guadalajara's,13,3,2,5,2,2,4
Guadalcanal,11,1,3,4,1,3,4
Guadalcanal's,13,3,2,5,2,2,4
Guadalquivir,12,1,1,2,1,1,2
Guadalquivir's,14,3,2,5,3,0,3
Guadalupe,9,2,2,4,2,2,4
Guadalupe's,11,4,1,5,3,1,4
Guadeloupe,10,4,2,6,3,2,5
Guadeloupe's,12,5,1,6,5,1,6
Guallatiri,10,2,2,4,3,2,5
Guallatiri's,12,4,1,5,4,1,5
Guam,4,2,9,11,3,6,9
Guam's,6,4,8,12,5,6,11
Guangzhou,9,2,3,5,2,3,5
Guangzhou's,11,4,2,6,4,2,6
Guantanamo,10,1,3,4,1,3,4
Guantanamo's,12,2,1,3,2,2,4
Guarani,7,3,2,5,3,3,6
Guarani's,9,4,2,6,4,2,6
Guarnieri,9,3,1,4,3,1,4
Guarnieri's,11,5,0,5,4,0,4
Guatemala,9,3,2,5,2,3,5
Guatemala's,11,4,1,5,3,2,5
Guatemalan,10,3,1,4,2,2,4
Guatemalan's,12,5,0,5,3,1,4
Guatemalans,11,4,1,5,3,1,4
Guayaquil,9,2,2,4,2,2,4
Guayaquil's,11,5,1,6,3,2,5
Gucci,5,3,4,7,3,5,8
Gucci's,7,5,3,8,4,4,8
Guelph,6,2,5,7,2,5,7
Guelph's,8,4,3,7,3,4,7
Guernsey,8,4,0,4,4,0,4
Guernsey's,10,5,0,5,3,0,3
Guernseys,9,4,1,5,4,0,4
Guerra,6,2,2,4,2,2,4
Guerra's,8,4,1,5,4,1,5
Guerrero,8,2,1,3,2,1,3
Guerrero's,10,4,0,4,3,0,3
Guevara,7,3,1,4,3,1,4
Guevara's,9,4,0,4,4,0,4
Guggenheim,10,2,2,4,4,1,5
Guggenheim's,12,4,1,5,4,1,5
Guiana,6,3,3,6,3,3,6
Guiana's,8,5,2,7,5,2,7
Guillermo,9,3,1,4,2,2,4
Guillermo's,11,4,1,5,4,1,5
Guinea,6,3,5,8,3,5,8
Guinea's,8,5,3,8,5,3,8
Guinean,7,2,2,4,2,2,4
Guinean's,9,6,1,7,5,2,7
Guineans,8,4,2,6,4,2,6
Guinevere,9,2,1,3,2,1,3
Guinevere's,11,3,0,3,3,0,3
Guinness,8,5,0,5,5,0,5
Guinness's,10,6,0,6,6,0,6
Guiyang,7,3,2,5,3,5,8
Guiyang's,9,4,4,8,5,4,9
Guizot,6,3,3,6,3,3,6
Guizot's,8,5,2,7,4,5,9
Gujarat,7,4,3,7,4,2,6
Gujarat's,9,6,1,7,6,1,7
Gujarati,8,2,2,4,2,2,4
Gujarati's,10,4,1,5,4,1,5
Gujranwala,10,1,4,5,1,3,4
Gujranwala's,12,2,1,3,2,2,4
Gullah,6,5,5,10,5,5,10
Gullah's,8,7,4,11,7,4,11
Gulliver,8,5,2,7,5,1,6
Gulliver's,10,7,0,7,7,0,7
Gumbel,6,4,4,8,4,4,8
Gumbel's,8,5,2,7,6,3,9
Gunther,7,3,6,9,3,6,9
Gunther's,9,8,4,12,8,2,10
Guofeng,7,5,3,8,4,3,7
Guofeng's,9,5,2,7,5,2,7
Gupta,5,4,5,9,4,5,9
Gupta's,7,6,4,10,6,4,10
Gurkha,6,3,5,8,3,5,8
Gurkha's,8,5,4,9,5,4,9
Gus,3,3,6,9,3,6,9
Gus's,5,4,3,7,4,3,7
Gustav,6,3,3,6,3,3,6
Gustav's,8,5,2,7,5,2,7
Gustavo,7,5,2,7,5,2,7
Gustavo's,9,6,1,7,6,2,8
Gustavus,8,3,2,5,3,2,5
Gustavus's,10,3,0,3,3,1,4
Gutenberg,9,2,1,3,2,1,3
Gutenberg's,11,3,0,3,3,0,3
Guthrie,7,3,3,6,5,2,7
Guthrie's,9,5,2,7,5,2,7
Gutierrez,9,3,1,4,3,1,4
Gutierrez's,11,4,0,4,4,0,4
Guy,3,3,5,8,3,5,8
Guy's,5,5,5,10,5,5,10
Guyana,6,4,3,7,4,3,7
Guyana's,8,6,2,8,6,2,8
Guyanese,8,4,0,4,3,0,3
Guyanese's,10,5,1,6,3,0,3
Guzman,6,5,5,10,5,5,10
Guzman's,8,7,2,9,7,2,9
Gwalior,7,4,4,8,4,2,6
Gwalior's,9,5,1,6,5,2,7
Gwen,4,3,7,10,2,7,9
Gwen's,6,5,5,10,5,5,10
Gwendoline,10,3,1,4,3,1,4
Gwendoline's,12,3,0,3,4,0,4
Gwendolyn,9,2,2,4,2,2,4
Gwendolyn's,11,4,1,5,3,2,5
Gwyn,4,1,6,7,1,6,7
Gwyn's,6,3,5,8,3,5,8
Gypsies,7,4,2,6,3,2,5
Gypsy,5,2,5,7,2,4,6
Gypsy's,7,4,5,9,3,5,8
Gödel,5,2,6,8,2,6,8
Gödel's,7,5,4,9,5,4,9
Göteborg,8,4,3,7,4,2,6
Göteborg's,10,6,1,7,5,1,6
H,1,1,7,8,1,7,8
H's,3,3,10,13,3,10,13
HBO,3,2,2,4,2,2,4
HBO's,5,4,4,8,4,4,8
HSBC,4,1,5,6,1,5,6
HSBC's,6,3,2,5,2,3,5
Haas,4,3,0,3,3,1,4
Haas's,6,3,1,4,3,1,4
Habakkuk,8,2,4,6,2,4,6
Habakkuk's,10,4,3,7,3,4,7
Haber,5,4,4,8,4,4,8
Haber's,7,6,3,9,6,1,7
Hadar,5,3,3,6,3,5,8
Hadar's,7,5,1,6,5,3,8
Hades,5,5,4,9,5,5,10
Hades's,7,5,3,8,5,2,7
Hadrian,7,4,3,7,4,2,6
Hadrian's,9,6,2,8,6,2,8
Hafiz,5,3,8,11,3,8,11
Hafiz's,7,5,7,12,4,8,12
Hagar,5,3,6,9,3,6,9
Hagar's,7,4,5,9,4,5,9
Haggai,6,2,6,8,2,8,10
Haggai's,8,4,5,9,4,7,11
Hagiographa,11,2,2,4,2,2,4
Hagiographa's,13,3,2,5,3,1,4
Hague,5,5,3,8,5,3,8
Hague's,7,5,4,9,5,4,9
Hahn,4,3,6,9,3,6,9
Hahn's,6,5,5,10,5,5,10
Haifa,5,3,5,8,2,7,9
Haifa's,7,5,4,9,4,6,10
Haiphong,8,4,2,6,3,2,5
Haiphong's,10,6,1,7,5,2,7
Haiti,5,2,4,6,2,4,6
Haiti's,7,5,3,8,5,3,8
Haitian,7,3,2,5,4,2,6
Haitian's,9,5,1,6,5,1,6
Haitians,8,4,2,6,4,2,6
Hakka,5,2,6,8,2,6,8
Hakka's,7,4,5,9,4,4,8
Hakluyt,7,4,5,9,3,4,7
Hakluyt's,9,6,4,10,6,4,10
Hal,3,3,7,10,3,8,11
Hal's,5,5,9,14,5,9,14
Haldane,7,3,4,7,3,3,6
Haldane's,9,5,2,7,5,2,7
Hale,4,4,3,7,4,2,6
Hale's,6,6,3,9,6,3,9
Haleakala,9,2,2,4,3,2,5
Haleakala's,11,4,2,6,3,2,5
Haley,5,5,3,8,5,3,8
Haley's,7,7,2,9,7,2,9
Halifax,7,3,3,6,3,3,6
Halifax's,9,6,3,9,4,5,9
Hall,4,3,4,7,3,4,7
Hall's,6,5,3,8,5,3,8
Halley,6,5,4,9,5,4,9
Halley's,8,7,2,9,7,2,9
Halliburton,11,2,2,4,2,2,4
Halliburton's,13,3,0,3,3,1,4
Hallie,6,5,3,8,5,3,8
Hallie's,8,6,5,11,6,3,9
Hallmark,8,5,4,9,5,3,8
Hallmark's,10,7,2,9,7,1,8
Hallowe'en,10,1,2,3,1,2,3
Halloween,9,3,2,5,2,2,4
Halloween's,11,5,0,5,4,0,4
Halloweens,10,3,1,4,3,1,4
Hallstatt,9,2,2,4,3,3,6
Hallstatt's,11,3,1,4,3,2,5
Halon,5,5,5,10,5,5,10
Halon's,7,7,4,11,7,4,11
Hals,4,3,7,10,3,7,10
Hals's,6,5,1,6,5,1,6
Halsey,6,4,4,8,3,4,7
Halsey's,8,5,2,7,6,2,8
Ham,3,3,0,3,3,1,4
Ham's,5,5,3,8,5,4,9
Haman,5,3,5,8,2,5,7
Haman's,7,5,3,8,5,3,8
Hamburg,7,3,6,9,2,6,8
Hamburg's,9,5,5,10,5,5,10
Hamburgs,8,4,4,8,4,4,8
Hamhung,7,3,4,7,4,3,7
Hamhung's,9,5,2,7,5,2,7
Hamilcar,8,3,2,5,3,2,5
Hamilcar's,10,5,1,6,4,2,6
Hamill,6,2,4,6,2,4,6
Hamill's,8,6,3,9,4,3,7
Hamilton,8,5,2,7,3,2,5
Hamilton's,10,7,1,8,5,2,7
Hamiltonian,11,3,1,4,4,2,6
Hamiltonian's,13,3,1,4,5,1,6
Hamitic,7,3,2,5,3,5,8
Hamitic's,9,5,3,8,5,3,8
Hamlet,6,5,3,8,5,3,8
Hamlet's,8,7,1,8,7,1,8
Hamlin,6,3,6,9,3,6,9
Hamlin's,8,5,5,10,5,5,10
Hammarskjold,12,2,1,3,2,1,3
Hammarskjold's,14,2,1,3,2,1,3
Hammerstein,11,3,0,3,3,0,3
Hammerstein's,13,3,0,3,3,0,3
Hammett,7,3,3,6,3,4,7
Hammett's,9,5,1,6,5,1,6
Hammond,7,4,4,8,3,3,6
Hammond's,9,5,2,7,5,2,7
Hammurabi,9,2,2,4,2,2,4
Hammurabi's,11,4,3,7,5,3,8
Hampshire,9,4,1,5,3,1,4
Hampshire's,11,5,1,6,5,1,6
Hampton,7,3,4,7,3,4,7
Hampton's,9,5,3,8,5,3,8
Hamsun,6,4,3,7,3,3,6
Hamsun's,8,5,3,8,4,3,7
Han,3,3,5,8,3,5,8
Han's,5,5,7,12,5,7,12
Hancock,7,4,5,9,5,2,7
Hancock's,9,6,2,8,7,1,8
Handel,6,5,2,7,5,2,7
Handel's,8,7,1,8,7,1,8
Handy,5,5,4,9,5,4,9
Handy's,7,7,3,10,7,3,10
Haney,5,3,5,8,3,5,8
Haney's,7,5,3,8,5,3,8
Hangul,6,5,4,9,5,4,9
Hangul's,8,6,4,10,5,3,8
Hangzhou,8,2,4,6,3,3,6
Hangzhou's,10,5,1,6,4,2,6
Hank,4,4,4,8,4,5,9
Hank's,6,6,4,10,6,4,10
Hanna,5,3,3,6,3,3,6
Hanna's,7,5,2,7,5,2,7
Hannah,6,2,2,4,2,2,4
Hannah's,8,4,1,5,4,1,5
Hannibal,8,6,2,8,6,2,8
Hannibal's,10,8,1,9,8,1,9
Hanoi,5,4,3,7,4,3,7
Hanoi's,7,5,3,8,5,3,8
Hanover,7,4,3,7,4,3,7
Hanover's,9,7,3,10,5,3,8
Hanoverian,10,2,1,3,2,1,3
Hanoverian's,12,4,0,4,4,0,4
Hans,4,4,6,10,4,9,13
Hans's,6,5,2,7,5,2,7
Hansel,6,5,2,7,5,2,7
Hansel's,8,5,1,6,6,1,7
Hansen,6,5,2,7,5,2,7
Hansen's,8,6,1,7,6,1,7
Hanson,6,5,1,6,5,1,6
Hanson's,8,6,1,7,6,1,7
Hanukkah,8,2,3,5,2,4,6
Hanukkah's,10,4,2,6,4,1,5
Hanukkahs,9,3,3,6,3,4,7
Hapsburg,8,2,2,4,2,2,4
Hapsburg's,10,3,2,5,2,2,4
Harare,6,3,1,4,3,1,4
Harare's,8,5,2,7,3,0,3
Harbin,6,4,6,10,4,6,10
Harbin's,8,6,5,11,6,5,11
Hardin,6,5,5,10,5,5,10
Hardin's,8,7,4,11,7,4,11
Harding,7,7,4,11,7,4,11
Harding's,9,8,1,9,8,1,9
Hardy,5,5,2,7,5,2,7
Hardy's,7,6,3,9,6,3,9
Hargreaves,10,3,0,3,3,0,3
Hargreaves's,12,3,1,4,3,1,4
Harlan,6,3,4,7,4,5,9
Harlan's,8,5,3,8,6,4,10
Harlem,6,5,3,8,5,3,8
Harlem's,8,7,1,8,7,1,8
Harlequin,9,4,1,5,4,1,5
Harlequin's,11,6,0,6,5,0,5
Harley,6,6,3,9,6,3,9
Harley's,8,8,1,9,8,1,9
Harlow,6,5,4,9,5,4,9
Harlow's,8,7,3,10,7,3,10
Harmon,6,5,3,8,5,3,8
Harmon's,8,7,2,9,7,2,9
Harold,6,3,4,7,3,4,7
Harold's,8,5,2,7,6,2,8
Harper,6,4,5,9,4,5,9
Harper's,8,6,4,10,6,4,10
Harrell,7,4,4,8,4,4,8
Harrell's,9,6,3,9,6,3,9
Harriet,7,3,2,5,3,2,5
Harriet's,9,7,0,7,7,0,7
Harriett,8,3,1,4,3,2,5
Harriett's,10,5,1,6,5,1,6
Harrington,10,5,2,7,4,2,6
Harrington's,12,6,1,7,4,1,5
Harris,6,4,3,7,4,3,7
Harris's,8,5,2,7,5,3,8
Harrisburg,10,3,2,5,3,1,4
Harrisburg's,12,4,1,5,3,1,4
Harrison,8,6,2,8,6,2,8
Harrison's,10,7,2,9,7,2,9
Harrods,7,4,4,8,4,4,8
Harrods's,9,5,3,8,4,3,7
Harry,5,4,2,6,4,2,6
Harry's,7,6,3,9,6,3,9
Hart,4,4,3,7,4,3,7
Hart's,6,6,2,8,6,2,8
Harte,5,3,5,8,3,5,8
Harte's,7,6,3,9,6,3,9
Hartford,8,3,3,6,3,3,6
Hartford's,10,5,2,7,5,1,6
Hartline,8,8,2,10,8,1,9
Hartline's,10,9,1,10,7,0,7
Hartman,7,5,4,9,5,3,8
Hartman's,9,5,3,8,5,3,8
Harvard,7,3,5,8,3,3,6
Harvard's,9,5,3,8,5,2,7
Harvey,6,5,6,11,5,6,11
Harvey's,8,7,4,11,7,4,11
Hasbro,6,3,3,6,3,3,6
Hasbro's,8,5,3,8,3,3,6
Hasidim,7,2,0,2,2,1,3
Hasidim's,9,4,1,5,3,1,4
Hastings,8,7,2,9,7,2,9
Hastings's,10,5,1,6,4,1,5
Hatfield,8,7,1,8,6,2,8
Hatfield's,10,8,1,9,8,1,9
Hathaway,8,2,3,5,2,3,5
Hathaway's,10,4,1,5,3,1,4
Hatsheput,9,2,1,3,3,0,3
Hatsheput's,11,2,1,3,2,1,3
Hatteras,8,5,1,6,4,1,5
Hatteras's,10,3,2,5,3,1,4
Hattie,6,4,6,10,4,6,10
Hattie's,8,7,4,11,7,4,11
Hauptmann,9,2,4,6,2,5,7
Hauptmann's,11,5,2,7,5,3,8
Hausa,5,3,1,4,3,1,4
Hausa's,7,4,1,5,4,1,5
Hausdorff,9,3,2,5,4,2,6
Hausdorff's,11,4,1,5,3,1,4
Havana,6,3,3,6,3,3,6
Havana's,8,5,2,7,5,2,7
Havanas,7,4,3,7,4,1,5
Havarti,7,3,3,6,3,3,6
Havarti's,9,5,2,7,5,2,7
Havel,5,4,6,10,4,6,10
Havel's,7,6,4,10,6,4,10
Havoline,8,6,3,9,4,2,6
Havoline's,10,8,2,10,6,1,7
Hawaii,6,2,5,7,2,5,7
Hawaii's,8,4,5,9,5,5,10
Hawaiian,8,1,2,3,1,2,3
Hawaiian's,10,5,1,6,5,1,6
Hawaiians,9,4,2,6,3,2,5
Hawking,7,5,8,13,7,7,14
Hawking's,9,7,3,10,7,3,10
Hawkins,7,6,3,9,6,3,9
Hawkins's,9,5,2,7,5,4,9
Hawthorne,9,3,2,5,3,2,5
Hawthorne's,11,5,1,6,4,0,4
Hay,3,3,4,7,3,5,8
Hay's,5,5,3,8,5,3,8
Hayden,6,5,3,8,5,3,8
Hayden's,8,7,2,9,7,2,9
Haydn,5,2,3,5,2,3,5
Haydn's,7,4,5,9,4,5,9
Hayes,5,4,11,15,5,11,16
Hayes's,7,5,2,7,5,2,7
Haynes,6,4,4,8,4,4,8
Haynes's,8,5,2,7,5,2,7
Hays,4,4,2,6,4,3,7
Hays's,6,4,3,7,4,3,7
Haywood,7,4,5,9,3,5,8
Haywood's,9,6,3,9,5,3,8
Hayworth,8,5,3,8,4,3,7
Hayworth's,10,5,2,7,5,2,7
Hazel,5,5,5,10,5,5,10
Hazel's,7,7,3,10,7,3,10
Hazlitt,7,4,4,8,3,4,7
Hazlitt's,9,5,5,10,5,5,10
He,2,2,3,5,2,3,5
He's,4,4,5,9,4,4,8
Head,4,4,3,7,4,5,9
Head's,6,6,3,9,6,2,8
Hearst,6,3,0,3,3,0,3
Hearst's,8,4,1,5,3,0,3
Heath,5,3,2,5,3,4,7
Heath's,7,5,0,5,5,3,8
Heather,7,4,2,6,4,2,6
Heather's,9,7,0,7,5,0,5
Heaviside,9,4,0,4,4,0,4
Heaviside's,11,5,0,5,5,0,5
Hebe,4,2,2,4,2,2,4
Hebe's,6,4,1,5,4,2,6
Hebert,6,4,1,5,4,1,5
Hebert's,8,6,0,6,4,1,5
Hebraic,7,4,1,5,3,4,7
Hebraic's,9,5,1,6,5,1,6
Hebrew,6,3,2,5,3,2,5
Hebrew's,8,5,0,5,5,0,5
Hebrews,7,4,0,4,4,0,4
Hebrews's,9,5,0,5,5,0,5
Hebrides,8,5,0,5,4,0,4
Hebrides's,10,4,1,5,3,0,3
Hecate,6,4,4,8,3,4,7
Hecate's,8,6,2,8,6,1,7
Hector,6,6,1,7,6,1,7
Hector's,8,8,0,8,8,1,9
Hecuba,6,2,6,8,2,6,8
Hecuba's,8,4,4,8,4,5,9
Heep,4,3,2,5,3,1,4
Heep's,6,5,1,6,5,1,6
Hefner,6,3,4,7,3,4,7
Hefner's,8,5,4,9,5,1,6
Hegel,5,3,4,7,3,4,7
Hegel's,7,5,2,7,5,2,7
Hegelian,8,3,2,5,3,2,5
Hegelian's,10,5,1,6,4,1,5
Hegira,6,4,2,6,4,2,6
Hegira's,8,6,1,7,5,3,8
Heidegger,9,2,1,3,2,1,3
Heidegger's,11,3,0,3,3,0,3
Heidelberg,10,2,1,3,1,2,3
Heidelberg's,12,4,0,4,2,1,3
Heidi,5,3,3,6,3,7,10
Heidi's,7,5,6,11,5,6,11
Heifetz,7,3,1,4,3,2,5
Heifetz's,9,5,0,5,5,1,6
Heimlich,8,2,2,4,2,2,4
Heimlich's,10,7,1,8,7,1,8
Heine,5,3,4,7,2,4,6
Heine's,7,4,4,8,4,3,7
Heineken,8,1,3,4,1,3,4
Heineken's,10,2,1,3,2,1,3
Heinlein,8,2,2,4,2,3,5
Heinlein's,10,4,0,4,4,1,5
Heinrich,8,3,1,4,3,1,4
Heinrich's,10,6,2,8,6,2,8
Heinz,5,4,3,7,4,4,8
Heinz's,7,6,2,8,6,3,9
Heisenberg,10,2,0,2,2,0,2
Heisenberg's,12,2,0,2,2,0,2
Heisman,7,4,0,4,4,0,4
Heisman's,9,4,0,4,4,0,4
Helen,5,3,4,7,3,4,7
Helen's,7,5,2,7,5,2,7
Helena,6,2,4,6,2,4,6
Helena's,8,5,1,6,5,1,6
Helene,6,3,1,4,3,1,4
Helene's,8,3,0,3,3,0,3
Helga,5,3,4,7,3,5,8
Helga's,7,5,3,8,5,4,9
Helicon,7,6,1,7,4,2,6
Helicon's,9,6,1,7,8,1,9
Heliopolis,10,3,2,5,3,1,4
Heliopolis's,12,4,0,4,4,0,4
Helios,6,5,3,8,5,4,9
Helios's,8,4,1,5,5,1,6
Hell,4,3,4,7,3,3,6
Hell's,6,5,4,9,5,3,8
Hellenic,8,2,2,4,2,2,4
Hellenic's,10,5,0,5,3,1,4
Hellenism,9,5,0,5,3,0,3
Hellenism's,11,5,2,7,3,0,3
Hellenisms,10,4,1,5,2,1,3
Hellenistic,11,3,0,3,3,0,3
Hellenistic's,13,3,0,3,3,0,3
Hellenization,13,6,1,7,4,1,5
Hellenization's,15,7,0,7,5,0,5
Hellenize,9,4,2,6,1,3,4
Hellenize's,11,6,0,6,6,0,6
Heller,6,4,3,7,4,3,7
Heller's,8,6,3,9,6,2,8
Hellespont,10,4,0,4,3,1,4
Hellespont's,12,3,0,3,3,0,3
Hellman,7,4,3,7,4,1,5
Hellman's,9,5,1,6,7,1,8
Hells,5,4,4,8,4,3,7
Helmholtz,9,2,3,5,2,3,5
Helmholtz's,11,3,2,5,3,2,5
Helsinki,8,4,0,4,3,0,3
Helsinki's,10,4,0,4,4,0,4
Helvetius,9,3,2,5,5,1,6
Helvetius's,11,5,0,5,4,0,4
Hemingway,9,4,1,5,3,1,4
Hemingway's,11,4,0,4,4,0,4
Hench,5,2,6,8,3,3,6
Hench's,7,5,2,7,5,2,7
Henderson,9,3,0,3,3,0,3
Henderson's,11,4,0,4,4,0,4
Hendricks,9,5,1,6,4,2,6
Hendricks's,11,3,0,3,3,0,3
Hendrix,7,6,2,8,4,3,7
Hendrix's,9,8,1,9,8,1,9
Henley,6,2,3,5,2,3,5
Henley's,8,6,1,7,5,1,6
Hennessy,8,1,1,2,1,1,2
Hennessy's,10,1,1,2,1,1,2
Henri,5,5,2,7,5,2,7
Henri's,7,7,1,8,7,1,8
Henrietta,9,2,2,4,2,2,4
Henrietta's,11,4,0,4,4,0,4
Henry,5,4,3,7,4,3,7
Henry's,7,6,2,8,6,2,8
Hensley,7,4,0,4,3,1,4
Hensley's,9,5,2,7,4,0,4
Henson,6,4,1,5,4,1,5
Henson's,8,5,1,6,5,1,6
Hepburn,7,4,4,8,2,3,5
Hepburn's,9,6,3,9,5,1,6
Hephaestus,10,2,1,3,3,0,3
Hephaestus's,12,3,0,3,2,0,2
Hepplewhite,11,2,2,4,1,2,3
Hepplewhite's,13,4,1,5,3,0,3
Hera,4,4,1,5,4,5,9
Hera's,6,6,2,8,6,2,8
Heraclitus,10,7,1,8,4,1,5
Heraclitus's,12,8,0,8,5,0,5
Herbart,7,4,2,6,3,3,6
Herbart's,9,5,1,6,5,1,6
Herbert,7,4,1,5,4,1,5
Herbert's,9,6,0,6,6,0,6
Herculaneum,11,2,2,4,2,1,3
Herculaneum's,13,3,1,4,3,0,3
Hercules,8,4,2,6,4,2,6
Hercules's,10,2,1,3,4,0,4
Herder,6,3,1,4,3,0,3
Herder's,8,5,1,6,5,1,6
Hereford,8,2,1,3,2,1,3
Hereford's,10,4,0,4,3,0,3
Herero,6,2,0,2,2,1,3
Herero's,8,4,0,4,3,0,3
Heriberto,9,3,2,5,3,2,5
Heriberto's,11,4,0,4,4,0,4
Herman,6,5,3,8,5,3,8
Herman's,8,7,2,9,7,1,8
Hermaphroditus,14,3,0,3,6,0,6
Hermaphroditus's,16,2,0,2,2,0,2
Hermes,6,5,0,5,5,1,6
Hermes's,8,6,0,6,6,0,6
Herminia,8,3,1,4,3,1,4
Herminia's,10,5,0,5,5,0,5
Hermitage,9,5,1,6,4,1,5
Hermitage's,11,7,0,7,5,0,5
Hermite,7,4,2,6,4,0,4
Hermite's,9,6,1,7,6,0,6
Hermosillo,10,3,1,4,3,1,4
Hermosillo's,12,3,0,3,2,1,3
Hernandez,9,6,2,8,6,2,8
Hernandez's,11,8,1,9,8,1,9
Herod,5,5,4,9,5,3,8
Herod's,7,7,3,10,7,2,9
Herodotus,9,3,3,6,3,3,6
Herodotus's,11,3,1,4,3,1,4
Herrera,7,2,2,4,2,1,3
Herrera's,9,4,1,5,3,0,3
Herrick,7,5,4,9,4,4,8
Herrick's,9,8,3,11,6,3,9
Herring,7,5,2,7,5,2,7
Herring's,9,8,1,9,7,2,9
Herschel,8,3,0,3,3,0,3
Herschel's,10,4,0,4,3,0,3
Hersey,6,4,1,5,4,2,6
Hersey's,8,5,1,6,5,1,6
Hershel,7,5,0,5,5,1,6
Hershel's,9,6,0,6,6,0,6
Hershey,7,4,1,5,4,2,6
Hershey's,9,5,1,6,5,1,6
Hertz,5,4,3,7,4,2,6
Hertz's,7,6,2,8,6,1,7
Hertzsprung,11,3,0,3,3,0,3
Hertzsprung's,13,3,0,3,3,0,3
Herzegovina,11,3,1,4,2,2,4
Herzegovina's,13,2,1,3,3,0,3
Herzl,5,4,3,7,4,2,6
Herzl's,7,6,2,8,6,1,7
Heshvan,7,3,2,5,3,2,5
Heshvan's,9,6,1,7,4,1,5
Hesiod,6,4,2,6,4,2,6
Hesiod's,8,6,1,7,6,1,7
Hesperus,8,3,2,5,5,1,6
Hesperus's,10,5,1,6,2,0,2
Hess,4,3,2,5,3,1,4
Hess's,6,4,1,5,4,1,5
Hesse,5,3,2,5,3,1,4
Hesse's,7,4,1,5,4,1,5
Hessian,7,5,0,5,5,0,5
Hessian's,9,6,0,6,5,0,5
Hester,6,5,0,5,5,1,6
Hester's,8,6,0,6,6,0,6
Heston,6,6,0,6,6,0,6
Heston's,8,7,0,7,7,0,7
Hettie,6,3,2,5,2,5,7
Hettie's,8,5,2,7,6,2,8
Hewitt,6,4,5,9,4,5,9
Hewitt's,8,6,4,10,6,4,10
Hewlett,7,2,2,4,2,3,5
Hewlett's,9,4,1,5,4,2,6
Heyerdahl,9,2,3,5,3,2,5
Heyerdahl's,11,4,1,5,4,1,5
Heywood,7,3,4,7,2,6,8
Heywood's,9,5,3,8,4,4,8
Hezbollah,9,3,3,6,2,3,5
Hezbollah's,11,5,1,6,3,2,5
Hezekiah,8,2,3,5,2,3,5
Hezekiah's,10,4,2,6,3,2,5
Hg,2,2,10,12,2,10,12
Hg's,4,4,8,12,4,8,12
Hialeah,7,3,3,6,3,3,6
Hialeah's,9,5,0,5,5,1,6
Hiawatha,8,3,2,5,3,2,5
Hiawatha's,10,5,1,6,4,1,5
Hibernia,8,4,1,5,3,1,4
Hibernia's,10,4,0,4,5,0,5
Hickman,7,5,3,8,3,4,7
Hickman's,9,7,3,10,4,2,6
Hickok,6,3,6,9,1,8,9
Hickok's,8,5,5,10,5,6,11
Hicks,5,5,7,12,5,7,12
Hicks's,7,4,5,9,3,7,10
Hieronymus,10,4,1,5,4,0,4
Hieronymus's,12,5,0,5,3,0,3
Higgins,7,5,4,9,5,3,8
Higgins's,9,6,1,7,6,1,7
Highlander,10,4,1,5,7,1,8
Highlander's,12,7,0,7,9,0,9
Highlanders,11,6,1,7,8,0,8
Highness,8,5,0,5,5,0,5
Highness's,10,6,0,6,6,0,6
Hilario,7,2,3,5,2,3,5
Hilario's,9,8,1,9,8,2,10
Hilary,6,5,3,8,4,4,8
Hilary's,8,7,2,9,6,2,8
Hilbert,7,7,4,11,7,3,10
Hilbert's,9,9,3,12,9,2,11
Hilda,5,5,3,8,5,3,8
Hilda's,7,7,2,9,7,3,10
Hildebrand,10,5,1,6,3,1,4
Hildebrand's,12,6,0,6,5,0,5
Hilfiger,8,4,2,6,4,1,5
Hilfiger's,10,6,0,6,6,1,7
Hill,4,3,6,9,3,6,9
Hill's,6,5,5,10,5,5,10
Hillary,7,3,3,6,2,4,6
Hillary's,9,5,2,7,5,2,7
Hillel,6,2,3,5,2,3,5
Hillel's,8,4,1,5,4,1,5
Hilton,6,6,3,9,6,3,9
Hilton's,8,8,2,10,8,2,10
Himalaya,8,3,2,5,4,2,6
Himalaya's,10,4,1,5,4,1,5
Himalayas,9,3,1,4,3,1,4
Himalayas's,11,2,1,3,2,1,3
Himmler,7,5,1,6,5,2,7
Himmler's,9,7,3,10,6,4,10
Hinayana,8,3,2,5,4,2,6
Hinayana's,10,4,2,6,4,2,6
Hindemith,9,4,1,5,4,1,5
Hindemith's,11,6,2,8,5,0,5
Hindenburg,10,3,1,4,3,1,4
Hindenburg's,12,4,0,4,3,0,3
Hindi,5,2,4,6,2,4,6
Hindi's,7,4,3,7,3,3,6
Hindu,5,2,5,7,2,5,7
Hindu's,7,4,4,8,4,4,8
Hinduism,8,5,2,7,5,2,7
Hinduism's,10,6,1,7,6,2,8
Hinduisms,9,3,2,5,3,2,5
Hindus,6,5,5,10,5,5,10
Hindustan,9,4,1,5,4,1,5
Hindustan's,11,4,1,5,4,1,5
Hindustani,10,3,1,4,2,1,3
Hindustani's,12,3,1,4,2,1,3
Hines,5,5,2,7,5,2,7
Hines's,7,5,2,7,5,2,7
Hinton,6,5,3,8,2,4,6
Hinton's,8,7,2,9,7,2,9
Hipparchus,10,3,3,6,4,2,6
Hipparchus's,12,5,0,5,3,0,3
Hippocrates,11,4,0,4,5,0,5
Hippocrates's,13,2,0,2,2,0,2
Hippocratic,11,3,1,4,2,2,4
Hippocratic's,13,4,0,4,2,1,3
Hiram,5,3,6,9,3,6,9
Hiram's,7,5,5,10,5,5,10
Hirobumi,8,2,2,4,2,2,4
Hirobumi's,10,3,2,5,3,2,5
Hirohito,8,3,3,6,3,3,6
Hirohito's,10,2,2,4,2,2,4
Hiroshima,9,4,1,5,4,1,5
Hiroshima's,11,3,2,5,2,1,3
Hispanic,8,3,1,4,3,1,4
Hispanic's,10,4,1,5,3,1,4
Hispanics,9,3,2,5,3,1,4
Hispaniola,10,3,0,3,3,0,3
Hispaniola's,12,3,0,3,3,0,3
Hiss,4,3,3,6,3,3,6
Hiss's,6,4,2,6,4,2,6
Hitachi,7,5,2,7,5,2,7
Hitachi's,9,7,1,8,7,1,8
Hitchcock,9,2,3,5,2,3,5
Hitchcock's,11,5,2,7,4,2,6
Hitler,6,5,1,6,5,0,5
Hitler's,8,7,2,9,7,2,9
Hitlers,7,6,2,8,5,0,5
Hittite,7,3,2,5,3,2,5
Hittite's,9,5,1,6,5,1,6
Hmong,5,2,5,7,2,5,7
Hmong's,7,4,4,8,4,4,8
Hobart,6,5,2,7,5,3,8
Hobart's,8,7,1,8,7,1,8
Hobbes,6,3,7,10,4,5,9
Hobbes's,8,6,2,8,5,1,6
Hobbs,5,3,8,11,3,8,11
Hobbs's,7,4,4,8,4,4,8
Hockney,7,7,3,10,7,3,10
Hockney's,9,9,2,11,9,1,10
Hodge,5,4,4,8,4,4,8
Hodge's,7,6,3,9,6,3,9
Hodges,6,6,2,8,6,3,9
Hodges's,8,6,3,9,6,3,9
Hodgkin,7,4,3,7,4,3,7
Hodgkin's,9,6,2,8,5,2,7
Hoff,4,3,11,14,3,10,13
Hoff's,6,3,11,14,4,9,13
Hoffa,5,2,9,11,3,7,10
Hoffa's,7,5,7,12,5,5,10
Hoffman,7,4,5,9,4,4,8
Hoffman's,9,6,3,9,7,1,8
Hofstadter,10,3,1,4,4,0,4
Hofstadter's,12,4,1,5,3,0,3
Hogan,5,5,2,7,5,2,7
Hogan's,7,7,1,8,7,1,8
Hogarth,7,4,4,8,4,4,8
Hogarth's,9,6,2,8,6,2,8
Hogwarts,8,5,3,8,5,3,8
Hogwarts's,10,5,2,7,4,2,6
Hohenlohe,9,3,2,5,2,3,5
Hohenlohe's,11,5,1,6,5,2,7
Hohenstaufen,12,3,0,3,2,1,3
Hohenstaufen's,14,2,0,2,2,0,2
Hohenzollern,12,2,2,4,2,2,4
Hohenzollern's,14,2,1,3,3,1,4
Hohhot,6,3,5,8,2,7,9
Hohhot's,8,5,3,8,4,5,9
Hohokam,7,3,3,6,3,2,5
Hohokam's,9,5,2,7,5,1,6
Hokkaido,8,2,3,5,2,3,5
Hokkaido's,10,4,1,5,4,1,5
Hokusai,7,3,1,4,3,1,4
Hokusai's,9,5,0,5,3,1,4
Holbein,7,4,2,6,3,3,6
Holbein's,9,5,2,7,5,2,7
Holcomb,7,3,4,7,3,4,7
Holcomb's,9,5,2,7,5,2,7
Holden,6,5,3,8,5,3,8
Holden's,8,7,2,9,7,2,9
Holder,6,6,2,8,6,2,8
Holder's,8,8,1,9,8,1,9
Holiday,7,5,2,7,5,2,7
Holiday's,9,7,2,9,7,2,9
Holland,7,6,3,9,3,3,6
Holland's,9,5,2,7,5,2,7
Hollands,8,6,3,9,5,3,8
Hollerith,9,3,2,5,4,2,6
Hollerith's,11,6,1,7,5,1,6
Holley,6,5,5,10,5,5,10
Holley's,8,7,3,10,7,3,10
Hollie,6,5,1,6,5,2,7
Hollie's,8,7,1,8,7,2,9
Hollis,6,4,5,9,4,6,10
Hollis's,8,4,4,8,3,3,6
Holloway,8,3,3,6,3,3,6
Holloway's,10,5,2,7,3,2,5
Holly,5,4,4,8,4,4,8
Holly's,7,6,3,9,6,4,10
Hollywood,9,5,5,10,5,5,10
Hollywood's,11,7,3,10,7,3,10
Holman,6,4,3,7,4,3,7
Holman's,8,6,2,8,6,2,8
Holmes,6,5,6,11,5,7,12
Holmes's,8,5,4,9,5,4,9
Holocaust,9,2,2,4,2,2,4
Holocaust's,11,3,2,5,2,2,4
Holocene,8,4,1,5,4,1,5
Holocene's,10,6,1,7,4,1,5
Holst,5,4,3,7,4,3,7
Holst's,7,6,3,9,6,2,8
Holstein,8,4,1,5,6,1,7
Holstein's,10,5,1,6,7,1,8
Holsteins,9,4,1,5,3,1,4
Holt,4,4,5,9,4,4,8
Holt's,6,6,4,10,6,3,9
Homer,5,5,7,12,5,7,12
Homer's,7,7,3,10,7,3,10
Homeric,7,4,2,6,5,2,7
Homeric's,9,7,1,8,6,3,9
Honda,5,5,4,9,5,4,9
Honda's,7,7,3,10,7,2,9
Honduran,8,3,4,7,3,3,6
Honduran's,10,5,2,7,5,1,6
Hondurans,9,4,2,6,4,2,6
Honduras,8,4,1,5,4,1,5
Honduras's,10,5,2,7,4,2,6
Honecker,8,4,3,7,4,4,8
Honecker's,10,6,0,6,6,1,7
Honeywell,9,3,1,4,3,1,4
Honeywell's,11,4,0,4,4,0,4
Hong,4,4,5,9,4,5,9
Honiara,7,3,2,5,3,2,5
Honiara's,9,5,1,6,4,1,5
Honolulu,8,2,4,6,2,4,6
Honolulu's,10,5,2,7,2,3,5
Honshu,6,4,1,5,4,2,6
Honshu's,8,5,1,6,5,2,7
Hood,4,3,6,9,3,7,10
Hood's,6,5,3,8,5,3,8
Hooke,5,3,4,7,3,4,7
Hooke's,7,5,5,10,5,5,10
Hooker,6,5,2,7,5,2,7
Hooker's,8,7,1,8,7,1,8
Hooper,6,5,3,8,5,3,8
Hooper's,8,7,2,9,7,2,9
Hoosier,7,4,1,5,4,1,5
Hoosier's,9,5,1,6,5,1,6
Hooters,7,6,1,7,6,0,6
Hooters's,9,5,1,6,6,0,6
Hoover,6,5,4,9,5,4,9
Hoover's,8,7,3,10,7,3,10
Hoovers,7,6,2,8,6,2,8
Hope,4,4,4,8,4,4,8
Hope's,6,6,4,10,6,3,9
Hopewell,8,2,3,5,4,2,6
Hopewell's,10,5,0,5,6,0,6
Hopi,4,3,10,13,3,11,14
Hopi's,6,5,9,14,4,10,14
Hopkins,7,5,5,10,5,5,10
Hopkins's,9,6,2,8,5,2,7
Hopper,6,5,3,8,5,4,9
Hopper's,8,7,2,9,7,2,9
Horace,6,5,2,7,5,3,8
Horace's,8,5,4,9,7,1,8
Horacio,7,3,2,5,6,2,8
Horacio's,9,7,2,9,7,2,9
Horatio,7,4,3,7,5,3,8
Horatio's,9,5,2,7,5,2,7
Hormel,6,4,4,8,4,4,8
Hormel's,8,6,2,8,6,2,8
Hormuz,6,3,5,8,3,5,8
Hormuz's,8,4,4,8,5,4,9
Horn,4,4,4,8,4,5,9
Horn's,6,6,3,9,6,4,10
Hornblower,10,7,2,9,7,2,9
Hornblower's,12,9,0,9,9,0,9
Horne,5,5,3,8,5,4,9
Horne's,7,7,1,8,7,2,9
Horowitz,8,2,4,6,2,4,6
Horowitz's,10,2,3,5,4,3,7
Horthy,6,3,6,9,3,6,9
Horthy's,8,5,4,9,3,4,7
Horton,6,5,4,9,5,4,9
Horton's,8,7,2,9,7,2,9
Horus,5,5,8,13,5,8,13
Horus's,7,5,4,9,5,4,9
Hosea,5,4,3,7,4,3,7
Hosea's,7,4,0,4,4,2,6
Hotpoint,8,3,3,6,3,3,6
Hotpoint's,10,6,2,8,5,2,7
Hottentot,9,3,1,4,3,1,4
Hottentot's,11,4,2,6,5,0,5
Houdini,7,3,3,6,2,3,5
Houdini's,9,4,2,6,3,2,5
House,5,5,0,5,5,0,5
House's,7,6,1,7,6,1,7
Housman,7,3,3,6,3,3,6
Housman's,9,3,3,6,2,3,5
Houston,7,4,3,7,4,3,7
Houston's,9,4,3,7,3,3,6
Houyhnhnm,9,2,4,6,2,4,6
Houyhnhnm's,11,5,3,8,3,3,6
Hovhaness,9,5,1,6,5,1,6
Hovhaness's,11,6,1,7,6,1,7
Howard,6,5,4,9,5,5,10
Howard's,8,7,3,10,7,3,10
Howe,4,4,10,14,4,10,14
Howe's,6,5,9,14,6,9,15
Howell,6,5,4,9,5,3,8
Howell's,8,7,2,9,7,2,9
Howells,7,3,5,8,3,5,8
Howells's,9,3,2,5,2,2,4
Hoyle,5,4,5,9,4,5,9
Hoyle's,7,6,4,10,6,3,9
Hrothgar,8,3,3,6,3,3,6
Hrothgar's,10,4,2,6,4,1,5
Huang,5,4,5,9,4,5,9
Huang's,7,5,3,8,5,3,8
Hubbard,7,4,4,8,4,3,7
Hubbard's,9,6,2,8,6,2,8
Hubble,6,5,3,8,5,3,8
Hubble's,8,7,2,9,6,3,9
Huber,5,5,5,10,5,5,10
Huber's,7,7,3,10,7,3,10
Hubert,6,5,5,10,5,5,10
Hubert's,8,6,3,9,5,3,8
Huck,4,4,10,14,4,11,15
Huck's,6,6,7,13,6,10,16
Hudson,6,6,3,9,6,3,9
Hudson's,8,7,3,10,7,3,10
Huerta,6,4,3,7,3,4,7
Huerta's,8,5,1,6,5,2,7
Huey,4,2,6,8,2,5,7
Huey's,6,4,4,8,4,6,10
Huff,4,3,9,12,3,8,11
Huff's,6,5,8,13,5,7,12
Huffman,7,5,4,9,3,4,7
Huffman's,9,6,4,10,5,4,9
Huggins,7,5,5,10,5,4,9
Huggins's,9,6,3,9,6,3,9
Hugh,4,2,13,15,2,13,15
Hugh's,6,4,11,15,4,12,16
Hughes,6,5,5,10,5,6,11
Hughes's,8,4,4,8,4,4,8
Hugo,4,3,4,7,3,4,7
Hugo's,6,5,4,9,5,4,9
Huguenot,8,3,2,5,3,3,6
Huguenot's,10,5,1,6,4,2,6
Huguenots,9,4,3,7,4,2,6
Hui,3,3,4,7,3,4,7
Hui's,5,3,5,8,3,5,8
Huitzilopotchli,15,1,1,2,1,1,2
Huitzilopotchli's,17,1,0,1,1,0,1
Hull,4,3,6,9,3,5,8
Hull's,6,5,6,11,5,5,10
Humberto,8,4,2,6,5,3,8
Humberto's,10,4,2,6,7,2,9
Humboldt,8,2,4,6,2,4,6
Humboldt's,10,3,3,6,3,3,6
Hume,4,4,8,12,4,8,12
Hume's,6,6,6,12,6,6,12
Hummer,6,5,5,10,5,5,10
Hummer's,8,6,5,11,7,4,11
Humphrey,8,3,2,5,3,2,5
Humphrey's,10,4,1,5,4,1,5
Humvee,6,2,2,4,2,2,4
Humvee's,8,4,2,6,4,2,6
Hun,3,3,6,9,3,6,9
Hun's,5,5,7,12,5,7,12
Hungarian,9,3,2,5,2,3,5
Hungarian's,11,3,1,4,3,1,4
Hungarians,10,6,2,8,4,1,5
Hungary,7,4,5,9,3,4,7
Hungary's,9,4,3,7,4,3,7
Huns,4,4,8,12,4,6,10
Hunspell,8,5,1,6,4,1,5
Hunspell's,10,6,1,7,4,1,5
Hunt,4,4,8,12,4,8,12
Hunt's,6,6,7,13,6,7,13
Hunter,6,6,4,10,6,4,10
Hunter's,8,8,4,12,8,3,11
Huntington,10,2,3,5,2,3,5
Huntington's,12,3,2,5,3,2,5
Huntley,7,2,4,6,2,4,6
Huntley's,9,7,1,8,3,2,5
Huntsville,10,3,1,4,3,1,4
Huntsville's,12,3,1,4,3,1,4
Hurley,6,5,5,10,5,5,10
Hurley's,8,7,3,10,7,3,10
Huron,5,3,5,8,3,4,7
Huron's,7,5,4,9,5,3,8
Hurst,5,5,3,8,5,3,8
Hurst's,7,6,2,8,6,3,9
Hus,3,2,10,12,2,10,12
Hus's,5,4,4,8,4,4,8
Hussein,7,3,0,3,3,1,4
Hussein's,9,4,0,4,2,1,3
Husserl,7,4,2,6,4,0,4
Husserl's,9,5,2,7,3,2,5
Hussite,7,3,1,4,3,2,5
Hussite's,9,4,1,5,3,1,4
Huston,6,5,3,8,5,3,8
Huston's,8,6,3,9,6,3,9
Hutchinson,10,3,1,4,3,0,3
Hutchinson's,12,2,1,3,2,1,3
Hutton,6,5,4,9,5,4,9
Hutton's,8,7,3,10,7,2,9
Hutu,4,2,4,6,2,4,6
Hutu's,6,4,4,8,4,4,8
Huxley,6,3,7,10,3,7,10
Huxley's,8,6,5,11,5,6,11
Huygens,7,4,5,9,4,5,9
Huygens's,9,4,2,6,4,3,7
Hyades,6,4,2,6,4,2,6
Hyades's,8,5,0,5,5,0,5
Hyde,4,4,6,10,4,6,10
Hyde's,6,6,6,12,6,6,12
Hyderabad,9,2,2,4,3,3,6
Hyderabad's,11,5,1,6,4,0,4
Hydra,5,4,5,9,4,5,9
Hydra's,7,6,4,10,6,4,10
Hymen,5,3,6,9,3,6,9
Hymen's,7,4,5,9,4,5,9
Hyperion,8,3,2,5,3,2,5
Hyperion's,10,6,1,7,5,1,6
Hyundai,7,3,2,5,2,3,5
Hyundai's,9,5,1,6,3,2,5
Hz,2,1,11,12,1,11,12
Hz's,4,3,9,12,3,9,12
Héloise,7,3,1,4,3,1,4
Héloise's,9,5,1,6,3,1,4
I,1,1,8,9,1,8,9
I'd,3,2,8,10,2,8,10
I'll,4,2,5,7,2,5,7
I'm,3,3,4,7,3,5,8
I's,3,3,3,6,3,3,6
I've,4,3,3,6,3,3,6
IBM,3,2,5,7,2,6,8
IBM's,5,4,4,8,4,5,9
IKEA,4,4,1,5,2,6,8
IKEA's,6,6,3,9,6,3,9
ING,3,3,5,8,3,4,7
ING's,5,5,3,8,5,3,8
ISO,3,3,3,6,3,3,6
ISO's,5,4,1,5,4,2,6
Iaccoca,7,2,3,5,2,2,4
Iaccoca's,9,3,1,4,3,1,4
Iago,4,2,11,13,2,12,14
Iago's,6,4,9,13,4,10,14
Ian,3,3,6,9,3,6,9
Ian's,5,5,8,13,5,8,13
Iapetus,7,7,1,8,4,2,6
Iapetus's,9,8,0,8,8,0,8
Ibadan,6,3,3,6,2,4,6
Ibadan's,8,5,2,7,3,4,7
Iberia,6,3,4,7,4,3,7
Iberia's,8,6,2,8,4,3,7
Iberian,7,4,2,6,4,2,6
Iberian's,9,6,1,7,4,1,5
Ibiza,5,2,2,4,2,2,4
Ibiza's,7,4,1,5,3,2,5
Iblis,5,2,3,5,2,3,5
Iblis's,7,3,4,7,3,4,7
Ibo,3,3,4,7,3,4,7
Ibo's,5,5,5,10,5,5,10
Ibsen,5,4,2,6,4,1,5
Ibsen's,7,5,1,6,5,1,6
Icahn,5,3,4,7,3,4,7
Icahn's,7,5,3,8,5,3,8
Icarus,6,4,2,6,4,2,6
Icarus's,8,5,1,6,5,1,6
Iceland,7,3,2,5,3,2,5
Iceland's,9,4,1,5,3,1,4
Icelander,9,3,1,4,3,1,4
Icelander's,11,6,0,6,5,0,5
Icelanders,10,3,1,4,3,0,3
Icelandic,9,2,2,4,2,2,4
Icelandic's,11,4,1,5,3,1,4
Idaho,5,2,5,7,2,5,7
Idaho's,7,4,4,8,4,4,8
Idahoan,7,3,2,5,3,2,5
Idahoan's,9,5,2,7,5,2,7
Idahoans,8,4,2,6,4,1,5
Idahoes,7,3,2,5,3,2,5
Idahos,6,3,4,7,3,4,7
Ieyasu,6,3,1,4,3,2,5
Ieyasu's,8,4,0,4,4,1,5
Ignacio,7,3,2,5,3,2,5
Ignacio's,9,4,1,5,4,1,5
Ignatius,8,4,2,6,4,2,6
Ignatius's,10,2,0,2,2,1,3
Igor,4,3,3,6,3,3,6
Igor's,6,5,3,8,5,3,8
Iguassu,7,4,0,4,3,1,4
Iguassu's,9,5,0,5,4,0,4
Ijssel,6,4,3,7,4,3,7
Ijssel's,8,4,2,6,4,2,6
Ijsselmeer,10,2,0,2,2,0,2
Ijsselmeer's,12,2,0,2,2,0,2
Ike,3,3,2,5,3,2,5
Ike's,5,5,2,7,5,2,7
Ikhnaton,8,3,2,5,2,2,4
Ikhnaton's,10,5,1,6,4,1,5
Ila,3,3,1,4,3,1,4
Ila's,5,5,4,9,5,4,9
Ilene,5,2,2,4,2,2,4
Ilene's,7,4,1,5,4,1,5
Iliad,5,2,3,5,2,3,5
Iliad's,7,4,2,6,4,2,6
Illinois,8,3,2,5,3,2,5
Illinois's,10,2,0,2,2,1,3
Illuminati,10,1,2,3,1,2,3
Illuminati's,12,3,3,6,2,1,3
Ilyushin,8,2,1,3,2,1,3
Ilyushin's,10,2,2,4,2,2,4
Imelda,6,4,2,6,4,2,6
Imelda's,8,6,1,7,6,1,7
Imhotep,7,3,5,8,2,5,7
Imhotep's,9,5,3,8,5,3,8
Imodium,7,1,3,4,1,4,5
Imodium's,9,5,2,7,4,2,6
Imogene,7,3,2,5,3,1,4
Imogene's,9,5,1,6,5,2,7
Imus,4,4,5,9,4,6,10
Imus's,6,3,2,5,3,2,5
Ina,3,3,2,5,3,2,5
Ina's,5,5,5,10,5,5,10
Inca,4,3,2,5,3,2,5
Inca's,6,5,2,7,5,2,7
Incas,5,3,3,6,3,3,6
Inchon,6,3,3,6,3,3,6
Inchon's,8,4,2,6,3,2,5
Independence,12,2,1,3,2,1,3
Independence's,14,2,1,3,3,0,3
India,5,2,2,4,2,2,4
India's,7,4,1,5,4,2,6
Indian,6,2,4,6,2,4,6
Indian's,8,4,3,7,4,3,7
Indiana,7,1,2,3,2,2,4
Indiana's,9,4,1,5,3,1,4
Indianan,8,2,2,4,2,2,4
Indianan's,10,3,1,4,3,1,4
Indianans,9,3,2,5,3,1,4
Indianapolis,12,3,1,4,2,1,3
Indianapolis's,14,2,0,2,2,0,2
Indians,7,3,4,7,4,2,6
Indies,6,4,2,6,4,1,5
Indies's,8,4,2,6,4,2,6
Indira,6,2,3,5,2,3,5
Indira's,8,3,2,5,3,2,5
Indochina,9,2,3,5,2,3,5
Indochina's,11,4,1,5,3,1,4
Indochinese,11,2,2,4,2,0,2
Indochinese's,13,3,0,3,2,0,2
Indonesia,9,4,0,4,4,0,4
Indonesia's,11,3,0,3,4,0,4
Indonesian,10,3,0,3,3,0,3
Indonesian's,12,3,0,3,3,0,3
Indonesians,11,3,0,3,4,0,4
Indore,6,5,0,5,5,0,5
Indore's,8,7,0,7,5,1,6
Indra,5,2,2,4,2,2,4
Indra's,7,4,1,5,3,2,5
Indus,5,3,4,7,3,4,7
Indus's,7,4,2,6,4,2,6
Indy,4,4,4,8,4,4,8
Indy's,6,4,3,7,5,3,8
Ines,4,4,2,6,4,1,5
Ines's,6,5,1,6,5,1,6
Inez,4,3,5,8,2,5,7
Inez's,6,4,2,6,4,2,6
Inge,4,2,4,6,2,4,6
Inge's,6,5,2,7,5,2,7
Inglewood,9,3,1,4,3,1,4
Ingram,6,2,4,6,2,4,6
Ingram's,8,4,3,7,4,3,7
Ingres,6,6,2,8,6,2,8
Ingres's,8,5,2,7,5,2,7
Ingrid,6,3,3,6,2,4,6
Ingrid's,8,4,3,7,4,3,7
Innocent,8,3,1,4,3,2,5
Innocent's,10,5,1,6,4,1,5
Inonu,5,2,6,8,2,6,8
Inonu's,7,4,5,9,4,5,9
Inquisition,11,2,1,3,2,1,3
Inquisition's,13,2,1,3,2,1,3
Instagram,9,4,1,5,4,1,5
Instagram's,11,4,1,5,3,1,4
Instamatic,10,2,0,2,2,0,2
Instamatic's,12,3,0,3,4,0,4
Intel,5,4,5,9,4,5,9
Intel's,7,5,3,8,5,3,8
Intelsat,8,3,0,3,3,0,3
Intelsat's,10,3,0,3,3,0,3
Internationale,14,2,1,3,2,1,3
Internationale's,16,2,0,2,2,0,2
Internet,8,3,2,5,3,2,5
Internet's,10,4,0,4,4,0,4
Interpol,8,7,1,8,7,1,8
Interpol's,10,9,1,10,8,1,9
Inuit,5,3,4,7,3,4,7
Inuit's,7,4,3,7,4,3,7
Inuits,6,2,4,6,2,4,6
Inuktitut,9,3,2,5,3,2,5
Inuktitut's,11,2,3,5,2,3,5
Invar,5,4,3,7,4,3,7
Invar's,7,6,2,8,6,2,8
Ionesco,7,4,1,5,4,0,4
Ionesco's,9,3,0,3,5,1,6
Ionian,6,4,2,6,4,2,6
Ionian's,8,6,1,7,6,1,7
Ionic,5,3,5,8,4,4,8
Ionic's,7,6,3,9,6,2,8
Ionics,6,3,4,7,3,4,7
Iowa,4,4,6,10,4,7,11
Iowa's,6,6,6,12,6,6,12
Iowan,5,4,4,8,4,4,8
Iowan's,7,6,2,8,6,2,8
Iowans,6,5,3,8,5,3,8
Iowas,5,4,4,8,4,4,8
Iphigenia,9,2,2,4,3,1,4
Iphigenia's,11,5,0,5,4,0,4
Iqaluit,7,2,2,4,2,2,4
Iqaluit's,9,4,1,5,3,2,5
Iqbal,5,2,4,6,2,4,6
Iqbal's,7,4,3,7,4,3,7
Iquitos,7,3,3,6,3,2,5
Iquitos's,9,2,1,3,2,1,3
Ira,3,3,3,6,3,3,6
Ira's,5,5,6,11,5,6,11
Iran,4,4,5,9,4,5,9
Iran's,6,6,4,10,6,4,10
Iranian,7,2,2,4,3,2,5
Iranian's,9,5,1,6,5,1,6
Iranians,8,4,1,5,4,1,5
Iraq,4,3,9,12,3,9,12
Iraq's,6,5,9,14,5,9,14
Iraqi,5,3,7,10,3,7,10
Iraqi's,7,4,7,11,5,6,11
Iraqis,6,4,7,11,4,6,10
Ireland,7,4,1,5,4,1,5
Ireland's,9,5,1,6,5,1,6
Irene,5,3,2,5,3,2,5
Irene's,7,5,1,6,5,1,6
Iris,4,3,3,6,3,3,6
Iris's,6,4,2,6,4,2,6
Irish,5,2,3,5,2,3,5
Irish's,7,3,3,6,3,3,6
Irisher,7,4,0,4,4,0,4
Irishman,8,2,1,3,2,1,3
Irishman's,10,4,1,5,2,1,3
Irishmen,8,4,0,4,4,0,4
Irishmen's,10,3,0,3,3,0,3
Irishwoman,10,2,1,3,2,1,3
Irishwoman's,12,3,1,4,2,1,3
Irishwomen,10,3,0,3,3,0,3
Irishwomen's,12,4,0,4,3,1,4
Irkutsk,7,3,1,4,3,1,4
Irkutsk's,9,3,1,4,3,1,4
Irma,4,2,3,5,2,3,5
Irma's,6,4,3,7,4,3,7
Iroquoian,9,3,2,5,3,2,5
Iroquoian's,11,3,1,4,3,1,4
Iroquois,8,4,3,7,3,3,6
Iroquois's,10,3,0,3,2,1,3
Irrawaddy,9,3,2,5,3,2,5
Irrawaddy's,11,5,1,6,4,1,5
Irtish,6,4,1,5,4,1,5
Irtish's,8,3,0,3,3,1,4
Irvin,5,4,4,8,4,4,8
Irvin's,7,6,3,9,6,3,9
Irving,6,5,3,8,5,3,8
Irving's,8,3,3,6,3,3,6
Irwin,5,3,5,8,3,5,8
Irwin's,7,5,4,9,5,4,9
Isaac,5,2,0,2,2,0,2
Isaac's,7,2,0,2,2,1,3
Isabel,6,3,2,5,3,2,5
Isabel's,8,3,0,3,3,0,3
Isabella,8,2,0,2,2,0,2
Isabella's,10,2,0,2,2,0,2
Isabelle,8,2,0,2,2,0,2
Isabelle's,10,2,0,2,2,0,2
Isaiah,6,2,1,3,2,1,3
Isaiah's,8,3,0,3,2,0,2
Iscariot,8,3,0,3,3,1,4
Iscariot's,10,4,0,4,3,0,3
Isfahan,7,2,0,2,2,1,3
Isfahan's,9,2,1,3,2,1,3
Isherwood,9,2,2,4,2,1,3
Isherwood's,11,4,1,5,2,1,3
Ishim,5,2,2,4,2,3,5
Ishim's,7,3,2,5,2,3,5
Ishmael,7,2,1,3,3,0,3
Ishmael's,9,2,1,3,3,0,3
Ishtar,6,5,1,6,5,1,6
Ishtar's,8,6,0,6,4,0,4
Isiah,5,3,0,3,3,0,3
Isiah's,7,4,0,4,4,1,5
Isidro,6,3,2,5,3,2,5
Isidro's,8,4,2,6,3,2,5
Isis,4,2,3,5,2,3,5
Isis's,6,1,1,2,1,1,2
Islam,5,3,1,4,3,0,3
Islam's,7,4,1,5,4,1,5
Islamabad,9,2,0,2,2,0,2
Islamabad's,11,2,0,2,2,0,2
Islamic,7,3,0,3,3,1,4
Islamic's,9,4,0,4,3,1,4
Islamism,8,4,0,4,3,0,3
Islamism's,10,5,0,5,3,0,3
Islamist,8,4,0,4,3,0,3
Islamist's,10,5,0,5,3,0,3
Islams,6,3,1,4,3,1,4
Ismael,6,3,2,5,3,2,5
Ismael's,8,7,0,7,7,0,7
Ismail,6,3,1,4,3,1,4
Ismail's,8,5,0,5,3,1,4
Isolde,6,2,2,4,2,2,4
Isolde's,8,3,2,5,3,2,5
Ispell,6,3,1,4,3,1,4
Ispell's,8,4,1,5,3,1,4
Israel,6,3,1,4,3,1,4
Israel's,8,6,1,7,6,1,7
Israeli,7,4,0,4,2,0,2
Israeli's,9,3,0,3,3,0,3
Israelis,8,3,1,4,4,0,4
Israelite,9,2,0,2,2,0,2
Israelite's,11,3,0,3,3,0,3
Israels,7,3,1,4,3,0,3
Issac,5,3,0,3,3,0,3
Issac's,7,4,0,4,2,1,3
Issachar,8,2,0,2,2,0,2
Issachar's,10,2,0,2,2,0,2
Istanbul,8,5,0,5,3,1,4
Istanbul's,10,6,0,6,5,0,5
Isuzu,5,2,3,5,2,1,3
Isuzu's,7,3,2,5,2,2,4
Itaipu,6,2,5,7,2,5,7
Itaipu's,8,4,3,7,4,2,6
Italian,7,2,2,4,3,2,5
Italian's,9,5,2,7,5,2,7
Italians,8,3,2,5,4,1,5
Italy,5,3,3,6,3,3,6
Italy's,7,5,2,7,5,2,7
Itasca,6,3,2,5,2,2,4
Itasca's,8,4,2,6,3,2,5
Ithaca,6,3,4,7,3,2,5
Ithaca's,8,5,2,7,5,1,6
Ithacan,7,3,2,5,1,3,4
Ithacan's,9,3,2,5,3,2,5
Ito,3,2,5,7,2,5,7
Ito's,5,4,6,10,4,6,10
Iva,3,2,4,6,2,4,6
Iva's,5,4,6,10,4,6,10
Ivan,4,3,6,9,3,8,11
Ivan's,6,5,5,10,5,7,12
Ivanhoe,7,3,2,5,3,1,4
Ivanhoe's,9,5,1,6,5,2,7
Ives,4,4,3,7,4,2,6
Ives's,6,5,2,7,5,2,7
Ivory,5,3,4,7,3,4,7
Ivory's,7,5,3,8,5,3,8
Ivy,3,3,6,9,3,6,9
Ivy's,5,4,5,9,3,6,9
Iyar,4,3,2,5,3,2,5
Iyar's,6,5,1,6,5,1,6
Izaak,5,1,2,3,1,2,3
Izaak's,7,3,1,4,2,1,3
Izanagi,7,5,2,7,5,3,8
Izanagi's,9,7,3,10,7,2,9
Izanami,7,4,3,7,4,4,8
Izanami's,9,6,4,10,6,3,9
Izhevsk,7,3,1,4,3,2,5
Izhevsk's,9,4,0,4,3,1,4
Izmir,5,1,5,6,1,5,6
Izmir's,7,3,4,7,2,4,6
Izod,4,4,7,11,4,7,11
Izod's,6,6,6,12,6,6,12
Izvestia,8,3,1,4,3,1,4
Izvestia's,10,4,1,5,4,1,5
J,1,1,9,10,1,9,10
J's,3,3,11,14,3,11,14
JFK,3,2,9,11,2,9,11
JFK's,5,4,7,11,4,7,11
Jack,4,4,7,11,4,7,11
Jack's,6,6,4,10,6,5,11
Jackie,6,4,1,5,4,5,9
Jackie's,8,6,3,9,6,5,11
Jacklyn,7,4,5,9,2,5,7
Jacklyn's,9,6,3,9,4,4,8
Jackson,7,5,1,6,5,1,6
Jackson's,9,4,2,6,3,2,5
Jacksonian,10,3,1,4,3,1,4
Jacksonian's,12,4,1,5,3,1,4
Jacksonville,12,3,0,3,3,0,3
Jacksonville's,14,4,1,5,3,0,3
Jacky,5,5,7,12,5,8,13
Jacky's,7,5,6,11,4,7,11
Jaclyn,6,3,4,7,3,4,7
Jaclyn's,8,5,4,9,5,3,8
Jacob,5,3,5,8,3,5,8
Jacob's,7,5,4,9,5,4,9
Jacobean,8,2,4,6,2,3,5
Jacobean's,10,5,1,6,4,2,6
Jacobi,6,3,6,9,2,7,9
Jacobi's,8,5,3,8,4,6,10
Jacobin,7,4,2,6,4,2,6
Jacobin's,9,6,1,7,6,1,7
Jacobite,8,5,1,6,5,2,7
Jacobite's,10,7,0,7,6,2,8
Jacobs,6,4,3,7,4,3,7
Jacobs's,8,5,2,7,4,3,7
Jacobson,8,3,1,4,3,1,4
Jacobson's,10,2,2,4,2,2,4
Jacquard,8,4,4,8,4,5,9
Jacquard's,10,7,2,9,7,2,9
Jacqueline,10,5,1,6,4,2,6
Jacqueline's,12,4,0,4,2,2,4
Jacquelyn,9,3,2,5,3,2,5
Jacquelyn's,11,5,0,5,4,1,5
Jacques,7,4,2,6,4,2,6
Jacques's,9,4,3,7,4,2,6
Jacuzzi,7,3,2,5,2,5,7
Jacuzzi's,9,4,3,7,4,3,7
Jagger,6,5,8,13,4,9,13
Jagger's,8,7,4,11,7,4,11
Jagiellon,9,4,1,5,4,1,5
Jagiellon's,11,5,1,6,5,0,5
Jaguar,6,4,4,8,4,4,8
Jaguar's,8,6,3,9,6,3,9
Jahangir,8,4,2,6,4,2,6
Jahangir's,10,6,1,7,6,2,8
Jaime,5,3,6,9,3,6,9
Jaime's,7,5,3,8,5,3,8
Jain,4,4,5,9,4,5,9
Jain's,6,6,4,10,6,4,10
Jainism,7,3,2,5,3,1,4
Jainism's,9,4,1,5,4,1,5
Jaipur,6,2,4,6,2,4,6
Jaipur's,8,5,2,7,4,3,7
Jakarta,7,2,3,5,2,2,4
Jakarta's,9,4,1,5,4,1,5
Jake,4,4,9,13,4,8,12
Jake's,6,6,5,11,6,5,11
Jamaal,6,2,3,5,2,3,5
Jamaal's,8,4,2,6,4,2,6
Jamaica,7,2,3,5,2,3,5
Jamaica's,9,4,2,6,4,2,6
Jamaican,8,2,2,4,2,2,4
Jamaican's,10,5,1,6,5,1,6
Jamaicans,9,4,2,6,3,2,5
Jamal,5,3,3,6,3,4,7
Jamal's,7,4,4,8,4,4,8
Jamar,5,2,7,9,2,7,9
Jamar's,7,6,2,8,6,4,10
Jame,4,3,11,14,4,10,14
Jame's,6,6,8,14,6,8,14
Jamel,5,4,5,9,4,5,9
Jamel's,7,6,3,9,6,3,9
James,5,4,9,13,4,10,14
James's,7,4,4,8,5,3,8
Jamestown,9,5,0,5,4,1,5
Jamestown's,11,6,0,6,6,0,6
Jami,4,4,7,11,4,7,11
Jami's,6,6,6,12,6,6,12
Jamie,5,4,4,8,4,4,8
Jamie's,7,5,3,8,5,3,8
Jan,3,3,7,10,3,7,10
Jan's,5,5,9,14,5,9,14
Jana,4,3,3,6,3,5,8
Jana's,6,5,4,9,5,5,10
Janacek,7,3,3,6,3,3,6
Janacek's,9,5,2,7,4,1,5
Jane,4,4,4,8,4,5,9
Jane's,6,6,3,9,6,3,9
Janell,6,3,2,5,3,2,5
Janell's,8,5,3,8,5,1,6
Janelle,7,5,1,6,3,1,4
Janelle's,9,7,0,7,6,1,7
Janet,5,5,4,9,5,4,9
Janet's,7,7,2,9,7,2,9
Janette,7,4,2,6,4,0,4
Janette's,9,6,1,7,6,0,6
Janice,6,4,0,4,3,0,3
Janice's,8,5,0,5,5,2,7
Janie,5,3,4,7,3,5,8
Janie's,7,6,4,10,6,4,10
Janine,6,5,0,5,5,0,5
Janine's,8,7,0,7,7,2,9
Janis,5,5,8,13,5,8,13
Janis's,7,4,3,7,4,3,7
Janissary,9,3,0,3,3,0,3
Janissary's,11,3,0,3,2,1,3
Janjaweed,9,3,2,5,2,2,4
Janjaweed's,11,5,0,5,4,1,5
Janna,5,3,4,7,3,4,7
Janna's,7,4,3,7,4,3,7
Jannie,6,4,4,8,4,3,7
Jannie's,8,6,4,10,6,5,11
Jansen,6,4,3,7,4,3,7
Jansen's,8,5,2,7,5,2,7
Jansenist,9,5,0,5,4,0,4
Jansenist's,11,4,0,4,2,0,2
Januaries,9,4,1,5,4,1,5
January,7,4,5,9,4,4,8
January's,9,6,2,8,6,2,8
Janus,5,4,9,13,4,9,13
Janus's,7,5,4,9,4,3,7
Japan,5,3,4,7,3,5,8
Japan's,7,5,2,7,5,2,7
Japanese,8,6,0,6,6,0,6
Japanese's,10,7,1,8,7,0,7
Japaneses,9,2,0,2,2,0,2
Japura,6,2,5,7,3,4,7
Japura's,8,4,4,8,5,3,8
Jared,5,5,1,6,5,1,6
Jared's,7,6,2,8,6,1,7
Jarlsberg,9,3,1,4,3,0,3
Jarlsberg's,11,4,0,4,3,0,3
Jarred,6,5,0,5,5,0,5
Jarred's,8,6,2,8,6,2,8
Jarrett,7,4,3,7,4,3,7
Jarrett's,9,6,2,8,6,2,8
Jarrod,6,3,5,8,3,5,8
Jarrod's,8,5,4,9,5,4,9
Jarvis,6,4,3,7,4,3,7
Jarvis's,8,5,2,7,5,3,8
Jasmine,7,6,1,7,5,1,6
Jasmine's,9,7,0,7,7,0,7
Jason,5,4,4,8,4,4,8
Jason's,7,5,3,8,5,3,8
Jasper,6,5,4,9,5,4,9
Jasper's,8,5,2,7,5,2,7
Jataka,6,2,4,6,2,4,6
Jataka's,8,4,3,7,4,3,7
Java,4,3,5,8,3,6,9
Java's,6,5,5,10,4,6,10
JavaScript,10,4,2,6,3,1,4
JavaScript's,12,4,1,5,3,1,4
Javanese,8,5,1,6,5,1,6
Javanese's,10,6,2,8,6,1,7
Javas,5,3,2,5,3,2,5
Javier,6,6,0,6,6,0,6
Javier's,8,8,6,14,8,7,15
Jaxartes,8,4,2,6,4,2,6
Jaxartes's,10,3,1,4,5,1,6
Jay,3,3,5,8,3,6,9
Jay's,5,5,4,9,5,4,9
Jayapura,8,2,3,5,2,3,5
Jayapura's,10,5,1,6,5,1,6
Jayawardene,11,2,2,4,2,1,3
Jayawardene's,13,2,1,3,3,0,3
Jaycee,6,3,0,3,3,0,3
Jaycee's,8,5,0,5,5,1,6
Jaycees,7,3,1,4,3,1,4
Jaycees's,9,2,0,2,2,0,2
Jayne,5,5,1,6,5,2,7
Jayne's,7,7,2,9,7,2,9
Jayson,6,5,3,8,5,3,8
Jayson's,8,6,3,9,6,3,9
Jean,4,4,5,9,4,5,9
Jean's,6,6,5,11,6,5,11
Jeanette,8,2,1,3,1,2,3
Jeanette's,10,3,0,3,3,0,3
Jeanie,6,3,1,4,2,3,5
Jeanie's,8,5,1,6,5,2,7
Jeanine,7,4,2,6,4,1,5
Jeanine's,9,4,0,4,3,1,4
Jeanne,6,3,3,6,2,3,5
Jeanne's,8,5,3,8,6,3,9
Jeannette,9,2,1,3,2,1,3
Jeannette's,11,4,0,4,3,1,4
Jeannie,7,2,2,4,2,1,3
Jeannie's,9,4,0,4,3,1,4
Jeannine,8,4,2,6,4,1,5
Jeannine's,10,6,0,6,6,0,6
Jed,3,3,6,9,3,6,9
Jed's,5,5,2,7,5,2,7
Jedi,4,2,5,7,2,6,8
Jedi's,6,4,6,10,4,6,10
Jeep,4,3,1,4,3,0,3
Jeep's,6,5,0,5,5,0,5
Jeeves,6,4,2,6,4,2,6
Jeeves's,8,5,0,5,5,0,5
Jeff,4,1,10,11,1,10,11
Jeff's,6,3,9,12,3,10,13
Jefferey,8,2,2,4,2,2,4
Jefferey's,10,3,0,3,3,0,3
Jefferson,9,5,0,5,3,0,3
Jefferson's,11,3,1,4,3,1,4
Jeffersonian,12,2,0,2,2,0,2
Jeffersonian's,14,2,0,2,2,0,2
Jeffery,7,4,2,6,2,3,5
Jeffery's,9,6,1,7,5,1,6
Jeffrey,7,2,2,4,2,2,4
Jeffrey's,9,4,0,4,3,0,3
Jeffry,6,4,3,7,4,3,7
Jeffry's,8,6,2,8,5,2,7
Jehoshaphat,11,3,0,3,3,0,3
Jehoshaphat's,13,4,0,4,3,0,3
Jehovah,7,2,5,7,2,4,6
Jehovah's,9,4,3,7,4,3,7
Jekyll,6,3,3,6,3,3,6
Jekyll's,8,4,2,6,4,2,6
Jenifer,7,3,3,6,3,3,6
Jenifer's,9,5,2,7,4,3,7
Jenkins,7,4,2,6,4,2,6
Jenkins's,9,6,0,6,6,0,6
Jenna,5,4,3,7,4,4,8
Jenna's,7,6,2,8,6,3,9
Jenner,6,3,4,7,3,4,7
Jenner's,8,5,4,9,5,1,6
Jennie,6,3,1,4,3,4,7
Jennie's,8,5,1,6,5,2,7
Jennifer,8,3,3,6,3,2,5
Jennifer's,10,5,0,5,4,0,4
Jennings,8,4,2,6,4,2,6
Jennings's,10,4,0,4,4,0,4
Jenny,5,4,7,11,4,6,10
Jenny's,7,6,5,11,6,5,11
Jensen,6,2,3,5,3,2,5
Jensen's,8,3,2,5,4,1,5
Jephthah,8,3,2,5,3,2,5
Jephthah's,10,4,2,6,4,2,6
Jerald,6,6,3,9,6,3,9
Jerald's,8,8,2,10,8,3,11
Jeremiah,8,5,1,6,5,1,6
Jeremiah's,10,9,0,9,9,0,9
Jeremiahs,9,8,0,8,8,1,9
Jeremy,6,4,2,6,3,2,5
Jeremy's,8,5,0,5,5,0,5
Jeri,4,4,6,10,4,6,10
Jeri's,6,6,5,11,6,5,11
Jericho,7,3,3,6,4,2,6
Jericho's,9,5,1,6,6,0,6
Jermaine,8,6,1,7,6,1,7
Jermaine's,10,8,0,8,8,0,8
Jeroboam,8,3,3,6,3,4,7
Jeroboam's,10,5,1,6,5,1,6
Jerold,6,3,3,6,3,5,8
Jerold's,8,5,2,7,5,3,8
Jerome,6,3,3,6,3,2,5
Jerome's,8,4,3,7,4,4,8
Jerri,5,4,3,7,4,2,6
Jerri's,7,6,2,8,6,1,7
Jerrod,6,3,1,4,3,1,4
Jerrod's,8,5,0,5,4,1,5
Jerrold,7,3,3,6,2,3,5
Jerrold's,9,5,2,7,4,1,5
Jerry,5,4,5,9,4,4,8
Jerry's,7,6,4,10,6,3,9
Jersey,6,5,0,5,5,1,6
Jersey's,8,6,0,6,6,0,6
Jerseys,7,4,1,5,4,0,4
Jerusalem,9,3,0,3,3,1,4
Jerusalem's,11,3,0,3,3,0,3
Jess,4,3,3,6,3,2,5
Jess's,6,4,2,6,4,2,6
Jesse,5,2,3,5,2,2,4
Jesse's,7,3,2,5,3,2,5
Jessica,7,4,1,5,4,0,4
Jessica's,9,4,0,4,4,0,4
Jessie,6,4,3,7,3,6,9
Jessie's,8,5,1,6,5,1,6
Jesuit,6,5,0,5,4,1,5
Jesuit's,8,4,2,6,4,2,6
Jesuits,7,5,0,5,4,1,5
Jesus,5,3,2,5,3,2,5
Jesus's,7,3,1,4,2,1,3
Jetway,6,3,5,8,2,6,8
Jetway's,8,4,4,8,4,4,8
Jew,3,3,3,6,3,3,6
Jew's,5,5,2,7,5,4,9
Jewel,5,4,3,7,4,3,7
Jewel's,7,6,1,7,6,1,7
Jewell,6,3,4,7,3,4,7
Jewell's,8,3,3,6,2,3,5
Jewish,6,5,2,7,5,1,6
Jewish's,8,6,0,6,6,1,7
Jewishness,10,3,0,3,2,0,2
Jewry,5,3,4,7,3,4,7
Jewry's,7,4,3,7,4,3,7
Jews,4,4,4,8,4,5,9
Jezebel,7,2,2,4,2,1,3
Jezebel's,9,3,1,4,2,2,4
Jezebels,8,3,0,3,3,0,3
Jidda,5,3,5,8,3,5,8
Jidda's,7,5,4,9,4,4,8
Jilin,5,2,4,6,2,4,6
Jilin's,7,4,3,7,3,4,7
Jill,4,3,9,12,3,9,12
Jill's,6,5,8,13,5,8,13
Jillian,7,4,4,8,4,4,8
Jillian's,9,6,3,9,6,3,9
Jim,3,3,6,9,3,7,10
Jim's,5,5,8,13,5,7,12
Jimenez,7,2,3,5,5,2,7
Jimenez's,9,3,1,4,3,1,4
Jimmie,6,3,3,6,3,4,7
Jimmie's,8,5,3,8,5,4,9
Jimmy,5,4,10,14,3,10,13
Jimmy's,7,6,5,11,6,5,11
Jinan,5,3,4,7,3,4,7
Jinan's,7,5,3,8,5,3,8
Jinnah,6,3,5,8,3,5,8
Jinnah's,8,5,4,9,5,4,9
Jinny,5,4,10,14,4,6,10
Jinny's,7,5,8,13,5,7,12
Jivaro,6,4,3,7,4,4,8
Jivaro's,8,6,2,8,6,2,8
Jo,2,2,1,3,2,1,3
Jo's,4,4,9,13,4,9,13
Joan,4,4,6,10,4,6,10
Joan's,6,6,5,11,6,5,11
Joann,5,2,5,7,2,5,7
Joann's,7,4,4,8,4,4,8
Joanna,6,2,3,5,2,3,5
Joanna's,8,4,2,6,4,2,6
Joanne,6,3,3,6,3,4,7
Joanne's,8,5,2,7,5,3,8
Joaquin,7,3,4,7,3,4,7
Joaquin's,9,4,3,7,6,1,7
Job,3,3,2,5,3,2,5
Job's,5,5,3,8,5,3,8
Jobs,4,4,2,6,4,2,6
Jobs's,6,4,4,8,4,4,8
Jocasta,7,2,1,3,2,1,3
Jocasta's,9,2,2,4,2,1,3
Jocelyn,7,3,2,5,4,3,7
Jocelyn's,9,5,1,6,5,2,7
Jock,4,4,6,10,4,6,10
Jock's,6,6,5,11,6,5,11
Jockey,6,6,6,12,6,6,12
Jockey's,8,8,4,12,8,4,12
Jodi,4,2,11,13,2,12,14
Jodi's,6,4,10,14,6,9,15
Jodie,5,3,8,11,3,8,11
Jodie's,7,5,7,12,5,7,12
Jody,4,4,8,12,4,8,12
Jody's,6,6,7,13,5,10,15
Joe,3,3,10,13,3,10,13
Joe's,5,5,1,6,5,1,6
Joel,4,3,4,7,3,4,7
Joel's,6,5,2,7,5,2,7
Joey,4,3,8,11,3,8,11
Joey's,6,5,6,11,5,6,11
Jogjakarta,10,2,4,6,2,4,6
Jogjakarta's,12,4,2,6,3,3,6
Johann,6,2,3,5,2,2,4
Johann's,8,4,2,6,5,2,7
Johanna,7,2,3,5,2,3,5
Johanna's,9,4,2,6,4,2,6
Johannes,8,5,1,6,5,1,6
Johannes's,10,3,1,4,3,0,3
Johannesburg,12,4,0,4,4,0,4
Johannesburg's,14,2,0,2,2,0,2
John,4,4,6,10,4,6,10
John's,6,6,4,10,6,4,10
Johnathan,9,1,3,4,1,3,4
Johnathan's,11,3,1,4,3,1,4
Johnathon,9,3,3,6,3,3,6
Johnathon's,11,6,1,7,4,1,5
Johnie,6,4,1,5,4,0,4
Johnie's,8,6,1,7,6,2,8
Johnnie,7,4,2,6,4,1,5
Johnnie's,9,6,1,7,6,1,7
Johnny,6,3,6,9,3,6,9
Johnny's,8,5,4,9,3,4,7
Johns,5,5,6,11,5,6,11
Johns's,7,4,6,10,4,6,10
Johnson,7,3,2,5,3,2,5
Johnson's,9,4,3,7,3,2,5
Johnston,8,3,3,6,3,3,6
Johnston's,10,4,3,7,3,3,6
Jolene,6,3,2,5,2,3,5
Jolene's,8,6,1,7,4,2,6
Joliet,6,6,3,9,6,3,9
Joliet's,8,8,2,10,8,2,10
Jolson,6,4,2,6,4,3,7
Jolson's,8,5,2,7,5,3,8
Jon,3,3,5,8,3,5,8
Jon's,5,5,8,13,5,8,13
Jonah,5,4,3,7,4,3,7
Jonah's,7,6,1,7,6,1,7
Jonahs,6,5,3,8,5,3,8
Jonas,5,4,3,7,4,3,7
Jonas's,7,5,2,7,5,2,7
Jonathan,8,3,3,6,2,4,6
Jonathan's,10,5,1,6,3,3,6
Jonathon,8,2,4,6,2,4,6
Jonathon's,10,3,2,5,3,2,5
Jones,5,5,3,8,5,6,11
Jones's,7,5,2,7,5,2,7
Joni,4,2,10,12,2,10,12
Joni's,6,5,8,13,5,8,13
Jonson,6,3,1,4,3,2,5
Jonson's,8,4,1,5,4,2,6
Joplin,6,5,3,8,5,4,9
Joplin's,8,7,2,9,7,3,10
Jordan,6,5,3,8,4,3,7
Jordan's,8,7,2,9,6,2,8
Jordanian,9,3,2,5,3,2,5
Jordanian's,11,5,1,6,5,1,6
Jordanians,10,4,1,5,4,1,5
Jorge,5,5,2,7,5,2,7
Jorge's,7,7,0,7,7,0,7
Jose,4,4,10,14,4,10,14
Jose's,6,5,2,7,5,2,7
Josef,5,3,4,7,3,4,7
Josef's,7,3,4,7,3,4,7
Josefa,6,3,0,3,3,0,3
Josefa's,8,4,0,4,4,0,4
Josefina,8,3,0,3,3,0,3
Josefina's,10,4,0,4,3,1,4
Joseph,6,3,3,6,3,3,6
Joseph's,8,4,2,6,3,3,6
Josephine,9,3,0,3,3,0,3
Josephine's,11,4,0,4,4,0,4
Josephs,7,4,2,6,3,3,6
Josephson,9,2,1,3,2,1,3
Josephson's,11,2,0,2,2,0,2
Josephus,8,4,1,5,4,1,5
Josephus's,10,4,0,4,2,0,2
Joshua,6,3,2,5,3,2,5
Joshua's,8,3,2,5,3,2,5
Josiah,6,2,3,5,2,3,5
Josiah's,8,5,2,7,5,1,6
Josie,5,5,1,6,5,1,6
Josie's,7,4,4,8,4,4,8
Josue,5,2,2,4,4,2,6
Josue's,7,3,4,7,3,4,7
Joule,5,4,4,8,4,5,9
Joule's,7,6,3,9,6,3,9
Jove,4,4,8,12,4,8,12
Jove's,6,6,8,14,6,10,16
Jovian,6,4,4,8,4,4,8
Jovian's,8,6,3,9,6,3,9
Joy,3,3,8,11,3,8,11
Joy's,5,5,9,14,5,9,14
Joyce,5,4,6,10,3,7,10
Joyce's,7,6,5,11,5,6,11
Joycean,7,3,3,6,5,2,7
Joycean's,9,6,0,6,6,1,7
Joyner,6,4,6,10,4,6,10
Joyner's,8,8,3,11,8,5,13
Juan,4,4,7,11,4,7,11
Juan's,6,6,6,12,6,6,12
Juana,5,2,6,8,1,7,8
Juana's,7,4,5,9,3,6,9
Juanita,7,3,2,5,4,3,7
Juanita's,9,6,2,8,6,2,8
Juarez,6,5,2,7,5,2,7
Juarez's,8,7,0,7,7,0,7
Jubal,5,4,6,10,4,6,10
Jubal's,7,6,4,10,6,4,10
Judaeo,6,3,3,6,3,3,6
Judah,5,3,6,9,3,7,10
Judah's,7,5,5,10,5,5,10
Judaic,6,4,4,8,4,4,8
Judaism,7,4,3,7,3,3,6
Judaism's,9,5,2,7,5,3,8
Judaisms,8,2,3,5,3,1,4
Judas,5,4,5,9,4,3,7
Judas's,7,5,1,6,5,1,6
Judases,7,3,1,4,4,2,6
Judd,4,2,11,13,2,11,13
Judd's,6,5,12,17,4,11,15
Jude,4,4,4,8,4,3,7
Jude's,6,6,4,10,6,4,10
Judea,5,3,5,8,3,5,8
Judea's,7,4,5,9,4,5,9
Judith,6,2,5,7,2,5,7
Judith's,8,7,3,10,7,3,10
Judson,6,5,4,9,5,4,9
Judson's,8,6,4,10,6,4,10
Judy,4,2,11,13,2,11,13
Judy's,6,5,12,17,4,11,15
Juggernaut,10,3,1,4,3,1,4
Juggernaut's,12,5,0,5,4,0,4
Jules,5,5,3,8,5,3,8
Jules's,7,5,3,8,5,3,8
Julia,5,4,2,6,4,2,6
Julia's,7,6,1,7,5,2,7
Julian,6,5,4,9,5,4,9
Julian's,8,7,3,10,7,3,10
Juliana,7,3,2,5,3,2,5
Juliana's,9,5,1,6,4,1,5
Julianne,8,4,1,5,4,1,5
Julianne's,10,5,0,5,4,0,4
Julie,5,3,4,7,3,4,7
Julie's,7,6,1,7,6,1,7
Julies,6,4,4,8,4,4,8
Juliet,6,5,4,9,5,4,9
Juliet's,8,7,3,10,7,3,10
Juliette,8,3,3,6,3,2,5
Juliette's,10,4,2,6,5,1,6
Julio,5,4,3,7,4,3,7
Julio's,7,6,2,8,6,3,9
Julius,6,4,4,8,4,4,8
Julius's,8,5,2,7,4,2,6
Julliard,8,2,2,4,2,2,4
Julliard's,10,4,2,6,4,2,6
July,4,4,6,10,4,7,11
July's,6,5,7,12,5,7,12
June,4,3,9,12,3,9,12
June's,6,6,5,11,6,5,11
Juneau,6,3,2,5,4,1,5
Juneau's,8,5,1,6,6,0,6
Junes,5,5,4,9,5,4,9
Jung,4,4,9,13,4,9,13
Jung's,6,6,10,16,6,8,14
Jungfrau,8,2,4,6,2,4,6
Jungfrau's,10,4,3,7,3,3,6
Jungian,7,3,2,5,3,3,6
Jungian's,9,4,2,6,4,2,6
Junior,6,4,3,7,3,3,6
Junior's,8,6,2,8,4,2,6
Juniors,7,5,3,8,5,2,7
Juno,4,4,3,7,4,3,7
Juno's,6,6,3,9,6,3,9
Jupiter,7,5,3,8,4,2,6
Jupiter's,9,7,1,8,6,1,7
Jurassic,8,4,1,5,3,1,4
Jurassic's,10,3,0,3,2,1,3
Jurua,5,2,4,6,2,4,6
Jurua's,7,4,3,7,3,3,6
Justice,7,6,1,7,7,2,9
Justice's,9,5,1,6,5,1,6
Justin,6,5,3,8,5,3,8
Justin's,8,6,3,9,6,3,9
Justine,7,5,2,7,6,3,9
Justine's,9,6,1,7,6,1,7
Justinian,9,4,1,5,3,1,4
Justinian's,11,3,1,4,3,1,4
Jutland,7,3,6,9,4,4,8
Jutland's,9,6,3,9,6,2,8
Juvenal,7,3,1,4,4,1,5
Juvenal's,9,4,1,5,5,0,5
K,1,1,10,11,1,10,11
K's,3,3,12,15,3,12,15
KFC,3,2,9,11,2,9,11
KFC's,5,4,7,11,4,7,11
Kaaba,5,1,2,3,1,2,3
Kaaba's,7,3,1,4,2,1,3
Kabul,5,3,6,9,3,6,9
Kabul's,7,5,7,12,4,8,12
Kafka,5,1,9,10,2,6,8
Kafka's,7,3,8,11,4,4,8
Kafkaesque,10,5,1,6,3,0,3
Kafkaesque's,12,3,1,4,3,0,3
Kagoshima,9,3,1,4,2,3,5
Kagoshima's,11,4,2,6,3,3,6
Kahlua,6,2,4,6,2,5,7
Kahlua's,8,4,3,7,4,4,8
Kaifeng,7,3,4,7,4,4,8
Kaifeng's,9,5,3,8,5,3,8
Kaiser,6,5,3,8,5,3,8
Kaiser's,8,6,0,6,6,0,6
Kaitlin,7,5,3,8,5,4,9
Kaitlin's,9,7,3,10,7,3,10
Kalahari,8,3,2,5,3,2,5
Kalahari's,10,4,1,5,3,1,4
Kalamazoo,9,4,3,7,2,3,5
Kalamazoo's,11,6,1,7,3,1,4
Kalashnikov,11,3,1,4,3,1,4
Kalashnikov's,13,4,1,5,3,1,4
Kalb,4,4,2,6,4,2,6
Kalb's,6,6,1,7,6,1,7
Kalevala,8,2,3,5,2,3,5
Kalevala's,10,4,0,4,3,0,3
Kalgoorlie,10,3,1,4,3,1,4
Kalgoorlie's,12,4,0,4,4,0,4
Kali,4,3,3,6,3,3,6
Kali's,6,5,2,7,5,2,7
Kalmyk,6,3,5,8,3,6,9
Kalmyk's,8,5,4,9,5,5,10
Kama,4,3,3,6,3,2,5
Kama's,6,5,2,7,5,2,7
Kamchatka,9,1,3,4,1,3,4
Kamchatka's,11,2,1,3,2,1,3
Kamehameha,10,2,1,3,2,2,4
Kamehameha's,12,4,0,4,2,1,3
Kampala,7,2,3,5,2,4,6
Kampala's,9,4,1,5,4,3,7
Kampuchea,9,2,3,5,2,3,5
Kampuchea's,11,5,2,7,2,3,5
Kanchenjunga,12,2,2,4,2,2,4
Kanchenjunga's,14,3,1,4,3,2,5
Kandahar,8,3,3,6,2,4,6
Kandahar's,10,5,1,6,3,2,5
Kandinsky,9,2,1,3,2,2,4
Kandinsky's,11,3,1,4,3,1,4
Kane,4,4,5,9,4,6,10
Kane's,6,6,4,10,6,4,10
Kannada,7,2,4,6,2,2,4
Kannada's,9,4,2,6,4,1,5
Kano,4,4,4,8,4,5,9
Kano's,6,6,4,10,6,4,10
Kanpur,6,3,3,6,3,3,6
Kanpur's,8,5,4,9,5,2,7
Kansan,6,2,4,6,3,2,5
Kansan's,8,3,4,7,4,2,6
Kansans,7,3,2,5,3,2,5
Kansas,6,3,4,7,3,3,6
Kansas's,8,3,1,4,1,2,3
Kant,4,3,5,8,3,6,9
Kant's,6,5,5,10,5,5,10
Kantian,7,3,2,5,3,3,6
Kantian's,9,5,1,6,5,1,6
Kaohsiung,9,3,1,4,3,1,4
Kaohsiung's,11,3,2,5,2,1,3
Kaposi,6,4,1,5,4,1,5
Kaposi's,8,5,0,5,5,1,6
Kara,4,3,1,4,3,2,5
Kara's,6,5,2,7,5,2,7
Karachi,7,5,2,7,3,2,5
Karachi's,9,7,2,9,5,1,6
Karaganda,9,2,4,6,1,4,5
Karaganda's,11,4,2,6,3,2,5
Karakorum,9,2,3,5,2,3,5
Karakorum's,11,3,2,5,3,2,5
Karamazov,9,4,3,7,2,3,5
Karamazov's,11,6,1,7,3,1,4
Kareem,6,3,2,5,3,2,5
Kareem's,8,5,1,6,4,1,5
Karen,5,4,4,8,4,4,8
Karen's,7,6,2,8,6,2,8
Karenina,8,4,1,5,4,1,5
Karenina's,10,5,0,5,4,0,4
Kari,4,4,4,8,4,4,8
Kari's,6,6,3,9,6,3,9
Karin,5,5,5,10,5,5,10
Karin's,7,7,5,12,7,5,12
Karina,6,5,4,9,5,4,9
Karina's,8,7,3,10,7,3,10
Karl,4,3,6,9,3,6,9
Karl's,6,5,5,10,5,5,10
Karla,5,3,6,9,3,6,9
Karla's,7,5,5,10,5,5,10
Karloff,7,4,3,7,5,3,8
Karloff's,9,7,2,9,7,2,9
Karo,4,3,5,8,3,5,8
Karo's,6,5,4,9,5,4,9
Karol,5,4,5,9,3,6,9
Karol's,7,6,2,8,6,3,9
Karroo,6,3,3,6,3,3,6
Karroo's,8,5,1,6,5,2,7
Karyn,5,3,3,6,3,3,6
Karyn's,7,5,3,8,5,3,8
Kasai,5,4,1,5,4,1,5
Kasai's,7,5,1,6,5,1,6
Kasey,5,4,3,7,3,5,8
Kasey's,7,5,2,7,5,3,8
Kashmir,7,4,0,4,4,1,5
Kashmir's,9,5,1,6,5,1,6
Kasparov,8,2,3,5,2,3,5
Kasparov's,10,4,2,6,4,2,6
Kate,4,4,5,9,4,3,7
Kate's,6,6,4,10,6,4,10
Katelyn,7,6,1,7,6,1,7
Katelyn's,9,8,0,8,8,1,9
Katharine,9,5,1,6,4,1,5
Katharine's,11,7,0,7,5,0,5
Katherine,9,7,2,9,7,2,9
Katherine's,11,7,1,8,7,1,8
Katheryn,8,3,3,6,3,2,5
Katheryn's,10,8,0,8,6,2,8
Kathiawar,9,2,2,4,2,2,4
Kathiawar's,11,4,1,5,3,1,4
Kathie,6,4,6,10,4,6,10
Kathie's,8,6,4,10,6,4,10
Kathleen,8,6,2,8,6,2,8
Kathleen's,10,8,1,9,8,1,9
Kathrine,8,5,2,7,5,1,6
Kathrine's,10,7,1,8,7,1,8
Kathryn,7,3,6,9,6,5,11
Kathryn's,9,5,4,9,8,4,12
Kathy,5,4,5,9,4,5,9
Kathy's,7,6,4,10,6,4,10
Katie,5,3,5,8,3,5,8
Katie's,7,6,5,11,6,5,11
Katina,6,5,3,8,5,3,8
Katina's,8,7,2,9,7,2,9
Katmai,6,3,5,8,3,6,9
Katmai's,8,4,4,8,3,8,11
Katmandu,8,3,4,7,2,5,7
Katmandu's,10,4,2,6,3,4,7
Katowice,8,5,1,6,4,2,6
Katowice's,10,7,0,7,7,2,9
Katrina,7,4,3,7,3,3,6
Katrina's,9,5,1,6,5,2,7
Katy,4,2,8,10,2,8,10
Katy's,6,4,7,11,4,7,11
Kauai,5,2,7,9,2,6,8
Kauai's,7,4,6,10,4,5,9
Kaufman,7,2,5,7,2,5,7
Kaufman's,9,6,2,8,6,2,8
Kaunas,6,5,3,8,5,4,9
Kaunas's,8,4,2,6,4,3,7
Kaunda,6,2,4,6,2,5,7
Kaunda's,8,4,3,7,4,4,8
Kawabata,8,1,4,5,1,4,5
Kawabata's,10,2,2,4,2,2,4
Kawasaki,8,3,1,4,4,1,5
Kawasaki's,10,4,1,5,3,1,4
Kay,3,3,8,11,3,9,12
Kay's,5,5,8,13,5,8,13
Kaye,4,3,8,11,3,7,10
Kaye's,6,5,5,10,5,5,10
Kayla,5,3,5,8,3,5,8
Kayla's,7,5,4,9,5,4,9
Kazakh,6,2,5,7,2,5,7
Kazakh's,8,4,4,8,4,3,7
Kazakhstan,10,2,2,4,2,2,4
Kazakhstan's,12,3,1,4,2,1,3
Kazan,5,2,6,8,2,6,8
Kazan's,7,5,4,9,5,4,9
Kazantzakis,11,3,1,4,3,1,4
Kazantzakis's,13,3,1,4,3,1,4
Keaton,6,5,3,8,5,3,8
Keaton's,8,7,2,9,7,1,8
Keats,5,5,3,8,5,2,7
Keats's,7,6,1,7,6,1,7
Keck,4,3,7,10,2,7,9
Keck's,6,5,4,9,4,8,12
Keenan,6,2,1,3,2,1,3
Keenan's,8,5,1,6,3,0,3
Keewatin,8,2,1,3,2,1,3
Keewatin's,10,3,1,4,3,1,4
Keillor,7,3,1,4,3,2,5
Keillor's,9,4,1,5,5,1,6
Keisha,6,6,1,7,6,1,7
Keisha's,8,7,1,8,7,1,8
Keith,5,3,6,9,3,5,8
Keith's,7,6,4,10,5,4,9
Keller,6,4,4,8,4,4,8
Keller's,8,6,4,10,6,3,9
Kelley,6,3,4,7,3,4,7
Kelley's,8,5,1,6,5,2,7
Kelli,5,4,3,7,4,5,9
Kelli's,7,4,5,9,4,4,8
Kellie,6,4,3,7,4,1,5
Kellie's,8,6,2,8,6,4,10
Kellogg,7,3,4,7,2,4,6
Kellogg's,9,5,3,8,4,3,7
Kelly,5,4,6,10,4,2,6
Kelly's,7,6,3,9,6,1,7
Kelsey,6,4,2,6,3,3,6
Kelsey's,8,5,1,6,4,2,6
Kelvin,6,5,3,8,5,3,8
Kelvin's,8,7,2,9,7,1,8
Kemerovo,8,2,2,4,2,2,4
Kemerovo's,10,4,1,5,4,1,5
Kemp,4,4,8,12,2,7,9
Kemp's,6,6,7,13,6,5,11
Kempis,6,4,3,7,4,7,11
Kempis's,8,5,1,6,5,2,7
Kendall,7,3,3,6,3,1,4
Kendall's,9,6,0,6,5,1,6
Kendra,6,3,3,6,3,3,6
Kendra's,8,5,2,7,7,0,7
Kendrick,8,3,2,5,3,2,5
Kendrick's,10,5,2,7,4,2,6
Kenmore,7,4,3,7,2,3,5
Kenmore's,9,4,1,5,5,2,7
Kennan,6,2,3,5,2,3,5
Kennan's,8,4,2,6,4,1,5
Kennedy,7,2,3,5,2,3,5
Kennedy's,9,4,2,6,3,2,5
Kenneth,7,3,1,4,3,2,5
Kenneth's,9,5,0,5,4,1,5
Kennith,7,3,1,4,2,1,3
Kennith's,9,5,1,6,4,1,5
Kenny,5,4,8,12,3,7,10
Kenny's,7,6,6,12,5,6,11
Kent,4,4,3,7,4,3,7
Kent's,6,6,1,7,6,3,9
Kenton,6,4,3,7,4,3,7
Kenton's,8,6,2,8,6,1,7
Kentuckian,10,4,1,5,4,1,5
Kentuckian's,12,5,0,5,4,0,4
Kentuckians,11,4,0,4,4,0,4
Kentucky,8,3,4,7,3,4,7
Kentucky's,10,5,3,8,4,3,7
Kenya,5,4,4,8,3,6,9
Kenya's,7,6,3,9,6,4,10
Kenyan,6,3,4,7,5,4,9
Kenyan's,8,5,3,8,5,2,7
Kenyans,7,4,2,6,4,2,6
Kenyatta,8,2,3,5,2,3,5
Kenyatta's,10,4,1,5,3,1,4
Kenyon,6,3,4,7,4,5,9
Kenyon's,8,4,3,7,5,2,7
Keogh,5,2,5,7,2,8,10
Keogh's,7,4,5,9,4,7,11
Keokuk,6,2,7,9,2,7,9
Keokuk's,8,4,6,10,5,5,10
Kepler,6,3,3,6,3,3,6
Kepler's,8,6,2,8,5,1,6
Kerensky,8,3,0,3,3,0,3
Kerensky's,10,4,0,4,3,0,3
Keri,4,4,7,11,4,7,11
Keri's,6,6,6,12,6,6,12
Kermit,6,6,2,8,6,2,8
Kermit's,8,8,1,9,8,1,9
Kern,4,4,5,9,4,4,8
Kern's,6,6,3,9,6,4,10
Kerouac,7,3,3,6,3,3,6
Kerouac's,9,5,1,6,5,2,7
Kerr,4,3,4,7,3,2,5
Kerr's,6,5,3,8,5,2,7
Kerri,5,4,4,8,4,3,7
Kerri's,7,6,3,9,6,2,8
Kerry,5,4,6,10,4,5,9
Kerry's,7,6,5,11,6,4,10
Kettering,9,7,1,8,7,1,8
Kettering's,11,9,0,9,9,0,9
Keven,5,3,4,7,3,4,7
Keven's,7,5,2,7,5,2,7
Kevin,5,4,5,9,3,7,10
Kevin's,7,6,4,10,6,4,10
Kevlar,6,5,2,7,5,2,7
Kevlar's,8,7,1,8,7,2,9
Kevorkian,9,4,1,5,4,1,5
Kevorkian's,11,6,0,6,5,0,5
Kewpie,6,3,4,7,2,8,10
Kewpie's,8,5,3,8,5,5,10
Key,3,3,8,11,2,11,13
Key's,5,4,8,12,4,8,12
Keynes,6,3,3,6,3,4,7
Keynes's,8,4,1,5,3,2,5
Keynesian,9,3,0,3,3,0,3
Keynesian's,11,3,0,3,3,0,3
Khabarovsk,10,3,1,4,2,2,4
Khabarovsk's,12,4,1,5,2,2,4
Khachaturian,12,3,1,4,3,1,4
Khachaturian's,14,3,0,3,3,1,4
Khalid,6,3,3,6,3,3,6
Khalid's,8,5,2,7,4,2,6
Khan,4,3,6,9,4,5,9
Khan's,6,5,5,10,6,4,10
Kharkov,7,3,5,8,2,6,8
Kharkov's,9,5,4,9,4,4,8
Khartoum,8,3,3,6,3,3,6
Khartoum's,10,5,1,6,4,1,5
Khayyam,7,2,4,6,3,4,7
Khayyam's,9,5,3,8,4,3,7
Khazar,6,3,2,5,3,2,5
Khazar's,8,5,1,6,5,1,6
Khmer,5,2,7,9,2,7,9
Khmer's,7,4,5,9,4,5,9
Khoikhoi,8,2,2,4,2,2,4
Khoikhoi's,10,3,2,5,3,2,5
Khoisan,7,3,1,4,4,1,5
Khoisan's,9,4,0,4,6,1,7
Khomeini,8,2,2,4,2,3,5
Khomeini's,10,4,1,5,3,2,5
Khorana,7,2,3,5,3,3,6
Khorana's,9,4,2,6,3,2,5
Khrushchev,10,3,1,4,3,1,4
Khrushchev's,12,4,0,4,3,0,3
Khufu,5,1,5,6,1,5,6
Khufu's,7,3,4,7,2,4,6
Khulna,6,2,4,6,2,4,6
Khulna's,8,3,3,6,3,3,6
Khwarizmi,9,1,2,3,1,2,3
Khwarizmi's,11,4,2,6,3,2,5
Khyber,6,4,4,8,4,4,8
Khyber's,8,5,4,9,5,4,9
Kickapoo,8,4,2,6,3,2,5
Kickapoo's,10,3,1,4,3,1,4
Kidd,4,2,8,10,2,7,9
Kidd's,6,4,6,10,4,6,10
Kiel,4,2,5,7,3,5,8
Kiel's,6,4,4,8,4,4,8
Kierkegaard,11,3,1,4,2,1,3
Kierkegaard's,13,3,1,4,3,0,3
Kieth,5,4,4,8,4,5,9
Kieth's,7,6,3,9,6,4,10
Kiev,4,3,8,11,3,8,11
Kiev's,6,5,4,9,5,4,9
Kigali,6,3,5,8,3,5,8
Kigali's,8,5,5,10,5,3,8
Kikuyu,6,2,4,6,2,6,8
Kikuyu's,8,4,3,7,3,3,6
Kilauea,7,3,4,7,2,5,7
Kilauea's,9,5,1,6,4,2,6
Kilimanjaro,11,2,1,3,1,2,3
Kilimanjaro's,13,3,2,5,2,1,3
Kilroy,6,4,4,8,4,4,8
Kilroy's,8,6,3,9,4,3,7
Kim,3,3,7,10,3,8,11
Kim's,5,5,9,14,5,8,13
Kimberley,9,4,2,6,4,2,6
Kimberley's,11,5,0,5,5,0,5
Kimberly,8,5,1,6,6,3,9
Kimberly's,10,4,2,6,4,2,6
King,4,4,5,9,4,5,9
King's,6,6,4,10,6,4,10
Kingston,8,5,1,6,5,1,6
Kingston's,10,3,2,5,3,2,5
Kingstown,9,4,1,5,4,1,5
Kingstown's,11,5,2,7,4,1,5
Kinko's,7,6,3,9,6,3,9
Kinney,6,2,5,7,2,5,7
Kinney's,8,4,3,7,4,3,7
Kinsey,6,3,3,6,3,3,6
Kinsey's,8,6,2,8,4,2,6
Kinshasa,8,2,1,3,2,1,3
Kinshasa's,10,2,0,2,2,0,2
Kiowa,5,3,6,9,2,7,9
Kiowa's,7,5,3,8,5,3,8
Kip,3,3,5,8,3,5,8
Kip's,5,5,6,11,5,4,9
Kipling,7,5,2,7,5,4,9
Kipling's,9,6,3,9,5,3,8
Kirby,5,3,8,11,3,9,12
Kirby's,7,5,7,12,5,9,14
Kirchhoff,9,2,3,5,2,3,5
Kirchhoff's,11,5,2,7,4,2,6
Kirchner,8,3,2,5,3,1,4
Kirchner's,10,5,0,5,5,0,5
Kirghistan,10,3,0,3,2,1,3
Kirghistan's,12,5,0,5,4,1,5
Kirghiz,7,3,3,6,2,4,6
Kirghiz's,9,4,4,8,4,4,8
Kiribati,8,1,2,3,1,2,3
Kiribati's,10,4,2,6,4,2,6
Kirinyaga,9,2,2,4,2,3,5
Kirinyaga's,11,4,1,5,3,1,4
Kirk,4,3,7,10,3,7,10
Kirk's,6,5,6,11,5,6,11
Kirkland,8,6,2,8,3,2,5
Kirkland's,10,8,2,10,5,2,7
Kirkpatrick,11,3,2,5,3,2,5
Kirkpatrick's,13,4,0,4,3,1,4
Kirov,5,3,4,7,2,6,8
Kirov's,7,5,3,8,4,5,9
Kirsten,7,4,1,5,4,1,5
Kirsten's,9,6,0,6,6,0,6
Kisangani,9,2,1,3,2,1,3
Kisangani's,11,2,1,3,2,1,3
Kishinev,8,4,1,5,4,1,5
Kishinev's,10,4,0,4,4,0,4
Kislev,6,3,4,7,3,4,7
Kislev's,8,4,3,7,4,3,7
Kissinger,9,3,0,3,3,1,4
Kissinger's,11,2,0,2,3,0,3
Kit,3,3,3,6,3,3,6
Kit's,5,5,3,8,5,3,8
Kitakyushu,10,2,2,4,2,2,4
Kitakyushu's,12,2,1,3,3,1,4
Kitchener,9,2,2,4,3,1,4
Kitchener's,11,3,0,3,3,0,3
Kitty,5,4,5,9,4,6,10
Kitty's,7,6,6,12,5,7,12
Kiwanis,7,3,4,7,3,2,5
Kiwanis's,9,3,2,5,3,2,5
Klan,4,4,5,9,4,5,9
Klan's,6,6,4,10,6,4,10
Klansman,8,2,3,5,2,3,5
Klansman's,10,3,2,5,3,2,5
Klaus,5,4,6,10,4,7,11
Klaus's,7,4,2,6,4,2,6
Klee,4,3,2,5,3,1,4
Klee's,6,5,1,6,5,1,6
Kleenex,7,1,3,4,1,3,4
Kleenex's,9,3,1,4,2,1,3
Kleenexes,9,2,0,2,2,0,2
Klein,5,3,3,6,3,2,5
Klein's,7,5,2,7,5,1,6
Klimt,5,4,6,10,4,6,10
Klimt's,7,6,5,11,6,5,11
Kline,5,4,6,10,4,6,10
Kline's,7,6,4,10,6,4,10
Klingon,7,3,4,7,4,4,8
Klingon's,9,5,3,8,6,3,9
Klondike,8,4,2,6,4,2,6
Klondike's,10,6,1,7,3,2,5
Klondikes,9,6,1,7,4,1,5
Kmart,5,3,3,6,3,3,6
Kmart's,7,5,2,7,5,2,7
Knapp,5,3,4,7,3,4,7
Knapp's,7,5,3,8,5,3,8
Knesset,7,3,1,4,2,2,4
Knesset's,9,3,2,5,3,1,4
Kngwarreye,10,3,1,4,3,1,4
Kngwarreye's,12,3,0,3,3,0,3
Knickerbocker,13,3,1,4,3,1,4
Knickerbocker's,15,2,1,3,3,0,3
Knievel,7,2,3,5,3,2,5
Knievel's,9,3,1,4,3,1,4
Knight,6,5,5,10,5,5,10
Knight's,8,7,5,12,7,5,12
Knopf,5,3,6,9,3,6,9
Knopf's,7,5,5,10,5,5,10
Knossos,7,3,2,5,2,2,4
Knossos's,9,4,0,4,3,0,3
Knowles,7,4,3,7,4,2,6
Knowles's,9,4,2,6,4,2,6
Knox,4,4,5,9,4,5,9
Knox's,6,6,4,10,6,4,10
Knoxville,9,3,2,5,3,2,5
Knoxville's,11,5,1,6,4,1,5
Knudsen,7,4,0,4,4,1,5
Knudsen's,9,5,1,6,4,2,6
Knuth,5,2,7,9,2,7,9
Knuth's,7,4,6,10,6,5,11
Kobe,4,3,7,10,3,7,10
Kobe's,6,5,7,12,5,8,13
Koch,4,3,6,9,3,6,9
Koch's,6,5,5,10,5,5,10
Kochab,6,3,3,6,3,4,7
Kochab's,8,5,2,7,5,3,8
Kodachrome,10,2,2,4,2,2,4
Kodachrome's,12,5,1,6,4,1,5
Kodak,5,4,5,9,4,5,9
Kodak's,7,6,3,9,6,4,10
Kodaly,6,2,6,8,3,5,8
Kodaly's,8,4,5,9,5,3,8
Kodiak,6,3,5,8,3,6,9
Kodiak's,8,5,4,9,5,5,10
Koestler,8,4,0,4,4,0,4
Koestler's,10,3,0,3,3,0,3
Kohinoor,8,3,3,6,2,3,5
Kohinoor's,10,4,2,6,4,2,6
Kohl,4,3,6,9,3,5,8
Kohl's,6,5,5,10,5,4,9
Koizumi,7,2,2,4,2,3,5
Koizumi's,9,4,2,6,3,2,5
Kojak,5,3,6,9,3,6,9
Kojak's,7,4,6,10,5,5,10
Kolyma,6,3,3,6,3,3,6
Kolyma's,8,5,2,7,4,3,7
Kommunizma,10,2,2,4,2,2,4
Kommunizma's,12,4,1,5,3,1,4
Kong,4,4,6,10,4,6,10
Kong's,6,6,4,10,6,4,10
Kongo,5,4,4,8,4,6,10
Kongo's,7,6,3,9,6,3,9
Konrad,6,4,3,7,4,3,7
Konrad's,8,6,2,8,6,2,8
Koontz,6,2,5,7,2,5,7
Koontz's,8,4,2,6,3,4,7
Koppel,6,2,7,9,2,7,9
Koppel's,8,4,5,9,5,3,8
Koran,5,5,3,8,5,3,8
Koran's,7,7,3,10,7,3,10
Korans,6,5,4,9,5,4,9
Korea,5,3,4,7,3,4,7
Korea's,7,5,0,5,5,0,5
Korean,6,4,1,5,3,4,7
Korean's,8,6,1,7,5,2,7
Koreans,7,5,2,7,5,1,6
Kornberg,8,2,3,5,3,3,6
Kornberg's,10,5,1,6,4,1,5
Kory,4,3,5,8,3,5,8
Kory's,6,5,4,9,5,3,8
Korzybski,9,3,1,4,3,1,4
Korzybski's,11,3,1,4,2,2,4
Kosciusko,9,2,0,2,2,1,3
Kosciusko's,11,4,1,5,2,0,2
Kossuth,7,2,2,4,2,3,5
Kossuth's,9,3,2,5,2,3,5
Kosygin,7,4,2,6,4,2,6
Kosygin's,9,5,2,7,5,2,7
Koufax,6,2,7,9,3,6,9
Koufax's,8,4,6,10,5,5,10
Kowloon,7,2,5,7,2,5,7
Kowloon's,9,4,3,7,4,3,7
Kr,2,2,10,12,2,10,12
Kr's,4,4,8,12,4,8,12
Kraft,5,5,4,9,5,3,8
Kraft's,7,7,2,9,7,2,9
Krakatoa,8,2,3,5,2,3,5
Krakatoa's,10,4,2,6,3,2,5
Krakow,6,3,5,8,3,5,8
Krakow's,8,5,4,9,5,5,10
Kramer,6,4,3,7,4,3,7
Kramer's,8,7,1,8,7,1,8
Krasnodar,9,2,2,4,2,2,4
Krasnodar's,11,4,1,5,3,1,4
Krasnoyarsk,11,2,0,2,1,1,2
Krasnoyarsk's,13,2,0,2,1,1,2
Krebs,5,4,2,6,4,3,7
Krebs's,7,5,0,5,5,0,5
Kremlin,7,7,1,8,7,1,8
Kremlin's,9,9,0,9,9,0,9
Kremlinologist,14,3,0,3,2,0,2
Kresge,6,4,1,5,3,2,5
Kresge's,8,3,1,4,3,1,4
Kringle,7,5,2,7,5,2,7
Kringle's,9,7,1,8,7,1,8
Kris,4,4,4,8,4,4,8
Kris's,6,5,3,8,5,3,8
Krishna,7,4,2,6,4,2,6
Krishna's,9,4,2,6,3,2,5
Krishnamurti,12,2,0,2,2,0,2
Krishnamurti's,14,2,0,2,2,0,2
Krista,6,3,2,5,5,1,6
Krista's,8,4,2,6,6,1,7
Kristen,7,4,1,5,4,1,5
Kristen's,9,5,0,5,4,0,4
Kristi,6,2,4,6,2,3,5
Kristi's,8,3,3,6,3,3,6
Kristie,7,3,1,4,3,1,4
Kristie's,9,4,1,5,4,0,4
Kristin,7,2,1,3,2,1,3
Kristin's,9,3,1,4,4,1,5
Kristina,8,6,3,9,6,3,9
Kristina's,10,7,2,9,7,2,9
Kristine,8,7,0,7,7,0,7
Kristine's,10,4,0,4,4,1,5
Kristopher,10,3,0,3,3,0,3
Kristopher's,12,4,0,4,3,0,3
Kristy,6,5,3,8,5,3,8
Kristy's,8,5,3,8,4,3,7
Kroc,4,3,7,10,3,6,9
Kroc's,6,5,4,9,5,6,11
Kroger,6,4,1,5,4,1,5
Kroger's,8,6,1,7,6,1,7
Kronecker,9,4,1,5,3,2,5
Kronecker's,11,6,0,6,4,1,5
Kropotkin,9,2,3,5,2,3,5
Kropotkin's,11,2,2,4,2,2,4
Kruger,6,4,3,7,4,3,7
Kruger's,8,4,3,7,4,3,7
Krugerrand,10,3,2,5,3,2,5
Krugerrand's,12,6,0,6,4,0,4
Krupp,5,3,6,9,3,6,9
Krupp's,7,5,5,10,4,6,10
Krystal,7,6,3,9,6,3,9
Krystal's,9,7,3,10,7,3,10
Kshatriya,9,2,0,2,2,0,2
Kshatriya's,11,2,0,2,2,0,2
Kublai,6,3,6,9,3,5,8
Kublai's,8,5,5,10,5,4,9
Kubrick,7,3,6,9,2,7,9
Kubrick's,9,3,4,7,3,4,7
Kuhn,4,2,7,9,2,7,9
Kuhn's,6,4,5,9,4,6,10
Kuibyshev,9,3,2,5,3,2,5
Kuibyshev's,11,5,1,6,3,1,4
Kulthumm,8,1,5,6,1,5,6
Kulthumm's,10,2,4,6,2,4,6
Kunming,7,5,3,8,5,3,8
Kunming's,9,7,4,11,7,4,11
Kuomintang,10,2,2,4,2,2,4
Kuomintang's,12,5,1,6,3,1,4
Kurd,4,3,8,11,3,8,11
Kurd's,6,5,7,12,5,7,12
Kurdish,7,6,2,8,6,2,8
Kurdish's,9,6,2,8,5,3,8
Kurdistan,9,3,2,5,3,2,5
Kurdistan's,11,3,1,4,3,1,4
Kurile,6,5,3,8,3,3,6
Kurile's,8,6,2,8,6,2,8
Kurosawa,8,2,2,4,2,2,4
Kurosawa's,10,2,1,3,2,1,3
Kurt,4,4,7,11,4,8,12
Kurt's,6,6,6,12,6,6,12
Kurtis,6,5,5,10,5,5,10
Kurtis's,8,6,3,9,6,3,9
Kusch,5,4,5,9,4,6,10
Kusch's,7,5,5,10,5,6,11
Kutuzov,7,2,4,6,2,4,6
Kutuzov's,9,4,3,7,3,3,6
Kuwait,6,3,5,8,3,5,8
Kuwait's,8,5,3,8,5,3,8
Kuwaiti,7,1,3,4,2,2,4
Kuwaiti's,9,3,1,4,3,1,4
Kuwaitis,8,3,2,5,3,2,5
Kuznets,7,5,5,10,5,6,11
Kuznets's,9,4,1,5,4,2,6
Kuznetsk,8,3,0,3,3,0,3
Kuznetsk's,10,3,1,4,3,0,3
Kwakiutl,8,3,2,5,3,2,5
Kwakiutl's,10,5,2,7,5,2,7
Kwan,4,2,8,10,2,9,11
Kwan's,6,4,7,11,4,8,12
Kwangju,7,3,5,8,2,5,7
Kwangju's,9,5,3,8,3,3,6
Kwanzaa,7,1,3,4,1,2,3
Kwanzaa's,9,2,1,3,2,1,3
Kwanzaas,8,2,1,3,2,1,3
Kyle,4,4,4,8,4,4,8
Kyle's,6,6,4,10,6,4,10
Kyoto,5,2,4,6,2,4,6
Kyoto's,7,4,3,7,2,4,6
Kyrgyzstan,10,2,2,4,2,2,4
Kyrgyzstan's,12,4,1,5,3,2,5
Kyushu,6,3,3,6,2,4,6
Kyushu's,8,3,4,7,3,4,7
Köln,4,0,7,7,0,7,7
Köln's,6,2,6,8,2,6,8
L,1,1,11,12,1,11,12
L'Amour,7,6,3,9,4,3,7
L'Amour's,9,3,1,4,4,1,5
L'Oreal,7,5,1,6,4,1,5
L'Oreal's,9,3,0,3,3,0,3
L'Ouverture,11,3,2,5,2,2,4
L'Ouverture's,13,3,0,3,3,1,4
L's,3,3,13,16,3,13,16
LBJ,3,1,7,8,1,7,8
LBJ's,5,3,6,9,3,6,9
La,2,2,0,2,2,0,2
La's,4,4,7,11,4,7,11
Laban,5,3,2,5,3,2,5
Laban's,7,4,5,9,4,5,9
Labrador,8,2,4,6,2,3,5
Labrador's,10,3,1,4,3,1,4
Labradors,9,3,2,5,3,1,4
Lacey,5,4,4,8,4,4,8
Lacey's,7,6,1,7,6,1,7
Lachesis,8,2,2,4,2,2,4
Lachesis's,10,4,0,4,4,0,4
Lacy,4,4,4,8,4,4,8
Lacy's,6,6,3,9,6,3,9
Ladoga,6,3,3,6,3,3,6
Ladoga's,8,5,2,7,5,2,7
Ladonna,7,5,3,8,5,3,8
Ladonna's,9,7,2,9,7,2,9
Lafayette,9,3,3,6,3,3,6
Lafayette's,11,5,2,7,4,2,6
Lafitte,7,4,1,5,4,0,4
Lafitte's,9,6,0,6,6,0,6
Lagos,5,5,3,8,5,4,9
Lagos's,7,6,4,10,6,3,9
Lagrange,8,3,1,4,3,1,4
Lagrange's,10,5,1,6,4,0,4
Lagrangian,10,3,2,5,3,2,5
Lagrangian's,12,3,1,4,4,1,5
Lahore,6,3,1,4,3,1,4
Lahore's,8,5,1,6,7,1,8
Laius,5,4,4,8,4,5,9
Laius's,7,4,1,5,4,1,5
Lajos,5,4,4,8,4,5,9
Lajos's,7,5,5,10,5,4,9
Lakeisha,8,2,1,3,2,1,3
Lakeisha's,10,3,1,4,3,1,4
Lakewood,8,2,4,6,4,3,7
Lakisha,7,3,2,5,2,2,4
Lakisha's,9,4,1,5,3,1,4
Lakota,6,3,5,8,4,5,9
Lakota's,8,5,4,9,6,4,10
Lakshmi,7,3,1,4,3,1,4
Lakshmi's,9,4,1,5,3,1,4
Lamar,5,2,3,5,2,3,5
Lamar's,7,5,3,8,5,5,10
Lamarck,7,3,3,6,2,3,5
Lamarck's,9,4,2,6,3,3,6
Lamaze,6,4,2,6,4,2,6
Lamaze's,8,4,2,6,5,2,7
Lamb,4,4,5,9,4,5,9
Lamb's,6,6,2,8,6,2,8
Lambert,7,4,2,6,4,1,5
Lambert's,9,7,0,7,6,0,6
Lamborghini,11,1,1,2,1,2,3
Lamborghini's,13,4,2,6,2,1,3
Lambrusco,9,4,0,4,3,1,4
Lambrusco's,11,2,2,4,2,2,4
Lamont,6,4,3,7,4,3,7
Lamont's,8,4,4,8,6,2,8
Lana,4,3,4,7,3,6,9
Lana's,6,4,5,9,5,6,11
Lanai,5,3,2,5,3,2,5
Lanai's,7,5,2,7,5,2,7
Lancashire,10,3,0,3,4,0,4
Lancashire's,12,4,0,4,3,1,4
Lancaster,9,6,0,6,6,0,6
Lancaster's,11,7,0,7,7,0,7
Lance,5,5,1,6,4,2,6
Lance's,7,6,1,7,6,1,7
Lancelot,8,3,2,5,3,2,5
Lancelot's,10,5,1,6,5,0,5
Land,4,4,2,6,4,2,6
Land's,6,6,1,7,6,1,7
Landon,6,3,4,7,3,4,7
Landon's,8,5,4,9,5,3,8
Landry,6,4,3,7,4,3,7
Landry's,8,6,5,11,6,2,8
Landsat,7,4,1,5,3,1,4
Landsat's,9,4,2,6,3,0,3
Landsteiner,11,4,0,4,5,0,5
Landsteiner's,13,4,0,4,5,0,5
Lane,4,4,1,5,4,0,4
Lane's,6,6,0,6,6,0,6
Lang,4,4,3,7,4,3,7
Lang's,6,5,4,9,5,4,9
Langerhans,10,4,0,4,5,0,5
Langerhans's,12,2,1,3,2,1,3
Langland,8,4,4,8,3,3,6
Langland's,10,6,1,7,5,1,6
Langley,7,4,3,7,4,3,7
Langley's,9,4,1,5,5,1,6
Langmuir,8,2,4,6,2,4,6
Langmuir's,10,4,3,7,3,3,6
Lanka,5,3,5,8,3,5,8
Lanka's,7,5,4,9,5,4,9
Lanny,5,4,5,9,4,5,9
Lanny's,7,5,4,9,5,4,9
Lansing,7,3,1,4,3,1,4
Lansing's,9,5,1,6,4,1,5
Lanzhou,7,3,4,7,4,3,7
Lanzhou's,9,6,2,8,6,2,8
Lao,3,3,7,10,3,8,11
Lao's,5,5,9,14,5,9,14
Laocoon,7,2,3,5,3,2,5
Laocoon's,9,5,1,6,5,1,6
Laos,4,4,8,12,4,8,12
Laos's,6,4,2,6,5,2,7
Laotian,7,5,2,7,5,3,8
Laotian's,9,7,1,8,7,1,8
Laotians,8,6,2,8,5,2,7
Laplace,7,4,3,7,4,2,6
Laplace's,9,6,1,7,6,1,7
Lapland,7,2,4,6,2,3,5
Lapland's,9,4,2,6,3,2,5
Lapp,4,3,7,10,3,6,9
Lapp's,6,5,6,11,5,5,10
Lapps,5,4,5,9,4,2,6
Lara,4,3,2,5,3,3,6
Lara's,6,5,3,8,5,3,8
Laramie,7,3,1,4,4,0,4
Laramie's,9,5,0,5,5,0,5
Lardner,7,5,3,8,5,3,8
Lardner's,9,7,1,8,7,1,8
Laredo,6,3,4,7,4,2,6
Laredo's,8,5,1,6,6,1,7
Larousse,8,4,0,4,4,0,4
Larousse's,10,3,0,3,3,0,3
Larry,5,4,5,9,4,5,9
Larry's,7,6,4,10,6,4,10
Lars,4,4,4,8,4,9,13
Lars's,6,5,3,8,4,3,7
Larsen,6,5,2,7,5,2,7
Larsen's,8,6,0,6,6,1,7
Larson,6,6,2,8,6,2,8
Larson's,8,7,2,9,7,2,9
Las,3,3,8,11,3,9,12
Lascaux,7,3,2,5,3,2,5
Lascaux's,9,4,1,5,4,2,6
Lassa,5,2,1,3,2,2,4
Lassa's,7,3,1,4,3,1,4
Lassen,6,3,2,5,3,2,5
Lassen's,8,5,0,5,5,0,5
Lassie,6,5,3,8,5,2,7
Lassie's,8,6,0,6,6,0,6
Latasha,7,4,1,5,4,1,5
Latasha's,9,5,2,7,5,0,5
Lateran,7,5,2,7,3,1,4
Lateran's,9,7,1,8,5,0,5
Latin,5,4,6,10,4,6,10
Latin's,7,6,4,10,6,4,10
Latina,6,5,4,9,5,4,9
Latiner,7,5,1,6,4,3,7
Latino,6,5,3,8,4,3,7
Latino's,8,7,1,8,7,2,9
Latinos,7,5,2,7,5,2,7
Latins,6,5,5,10,5,5,10
Latisha,7,4,1,5,3,1,4
Latisha's,9,5,0,5,4,0,4
Latonya,7,3,3,6,3,3,6
Latonya's,9,5,2,7,5,2,7
Latoya,6,3,5,8,4,5,9
Latoya's,8,5,4,9,6,4,10
Latrobe,7,4,2,6,5,1,6
Latrobe's,9,6,1,7,6,1,7
Latvia,6,3,4,7,3,4,7
Latvia's,8,5,2,7,5,2,7
Latvian,7,4,2,6,5,3,8
Latvian's,9,6,1,7,6,1,7
Latvians,8,4,2,6,4,2,6
Laud,4,4,3,7,4,3,7
Laud's,6,6,2,8,6,2,8
Lauder,6,5,3,8,6,2,8
Lauder's,8,7,2,9,7,2,9
Laue,4,4,2,6,4,1,5
Laue's,6,6,1,7,6,1,7
Laundromat,10,2,3,5,2,3,5
Laundromat's,12,4,1,5,3,2,5
Laura,5,3,4,7,3,4,7
Laura's,7,5,3,8,5,3,8
Laurasia,8,2,1,3,2,1,3
Laurasia's,10,3,2,5,2,2,4
Laurel,6,5,1,6,4,1,5
Laurel's,8,7,0,7,6,0,6
Lauren,6,5,1,6,4,1,5
Lauren's,8,7,0,7,6,0,6
Laurence,8,7,1,8,7,1,8
Laurence's,10,9,0,9,9,0,9
Laurent,7,3,1,4,3,1,4
Laurent's,9,5,0,5,5,0,5
Lauri,5,3,5,8,3,5,8
Lauri's,7,6,2,8,6,2,8
Laurie,6,5,4,9,4,4,8
Laurie's,8,6,1,7,5,0,5
Laval,5,2,2,4,2,2,4
Laval's,7,4,4,8,4,4,8
Lavern,6,6,2,8,4,2,6
Lavern's,8,8,1,9,6,1,7
Laverne,7,3,1,4,2,1,3
Laverne's,9,5,0,5,4,1,5
Lavoisier,9,4,1,5,4,1,5
Lavoisier's,11,5,1,6,4,1,5
Lavonne,7,4,3,7,4,2,6
Lavonne's,9,6,2,8,6,2,8
Lawanda,7,2,4,6,1,5,6
Lawanda's,9,3,4,7,3,4,7
Lawrence,8,6,2,8,6,2,8
Lawrence's,10,8,1,9,8,1,9
Lawson,6,5,3,8,5,3,8
Lawson's,8,6,3,9,6,3,9
Layamon,7,3,3,6,2,3,5
Layamon's,9,4,2,6,4,4,8
Layla,5,2,4,6,2,4,6
Layla's,7,4,3,7,4,3,7
Lazaro,6,2,3,5,2,3,5
Lazaro's,8,4,2,6,4,2,6
Lazarus,7,5,3,8,5,3,8
Lazarus's,9,3,2,5,3,2,5
Le,2,2,5,7,2,5,7
Le's,4,4,7,11,4,6,10
Lea,3,3,0,3,3,0,3
Lea's,5,5,5,10,5,3,8
Leach,5,5,3,8,4,2,6
Leach's,7,7,1,8,6,2,8
Leadbelly,9,2,1,3,2,1,3
Leadbelly's,11,3,1,4,3,1,4
Leah,4,4,1,5,4,2,6
Leah's,6,6,1,7,6,1,7
Leakey,6,2,4,6,2,4,6
Leakey's,8,4,2,6,4,2,6
Lean,4,4,0,4,4,1,5
Lean's,6,6,0,6,6,0,6
Leander,7,6,1,7,6,0,6
Leander's,9,8,1,9,8,1,9
Leann,5,4,4,8,4,3,7
Leann's,7,5,3,8,5,1,6
Leanna,6,3,3,6,3,3,6
Leanna's,8,5,2,7,5,1,6
Leanne,6,4,1,5,4,1,5
Leanne's,8,6,1,7,5,4,9
Lear,4,4,2,6,4,3,7
Lear's,6,6,2,8,6,2,8
Learjet,7,4,2,6,4,2,6
Learjet's,9,4,0,4,4,0,4
Leary,5,5,1,6,5,1,6
Leary's,7,6,1,7,6,0,6
Leavenworth,11,2,2,4,2,1,3
Leavenworth's,13,3,0,3,3,0,3
Lebanese,8,4,0,4,3,0,3
Lebanese's,10,5,1,6,4,0,4
Lebanon,7,3,2,5,3,1,4
Lebanon's,9,5,2,7,5,1,6
Lebesgue,8,5,0,5,5,0,5
Lebesgue's,10,6,0,6,6,0,6
Leblanc,7,5,3,8,4,4,8
Leblanc's,9,7,1,8,5,2,7
Leda,4,4,0,4,4,1,5
Leda's,6,6,0,6,6,0,6
Lederberg,9,1,2,3,2,1,3
Lederberg's,11,3,1,4,2,1,3
Lee,3,2,2,4,2,2,4
Lee's,5,4,2,6,4,2,6
Leeds,5,4,0,4,4,0,4
Leeds's,7,4,0,4,4,1,5
Leeuwenhoek,11,1,2,3,1,1,2
Leeuwenhoek's,13,2,1,3,2,0,2
Leeward,7,2,2,4,2,2,4
Leeward's,9,4,1,5,4,1,5
Left,4,4,2,6,4,2,6
Legendre,8,2,1,3,2,2,4
Legendre's,10,4,0,4,3,0,3
Leger,5,4,3,7,4,3,7
Leger's,7,6,0,6,6,0,6
Leghorn,7,3,4,7,5,2,7
Leghorn's,9,5,3,8,6,0,6
Lego,4,4,3,7,4,3,7
Lego's,6,4,4,8,6,1,7
Legree,6,4,0,4,4,0,4
Legree's,8,6,0,6,6,0,6
Lehman,6,6,2,8,6,2,8
Lehman's,8,8,1,9,7,1,8
Leibniz,7,3,1,4,3,2,5
Leibniz's,9,5,1,6,5,1,6
Leicester,9,3,0,3,3,0,3
Leicester's,11,4,0,4,3,0,3
Leiden,6,5,1,6,5,1,6
Leiden's,8,6,1,7,6,1,7
Leif,4,2,6,8,2,6,8
Leif's,6,5,3,8,5,3,8
Leigh,5,5,5,10,3,4,7
Leigh's,7,4,4,8,5,3,8
Leila,5,4,1,5,4,2,6
Leila's,7,6,0,6,6,1,7
Leipzig,7,3,1,4,3,3,6
Leipzig's,9,5,1,6,5,2,7
Lela,4,3,0,3,2,1,3
Lela's,6,5,0,5,5,0,5
Leland,6,4,3,7,4,3,7
Leland's,8,6,1,7,6,1,7
Lelia,5,3,1,4,2,2,4
Lelia's,7,5,0,5,4,1,5
Lemaitre,8,3,1,4,3,1,4
Lemaitre's,10,5,0,5,5,0,5
Lemuel,6,2,4,6,2,4,6
Lemuel's,8,5,1,6,4,2,6
Lemuria,7,4,1,5,4,2,6
Lemuria's,9,6,0,6,5,0,5
Len,3,3,3,6,3,5,8
Len's,5,5,1,6,5,1,6
Lena,4,4,1,5,4,2,6
Lena's,6,6,1,7,6,1,7
Lenard,6,5,1,6,5,1,6
Lenard's,8,6,1,7,6,1,7
Lenin,5,3,4,7,3,3,6
Lenin's,7,5,3,8,5,1,6
Leningrad,9,4,1,5,3,1,4
Leningrad's,11,4,0,4,4,0,4
Leninism,8,6,0,6,6,0,6
Leninism's,10,5,1,6,7,0,7
Leninist,8,5,1,6,5,1,6
Leninist's,10,6,1,7,6,1,7
Lennon,6,4,2,6,4,2,6
Lennon's,8,6,1,7,6,0,6
Lenny,5,3,9,12,3,3,6
Lenny's,7,5,7,12,5,1,6
Leno,4,3,4,7,3,4,7
Leno's,6,6,3,9,5,2,7
Lenoir,6,5,2,7,4,3,7
Lenoir's,8,7,0,7,6,0,6
Lenora,6,5,2,7,5,2,7
Lenora's,8,6,1,7,6,1,7
Lenore,6,4,3,7,4,1,5
Lenore's,8,5,2,7,4,4,8
Lent,4,4,3,7,4,3,7
Lent's,6,6,2,8,4,4,8
Lenten,6,2,3,5,2,3,5
Lenten's,8,5,1,6,4,1,5
Lents,5,5,3,8,5,2,7
Leo,3,2,2,4,2,2,4
Leo's,5,5,6,11,5,4,9
Leola,5,3,2,5,3,3,6
Leola's,7,5,1,6,5,2,7
Leon,4,3,3,6,3,3,6
Leon's,6,6,3,9,5,1,6
Leona,5,4,1,5,4,3,7
Leona's,7,6,0,6,5,1,6
Leonard,7,7,2,9,3,1,4
Leonard's,9,6,0,6,9,0,9
Leonardo,8,3,2,5,5,2,7
Leonardo's,10,6,0,6,5,0,5
Leoncavallo,11,2,3,5,2,2,4
Leoncavallo's,13,3,1,4,3,1,4
Leonel,6,2,3,5,2,3,5
Leonel's,8,4,2,6,4,1,5
Leonid,6,3,2,5,3,2,5
Leonid's,8,5,1,6,5,0,5
Leonidas,8,4,2,6,4,2,6
Leonidas's,10,4,0,4,4,0,4
Leonor,6,3,1,4,3,1,4
Leonor's,8,5,0,5,5,0,5
Leopold,7,3,3,6,3,3,6
Leopold's,9,5,2,7,4,2,6
Leopoldo,8,2,3,5,2,3,5
Leopoldo's,10,4,2,6,3,2,5
Leos,4,4,9,13,4,8,12
Lepidus,7,4,3,7,4,3,7
Lepidus's,9,5,0,5,5,0,5
Lepke,5,2,3,5,3,3,6
Lepke's,7,4,5,9,5,2,7
Lepus,5,5,3,8,5,3,8
Lepus's,7,6,2,8,6,2,8
Lerner,6,2,5,7,2,5,7
Lerner's,8,4,3,7,4,3,7
Leroy,5,4,4,8,4,3,7
Leroy's,7,6,3,9,6,2,8
Les,3,3,11,14,3,10,13
Les's,5,4,1,5,4,1,5
Lesa,4,4,2,6,3,2,5
Lesa's,6,4,2,6,4,2,6
Lesley,6,4,2,6,3,2,5
Lesley's,8,5,1,6,3,1,4
Leslie,6,3,2,5,2,1,3
Leslie's,8,4,0,4,4,0,4
Lesotho,7,4,1,5,4,0,4
Lesotho's,9,5,0,5,4,0,4
Lesseps,7,4,0,4,4,0,4
Lesseps's,9,1,1,2,2,0,2
Lessie,6,3,4,7,4,2,6
Lessie's,8,5,2,7,5,2,7
Lester,6,5,1,6,5,2,7
Lester's,8,6,1,7,6,1,7
Lestrade,8,5,1,6,5,1,6
Lestrade's,10,4,0,4,4,0,4
Leta,4,3,3,6,3,3,6
Leta's,6,5,2,7,5,2,7
Letha,5,4,2,6,3,4,7
Letha's,7,5,1,6,5,2,7
Lethe,5,3,5,8,3,4,7
Lethe's,7,3,6,9,5,3,8
Leticia,7,4,1,5,4,3,7
Leticia's,9,7,0,7,6,2,8
Letitia,7,4,1,5,4,3,7
Letitia's,9,7,0,7,6,2,8
Letterman,9,3,1,4,3,1,4
Letterman's,11,4,0,4,4,0,4
Levant,6,2,5,7,2,5,7
Levant's,8,5,3,8,4,3,7
Levesque,8,4,1,5,4,1,5
Levesque's,10,5,1,6,5,1,6
Levi,4,3,5,8,3,5,8
Levi's,6,5,3,8,5,3,8
Leviathan,9,3,1,4,3,1,4
Leviathan's,11,4,0,4,4,0,4
Levine,6,3,1,4,3,2,5
Levine's,8,5,0,5,5,1,6
Leviticus,9,4,1,5,4,1,5
Leviticus's,11,5,0,5,5,0,5
Levitt,6,3,3,6,3,3,6
Levitt's,8,5,2,7,5,2,7
Levy,4,4,4,8,4,4,8
Levy's,6,6,2,8,6,2,8
Lew,3,3,4,7,3,4,7
Lew's,5,5,3,8,5,5,10
Lewinsky,8,3,0,3,3,0,3
Lewinsky's,10,3,0,3,3,0,3
Lewis,5,4,4,8,4,4,8
Lewis's,7,4,3,7,4,3,7
Lexington,9,7,2,9,7,1,8
Lexington's,11,9,0,9,9,0,9
Lexus,5,4,4,8,4,4,8
Lexus's,7,5,3,8,5,3,8
Lhasa,5,3,1,4,3,1,4
Lhasa's,7,4,1,5,4,1,5
Lhotse,6,4,3,7,4,3,7
Lhotse's,8,5,2,7,4,1,5
Li,2,2,6,8,2,6,8
Li's,4,3,11,14,4,9,13
Libby,5,4,6,10,4,4,8
Libby's,7,6,4,10,6,3,9
Liberace,8,4,2,6,4,3,7
Liberace's,10,8,0,8,4,2,6
Liberia,7,5,1,6,4,1,5
Liberia's,9,5,1,6,5,1,6
Liberian,8,3,2,5,3,2,5
Liberian's,10,5,1,6,5,0,5
Liberians,9,6,0,6,6,0,6
Libra,5,5,2,7,5,2,7
Libra's,7,7,1,8,7,2,9
Libras,6,4,3,7,4,3,7
LibreOffice,11,3,2,5,2,1,3
LibreOffice's,13,3,1,4,3,0,3
Libreville,10,2,1,3,2,1,3
Libreville's,12,4,0,4,4,0,4
Librium,7,5,3,8,5,4,9
Librium's,9,7,4,11,7,4,11
Libya,5,4,3,7,4,3,7
Libya's,7,6,2,8,6,3,9
Libyan,6,3,5,8,3,5,8
Libyan's,8,5,4,9,5,4,9
Libyans,7,4,5,9,5,3,8
Lichtenstein,12,4,0,4,4,0,4
Lichtenstein's,14,4,0,4,4,0,4
Lidia,5,4,2,6,4,2,6
Lidia's,7,6,1,7,6,2,8
Lie,3,3,2,5,3,2,5
Lie's,5,5,2,7,5,2,7
Lieberman,9,2,1,3,2,1,3
Lieberman's,11,3,0,3,3,0,3
Liebfraumilch,13,2,1,3,2,1,3
Liebfraumilch's,15,2,1,3,3,0,3
Liechtenstein,13,2,0,2,2,0,2
Liechtenstein's,15,2,0,2,2,0,2
Liege,5,3,2,5,3,2,5
Liege's,7,5,1,6,5,1,6
Lila,4,3,2,5,3,2,5
Lila's,6,5,2,7,5,2,7
Lilia,5,3,2,5,3,2,5
Lilia's,7,5,1,6,4,2,6
Lilian,6,4,5,9,4,4,8
Lilian's,8,6,4,10,6,3,9
Liliana,7,2,2,4,3,2,5
Liliana's,9,5,1,6,4,1,5
Lilith,6,2,4,6,2,4,6
Lilith's,8,5,4,9,4,4,8
Liliuokalani,12,1,1,2,1,1,2
Liliuokalani's,14,3,2,5,2,0,2
Lille,5,3,3,6,3,3,6
Lille's,7,4,1,5,4,1,5
Lillian,7,3,2,5,3,3,6
Lillian's,9,6,2,8,4,2,6
Lillie,6,3,1,4,3,0,3
Lillie's,8,5,1,6,4,1,5
Lilliput,8,1,4,5,2,2,4
Lilliput's,10,5,3,8,3,3,6
Lilliputian,11,3,1,4,3,2,5
Lilliputian's,13,6,0,6,3,1,4
Lilliputians,12,3,1,4,3,1,4
Lilly,5,3,6,9,3,4,7
Lilly's,7,5,4,9,5,3,8
Lilongwe,8,4,2,6,3,2,5
Lilongwe's,10,6,1,7,5,1,6
Lily,4,3,4,7,3,4,7
Lily's,6,5,3,8,5,3,8
Lima,4,4,2,6,4,2,6
Lima's,6,6,2,8,6,2,8
Limbaugh,8,3,3,6,3,3,6
Limbaugh's,10,4,3,7,4,2,6
Limburger,9,7,2,9,7,2,9
Limburger's,11,9,0,9,9,1,10
Limoges,7,5,0,5,5,0,5
Limoges's,9,5,0,5,5,0,5
Limousin,8,2,2,4,2,2,4
Limousin's,10,2,1,3,2,2,4
Limpopo,7,3,3,6,3,4,7
Limpopo's,9,5,2,7,5,3,8
Lin,3,3,7,10,3,9,12
Lin's,5,5,4,9,5,8,13
Lina,4,4,3,7,4,3,7
Lina's,6,6,3,9,6,3,9
Lincoln,7,3,3,6,3,3,6
Lincoln's,9,5,2,7,5,2,7
Lincolns,8,4,4,8,4,2,6
Lind,4,4,4,8,4,4,8
Lind's,6,6,3,9,6,3,9
Linda,5,3,3,6,3,3,6
Linda's,7,5,2,7,4,3,7
Lindbergh,9,4,1,5,2,3,5
Lindbergh's,11,5,2,7,3,2,5
Lindsay,7,3,2,5,3,2,5
Lindsay's,9,8,0,8,2,3,5
Lindsey,7,5,0,5,5,1,6
Lindsey's,9,7,1,8,4,2,6
Lindy,5,5,5,10,3,6,9
Lindy's,7,7,4,11,5,5,10
Linnaeus,8,3,2,5,3,3,6
Linnaeus's,10,5,0,5,3,0,3
Linotype,8,4,2,6,3,2,5
Linotype's,10,6,1,7,5,1,6
Linton,6,4,4,8,3,3,6
Linton's,8,6,3,9,6,3,9
Linus,5,5,4,9,5,4,9
Linus's,7,6,2,8,6,3,9
Linux,5,4,6,10,3,7,10
Linux's,7,6,5,11,5,6,11
Linwood,7,2,4,6,2,4,6
Linwood's,9,4,2,6,4,2,6
Lionel,6,3,3,6,4,3,7
Lionel's,8,5,1,6,6,1,7
Lipizzaner,10,3,2,5,3,2,5
Lipizzaner's,12,5,0,5,4,0,4
Lippi,5,2,5,7,2,5,7
Lippi's,7,4,4,8,4,5,9
Lippmann,8,3,2,5,3,5,8
Lippmann's,10,5,2,7,5,5,10
Lipscomb,8,3,1,4,2,3,5
Lipscomb's,10,4,2,6,2,2,4
Lipton,6,5,3,8,4,3,7
Lipton's,8,7,2,9,7,2,9
Lisa,4,4,4,8,4,4,8
Lisa's,6,5,4,9,5,4,9
Lisbon,6,6,3,9,6,3,9
Lisbon's,8,7,3,10,7,3,10
Lissajous,9,2,2,4,2,1,3
Lissajous's,11,2,0,2,2,0,2
Lister,6,5,2,7,5,1,6
Lister's,8,7,3,10,7,3,10
Listerine,9,3,0,3,3,0,3
Listerine's,11,3,0,3,3,0,3
Liston,6,5,4,9,5,4,9
Liston's,8,6,4,10,6,4,10
Liszt,5,3,5,8,2,4,6
Liszt's,7,4,4,8,3,3,6
Lithuania,9,2,2,4,2,2,4
Lithuania's,11,4,1,5,4,1,5
Lithuanian,10,2,2,4,2,3,5
Lithuanian's,12,3,1,4,3,1,4
Lithuanians,11,4,1,5,3,1,4
Little,6,4,0,4,4,0,4
Little's,8,5,0,5,5,1,6
Litton,6,5,3,8,4,3,7
Litton's,8,7,2,9,5,3,8
Liverpool,9,4,3,7,2,2,4
Liverpool's,11,4,2,6,4,2,6
Liverpudlian,12,3,1,4,3,1,4
Liverpudlian's,14,4,1,5,3,0,3
Livia,5,3,3,6,3,3,6
Livia's,7,5,2,7,5,3,8
Livingston,10,3,0,3,2,1,3
Livingston's,12,4,0,4,2,2,4
Livingstone,11,3,0,3,3,0,3
Livingstone's,13,3,0,3,3,0,3
Livonia,7,3,2,5,3,2,5
Livonia's,9,5,1,6,5,1,6
Livy,4,3,6,9,3,6,9
Livy's,6,5,5,10,5,5,10
Liz,3,3,11,14,3,11,14
Liz's,5,5,10,15,5,10,15
Liza,4,4,5,9,4,5,9
Liza's,6,6,4,10,6,4,10
Lizzie,6,3,1,4,3,0,3
Lizzie's,8,5,1,6,5,1,6
Lizzy,5,3,7,10,4,5,9
Lizzy's,7,5,5,10,6,4,10
Ljubljana,9,2,3,5,2,3,5
Ljubljana's,11,3,2,5,3,2,5
Llewellyn,9,2,2,4,2,2,4
Llewellyn's,11,3,1,4,3,1,4
Lloyd,5,2,4,6,2,4,6
Lloyd's,7,4,3,7,4,3,7
Loafer,6,6,1,7,6,1,7
Loafer's,8,8,0,8,8,0,8
Loafers,7,7,0,7,7,1,8
Lobachevsky,11,3,0,3,3,0,3
Lobachevsky's,13,2,1,3,2,1,3
Lochinvar,9,3,2,5,3,2,5
Lochinvar's,11,4,1,5,4,1,5
Locke,5,4,4,8,4,4,8
Locke's,7,6,3,9,6,3,9
Lockean,7,4,2,6,5,2,7
Lockean's,9,6,0,6,6,1,7
Lockheed,8,5,1,6,3,1,4
Lockheed's,10,7,0,7,5,0,5
Lockwood,8,2,4,6,2,4,6
Lockwood's,10,4,3,7,4,2,6
Lodge,5,4,3,7,4,3,7
Lodge's,7,6,2,8,6,2,8
Lodz,4,3,5,8,3,3,6
Lodz's,6,5,5,10,5,2,7
Loewe,5,2,3,5,2,3,5
Loewe's,7,4,2,6,4,2,6
Loewi,5,2,3,5,2,2,4
Loewi's,7,4,2,6,4,1,5
Loews,5,4,2,6,4,2,6
Loews's,7,4,1,5,4,1,5
Logan,5,4,3,7,4,3,7
Logan's,7,6,2,8,6,2,8
Lohengrin,9,3,1,4,2,2,4
Lohengrin's,11,5,0,5,3,1,4
Loire,5,5,2,7,5,2,7
Loire's,7,7,1,8,7,1,8
Lois,4,3,10,13,3,10,13
Lois's,6,4,3,7,4,3,7
Loki,4,4,6,10,4,5,9
Loki's,6,5,6,11,6,4,10
Lola,4,3,4,7,3,2,5
Lola's,6,5,2,7,5,2,7
Lolita,6,5,3,8,4,3,7
Lolita's,8,7,2,9,6,2,8
Lollard,7,5,4,9,4,2,6
Lollard's,9,7,3,10,5,1,6
Lollobrigida,12,2,2,4,2,2,4
Lollobrigida's,14,4,2,6,2,1,3
Lombard,7,5,4,9,4,2,6
Lombard's,9,6,2,8,5,1,6
Lombardi,8,4,2,6,2,3,5
Lombardi's,10,10,1,11,10,1,11
Lombardy,8,5,3,8,2,3,5
Lombardy's,10,9,2,11,9,2,11
Lome,4,4,3,7,4,3,7
Lome's,6,6,2,8,6,2,8
Lon,3,3,6,9,3,6,9
Lon's,5,5,9,14,5,9,14
London,6,3,4,7,2,5,7
London's,8,5,2,7,4,3,7
Londoner,8,5,1,6,3,3,6
Londoner's,10,5,1,6,5,1,6
Long,4,3,7,10,3,6,9
Long's,6,5,3,8,5,5,10
Longfellow,10,3,1,4,2,2,4
Longfellow's,12,3,2,5,4,1,5
Longstreet,10,4,0,4,4,0,4
Longstreet's,12,5,0,5,4,0,4
Lonnie,6,5,0,5,5,3,8
Lonnie's,8,7,0,7,7,1,8
Lopez,5,2,5,7,2,5,7
Lopez's,7,5,2,7,4,3,7
Lora,4,4,4,8,3,2,5
Lora's,6,5,2,7,5,2,7
Loraine,7,7,1,8,7,0,7
Loraine's,9,9,0,9,9,0,9
Lord,4,4,5,9,4,3,7
Lord's,6,6,3,9,6,2,8
Lords,5,4,4,8,4,4,8
Lorelei,7,4,2,6,3,1,4
Lorelei's,9,5,0,5,4,0,4
Loren,5,4,4,8,4,4,8
Loren's,7,6,3,9,6,3,9
Lorena,6,3,1,4,3,1,4
Lorena's,8,5,0,5,5,0,5
Lorene,6,3,0,3,3,0,3
Lorene's,8,6,1,7,4,0,4
Lorentz,7,3,3,6,3,3,6
Lorentz's,9,5,2,7,5,1,6
Lorenz,6,3,3,6,3,2,5
Lorenz's,8,6,1,7,6,1,7
Lorenzo,7,3,2,5,3,3,6
Lorenzo's,9,4,1,5,4,1,5
Loretta,7,4,2,6,3,2,5
Loretta's,9,6,1,7,4,1,5
Lori,4,2,10,12,4,6,10
Lori's,6,4,9,13,5,5,10
Lorie,5,4,5,9,4,5,9
Lorie's,7,6,3,9,6,3,9
Lorna,5,3,3,6,3,3,6
Lorna's,7,5,2,7,5,1,6
Lorraine,8,3,1,4,3,1,4
Lorraine's,10,7,0,7,6,0,6
Lorre,5,3,2,5,3,2,5
Lorre's,7,5,1,6,3,2,5
Lorrie,6,5,1,6,5,1,6
Lorrie's,8,7,1,8,4,1,5
Los,3,3,11,14,3,11,14
Lot,3,3,2,5,3,2,5
Lot's,5,5,3,8,5,3,8
Lothario,8,3,2,5,3,2,5
Lothario's,10,5,1,6,5,3,8
Lott,4,3,4,7,3,4,7
Lott's,6,5,4,9,5,3,8
Lottie,6,4,2,6,4,2,6
Lottie's,8,6,2,8,6,2,8
Lou,3,2,13,15,2,13,15
Lou's,5,3,12,15,3,12,15
Louella,7,4,2,6,3,1,4
Louella's,9,6,1,7,4,1,5
Louie,5,3,5,8,3,5,8
Louie's,7,5,4,9,5,4,9
Louis,5,5,3,8,5,3,8
Louis's,7,3,2,5,3,2,5
Louisa,6,3,1,4,3,1,4
Louisa's,8,4,2,6,4,2,6
Louise,6,4,2,6,4,2,6
Louise's,8,5,1,6,4,1,5
Louisiana,9,2,1,3,2,1,3
Louisiana's,11,3,2,5,4,1,5
Louisianan,10,2,1,3,2,1,3
Louisianan's,12,2,1,3,2,1,3
Louisianans,11,2,2,4,4,1,5
Louisianian,11,2,1,3,2,1,3
Louisianian's,13,3,1,4,2,1,3
Louisianians,12,2,1,3,2,1,3
Louisville,10,3,1,4,3,1,4
Louisville's,12,3,1,4,3,1,4
Lourdes,7,6,2,8,6,2,8
Lourdes's,9,5,0,5,5,0,5
Louvre,6,5,2,7,5,2,7
Louvre's,8,7,1,8,5,2,7
Love,4,4,2,6,4,2,6
Love's,6,6,1,7,6,1,7
Lovecraft,9,3,2,5,3,2,5
Lovecraft's,11,4,1,5,5,0,5
Lovelace,8,3,3,6,4,3,7
Lovelace's,10,5,0,5,6,1,7
Lowe,4,4,4,8,4,4,8
Lowe's,6,6,3,9,6,3,9
Lowell,6,2,3,5,2,2,4
Lowell's,8,5,1,6,5,1,6
Lowenbrau,9,5,1,6,5,1,6
Lowenbrau's,11,6,0,6,5,0,5
Lowery,6,5,3,8,5,2,7
Lowery's,8,6,1,7,6,1,7
Loyang,6,4,3,7,4,3,7
Loyang's,8,6,2,8,6,2,8
Loyd,4,4,5,9,4,4,8
Loyd's,6,5,5,10,5,3,8
Loyola,6,3,3,6,3,3,6
Loyola's,8,5,2,7,5,2,7
Luanda,6,4,2,6,4,2,6
Luanda's,8,5,1,6,5,1,6
Luann,5,2,4,6,3,3,6
Luann's,7,4,2,6,4,2,6
Lubavitcher,11,2,1,3,2,2,4
Lubavitcher's,13,5,0,5,4,0,4
Lubbock,7,5,4,9,4,4,8
Lubbock's,9,7,3,10,6,3,9
Lubumbashi,10,2,2,4,2,2,4
Lubumbashi's,12,2,1,3,2,1,3
Lucas,5,4,3,7,4,4,8
Lucas's,7,4,2,6,4,3,7
Luce,4,4,3,7,4,4,8
Luce's,6,6,3,9,6,3,9
Lucia,5,5,2,7,5,2,7
Lucia's,7,7,1,8,7,2,9
Lucian,6,4,4,8,4,4,8
Lucian's,8,6,3,9,6,3,9
Luciano,7,3,2,5,5,3,8
Luciano's,9,7,2,9,7,1,8
Lucien,6,5,3,8,5,3,8
Lucien's,8,7,1,8,7,1,8
Lucifer,7,4,2,6,4,1,5
Lucifer's,9,7,0,7,6,0,6
Lucile,6,4,3,7,3,2,5
Lucile's,8,7,1,8,6,2,8
Lucille,7,4,2,6,3,1,4
Lucille's,9,6,1,7,5,1,6
Lucinda,7,3,2,5,2,3,5
Lucinda's,9,3,2,5,3,2,5
Lucio,5,4,3,7,4,3,7
Lucio's,7,6,2,8,6,3,9
Lucite,6,5,3,8,4,2,6
Lucite's,8,7,1,8,7,1,8
Lucius,6,4,4,8,4,4,8
Lucius's,8,5,2,7,4,2,6
Lucknow,7,3,4,7,3,4,7
Lucknow's,9,5,3,8,4,3,7
Lucretia,8,4,1,5,4,1,5
Lucretia's,10,6,0,6,5,0,5
Lucretius,9,5,1,6,3,3,6
Lucretius's,11,5,0,5,5,0,5
Lucy,4,4,6,10,4,5,9
Lucy's,6,5,6,11,6,5,11
Luddite,7,4,3,7,4,3,7
Luddite's,9,6,2,8,6,2,8
Ludhiana,8,2,2,4,2,2,4
Ludhiana's,10,5,1,6,4,1,5
Ludwig,6,3,5,8,3,5,8
Ludwig's,8,4,4,8,4,4,8
Luella,6,3,2,5,3,2,5
Luella's,8,5,1,6,4,1,5
Lufthansa,9,2,2,4,2,2,4
Lufthansa's,11,3,2,5,2,2,4
Luftwaffe,9,3,2,5,3,2,5
Luftwaffe's,11,5,1,6,4,1,5
Luger,5,5,7,12,5,7,12
Luger's,7,6,4,10,6,4,10
Lugosi,6,2,2,4,2,2,4
Lugosi's,8,3,1,4,2,2,4
Luigi,5,2,4,6,2,4,6
Luigi's,7,4,3,7,3,4,7
Luis,4,3,4,7,3,4,7
Luis's,6,3,4,7,3,4,7
Luisa,5,4,1,5,4,1,5
Luisa's,7,5,1,6,5,1,6
Luke,4,4,4,8,4,5,9
Luke's,6,6,4,10,6,4,10
Lula,4,3,3,6,3,3,6
Lula's,6,5,3,8,5,3,8
Lully,5,3,9,12,3,6,9
Lully's,7,5,9,14,5,9,14
Lulu,4,2,5,7,2,5,7
Lulu's,6,4,5,9,4,5,9
Lumière,7,4,2,6,3,1,4
Lumière's,9,6,1,7,5,1,6
Luna,4,3,3,6,3,3,6
Luna's,6,5,3,8,5,3,8
Lupe,4,4,5,9,4,6,10
Lupe's,6,6,5,11,6,5,11
Lupercalia,10,2,1,3,2,1,3
Lupercalia's,12,4,0,4,4,0,4
Lupus,5,3,4,7,3,4,7
Lupus's,7,4,2,6,4,2,6
Luria,5,4,3,7,4,3,7
Luria's,7,6,2,8,6,3,9
Lusaka,6,2,2,4,2,2,4
Lusaka's,8,2,2,4,3,1,4
Lusitania,9,2,1,3,2,1,3
Lusitania's,11,2,1,3,2,1,3
Luther,6,5,3,8,5,3,8
Luther's,8,6,4,10,7,3,10
Lutheran,8,3,1,4,4,1,5
Lutheran's,10,6,0,6,5,2,7
Lutheranism,11,3,0,3,4,0,4
Lutheranism's,13,6,0,6,4,0,4
Lutherans,9,5,1,6,4,1,5
Luvs,4,3,11,14,3,12,15
Luvs's,6,4,3,7,4,3,7
Luxembourg,10,2,3,5,3,3,6
Luxembourg's,12,5,1,6,4,1,5
Luxembourger,12,2,2,4,2,2,4
Luxembourger's,14,2,1,3,2,1,3
Luxembourgers,13,3,1,4,3,0,3
Luz,3,2,12,14,2,13,15
Luz's,5,4,11,15,4,11,15
Luzon,5,4,5,9,4,5,9
Luzon's,7,6,4,10,6,4,10
Lvov,4,2,3,5,3,2,5
Lvov's,6,4,3,7,5,2,7
LyX,3,2,7,9,2,7,9
LyX's,5,4,6,10,4,6,10
Lycra,5,3,6,9,3,6,9
Lycra's,7,5,5,10,5,5,10
Lycurgus,8,2,4,6,2,4,6
Lycurgus's,10,4,3,7,3,3,6
Lydia,5,2,4,6,2,4,6
Lydia's,7,4,3,7,5,3,8
Lyell,5,2,3,5,2,2,4
Lyell's,7,4,2,6,4,1,5
Lyle,4,3,4,7,3,4,7
Lyle's,6,5,4,9,5,4,9
Lyly,4,1,6,7,1,6,7
Lyly's,6,3,5,8,3,5,8
Lyman,5,3,5,8,3,5,8
Lyman's,7,5,4,9,5,4,9
Lyme,4,4,4,8,4,4,8
Lyme's,6,6,4,10,6,4,10
Lynch,5,3,6,9,4,6,10
Lynch's,7,4,6,10,4,6,10
Lynda,5,2,6,8,2,6,8
Lynda's,7,4,5,9,4,5,9
Lyndon,6,3,5,8,2,5,7
Lyndon's,8,5,4,9,4,3,7
Lynette,7,4,2,6,4,1,5
Lynette's,9,5,1,6,6,1,7
Lynn,4,3,6,9,3,6,9
Lynn's,6,5,5,10,5,5,10
Lynne,5,3,5,8,3,5,8
Lynne's,7,5,1,6,5,1,6
Lynnette,8,2,1,3,2,1,3
Lynnette's,10,5,2,7,5,1,6
Lyon,4,4,2,6,4,3,7
Lyon's,6,6,2,8,6,3,9
Lyons,5,5,2,7,5,2,7
Lyons's,7,3,3,6,3,3,6
Lyra,4,1,5,6,1,5,6
Lyra's,6,3,5,8,3,5,8
Lysenko,7,4,1,5,3,1,4
Lysenko's,9,4,0,4,4,1,5
Lysistrata,10,2,0,2,2,0,2
Lysistrata's,12,2,0,2,2,0,2
Lysol,5,3,3,6,3,3,6
Lysol's,7,4,3,7,4,4,8
M,1,1,12,13,1,12,13
M's,3,3,14,17,3,14,17
MCI,3,2,3,5,2,3,5
MCI's,5,4,7,11,4,7,11
MGM,3,1,10,11,1,8,9
MGM's,5,2,8,10,2,8,10
MHz,3,3,8,11,1,8,9
MIT,3,3,4,7,3,4,7
MIT's,5,5,4,9,5,4,9
Maalox,6,2,2,4,2,2,4
Maalox's,8,2,1,3,2,1,3
Mabel,5,4,3,7,4,3,7
Mabel's,7,6,1,7,6,1,7
Mable,5,5,3,8,5,2,7
Mable's,7,7,2,9,7,2,9
MacArthur,9,2,3,5,2,3,5
MacArthur's,11,4,1,5,3,1,4
MacBride,8,5,1,6,5,2,7
MacBride's,10,7,0,7,6,2,8
MacDonald,9,3,3,6,3,3,6
MacDonald's,11,5,1,6,5,1,6
MacLeish,8,2,1,3,4,1,5
MacLeish's,10,6,1,7,2,1,3
Macao,5,4,5,9,4,4,8
Macao's,7,6,3,9,6,3,9
Macaulay,8,4,3,7,4,3,7
Macaulay's,10,5,2,7,4,2,6
Macbeth,7,4,3,7,3,4,7
Macbeth's,9,7,1,8,7,1,8
Maccabeus,9,3,2,5,3,2,5
Maccabeus's,11,2,1,3,2,1,3
Mace,4,4,5,9,4,3,7
Mace's,6,6,6,12,6,7,13
Macedon,7,4,2,6,4,2,6
Macedon's,9,6,1,7,5,0,5
Macedonia,9,4,1,5,4,1,5
Macedonia's,11,6,0,6,5,1,6
Macedonian,10,2,1,3,2,1,3
Macedonian's,12,3,0,3,3,0,3
Macedonians,11,3,1,4,3,1,4
Mach,4,4,6,10,4,6,10
Mach's,6,5,7,12,5,7,12
Machiavelli,11,1,1,2,2,1,3
Machiavelli's,13,3,2,5,3,0,3
Machiavellian,13,2,1,3,1,2,3
Machiavellian's,15,3,1,4,3,0,3
Macias,6,5,2,7,5,2,7
Macias's,8,4,2,6,4,3,7
Macintosh,9,4,1,5,3,1,4
Macintosh's,11,5,0,5,2,1,3
Mack,4,4,7,11,4,7,11
Mack's,6,6,5,11,6,6,12
Mackenzie,9,3,1,4,3,1,4
Mackenzie's,11,5,1,6,3,3,6
Mackinac,8,4,2,6,4,2,6
Mackinac's,10,6,1,7,4,1,5
Mackinaw,8,4,2,6,4,2,6
Mackinaw's,10,6,1,7,4,1,5
Macmillan,9,4,2,6,3,2,5
Macmillan's,11,5,1,6,4,1,5
Macon,5,4,4,8,4,4,8
Macon's,7,6,3,9,6,3,9
Macumba,7,3,4,7,2,4,6
Macumba's,9,5,3,8,4,3,7
Macy,4,3,8,11,3,8,11
Macy's,6,5,7,12,5,7,12
Madagascan,10,7,2,9,7,2,9
Madagascan's,12,8,1,9,8,1,9
Madagascans,11,2,2,4,2,1,3
Madagascar,10,6,3,9,6,3,9
Madagascar's,12,7,2,9,7,2,9
Madden,6,5,1,6,5,1,6
Madden's,8,6,2,8,6,2,8
Maddox,6,3,6,9,3,6,9
Maddox's,8,5,5,10,5,5,10
Madeira,7,4,2,6,4,2,6
Madeira's,9,6,1,7,6,1,7
Madeiras,8,5,1,6,5,0,5
Madeleine,9,2,1,3,2,1,3
Madeleine's,11,3,0,3,3,0,3
Madeline,8,4,2,6,4,2,6
Madeline's,10,6,1,7,6,1,7
Madelyn,7,5,2,7,5,2,7
Madelyn's,9,7,1,8,7,2,9
Madge,5,5,3,8,5,3,8
Madge's,7,6,3,9,6,3,9
Madison,7,4,2,6,4,2,6
Madison's,9,4,0,4,7,0,7
Madonna,7,4,4,8,4,4,8
Madonna's,9,6,3,9,6,3,9
Madonnas,8,4,2,6,4,1,5
Madras,6,3,3,6,3,3,6
Madras's,8,5,1,6,5,2,7
Madrid,6,5,3,8,5,3,8
Madrid's,8,4,5,9,7,2,9
Madurai,7,2,2,4,2,2,4
Madurai's,9,4,2,6,4,2,6
Mae,3,3,2,5,3,3,6
Mae's,5,5,1,6,5,1,6
Maeterlinck,11,2,1,3,2,1,3
Maeterlinck's,13,3,0,3,3,0,3
Mafia,5,3,4,7,3,4,7
Mafia's,7,5,3,8,5,3,8
Mafias,6,5,3,8,5,3,8
Mafioso,7,2,2,4,3,2,5
Mafioso's,9,3,2,5,3,2,5
Magdalena,9,3,2,5,3,2,5
Magdalena's,11,6,0,6,4,0,4
Magdalene,9,3,1,4,3,1,4
Magdalene's,11,3,1,4,3,1,4
Magellan,8,3,2,5,4,1,5
Magellan's,10,5,1,6,6,1,7
Magellanic,10,3,1,4,3,1,4
Magellanic's,12,4,0,4,4,0,4
Maggie,6,5,4,9,5,3,8
Maggie's,8,7,6,13,6,6,12
Maghreb,7,5,2,7,5,2,7
Maghreb's,9,7,0,7,7,0,7
Magi,4,4,7,11,4,7,11
Maginot,7,3,3,6,3,2,5
Maginot's,9,4,1,5,4,1,5
Magnitogorsk,12,2,0,2,2,0,2
Magnitogorsk's,14,5,0,5,3,0,3
Magog,5,3,6,9,3,6,9
Magog's,7,5,6,11,5,5,10
Magoo,5,3,3,6,3,3,6
Magoo's,7,5,5,10,5,5,10
Magritte,8,3,2,5,3,2,5
Magritte's,10,5,1,6,5,0,5
Magsaysay,9,2,0,2,2,0,2
Magsaysay's,11,2,0,2,2,0,2
Magyar,6,3,5,8,3,5,8
Magyar's,8,5,4,9,5,4,9
Magyars,7,5,3,8,5,3,8
Mahabharata,11,1,3,4,1,3,4
Mahabharata's,13,4,0,4,2,2,4
Maharashtra,11,2,2,4,2,2,4
Maharashtra's,13,2,1,3,1,2,3
Mahavira,8,2,3,5,2,3,5
Mahavira's,10,4,2,6,4,2,6
Mahayana,8,4,3,7,4,3,7
Mahayana's,10,6,1,7,6,1,7
Mahayanist,10,4,0,4,4,1,5
Mahayanist's,12,5,0,5,3,0,3
Mahdi,5,3,5,8,3,5,8
Mahdi's,7,5,5,10,4,7,11
Mahfouz,7,5,4,9,3,6,9
Mahfouz's,9,5,5,10,5,5,10
Mahican,7,5,3,8,2,4,6
Mahican's,9,7,1,8,7,1,8
Mahicans,8,4,4,8,4,4,8
Mahler,6,5,3,8,4,6,10
Mahler's,8,7,3,10,7,3,10
Mai,3,3,3,6,3,4,7
Mai's,5,5,3,8,5,4,9
Maidenform,10,4,1,5,4,1,5
Maidenform's,12,6,0,6,4,0,4
Maigret,7,5,2,7,5,2,7
Maigret's,9,7,0,7,7,0,7
Mailer,6,6,0,6,6,0,6
Mailer's,8,8,2,10,8,2,10
Maillol,7,3,2,5,2,3,5
Maillol's,9,7,2,9,5,3,8
Maiman,6,4,2,6,4,2,6
Maiman's,8,6,1,7,6,1,7
Maimonides,10,4,0,4,4,0,4
Maimonides's,12,2,0,2,2,0,2
Maine,5,5,2,7,5,3,8
Maine's,7,7,3,10,7,3,10
Maisie,6,2,0,2,2,0,2
Maisie's,8,3,1,4,3,1,4
Maitreya,8,3,1,4,3,1,4
Maitreya's,10,5,0,5,5,0,5
Major,5,4,5,9,4,5,9
Major's,7,7,1,8,7,1,8
Majorca,7,2,4,6,2,4,6
Majorca's,9,4,3,7,4,3,7
Majuro,6,3,4,7,3,4,7
Majuro's,8,7,2,9,6,2,8
Makarios,8,3,2,5,3,2,5
Makarios's,10,5,1,6,3,1,4
Malabar,7,4,3,7,4,2,6
Malabar's,9,6,1,7,6,1,7
Malabo,6,4,3,7,4,3,7
Malabo's,8,6,2,8,6,2,8
Malacca,7,1,5,6,4,3,7
Malacca's,9,6,2,8,6,2,8
Malachi,7,4,3,7,3,4,7
Malachi's,9,5,2,7,3,2,5
Malagasy,8,4,2,6,4,2,6
Malagasy's,10,5,2,7,5,2,7
Malamud,7,2,4,6,3,4,7
Malamud's,9,5,2,7,2,4,6
Malaprop,8,3,3,6,4,3,7
Malaprop's,10,5,2,7,4,3,7
Malawi,6,4,4,8,4,4,8
Malawi's,8,6,3,9,6,3,9
Malay,5,3,3,6,3,3,6
Malay's,7,4,4,8,4,4,8
Malayalam,9,2,3,5,2,3,5
Malayalam's,11,3,1,4,3,1,4
Malayan,7,3,4,7,3,3,6
Malayan's,9,5,2,7,5,2,7
Malays,6,3,5,8,4,3,7
Malaysia,8,2,1,3,2,1,3
Malaysia's,10,3,2,5,7,1,8
Malaysian,9,4,2,6,4,2,6
Malaysian's,11,5,2,7,3,2,5
Malaysians,10,3,2,5,6,2,8
Malcolm,7,3,5,8,3,3,6
Malcolm's,9,5,2,7,5,2,7
Maldive,7,4,4,8,5,3,8
Maldive's,9,6,2,8,6,3,9
Maldives,8,4,3,7,4,3,7
Maldives's,10,5,1,6,5,0,5
Maldivian,9,3,3,6,3,3,6
Maldivian's,11,5,2,7,5,2,7
Maldivians,10,4,2,6,3,2,5
Maldonado,9,2,4,6,2,3,5
Maldonado's,11,4,1,5,4,1,5
Male,4,4,4,8,4,3,7
Male's,6,6,2,8,6,2,8
Mali,4,4,3,7,4,3,7
Mali's,6,6,2,8,6,2,8
Malian,6,5,2,7,5,2,7
Malian's,8,7,1,8,7,1,8
Malians,7,4,4,8,4,4,8
Malibu,6,4,4,8,4,5,9
Malibu's,8,5,3,8,6,4,10
Malinda,7,3,2,5,3,2,5
Malinda's,9,5,1,6,4,1,5
Malinowski,10,3,1,4,2,1,3
Malinowski's,12,2,1,3,2,1,3
Mallarmé,8,1,6,7,3,3,6
Mallarmé's,10,5,1,6,4,2,6
Mallomars,9,3,4,7,3,3,6
Mallomars's,11,4,2,6,3,2,5
Mallory,7,5,3,8,3,4,7
Mallory's,9,5,3,8,5,3,8
Malone,6,5,1,6,5,1,6
Malone's,8,5,1,6,7,1,8
Malory,6,5,3,8,5,3,8
Malory's,8,5,2,7,6,2,8
Malplaquet,10,1,4,5,3,2,5
Malplaquet's,12,4,1,5,4,1,5
Malraux,7,3,3,6,3,2,5
Malraux's,9,5,2,7,5,1,6
Malta,5,3,5,8,3,5,8
Malta's,7,5,4,9,5,4,9
Maltese,7,3,0,3,4,1,5
Maltese's,9,4,1,5,4,0,4
Malthus,7,4,5,9,3,6,9
Malthus's,9,5,3,8,4,4,8
Malthusian,10,5,0,5,3,2,5
Malthusian's,12,6,0,6,3,1,4
Mameluke,8,3,2,5,3,2,5
Mameluke's,10,5,1,6,5,1,6
Mamet,5,3,7,10,3,7,10
Mamet's,7,5,5,10,5,5,10
Mamie,5,4,4,8,4,4,8
Mamie's,7,5,3,8,5,3,8
Mammon,6,4,4,8,4,4,8
Mammon's,8,6,3,9,6,3,9
Mamore,6,3,5,8,4,3,7
Mamore's,8,5,4,9,7,0,7
Managua,7,2,4,6,2,4,6
Managua's,9,4,3,7,4,3,7
Manama,6,3,2,5,3,2,5
Manama's,8,5,1,6,5,1,6
Manasseh,8,2,1,3,4,0,4
Manasseh's,10,3,1,4,2,1,3
Manaus,6,3,3,6,3,4,7
Manaus's,8,3,2,5,3,2,5
Manchester,10,4,1,5,8,0,8
Manchester's,12,4,1,5,9,0,9
Manchu,6,3,3,6,3,3,6
Manchu's,8,4,3,7,5,2,7
Manchuria,9,2,2,4,2,2,4
Manchuria's,11,3,1,4,3,1,4
Manchurian,10,3,2,5,2,3,5
Manchurian's,12,4,1,5,4,1,5
Mancini,7,2,2,4,4,3,7
Mancini's,9,5,1,6,5,1,6
Mandalay,8,1,4,5,1,4,5
Mandalay's,10,3,2,5,2,2,4
Mandarin,8,3,2,5,3,2,5
Mandarin's,10,5,1,6,4,1,5
Mandela,7,6,2,8,6,2,8
Mandela's,9,8,1,9,8,1,9
Mandelbrot,10,5,1,6,4,1,5
Mandelbrot's,12,7,0,7,5,0,5
Mandingo,8,4,3,7,3,3,6
Mandingo's,10,4,2,6,4,2,6
Mandrell,8,3,3,6,3,2,5
Mandrell's,10,5,1,6,5,1,6
Mandy,5,5,5,10,5,5,10
Mandy's,7,6,4,10,6,4,10
Manet,5,4,5,9,4,5,9
Manet's,7,6,3,9,6,3,9
Manfred,7,6,3,9,6,3,9
Manfred's,9,6,1,7,6,1,7
Manhattan,9,2,3,5,2,3,5
Manhattan's,11,4,1,5,3,1,4
Manhattans,10,3,1,4,3,1,4
Mani,4,4,6,10,4,6,10
Mani's,6,6,5,11,6,5,11
Manichean,9,2,1,3,2,1,3
Manichean's,11,4,0,4,3,0,3
Manila,6,3,2,5,3,2,5
Manila's,8,5,1,6,5,1,6
Manilas,7,5,2,7,5,1,6
Manilla,7,5,2,7,5,2,7
Manilla's,9,7,1,8,7,1,8
Manitoba,8,2,3,5,2,3,5
Manitoba's,10,3,2,5,4,2,6
Manitoulin,10,2,2,4,2,2,4
Manitoulin's,12,3,1,4,3,1,4
Manley,6,4,6,10,4,6,10
Manley's,8,6,4,10,6,4,10
Mann,4,2,4,6,2,4,6
Mann's,6,4,3,7,4,3,7
Mannheim,8,4,4,8,4,2,6
Mannheim's,10,6,1,7,6,1,7
Manning,7,5,2,7,5,2,7
Manning's,9,4,1,5,4,1,5
Mansfield,9,4,1,5,4,1,5
Mansfield's,11,5,0,5,3,0,3
Manson,6,4,2,6,4,2,6
Manson's,8,5,2,7,5,2,7
Mantegna,8,3,2,5,3,2,5
Mantegna's,10,4,1,5,4,1,5
Mantle,6,5,4,9,5,3,8
Mantle's,8,6,2,8,5,4,9
Manuel,6,6,3,9,6,3,9
Manuel's,8,8,2,10,8,2,10
Manuela,7,5,3,8,5,3,8
Manuela's,9,7,2,9,7,2,9
Manx,4,4,7,11,4,7,11
Manx's,6,6,6,12,6,6,12
Mao,3,3,4,7,3,5,8
Mao's,5,5,4,9,5,5,10
Maoism,6,4,2,6,4,2,6
Maoism's,8,5,3,8,5,2,7
Maoisms,7,3,3,6,2,3,5
Maoist,6,4,2,6,4,2,6
Maoist's,8,5,2,7,5,2,7
Maoists,7,4,3,7,4,3,7
Maori,5,3,3,6,3,3,6
Maori's,7,5,3,8,5,3,8
Maoris,6,3,2,5,3,2,5
Mapplethorpe,12,2,2,4,2,2,4
Mapplethorpe's,14,3,1,4,2,1,3
Maputo,6,4,5,9,2,6,8
Maputo's,8,6,3,9,4,5,9
Mar,3,3,0,3,3,1,4
Mar's,5,5,5,10,5,6,11
Mara,4,3,3,6,3,4,7
Mara's,6,5,4,9,5,4,9
Maracaibo,9,2,3,5,2,3,5
Maracaibo's,11,3,1,4,3,1,4
Marat,5,4,3,7,4,3,7
Marat's,7,6,1,7,6,1,7
Maratha,7,3,3,6,3,2,5
Maratha's,9,5,1,6,5,1,6
Marathi,7,4,3,7,2,5,7
Marathi's,9,6,3,9,4,4,8
Marathon,8,3,3,6,4,3,7
Marathon's,10,5,2,7,7,1,8
Marc,4,4,6,10,4,6,10
Marc's,6,6,4,10,6,4,10
Marceau,7,4,1,5,4,1,5
Marceau's,9,6,1,7,6,0,6
Marcel,6,6,2,8,6,2,8
Marcel's,8,8,0,8,8,0,8
Marcelino,9,4,2,6,4,2,6
Marcelino's,11,8,0,8,9,0,9
Marcella,8,5,1,6,5,1,6
Marcella's,10,7,0,7,6,0,6
Marcelo,7,5,1,6,5,1,6
Marcelo's,9,7,0,7,7,0,7
March,5,5,7,12,5,7,12
March's,7,7,4,11,7,4,11
Marches,7,7,2,9,7,2,9
Marci,5,4,4,8,4,4,8
Marci's,7,5,4,9,5,4,9
Marcia,6,3,2,5,3,2,5
Marcia's,8,6,2,8,6,2,8
Marciano,8,2,2,4,2,2,4
Marciano's,10,6,3,9,6,2,8
Marcie,6,4,1,5,4,5,9
Marcie's,8,8,1,9,8,2,10
Marco,5,4,4,8,4,4,8
Marco's,7,6,2,8,6,2,8
Marconi,7,3,2,5,4,3,7
Marconi's,9,6,1,7,6,1,7
Marcos,6,4,2,6,4,2,6
Marcos's,8,7,2,9,5,3,8
Marcus,6,4,4,8,4,4,8
Marcus's,8,6,3,9,5,1,6
Marcy,5,4,4,8,4,4,8
Marcy's,7,6,3,9,6,3,9
Marduk,6,4,4,8,4,4,8
Marduk's,8,7,4,11,7,4,11
Margaret,8,2,2,4,3,1,4
Margaret's,10,3,0,3,3,0,3
Margarita,9,2,3,5,2,3,5
Margarita's,11,3,1,4,3,1,4
Margarito,9,3,3,6,4,4,8
Margarito's,11,7,1,8,6,3,9
Marge,5,5,4,9,5,4,9
Marge's,7,7,1,8,7,1,8
Margery,7,5,1,6,5,1,6
Margery's,9,5,0,5,7,0,7
Margie,6,5,4,9,5,3,8
Margie's,8,7,2,9,7,3,10
Margo,5,5,4,9,5,4,9
Margo's,7,7,2,9,7,2,9
Margret,7,4,1,5,3,2,5
Margret's,9,6,0,6,5,1,6
Margrethe,9,2,2,4,2,2,4
Margrethe's,11,4,1,5,3,0,3
Marguerite,10,4,2,6,5,1,6
Marguerite's,12,4,1,5,3,0,3
Mari,4,4,7,11,4,7,11
Mari's,6,6,5,11,6,5,11
Maria,5,4,2,6,4,2,6
Maria's,7,6,1,7,6,1,7
Marian,6,4,3,7,4,3,7
Marian's,8,6,2,8,6,2,8
Mariana,7,2,2,4,2,2,4
Mariana's,9,4,1,5,4,1,5
Marianas,8,3,1,4,3,1,4
Marianas's,10,3,1,4,3,1,4
Marianne,8,6,2,8,6,2,8
Marianne's,10,7,0,7,8,0,8
Mariano,7,5,2,7,5,3,8
Mariano's,9,7,2,9,7,2,9
Maribel,7,4,2,6,4,2,6
Maribel's,9,6,0,6,6,0,6
Maricela,8,4,2,6,3,1,4
Maricela's,10,5,0,5,5,0,5
Marie,5,4,4,8,4,4,8
Marie's,7,7,2,9,7,2,9
Marietta,8,4,2,6,4,2,6
Marietta's,10,6,1,7,5,1,6
Marilyn,7,3,2,5,3,3,6
Marilyn's,9,5,2,7,5,2,7
Marin,5,4,6,10,4,6,10
Marin's,7,6,6,12,6,6,12
Marina,6,5,2,7,5,2,7
Marina's,8,7,1,8,7,1,8
Marine,6,5,0,5,6,0,6
Marine's,8,7,0,7,6,1,7
Marines,7,6,0,6,6,0,6
Mario,5,4,6,10,4,6,10
Mario's,7,6,4,10,6,4,10
Marion,6,6,3,9,6,3,9
Marion's,8,8,2,10,8,2,10
Maris,5,4,6,10,4,6,10
Maris's,7,6,2,8,6,2,8
Marisa,6,3,1,4,3,1,4
Marisa's,8,4,2,6,4,2,6
Marisol,7,3,2,5,3,2,5
Marisol's,9,4,1,5,6,1,7
Marissa,7,4,1,5,4,2,6
Marissa's,9,5,1,6,5,1,6
Maritain,8,2,3,5,2,2,4
Maritain's,10,4,3,7,6,2,8
Maritza,7,3,3,6,3,3,6
Maritza's,9,5,2,7,4,2,6
Marius,6,5,4,9,5,4,9
Marius's,8,6,2,8,6,3,9
Marjorie,8,4,1,5,4,1,5
Marjorie's,10,5,0,5,4,0,4
Marjory,7,4,3,7,4,4,8
Marjory's,9,5,4,9,6,3,9
Mark,4,4,4,8,4,4,8
Mark's,6,6,3,9,6,3,9
Markab,6,3,4,7,3,4,7
Markab's,8,5,3,8,5,3,8
Markham,7,3,4,7,3,3,6
Markham's,9,6,3,9,5,3,8
Markov,6,5,4,9,5,4,9
Markov's,8,6,3,9,6,3,9
Marks,5,5,3,8,5,5,10
Marks's,7,6,2,8,4,4,8
Marla,5,4,3,7,4,3,7
Marla's,7,6,2,8,6,2,8
Marlboro,8,2,3,5,2,3,5
Marlboro's,10,4,1,5,4,1,5
Marlborough,11,2,3,5,2,3,5
Marlborough's,13,4,2,6,3,2,5
Marlene,7,5,3,8,5,2,7
Marlene's,9,7,2,9,7,2,9
Marley,6,6,4,10,6,4,10
Marley's,8,8,2,10,8,2,10
Marlin,6,6,3,9,6,3,9
Marlin's,8,8,2,10,8,2,10
Marlon,6,5,4,9,5,4,9
Marlon's,8,7,3,10,7,3,10
Marlowe,7,4,2,6,4,1,5
Marlowe's,9,6,1,7,6,1,7
Marmara,7,2,3,5,2,4,6
Marmara's,9,4,1,5,4,3,7
Marne,5,3,3,6,3,4,7
Marne's,7,6,3,9,6,3,9
Maronite,8,4,2,6,4,1,5
Maronite's,10,6,1,7,6,0,6
Marple,6,5,5,10,5,6,11
Marple's,8,6,6,12,8,1,9
Marquesas,9,2,2,4,2,2,4
Marquesas's,11,2,1,3,2,0,2
Marquette,9,5,2,7,5,2,7
Marquette's,11,7,1,8,7,0,7
Marquez,7,6,3,9,6,3,9
Marquez's,9,8,1,9,8,1,9
Marquis,7,3,3,6,3,3,6
Marquis's,9,6,1,7,5,2,7
Marquita,8,2,3,5,2,3,5
Marquita's,10,5,2,7,5,2,7
Marrakesh,9,3,1,4,3,1,4
Marrakesh's,11,4,1,5,3,0,3
Marriott,8,4,3,7,2,4,6
Marriott's,10,5,2,7,5,1,6
Mars,4,4,3,7,4,5,9
Mars's,6,4,4,8,5,3,8
Marsala,7,2,2,4,2,2,4
Marsala's,9,3,2,5,2,2,4
Marseillaise,12,2,0,2,2,0,2
Marseillaise's,14,3,0,3,2,0,2
Marseilles,10,2,1,3,2,1,3
Marseilles's,12,3,0,3,3,0,3
Marsh,5,4,2,6,4,2,6
Marsh's,7,4,3,7,4,3,7
Marsha,6,2,2,4,2,1,3
Marsha's,8,3,2,5,3,1,4
Marshall,8,2,3,5,3,3,6
Marshall's,10,3,2,5,3,3,6
Marta,5,4,4,8,4,4,8
Marta's,7,6,3,9,6,3,9
Martel,6,6,3,9,6,3,9
Martel's,8,8,1,9,8,1,9
Martha,6,2,5,7,2,4,6
Martha's,8,4,4,8,4,3,7
Martial,7,6,3,9,6,2,8
Martial's,9,8,2,10,8,2,10
Martian,7,4,3,7,5,3,8
Martian's,9,6,2,8,6,2,8
Martians,8,5,3,8,4,3,7
Martin,6,6,4,10,6,4,10
Martin's,8,8,3,11,8,3,11
Martina,7,4,3,7,3,2,5
Martina's,9,6,1,7,6,1,7
Martinez,8,5,2,7,4,2,6
Martinez's,10,8,0,8,5,0,5
Martinique,10,6,1,7,5,2,7
Martinique's,12,8,0,8,7,1,8
Marty,5,5,3,8,5,3,8
Marty's,7,7,4,11,7,4,11
Marva,5,3,5,8,3,5,8
Marva's,7,5,4,9,5,4,9
Marvell,7,4,3,7,4,3,7
Marvell's,9,6,2,8,6,2,8
Marvin,6,6,5,11,6,5,11
Marvin's,8,8,4,12,8,4,12
Marx,4,3,8,11,3,8,11
Marx's,6,6,6,12,6,6,12
Marxism,7,3,3,6,3,3,6
Marxism's,9,4,2,6,4,3,7
Marxisms,8,3,3,6,3,3,6
Marxist,7,3,3,6,3,3,6
Marxist's,9,7,1,8,7,2,9
Marxists,8,6,3,9,5,2,7
Mary,4,4,7,11,4,7,11
Mary's,6,5,7,12,5,7,12
Maryann,7,3,3,6,3,2,5
Maryann's,9,5,1,6,5,1,6
Maryanne,8,5,3,8,5,3,8
Maryanne's,10,6,1,7,7,1,8
Maryellen,9,2,2,4,2,2,4
Maryellen's,11,3,0,3,3,0,3
Maryland,8,4,3,7,4,3,7
Maryland's,10,8,1,9,6,1,7
Marylander,10,4,1,5,4,1,5
Marylander's,12,4,0,4,3,1,4
Marylou,7,3,5,8,3,3,6
Marylou's,9,5,4,9,7,2,9
Masada,6,2,2,4,2,2,4
Masada's,8,2,2,4,2,1,3
Masai,5,3,2,5,3,2,5
Masai's,7,4,2,6,4,2,6
Masaryk,7,3,2,5,3,2,5
Masaryk's,9,4,1,5,4,2,6
Mascagni,8,3,1,4,3,1,4
Mascagni's,10,4,1,5,3,1,4
Masefield,9,3,0,3,2,1,3
Masefield's,11,4,0,4,3,1,4
Maserati,8,4,0,4,3,1,4
Maserati's,10,5,1,6,4,2,6
Maseru,6,4,0,4,4,0,4
Maseru's,8,5,0,5,5,0,5
Mashhad,7,3,2,5,3,2,5
Mashhad's,9,4,1,5,3,2,5
Mason,5,5,3,8,5,3,8
Mason's,7,6,2,8,6,2,8
Masonic,7,5,0,5,5,1,6
Masonic's,9,6,1,7,6,1,7
Masonite,8,4,0,4,6,0,6
Masonite's,10,5,0,5,5,0,5
Masons,6,2,3,5,4,2,6
Mass,4,3,1,4,3,2,5
Mass's,6,4,2,6,4,2,6
Massachusetts,13,1,0,1,1,0,1
Massachusetts's,15,1,0,1,1,0,1
Massasoit,9,1,0,1,1,0,1
Massasoit's,11,1,0,1,1,0,1
Massenet,8,3,0,3,3,0,3
Massenet's,10,2,0,2,2,0,2
Masses,6,4,2,6,4,2,6
Massey,6,3,3,6,3,3,6
Massey's,8,4,2,6,4,2,6
MasterCard,10,5,1,6,5,1,6
MasterCard's,12,6,1,7,5,1,6
Masters,7,6,0,6,6,0,6
Masters's,9,2,0,2,2,0,2
Mather,6,6,3,9,6,3,9
Mather's,8,8,2,10,8,2,10
Mathew,6,3,5,8,3,5,8
Mathew's,8,5,3,8,5,3,8
Mathews,7,4,3,7,4,2,6
Mathews's,9,4,2,6,5,1,6
Mathewson,9,7,1,8,7,1,8
Mathewson's,11,8,1,9,8,1,9
Mathias,7,2,4,6,2,3,5
Mathias's,9,5,3,8,4,2,6
Mathis,6,4,4,8,5,4,9
Mathis's,8,5,3,8,6,4,10
Matilda,7,3,2,5,3,2,5
Matilda's,9,5,1,6,4,1,5
Matisse,7,2,0,2,6,0,6
Matisse's,9,3,0,3,2,0,2
Mattel,6,3,5,8,3,4,7
Mattel's,8,5,3,8,5,2,7
Matterhorn,10,3,1,4,3,1,4
Matterhorn's,12,5,0,5,4,0,4
Matthew,7,2,5,7,2,4,6
Matthew's,9,4,3,7,3,3,6
Matthews,8,3,3,6,3,2,5
Matthews's,10,5,1,6,4,0,4
Matthias,8,4,1,5,4,2,6
Matthias's,10,4,0,4,3,1,4
Mattie,6,4,5,9,5,4,9
Mattie's,8,6,5,11,6,5,11
Maud,4,2,9,11,2,9,11
Maud's,6,6,6,12,6,6,12
Maude,5,5,7,12,5,7,12
Maude's,7,6,3,9,6,3,9
Maugham,7,5,4,9,3,4,7
Maugham's,9,4,3,7,3,6,9
Maui,4,3,8,11,3,8,11
Maui's,6,5,7,12,5,7,12
Maupassant,10,2,1,3,2,1,3
Maupassant's,12,2,1,3,1,2,3
Maura,5,4,2,6,4,2,6
Maura's,7,6,1,7,6,1,7
Maureen,7,3,2,5,4,2,6
Maureen's,9,5,1,6,6,1,7
Mauriac,7,3,3,6,3,3,6
Mauriac's,9,5,2,7,5,2,7
Maurice,7,6,1,7,4,1,5
Maurice's,9,8,0,8,6,1,7
Mauricio,8,4,2,6,3,2,5
Mauricio's,10,5,1,6,5,1,6
Maurine,7,6,2,8,6,2,8
Maurine's,9,8,1,9,8,1,9
Mauritania,10,3,2,5,4,2,6
Mauritania's,12,4,1,5,5,1,6
Mauritius,9,5,3,8,3,4,7
Mauritius's,11,2,0,2,2,0,2
Mauro,5,3,4,7,3,4,7
Mauro's,7,7,2,9,7,2,9
Maurois,7,5,3,8,5,3,8
Maurois's,9,6,1,7,5,2,7
Mauryan,7,2,3,5,2,3,5
Mauryan's,9,5,2,7,5,2,7
Mauser,6,5,4,9,5,4,9
Mauser's,8,6,1,7,6,1,7
Mavis,5,4,8,12,4,6,10
Mavis's,7,5,2,7,5,2,7
Max,3,3,5,8,3,6,9
Max's,5,5,6,11,5,7,12
Maximilian,10,3,2,5,3,2,5
Maximilian's,12,4,1,5,3,1,4
Maxine,6,5,1,6,5,1,6
Maxine's,8,7,1,8,6,2,8
Maxwell,7,3,4,7,3,3,6
Maxwell's,9,5,2,7,5,2,7
May,3,3,1,4,3,2,5
May's,5,5,5,10,5,5,10
Maya,4,2,3,5,2,2,4
Maya's,6,4,2,6,4,2,6
Mayan,5,3,5,8,2,5,7
Mayan's,7,5,3,8,5,3,8
Mayans,6,3,4,7,4,3,7
Mayas,5,3,1,4,3,1,4
Mayer,5,5,7,12,5,7,12
Mayer's,7,7,4,11,7,3,10
Mayfair,7,3,2,5,2,2,4
Mayfair's,9,4,1,5,3,1,4
Mayflower,9,4,3,7,4,3,7
Mayflower's,11,6,0,6,6,0,6
Maynard,7,5,4,9,4,4,8
Maynard's,9,5,2,7,5,2,7
Mayo,4,3,8,11,3,8,11
Mayo's,6,5,7,12,5,7,12
Mayra,5,3,3,6,3,3,6
Mayra's,7,5,2,7,5,2,7
Mays,4,4,3,7,4,4,8
Mays's,6,4,4,8,4,4,8
Maytag,6,3,5,8,2,5,7
Maytag's,8,5,4,9,4,4,8
Mazama,6,2,3,5,2,3,5
Mazama's,8,4,2,6,4,2,6
Mazarin,7,4,3,7,3,3,6
Mazarin's,9,6,2,8,6,2,8
Mazatlan,8,3,4,7,3,4,7
Mazatlan's,10,4,2,6,4,2,6
Mazda,5,2,6,8,2,6,8
Mazda's,7,4,5,9,4,5,9
Mazola,6,3,4,7,3,4,7
Mazola's,8,5,3,8,5,3,8
Mazzini,7,3,3,6,5,3,8
Mazzini's,9,5,2,7,5,2,7
Mbabane,7,3,2,5,3,1,4
Mbabane's,9,4,1,5,4,1,5
Mbini,5,1,5,6,1,5,6
Mbini's,7,3,4,7,2,5,7
McAdam,6,2,4,6,3,3,6
McAdam's,8,4,3,7,3,2,5
McBride,7,2,4,6,2,4,6
McBride's,9,4,3,7,4,3,7
McCain,6,4,4,8,4,3,7
McCain's,8,6,2,8,5,2,7
McCall,6,1,7,8,2,6,8
McCall's,8,3,6,9,4,4,8
McCarthy,8,4,3,7,1,5,6
McCarthy's,10,2,3,5,2,3,5
McCarthyism,11,3,0,3,4,0,4
McCarthyism's,13,5,0,5,4,0,4
McCartney,9,3,2,5,3,2,5
McCartney's,11,5,0,5,4,1,5
McCarty,7,2,5,7,2,5,7
McCarty's,9,4,3,7,2,4,6
McClain,7,4,2,6,3,3,6
McClain's,9,5,2,7,5,1,6
McClellan,9,4,1,5,4,1,5
McClellan's,11,5,1,6,5,0,5
McClure,7,2,4,6,2,3,5
McClure's,9,4,3,7,4,3,7
McConnell,9,4,1,5,5,1,6
McConnell's,11,5,0,5,6,0,6
McCormick,9,2,4,6,2,4,6
McCormick's,11,4,2,6,3,2,5
McCoy,5,2,6,8,2,6,8
McCoy's,7,4,5,9,4,5,9
McCray,6,2,5,7,2,5,7
McCray's,8,4,4,8,4,4,8
McCullough,10,1,4,5,1,4,5
McCullough's,12,3,2,5,2,3,5
McDaniel,8,3,1,4,3,2,5
McDaniel's,10,6,1,7,6,1,7
McDonald,8,3,3,6,3,3,6
McDonald's,10,6,1,7,4,2,6
McDonnell,9,4,1,5,5,1,6
McDonnell's,11,5,0,5,6,0,6
McDowell,8,3,2,5,3,5,8
McDowell's,10,7,1,8,6,3,9
McEnroe,7,2,1,3,2,0,2
McEnroe's,9,3,0,3,3,0,3
McFadden,8,3,1,4,3,2,5
McFadden's,10,5,1,6,4,1,5
McFarland,9,2,3,5,2,3,5
McFarland's,11,4,1,5,4,1,5
McGee,5,4,2,6,4,3,7
McGee's,7,6,1,7,6,2,8
McGovern,8,3,3,6,3,3,6
McGovern's,10,6,2,8,5,1,6
McGowan,7,3,3,6,3,3,6
McGowan's,9,7,1,8,3,2,5
McGuffey,8,1,5,6,1,5,6
McGuffey's,10,3,3,6,3,3,6
McGuire,7,3,3,6,3,3,6
McGuire's,9,5,2,7,5,2,7
McIntosh,8,3,1,4,3,1,4
McIntosh's,10,4,0,4,3,1,4
McIntyre,8,3,2,5,3,2,5
McIntyre's,10,5,0,5,4,2,6
McKay,5,2,5,7,2,5,7
McKay's,7,4,4,8,4,4,8
McKee,5,3,3,6,3,4,7
McKee's,7,5,2,7,5,3,8
McKenzie,8,3,2,5,3,2,5
McKenzie's,10,4,2,6,3,1,4
McKinley,8,3,3,6,3,3,6
McKinley's,10,6,1,7,6,1,7
McKinney,8,2,3,5,2,3,5
McKinney's,10,3,1,4,3,1,4
McKnight,8,1,5,6,3,4,7
McKnight's,10,3,3,6,3,3,6
McLaughlin,10,2,2,4,2,3,5
McLaughlin's,12,3,2,5,3,2,5
McLean,6,3,4,7,3,3,6
McLean's,8,5,3,8,5,3,8
McLeod,6,3,3,6,3,2,5
McLeod's,8,4,2,6,3,2,5
McLuhan,7,3,4,7,3,4,7
McLuhan's,9,6,2,8,4,3,7
McMahon,7,3,3,6,3,3,6
McMahon's,9,5,2,7,3,3,6
McMillan,8,3,2,5,3,2,5
McMillan's,10,5,1,6,3,2,5
McNamara,8,2,3,5,2,3,5
McNamara's,10,4,1,5,4,1,5
McNaughton,10,2,3,5,2,3,5
McNaughton's,12,4,1,5,3,2,5
McNeil,6,5,2,7,5,2,7
McNeil's,8,4,2,6,3,2,5
McPherson,9,6,0,6,6,0,6
McPherson's,11,7,0,7,7,0,7
McQueen,7,3,1,4,4,2,6
McQueen's,9,5,0,5,4,3,7
McVeigh,7,3,3,6,4,2,6
McVeigh's,9,4,3,7,4,2,6
Md,2,2,9,11,2,9,11
Md's,4,4,9,13,4,9,13
Mead,4,4,4,8,4,6,10
Mead's,6,5,4,9,6,3,9
Meade,5,3,2,5,3,3,6
Meade's,7,5,1,6,5,1,6
Meadows,7,4,4,8,4,4,8
Meadows's,9,4,1,5,4,1,5
Meagan,6,3,2,5,3,2,5
Meagan's,8,5,1,6,7,0,7
Meany,5,5,4,9,5,3,8
Meany's,7,5,2,7,5,2,7
Mecca,5,3,5,8,4,5,9
Mecca's,7,5,4,9,6,4,10
Meccas,6,5,1,6,3,6,9
Medan,5,4,4,8,4,5,9
Medan's,7,7,1,8,7,2,9
Medea,5,2,3,5,2,3,5
Medea's,7,4,4,8,4,4,8
Medellin,8,3,2,5,3,2,5
Medellin's,10,5,1,6,4,1,5
Media,5,5,4,9,5,6,11
Media's,7,7,3,10,7,6,13
Medicaid,8,3,1,4,3,1,4
Medicaid's,10,7,0,7,6,1,7
Medicaids,9,3,1,4,3,1,4
Medicare,8,3,2,5,3,2,5
Medicare's,10,5,1,6,5,1,6
Medicares,9,7,1,8,7,1,8
Medici,6,3,5,8,3,5,8
Medici's,8,6,6,12,5,4,9
Medina,6,4,4,8,4,4,8
Medina's,8,6,1,7,6,1,7
Mediterranean,13,2,1,3,2,1,3
Mediterranean's,15,3,0,3,3,0,3
Mediterraneans,14,3,0,3,3,0,3
Medusa,6,5,0,5,5,1,6
Medusa's,8,4,1,5,4,1,5
Meg,3,3,6,9,3,6,9
Meg's,5,5,4,9,5,7,12
Megan,5,5,2,7,5,4,9
Megan's,7,6,2,8,6,3,9
Meghan,6,5,2,7,5,2,7
Meghan's,8,7,1,8,7,0,7
Meier,5,2,7,9,2,7,9
Meier's,7,6,1,7,6,1,7
Meighen,7,3,4,7,3,3,6
Meighen's,9,5,2,7,4,1,5
Meiji,5,2,4,6,2,8,10
Meiji's,7,4,7,11,4,7,11
Meir,4,4,4,8,4,3,7
Meir's,6,6,3,9,6,2,8
Mejia,5,4,5,9,4,7,11
Mejia's,7,6,4,10,6,7,13
Mekong,6,3,5,8,3,5,8
Mekong's,8,4,4,8,6,2,8
Mel,3,2,12,14,2,12,14
Mel's,5,4,5,9,5,3,8
Melanesia,9,2,1,3,2,0,2
Melanesia's,11,2,0,2,2,0,2
Melanesian,10,4,0,4,2,0,2
Melanesian's,12,5,0,5,2,0,2
Melanie,7,6,2,8,6,1,7
Melanie's,9,8,0,8,8,1,9
Melba,5,5,2,7,5,3,8
Melba's,7,7,1,8,7,2,9
Melbourne,9,3,3,6,2,1,3
Melbourne's,11,5,2,7,3,0,3
Melchior,8,3,3,6,4,2,6
Melchior's,10,5,1,6,4,1,5
Melchizedek,11,2,2,4,2,1,3
Melchizedek's,13,2,1,3,2,1,3
Melendez,8,2,1,3,2,1,3
Melendez's,10,3,1,4,3,1,4
Melinda,7,6,2,8,6,2,8
Melinda's,9,8,1,9,8,2,10
Melisa,6,4,1,5,4,2,6
Melisa's,8,4,1,5,3,1,4
Melisande,9,3,0,3,3,0,3
Melisande's,11,5,0,5,3,1,4
Melissa,7,2,0,2,2,1,3
Melissa's,9,3,0,3,2,0,2
Mellon,6,3,3,6,3,3,6
Mellon's,8,5,2,7,5,1,6
Melody,6,3,4,7,3,4,7
Melody's,8,5,3,8,5,3,8
Melpomene,9,2,1,3,2,1,3
Melpomene's,11,3,0,3,2,1,3
Melton,6,5,4,9,5,4,9
Melton's,8,7,3,10,7,2,9
Melva,5,4,3,7,4,4,8
Melva's,7,6,2,8,6,3,9
Melville,8,3,2,5,2,3,5
Melville's,10,5,1,6,5,1,6
Melvin,6,4,4,8,4,4,8
Melvin's,8,6,3,9,6,2,8
Memling,7,6,2,8,6,1,7
Memling's,9,7,2,9,7,2,9
Memphis,7,3,6,9,3,6,9
Memphis's,9,5,1,6,5,1,6
Menander,8,3,2,5,4,1,5
Menander's,10,5,0,5,4,0,4
Mencius,7,6,2,8,4,3,7
Mencius's,9,5,0,5,5,0,5
Mencken,7,3,4,7,2,3,5
Mencken's,9,5,2,7,5,1,6
Mendel,6,5,1,6,5,1,6
Mendel's,8,5,1,6,5,1,6
Mendeleev,9,2,1,3,2,1,3
Mendeleev's,11,3,0,3,3,0,3
Mendelian,9,2,1,3,2,1,3
Mendelian's,11,3,0,3,3,0,3
Mendelssohn,11,3,0,3,3,0,3
Mendelssohn's,13,2,0,2,2,0,2
Mendez,6,4,2,6,4,2,6
Mendez's,8,4,2,6,4,2,6
Mendocino,9,5,1,6,5,1,6
Mendocino's,11,5,0,5,4,0,4
Mendoza,7,4,2,6,3,4,7
Mendoza's,9,6,1,7,4,3,7
Menelaus,8,3,3,6,4,2,6
Menelaus's,10,2,1,3,2,1,3
Menelik,7,4,3,7,4,3,7
Menelik's,9,4,2,6,4,2,6
Menes,5,4,0,4,4,0,4
Menes's,7,4,1,5,3,1,4
Menkalinan,10,4,1,5,4,1,5
Menkalinan's,12,4,0,4,4,0,4
Menkar,6,4,3,7,4,3,7
Menkar's,8,6,2,8,5,1,6
Menkent,7,4,2,6,4,2,6
Menkent's,9,6,1,7,6,1,7
Mennen,6,2,3,5,2,3,5
Mennen's,8,4,2,6,4,1,5
Mennonite,9,4,2,6,3,3,6
Mennonite's,11,6,1,7,4,2,6
Mennonites,10,5,2,7,4,0,4
Menominee,9,1,1,2,1,1,2
Menominee's,11,2,0,2,2,0,2
Menotti,7,3,2,5,3,2,5
Menotti's,9,4,1,5,5,2,7
Mensa,5,3,2,5,3,2,5
Mensa's,7,4,1,5,4,1,5
Mentholatum,11,2,2,4,2,2,4
Mentholatum's,13,4,0,4,4,1,5
Menuhin,7,4,2,6,4,1,5
Menuhin's,9,6,1,7,6,1,7
Menzies,7,4,4,8,4,4,8
Menzies's,9,3,2,5,3,2,5
Mephistopheles,14,2,0,2,2,1,3
Mephistopheles's,16,1,0,1,1,0,1
Merak,5,3,3,6,4,4,8
Merak's,7,5,2,7,5,3,8
Mercado,7,4,2,6,3,3,6
Mercado's,9,6,1,7,6,1,7
Mercator,8,4,2,6,3,2,5
Mercator's,10,8,1,9,4,0,4
Mercedes,8,4,0,4,4,0,4
Mercedes's,10,2,1,3,2,0,2
Mercer,6,4,2,6,4,2,6
Mercer's,8,6,2,8,6,2,8
Mercia,6,4,2,6,4,2,6
Mercia's,8,6,1,7,6,1,7
Merck,5,2,6,8,2,6,8
Merck's,7,4,5,9,4,5,9
Mercuries,9,6,0,6,6,0,6
Mercurochrome,13,1,2,3,1,2,3
Mercurochrome's,15,2,1,3,2,1,3
Mercury,7,5,4,9,5,2,7
Mercury's,9,7,3,10,7,0,7
Meredith,8,5,1,6,5,1,6
Meredith's,10,5,0,5,5,0,5
Merino,6,5,1,6,5,1,6
Merino's,8,7,0,7,7,0,7
Merle,5,4,3,7,4,3,7
Merle's,7,5,2,7,5,2,7
Merlin,6,6,1,7,6,1,7
Merlin's,8,8,0,8,7,2,9
Merlot,6,3,4,7,3,4,7
Merlot's,8,5,3,8,5,3,8
Merovingian,11,6,1,7,3,1,4
Merovingian's,13,5,1,6,4,0,4
Merriam,7,4,2,6,4,2,6
Merriam's,9,5,0,5,6,0,6
Merrick,7,5,3,8,4,4,8
Merrick's,9,7,4,11,6,2,8
Merrill,7,5,2,7,5,2,7
Merrill's,9,7,3,10,7,0,7
Merrimack,9,3,2,5,3,1,4
Merrimack's,11,3,2,5,4,0,4
Merritt,7,4,4,8,5,3,8
Merritt's,9,6,4,10,7,1,8
Merthiolate,11,4,1,5,4,1,5
Merthiolate's,13,5,0,5,3,0,3
Merton,6,4,3,7,4,3,7
Merton's,8,6,2,8,6,3,9
Mervin,6,5,2,7,5,2,7
Mervin's,8,7,1,8,7,2,9
Mesa,4,3,3,6,4,1,5
Mesa's,6,5,1,6,5,1,6
Mesabi,6,3,1,4,3,1,4
Mesabi's,8,5,1,6,5,1,6
Mesmer,6,4,5,9,3,6,9
Mesmer's,8,5,1,6,3,2,5
Mesolithic,10,2,0,2,2,0,2
Mesolithic's,12,3,0,3,3,0,3
Mesopotamia,11,3,0,3,3,0,3
Mesopotamia's,13,3,0,3,3,0,3
Mesozoic,8,3,1,4,4,0,4
Mesozoic's,10,4,0,4,4,1,5
Messerschmidt,13,1,0,1,1,0,1
Messerschmidt's,15,1,0,1,1,0,1
Messiaen,8,2,0,2,2,0,2
Messiaen's,10,2,0,2,2,0,2
Messiah,7,4,1,5,5,0,5
Messiah's,9,6,0,6,5,0,5
Messiahs,8,4,1,5,3,1,4
Messianic,9,2,0,2,3,0,3
Metallica,9,3,2,5,3,3,6
Metallica's,11,4,2,6,4,1,5
Metamucil,9,4,1,5,3,1,4
Metamucil's,11,5,0,5,4,0,4
Methodism,9,6,0,6,6,1,7
Methodism's,11,5,0,5,5,0,5
Methodisms,10,4,0,4,4,0,4
Methodist,9,5,0,5,4,1,5
Methodist's,11,5,0,5,5,0,5
Methodists,10,4,0,4,4,0,4
Methuselah,10,3,1,4,3,0,3
Methuselah's,12,2,0,2,2,0,2
Metternich,10,2,1,3,2,1,3
Metternich's,12,3,0,3,3,0,3
Meuse,5,2,3,5,2,3,5
Meuse's,7,5,1,6,4,2,6
Mexicali,8,2,1,3,2,1,3
Mexicali's,10,7,0,7,6,1,7
Mexican,7,4,2,6,4,2,6
Mexican's,9,5,2,7,5,2,7
Mexicans,8,7,3,10,7,2,9
Mexico,6,2,6,8,2,6,8
Mexico's,8,6,6,12,5,4,9
Meyer,5,3,5,8,3,5,8
Meyer's,7,6,2,8,6,2,8
Meyerbeer,9,1,1,2,1,1,2
Meyerbeer's,11,2,0,2,2,0,2
Meyers,6,4,3,7,4,3,7
Meyers's,8,5,0,5,5,1,6
Mfume,5,2,7,9,3,6,9
Mfume's,7,4,6,10,5,5,10
Mg,2,2,9,11,2,9,11
Mg's,4,4,9,13,4,9,13
MiG,3,3,6,9,3,7,10
MiG's,5,5,5,10,5,6,11
Mia,3,3,1,4,3,1,4
Mia's,5,4,5,9,3,5,8
Miami,5,2,6,8,2,6,8
Miami's,7,4,5,9,4,5,9
Miamis,6,3,5,8,3,4,7
Miaplacidus,11,3,1,4,3,1,4
Miaplacidus's,13,5,0,5,3,0,3
Micah,5,3,6,9,3,6,9
Micah's,7,5,5,10,5,5,10
Micawber,8,5,2,7,5,1,6
Micawber's,10,7,1,8,7,1,8
Michael,7,3,4,7,3,5,8
Michael's,9,5,1,6,4,2,6
Micheal,7,3,4,7,3,4,7
Micheal's,9,7,1,8,5,3,8
Michel,6,5,4,9,5,4,9
Michel's,8,7,2,9,7,4,11
Michelangelo,12,2,1,3,2,1,3
Michelangelo's,14,2,1,3,3,0,3
Michele,7,5,2,7,2,1,3
Michele's,9,4,2,6,4,1,5
Michelin,8,3,2,5,3,3,6
Michelin's,10,5,1,6,4,2,6
Michelle,8,1,4,5,1,4,5
Michelle's,10,5,1,6,3,3,6
Michelob,8,2,3,5,2,4,6
Michelob's,10,4,3,7,3,3,6
Michelson,9,6,2,8,6,2,8
Michelson's,11,7,2,9,7,2,9
Michigan,8,2,3,5,3,3,6
Michigan's,10,4,2,6,3,3,6
Michigander,11,3,1,4,4,1,5
Michigander's,13,5,1,6,4,1,5
Michiganders,12,4,1,5,3,0,3
Mick,4,4,9,13,4,9,13
Mick's,6,6,8,14,6,8,14
Mickey,6,6,7,13,6,7,13
Mickey's,8,8,5,13,8,5,13
Mickie,6,5,0,5,5,1,6
Mickie's,8,7,0,7,7,2,9
Micky,5,5,8,13,5,9,14
Micky's,7,6,5,11,5,6,11
Micmac,6,3,4,7,3,4,7
Micmac's,8,5,3,8,5,3,8
Micronesia,10,3,0,3,3,0,3
Micronesia's,12,4,0,4,2,0,2
Micronesian,11,3,0,3,3,0,3
Micronesian's,13,3,0,3,3,0,3
Microsoft,9,3,1,4,3,1,4
Microsoft's,11,3,1,4,3,1,4
Midas,5,4,4,8,4,4,8
Midas's,7,5,3,8,4,2,6
Middleton,9,4,2,6,4,2,6
Middleton's,11,6,1,7,5,1,6
Midland,7,4,3,7,4,3,7
Midland's,9,6,2,8,6,1,7
Midway,6,5,4,9,4,4,8
Midway's,8,7,3,10,6,3,9
Midwest,7,6,0,6,6,0,6
Midwest's,9,4,0,4,5,1,6
Midwestern,10,4,0,4,3,0,3
Midwestern's,12,3,0,3,3,0,3
Miguel,6,4,5,9,4,5,9
Miguel's,8,6,3,9,5,2,7
Mike,4,4,6,10,4,6,10
Mike's,6,6,5,11,6,3,9
Mikhail,7,4,2,6,4,3,7
Mikhail's,9,6,2,8,6,1,7
Mikoyan,7,4,3,7,4,3,7
Mikoyan's,9,5,2,7,6,2,8
Milagros,8,4,2,6,4,2,6
Milagros's,10,4,0,4,3,1,4
Milan,5,3,4,7,3,4,7
Milan's,7,5,3,8,5,3,8
Mildred,7,5,1,6,5,1,6
Mildred's,9,7,1,8,7,1,8
Miles,5,5,1,6,5,1,6
Miles's,7,6,2,8,6,2,8
Milford,7,7,3,10,5,3,8
Milford's,9,9,2,11,7,2,9
Milken,6,4,4,8,3,3,6
Milken's,8,5,2,7,5,2,7
Mill,4,3,7,10,3,7,10
Mill's,6,5,6,11,5,6,11
Millard,7,6,2,8,6,2,8
Millard's,9,8,1,9,8,1,9
Millay,6,4,5,9,4,5,9
Millay's,8,6,4,10,6,4,10
Miller,6,5,2,7,5,2,7
Miller's,8,7,6,13,7,5,12
Millet,6,5,3,8,5,3,8
Millet's,8,7,1,8,7,1,8
Millicent,9,5,2,7,5,2,7
Millicent's,11,6,0,6,4,1,5
Millie,6,4,2,6,4,1,5
Millie's,8,6,2,8,6,2,8
Millikan,8,4,3,7,2,3,5
Millikan's,10,6,2,8,4,3,7
Mills,5,4,4,8,4,4,8
Mills's,7,4,6,10,4,5,9
Milne,5,4,4,8,4,4,8
Milne's,7,6,2,8,6,2,8
Milo,4,4,3,7,4,4,8
Milo's,6,6,4,10,6,4,10
Milosevic,9,3,0,3,3,0,3
Milosevic's,11,3,0,3,3,0,3
Milquetoast,11,2,0,2,2,0,2
Milquetoast's,13,3,0,3,2,0,2
Miltiades,9,3,0,3,3,0,3
Miltiades's,11,3,0,3,3,0,3
Milton,6,6,4,10,6,4,10
Milton's,8,8,3,11,8,3,11
Miltonic,8,2,3,5,3,2,5
Miltonic's,10,4,2,6,4,2,6
Miltown,7,3,4,7,4,4,8
Miltown's,9,5,3,8,6,3,9
Milwaukee,9,2,1,3,2,1,3
Milwaukee's,11,4,0,4,4,0,4
Mimi,4,2,4,6,2,3,5
Mimi's,6,4,3,7,4,3,7
Mimosa,6,4,1,5,3,1,4
Mimosa's,8,5,0,5,4,1,5
Minamoto,8,3,2,5,3,3,6
Minamoto's,10,5,1,6,4,2,6
Mindanao,8,3,2,5,3,2,5
Mindanao's,10,3,1,4,3,1,4
Mindoro,7,2,4,6,3,4,7
Mindoro's,9,4,3,7,5,3,8
Mindy,5,5,6,11,5,6,11
Mindy's,7,6,5,11,6,5,11
Minerva,7,4,1,5,4,2,6
Minerva's,9,6,0,6,5,0,5
Ming,4,4,7,11,4,8,12
Ming's,6,6,6,12,6,6,12
Mingus,6,5,6,11,5,6,11
Mingus's,8,4,3,7,5,3,8
Minneapolis,11,3,1,4,4,0,4
Minneapolis's,13,4,0,4,3,0,3
Minnelli,8,3,2,5,3,3,6
Minnelli's,10,5,1,6,4,2,6
Minnesota,9,4,0,4,4,0,4
Minnesota's,11,7,0,7,4,0,4
Minnesotan,10,2,0,2,3,0,3
Minnesotan's,12,4,0,4,3,0,3
Minnesotans,11,7,0,7,4,0,4
Minnie,6,3,3,6,4,2,6
Minnie's,8,5,3,8,6,3,9
Minoan,6,3,2,5,3,2,5
Minoan's,8,4,2,6,4,2,6
Minoans,7,4,2,6,4,1,5
Minolta,7,4,2,6,4,2,6
Minolta's,9,5,1,6,5,1,6
Minos,5,4,2,6,4,2,6
Minos's,7,3,3,6,3,3,6
Minot,5,5,3,8,4,4,8
Minot's,7,7,2,9,6,3,9
Minotaur,8,4,2,6,2,6,8
Minotaur's,10,6,1,7,5,1,6
Minsk,5,3,4,7,3,4,7
Minsk's,7,4,4,8,4,4,8
Minsky,6,4,3,7,3,3,6
Minsky's,8,5,3,8,4,3,7
Mintaka,7,3,2,5,3,2,5
Mintaka's,9,5,1,6,4,1,5
Minuit,6,2,3,5,3,3,6
Minuit's,8,3,3,6,3,3,6
Miocene,7,3,2,5,3,1,4
Miocene's,9,5,1,6,5,2,7
Mir,3,3,7,10,3,8,11
Mir's,5,5,8,13,5,7,12
Mira,4,3,5,8,3,5,8
Mira's,6,5,4,9,5,4,9
Mirabeau,8,3,3,6,2,1,3
Mirabeau's,10,4,0,4,4,0,4
Mirach,6,4,4,8,5,3,8
Mirach's,8,6,3,9,7,2,9
Miranda,7,5,2,7,5,2,7
Miranda's,9,7,1,8,7,1,8
Mirfak,6,3,5,8,3,6,9
Mirfak's,8,5,4,9,5,5,10
Miriam,6,3,5,8,3,5,8
Miriam's,8,4,4,8,4,4,8
Miro,4,4,3,7,4,3,7
Miro's,6,6,3,9,6,3,9
Mirzam,6,3,4,7,3,4,7
Mirzam's,8,5,3,8,5,3,8
Miskito,7,3,2,5,3,2,5
Miskito's,9,4,2,6,4,1,5
Miss,4,3,4,7,3,4,7
Mississauga,11,3,0,3,2,0,2
Mississauga's,13,3,0,3,2,0,2
Mississippi,11,3,0,3,2,0,2
Mississippi's,13,3,0,3,2,0,2
Mississippian,13,1,0,1,1,0,1
Mississippian's,15,1,0,1,1,0,1
Mississippians,14,1,0,1,1,0,1
Missouri,8,2,2,4,2,2,4
Missouri's,10,2,1,3,2,1,3
Missourian,10,4,0,4,4,0,4
Missourian's,12,3,1,4,2,1,3
Missourians,11,2,1,3,2,1,3
Missy,5,4,0,4,4,0,4
Missy's,7,2,3,5,2,3,5
Mistassini,10,2,0,2,2,0,2
Mistassini's,12,3,0,3,2,0,2
Mister,6,6,1,7,6,0,6
Misty,5,4,3,7,4,3,7
Misty's,7,3,4,7,3,3,6
Mitch,5,5,6,11,5,6,11
Mitch's,7,7,5,12,7,5,12
Mitchel,7,3,4,7,2,4,6
Mitchel's,9,5,1,6,4,2,6
Mitchell,8,6,1,7,6,2,8
Mitchell's,10,8,2,10,6,3,9
Mitford,7,3,4,7,3,4,7
Mitford's,9,6,3,9,6,3,9
Mithra,6,2,4,6,2,4,6
Mithra's,8,5,3,8,4,3,7
Mithridates,11,4,0,4,4,0,4
Mithridates's,13,2,0,2,2,0,2
Mitsubishi,10,2,0,2,2,0,2
Mitsubishi's,12,2,0,2,2,0,2
Mitterrand,10,5,1,6,3,2,5
Mitterrand's,12,6,0,6,4,0,4
Mitty,5,4,6,10,4,7,11
Mitty's,7,5,6,11,6,5,11
Mitzi,5,2,6,8,2,6,8
Mitzi's,7,4,5,9,3,4,7
Mixtec,6,2,5,7,2,5,7
Mixtec's,8,4,3,7,4,3,7
Mizar,5,3,6,9,3,6,9
Mizar's,7,5,5,10,5,5,10
Mn,2,2,10,12,2,10,12
Mn's,4,3,10,13,3,10,13
Mnemosyne,9,3,0,3,3,0,3
Mnemosyne's,11,3,0,3,3,0,3
Mo,2,2,2,4,2,2,4
Mo's,4,4,10,14,4,10,14
Mobil,5,4,7,11,4,7,11
Mobil's,7,6,6,12,6,6,12
Mobile,6,6,3,9,6,2,8
Mobile's,8,7,3,10,5,1,6
Mobutu,6,2,4,6,2,4,6
Mobutu's,8,3,3,6,3,3,6
Modesto,7,5,1,6,3,1,4
Modesto's,9,3,1,4,4,2,6
Modigliani,10,1,2,3,1,2,3
Modigliani's,12,5,1,6,2,1,3
Moe,3,3,11,14,3,11,14
Moe's,5,5,2,7,5,2,7
Moet,4,4,7,11,3,7,10
Moet's,6,6,5,11,5,5,10
Mogadishu,9,3,1,4,2,2,4
Mogadishu's,11,3,1,4,3,1,4
Mohacs,6,3,5,8,3,5,8
Mohacs's,8,4,1,5,3,1,4
Mohamed,7,4,6,10,4,6,10
Mohamed's,9,5,3,8,3,4,7
Mohammad,8,3,3,6,5,3,8
Mohammad's,10,4,2,6,7,2,9
Mohammed,8,4,2,6,4,4,8
Mohammed's,10,3,2,5,3,2,5
Mohammedan,10,2,1,3,2,1,3
Mohammedan's,12,4,0,4,3,0,3
Mohammedanism,13,5,1,6,3,0,3
Mohammedanism's,15,6,1,7,3,0,3
Mohammedanisms,14,3,0,3,3,0,3
Mohammedans,11,3,2,5,3,0,3
Mohawk,6,2,6,8,3,5,8
Mohawk's,8,4,5,9,5,3,8
Mohawks,7,3,4,7,4,5,9
Mohican,7,3,4,7,4,4,8
Mohican's,9,6,1,7,6,1,7
Mohicans,8,5,2,7,5,2,7
Moho,4,3,3,6,3,4,7
Moho's,6,5,2,7,5,2,7
Mohorovicic,11,2,1,3,1,2,3
Mohorovicic's,13,3,3,6,2,1,3
Moira,5,3,3,6,3,3,6
Moira's,7,5,2,7,6,2,8
Moises,6,5,2,7,5,2,7
Moises's,8,4,0,4,3,0,3
Moiseyev,8,3,1,4,4,1,5
Moiseyev's,10,3,0,3,3,0,3
Mojave,6,5,3,8,5,2,7
Mojave's,8,6,3,9,6,3,9
Moldavia,8,3,3,6,2,3,5
Moldavia's,10,3,2,5,5,3,8
Moldova,7,3,3,6,3,2,5
Moldova's,9,5,1,6,5,1,6
Moliere,7,2,3,5,3,2,5
Moliere's,9,4,0,4,4,0,4
Molina,6,4,3,7,4,3,7
Molina's,8,6,2,8,6,2,8
Moll,4,3,4,7,3,3,6
Moll's,6,5,3,8,5,2,7
Mollie,6,5,2,7,5,3,8
Mollie's,8,7,2,9,7,3,10
Molly,5,4,5,9,4,5,9
Molly's,7,6,4,10,6,5,11
Molnar,6,3,3,6,3,3,6
Molnar's,8,5,2,7,5,2,7
Moloch,6,3,5,8,3,5,8
Moloch's,8,5,3,8,5,3,8
Molokai,7,2,3,5,3,2,5
Molokai's,9,5,2,7,5,1,6
Molotov,7,2,4,6,2,4,6
Molotov's,9,4,2,6,4,2,6
Moluccas,8,3,2,5,3,2,5
Moluccas's,10,5,2,7,4,2,6
Mombasa,7,2,2,4,2,2,4
Mombasa's,9,3,2,5,3,2,5
Mona,4,3,2,5,3,2,5
Mona's,6,5,2,7,5,2,7
Monaco,6,3,3,6,3,3,6
Monaco's,8,5,2,7,5,2,7
Mondale,7,4,3,7,3,3,6
Mondale's,9,5,3,8,5,3,8
Monday,6,4,3,7,4,3,7
Monday's,8,6,2,8,6,2,8
Mondays,7,5,4,9,4,5,9
Mondrian,8,3,2,5,3,2,5
Mondrian's,10,5,1,6,4,1,5
Monera,6,3,1,4,3,1,4
Monera's,8,5,0,5,4,1,5
Monet,5,3,6,9,3,6,9
Monet's,7,7,3,10,7,3,10
Mongol,6,2,5,7,2,5,7
Mongol's,8,4,3,7,4,3,7
Mongolia,8,6,2,8,6,2,8
Mongolia's,10,8,1,9,8,1,9
Mongolian,9,4,2,6,3,2,5
Mongolian's,11,4,1,5,4,1,5
Mongolians,10,6,1,7,5,1,6
Mongoloid,9,2,3,5,2,3,5
Mongols,7,3,4,7,4,4,8
Monica,6,4,3,7,4,3,7
Monica's,8,6,2,8,6,2,8
Monique,7,5,2,7,3,2,5
Monique's,9,7,1,8,5,2,7
Monk,4,4,8,12,4,8,12
Monk's,6,6,5,11,6,5,11
Monmouth,8,2,4,6,2,4,6
Monmouth's,10,3,2,5,3,2,5
Monongahela,11,2,2,4,2,1,3
Monongahela's,13,2,2,4,3,0,3
Monroe,6,3,2,5,3,2,5
Monroe's,8,4,3,7,4,1,5
Monrovia,8,5,3,8,5,3,8
Monrovia's,10,7,2,9,7,2,9
Mons,4,4,8,12,4,8,12
Monsanto,8,2,2,4,2,2,4
Monsanto's,10,3,1,4,2,2,4
Montague,8,3,2,5,3,2,5
Montague's,10,7,1,8,4,0,4
Montaigne,9,3,1,4,3,1,4
Montaigne's,11,5,0,5,4,1,5
Montana,7,4,3,7,2,2,4
Montana's,9,4,1,5,3,1,4
Montanan,8,3,3,6,2,3,5
Montanan's,10,3,1,4,3,1,4
Montanans,9,3,2,5,3,1,4
Montcalm,8,4,3,7,3,3,6
Montcalm's,10,7,1,8,7,1,8
Monte,5,3,7,10,4,5,9
Monte's,7,5,6,11,6,4,10
Montenegrin,11,3,2,5,2,1,3
Montenegrin's,13,3,0,3,3,0,3
Montenegro,10,2,1,3,2,1,3
Montenegro's,12,3,0,3,3,0,3
Monterrey,9,3,1,4,3,1,4
Monterrey's,11,4,0,4,4,0,4
Montesquieu,11,2,0,2,2,0,2
Montesquieu's,13,2,0,2,2,0,2
Montessori,10,2,0,2,2,0,2
Montessori's,12,2,0,2,3,0,3
Monteverdi,10,3,1,4,3,1,4
Monteverdi's,12,4,0,4,4,0,4
Montevideo,10,2,1,3,2,1,3
Montevideo's,12,4,0,4,3,0,3
Montezuma,9,3,1,4,3,1,4
Montezuma's,11,4,1,5,4,0,4
Montgolfier,11,3,1,4,3,2,5
Montgolfier's,13,7,0,7,4,0,4
Montgomery,10,4,1,5,2,1,3
Montgomery's,12,4,0,4,4,0,4
Monticello,10,2,2,4,2,2,4
Monticello's,12,4,1,5,3,1,4
Montoya,7,2,5,7,2,4,6
Montoya's,9,4,3,7,4,3,7
Montpelier,10,5,1,6,5,1,6
Montpelier's,12,6,0,6,5,0,5
Montrachet,10,3,2,5,4,1,5
Montrachet's,12,4,0,4,4,0,4
Montreal,8,4,1,5,4,1,5
Montreal's,10,6,0,6,6,0,6
Montserrat,10,3,0,3,3,0,3
Montserrat's,12,4,0,4,4,0,4
Monty,5,4,7,11,3,7,10
Monty's,7,5,4,9,7,3,10
Moody,5,4,3,7,4,3,7
Moody's,7,6,2,8,6,2,8
Moog,4,3,4,7,3,4,7
Moog's,6,4,7,11,4,7,11
Moon,4,3,2,5,3,2,5
Moon's,6,5,5,10,5,5,10
Mooney,6,4,5,9,4,5,9
Mooney's,8,6,3,9,6,3,9
Moor,4,3,3,6,3,3,6
Moor's,6,5,6,11,5,6,11
Moore,5,3,4,7,3,4,7
Moore's,7,5,1,6,5,1,6
Moorish,7,6,1,7,6,1,7
Moorish's,9,5,1,6,4,2,6
Moors,5,4,2,6,4,2,6
Morales,7,4,1,5,5,2,7
Morales's,9,5,0,5,5,1,6
Moran,5,4,4,8,4,4,8
Moran's,7,6,4,10,6,4,10
Moravia,7,4,2,6,2,3,5
Moravia's,9,4,2,6,3,2,5
Moravian,8,5,2,7,5,2,7
Moravian's,10,6,1,7,7,1,8
Mordred,7,3,2,5,4,1,5
Mordred's,9,5,1,6,6,0,6
More,4,4,2,6,4,2,6
More's,6,6,3,9,6,3,9
Moreno,6,3,2,5,3,3,6
Moreno's,8,5,1,6,4,1,5
Morgan,6,4,2,6,4,2,6
Morgan's,8,6,1,7,6,1,7
Moriarty,8,5,2,7,4,2,6
Moriarty's,10,5,1,6,5,1,6
Morin,5,4,4,8,4,4,8
Morin's,7,6,3,9,6,2,8
Morison,7,3,3,6,3,3,6
Morison's,9,4,3,7,3,3,6
Morita,6,4,4,8,3,5,8
Morita's,8,6,3,9,5,4,9
Morley,6,4,4,8,4,4,8
Morley's,8,6,2,8,6,2,8
Mormon,6,3,6,9,3,5,8
Mormon's,8,5,4,9,5,3,8
Mormonism,9,4,1,5,4,1,5
Mormonism's,11,4,1,5,4,1,5
Mormonisms,10,4,1,5,2,3,5
Mormons,7,4,4,8,4,2,6
Moro,4,3,4,7,3,5,8
Moro's,6,5,3,8,5,3,8
Moroccan,8,3,3,6,4,3,7
Moroccan's,10,5,2,7,4,1,5
Moroccans,9,5,1,6,5,2,7
Morocco,7,3,4,7,2,4,6
Morocco's,9,5,2,7,4,2,6
Moroni,6,3,3,6,2,3,5
Moroni's,8,4,4,8,4,4,8
Morpheus,8,4,2,6,4,2,6
Morpheus's,10,2,2,4,2,2,4
Morphy,6,4,7,11,4,7,11
Morphy's,8,6,5,11,6,5,11
Morris,6,5,4,9,5,4,9
Morris's,8,6,3,9,6,2,8
Morrison,8,3,2,5,3,2,5
Morrison's,10,2,2,4,3,2,5
Morrow,6,4,6,10,4,5,9
Morrow's,8,5,4,9,4,3,7
Morse,5,5,1,6,5,1,6
Morse's,7,6,0,6,6,0,6
Mort,4,4,6,10,4,7,11
Mort's,6,6,5,11,6,6,12
Mortimer,8,3,2,5,4,1,5
Mortimer's,10,6,0,6,6,0,6
Morton,6,4,5,9,4,5,9
Morton's,8,6,3,9,6,3,9
Mosaic,6,5,2,7,5,2,7
Mosaic's,8,6,2,8,5,1,6
Moscow,6,2,4,6,2,4,6
Moscow's,8,3,4,7,3,4,7
Moseley,7,4,1,5,2,3,5
Moseley's,9,3,0,3,3,0,3
Moselle,7,3,2,5,3,4,7
Moselle's,9,4,1,5,4,1,5
Moses,5,4,0,4,4,0,4
Moses's,7,3,1,4,2,0,2
Moslem,6,4,3,7,4,3,7
Moslem's,8,5,2,7,5,2,7
Moslems,7,4,2,6,4,2,6
Mosley,6,4,3,7,4,3,7
Mosley's,8,5,2,7,5,2,7
Moss,4,3,2,5,3,2,5
Moss's,6,4,3,7,4,3,7
Mosul,5,2,5,7,2,5,7
Mosul's,7,4,3,7,3,4,7
Motorola,8,2,3,5,2,3,5
Motorola's,10,3,2,5,3,2,5
Motown,6,2,4,6,2,4,6
Motown's,8,4,2,6,4,2,6
Motrin,6,3,6,9,3,6,9
Motrin's,8,5,5,10,5,5,10
Mott,4,2,7,9,2,7,9
Mott's,6,4,6,10,4,6,10
Mount,5,5,5,10,5,5,10
Mount's,7,7,4,11,7,3,10
Mountbatten,11,3,3,6,3,2,5
Mountbatten's,13,2,0,2,3,1,4
Mountie,7,4,2,6,4,1,5
Mountie's,9,6,1,7,6,1,7
Mounties,8,8,1,9,8,1,9
Moussorgsky,11,1,0,1,1,0,1
Moussorgsky's,13,1,0,1,1,0,1
Mouthe,6,5,4,9,4,6,10
Mouthe's,8,6,4,10,5,5,10
Mouton,6,3,6,9,3,6,9
Mouton's,8,5,4,9,5,4,9
Mowgli,6,3,3,6,2,3,5
Mowgli's,8,4,3,7,3,4,7
Mozambican,10,4,2,6,3,2,5
Mozambican's,12,3,1,4,3,1,4
Mozambicans,11,3,1,4,3,1,4
Mozambique,10,3,1,4,3,1,4
Mozambique's,12,6,0,6,5,0,5
Mozart,6,4,3,7,4,4,8
Mozart's,8,6,2,8,6,2,8
Mozilla,7,5,2,7,5,2,7
Mozilla's,9,7,1,8,7,1,8
Ms,2,2,5,7,2,5,7
Muawiya,7,2,3,5,3,4,7
Muawiya's,9,5,3,8,5,3,8
Mubarak,7,3,4,7,3,3,6
Mubarak's,9,5,2,7,5,2,7
Mueller,7,3,4,7,4,1,5
Mueller's,9,6,0,6,6,0,6
Muenster,8,5,0,5,5,0,5
Muenster's,10,3,0,3,3,0,3
Mugabe,6,4,3,7,4,3,7
Mugabe's,8,6,3,9,6,4,10
Muhammad,8,1,4,5,4,4,8
Muhammad's,10,5,2,7,6,3,9
Muhammadan,10,1,4,5,1,3,4
Muhammadan's,12,2,1,3,2,2,4
Muhammadanism,13,5,1,6,3,1,4
Muhammadanism's,15,6,1,7,3,1,4
Muhammadanisms,14,3,1,4,3,1,4
Muhammadans,11,2,1,3,2,1,3
Muir,4,3,4,7,3,4,7
Muir's,6,5,3,8,5,3,8
Mujib,5,3,5,8,3,6,9
Mujib's,7,5,5,10,5,5,10
Mulder,6,5,4,9,5,4,9
Mulder's,8,7,5,12,7,4,11
Mullen,6,4,6,10,4,6,10
Mullen's,8,6,4,10,6,4,10
Muller,6,5,4,9,5,4,9
Muller's,8,7,5,12,7,4,11
Mulligan,8,7,2,9,7,2,9
Mulligan's,10,9,1,10,9,2,11
Mullikan,8,6,3,9,6,3,9
Mullikan's,10,8,2,10,8,3,11
Mullins,7,6,4,10,4,5,9
Mullins's,9,5,4,9,5,2,7
Mulroney,8,3,3,6,3,3,6
Mulroney's,10,5,1,6,5,1,6
Multan,6,5,5,10,5,5,10
Multan's,8,6,2,8,6,2,8
Mumbai,6,3,6,9,3,6,9
Mumbai's,8,5,5,10,5,5,10
Mumford,7,3,5,8,3,5,8
Mumford's,9,5,4,9,5,4,9
Munch,5,5,6,11,5,6,11
Munch's,7,7,6,13,7,6,13
Munich,6,3,4,7,2,4,6
Munich's,8,5,4,9,6,5,11
Munoz,5,2,5,7,3,5,8
Munoz's,7,4,4,8,5,4,9
Munro,5,3,4,7,3,4,7
Munro's,7,5,3,8,4,3,7
Muppet,6,5,6,11,5,5,10
Muppet's,8,7,5,12,7,3,10
Murasaki,8,4,1,5,3,1,4
Murasaki's,10,2,1,3,2,1,3
Murat,5,4,7,11,5,5,10
Murat's,7,6,6,12,6,6,12
Murchison,9,4,0,4,4,1,5
Murchison's,11,2,2,4,3,2,5
Murdoch,7,3,5,8,4,5,9
Murdoch's,9,5,4,9,6,4,10
Muriel,6,4,5,9,4,5,9
Muriel's,8,6,3,9,6,3,9
Murillo,7,3,3,6,4,3,7
Murillo's,9,6,2,8,5,2,7
Murine,6,4,4,8,5,3,8
Murine's,8,6,2,8,6,2,8
Murmansk,8,2,2,4,2,2,4
Murmansk's,10,3,2,5,2,2,4
Murphy,6,4,6,10,4,6,10
Murphy's,8,5,4,9,2,5,7
Murray,6,5,4,9,3,5,8
Murray's,8,7,3,10,5,4,9
Murrow,6,5,5,10,5,5,10
Murrow's,8,7,4,11,7,3,10
Murrumbidgee,12,2,1,3,2,1,3
Murrumbidgee's,14,2,1,3,3,0,3
Muscat,6,3,2,5,3,2,5
Muscat's,8,4,2,6,4,2,6
Muscovite,9,6,0,6,5,0,5
Muscovite's,11,4,1,5,5,0,5
Muscovy,7,3,3,6,2,4,6
Muscovy's,9,3,3,6,4,3,7
Muse,4,4,5,9,4,5,9
Muse's,6,5,2,7,5,2,7
Musharraf,9,2,2,4,2,2,4
Musharraf's,11,3,2,5,2,2,4
Musial,6,3,2,5,3,2,5
Musial's,8,4,3,7,4,2,6
Muskogee,8,3,0,3,3,0,3
Muskogee's,10,2,0,2,2,0,2
Muslim,6,3,3,6,4,2,6
Muslim's,8,3,3,6,5,3,8
Muslims,7,4,3,7,3,2,5
Mussolini,9,2,0,2,2,2,4
Mussolini's,11,2,1,3,2,0,2
Mussorgsky,10,3,0,3,2,1,3
Mussorgsky's,12,2,0,2,1,1,2
Mutsuhito,9,3,2,5,3,2,5
Mutsuhito's,11,3,1,4,2,1,3
Muzak,5,3,8,11,2,8,10
Muzak's,7,5,7,12,5,7,12
MySpace,7,4,1,5,3,2,5
MySpace's,9,5,1,6,4,2,6
Myanmar,7,3,3,6,3,2,5
Myanmar's,9,5,1,6,4,1,5
Mycenae,7,4,1,5,3,1,4
Mycenae's,9,4,0,4,4,2,6
Mycenaean,9,2,1,3,2,1,3
Mycenaean's,11,3,0,3,3,0,3
Myers,5,5,3,8,5,3,8
Myers's,7,5,2,7,5,2,7
Mylar,5,4,6,10,4,6,10
Mylar's,7,6,5,11,6,5,11
Mylars,6,5,5,10,5,5,10
Myles,5,4,5,9,4,5,9
Myles's,7,4,4,8,4,4,8
Myra,4,4,4,8,4,4,8
Myra's,6,6,4,10,6,4,10
Myrdal,6,3,5,8,3,5,8
Myrdal's,8,5,4,9,5,4,9
Myrna,5,3,5,8,3,5,8
Myrna's,7,5,4,9,5,4,9
Myron,5,4,5,9,4,4,8
Myron's,7,6,4,10,6,3,9
Myrtle,6,2,4,6,2,4,6
Myrtle's,8,4,4,8,5,3,8
Mysore,6,3,2,5,3,2,5
Mysore's,8,5,1,6,5,1,6
Myst,4,4,5,9,4,5,9
Myst's,6,5,6,11,5,6,11
Münchhausen,11,3,1,4,3,1,4
Münchhausen's,13,2,1,3,2,1,3
N,1,1,13,14,1,13,14
N's,3,3,15,18,3,15,18
NASCAR,6,4,2,6,4,2,6
NASCAR's,8,5,2,7,5,1,6
NORAD,5,5,2,7,5,2,7
NORAD's,7,7,1,8,7,1,8
NSA,3,2,3,5,2,3,5
NSA's,5,3,0,3,3,0,3
Na,2,2,4,6,2,4,6
Na's,4,4,6,10,3,9,12
Nabisco,7,3,1,4,3,1,4
Nabisco's,9,4,0,4,4,0,4
Nabokov,7,2,3,5,3,3,6
Nabokov's,9,5,1,6,5,1,6
Nader,5,5,1,6,5,1,6
Nader's,7,7,5,12,7,4,11
Nadia,5,3,3,6,3,3,6
Nadia's,7,5,2,7,5,2,7
Nadine,6,4,0,4,3,0,3
Nadine's,8,5,0,5,5,2,7
Nagasaki,8,4,1,5,4,1,5
Nagasaki's,10,4,1,5,3,1,4
Nagoya,6,2,6,8,2,6,8
Nagoya's,8,4,5,9,4,5,9
Nagpur,6,3,2,5,3,2,5
Nagpur's,8,5,3,8,5,1,6
Nagy,4,4,4,8,4,4,8
Nagy's,6,6,3,9,6,3,9
Nahuatl,7,2,4,6,3,3,6
Nahuatl's,9,5,2,7,4,2,6
Nahum,5,3,7,10,3,7,10
Nahum's,7,5,3,8,4,4,8
Naipaul,7,2,2,4,2,4,6
Naipaul's,9,5,2,7,3,3,6
Nair,4,4,3,7,4,3,7
Nair's,6,6,2,8,6,2,8
Nairobi,7,3,2,5,3,2,5
Nairobi's,9,5,1,6,5,1,6
Naismith,8,3,1,4,3,1,4
Naismith's,10,4,1,5,3,1,4
Nam,3,3,1,4,3,2,5
Nam's,5,5,4,9,5,5,10
Namath,6,3,2,5,3,2,5
Namath's,8,5,1,6,5,1,6
Namibia,7,2,2,4,2,2,4
Namibia's,9,5,1,6,4,1,5
Namibian,8,2,2,4,2,2,4
Namibian's,10,6,1,7,3,1,4
Namibians,9,5,1,6,4,1,5
Nan,3,2,4,6,2,4,6
Nan's,5,4,6,10,4,6,10
Nanak,5,2,4,6,2,5,7
Nanak's,7,4,2,6,4,2,6
Nanchang,8,2,5,7,2,5,7
Nanchang's,10,4,3,7,4,3,7
Nancy,5,3,3,6,3,3,6
Nancy's,7,4,2,6,4,2,6
Nanette,7,2,1,3,2,0,2
Nanette's,9,5,0,5,5,0,5
Nanjing,7,5,2,7,5,2,7
Nanjing's,9,7,1,8,7,1,8
Nanking,7,4,3,7,4,3,7
Nanking's,9,6,2,8,6,2,8
Nankings,8,4,3,7,4,3,7
Nannie,6,4,2,6,4,1,5
Nannie's,8,6,2,8,6,3,9
Nanook,6,2,2,4,2,2,4
Nanook's,8,5,1,6,4,1,5
Nansen,6,3,2,5,3,2,5
Nansen's,8,5,1,6,4,1,5
Nantes,6,4,3,7,4,4,8
Nantes's,8,5,0,5,5,0,5
Nantucket,9,3,3,6,3,3,6
Nantucket's,11,5,2,7,3,1,4
Naomi,5,2,4,6,3,3,6
Naomi's,7,5,2,7,5,2,7
Naphtali,8,2,2,4,2,2,4
Naphtali's,10,4,2,6,4,1,5
Napier,6,5,1,6,5,1,6
Napier's,8,6,1,7,6,1,7
Naples,6,6,3,9,6,4,10
Naples's,8,5,0,5,5,0,5
Napoleon,8,4,2,6,4,2,6
Napoleon's,10,5,1,6,6,1,7
Napoleonic,10,2,1,3,2,1,3
Napoleonic's,12,4,1,5,3,0,3
Napster,7,5,2,7,5,2,7
Napster's,9,6,2,8,6,2,8
Narcissus,9,2,1,3,2,1,3
Narcissus's,11,8,0,8,8,0,8
Narmada,7,2,3,5,2,2,4
Narmada's,9,4,1,5,4,1,5
Narnia,6,3,4,7,4,3,7
Narnia's,8,5,2,7,5,2,7
Narragansett,12,2,1,3,2,1,3
Narragansett's,14,3,1,4,2,1,3
Nash,4,4,1,5,4,2,6
Nash's,6,5,2,7,5,2,7
Nashua,6,2,2,4,2,2,4
Nashua's,8,3,2,5,3,1,4
Nashville,9,3,0,3,3,0,3
Nashville's,11,5,0,5,3,0,3
Nassau,6,2,2,4,2,2,4
Nassau's,8,3,2,5,3,2,5
Nasser,6,4,2,6,4,3,7
Nasser's,8,5,2,7,5,2,7
Nat,3,3,3,6,3,2,5
Nat's,5,5,3,8,5,3,8
Natalia,7,3,2,5,2,3,5
Natalia's,9,4,2,6,4,2,6
Natalie,7,3,1,4,3,0,3
Natalie's,9,5,0,5,5,0,5
Natasha,7,3,2,5,3,2,5
Natasha's,9,4,3,7,4,1,5
Natchez,7,2,3,5,2,3,5
Natchez's,9,4,2,6,4,1,5
Nate,4,4,3,7,4,4,8
Nate's,6,6,2,8,6,2,8
Nathan,6,2,2,4,2,2,4
Nathan's,8,4,1,5,4,1,5
Nathaniel,9,3,3,6,3,3,6
Nathaniel's,11,5,1,6,3,1,4
Nathans,7,3,2,5,3,2,5
Nathans's,9,4,2,6,3,2,5
Nation,6,3,2,5,3,2,5
Nation's,8,5,2,7,5,1,6
Nationwide,10,4,1,5,4,1,5
Nationwide's,12,6,0,6,4,0,4
Naugahyde,9,4,1,5,3,2,5
Naugahyde's,11,6,0,6,5,1,6
Nauru,5,2,6,8,2,6,8
Nauru's,7,4,3,7,4,3,7
Nautilus,8,4,3,7,4,3,7
Nautilus's,10,4,0,4,4,1,5
Navaho,6,5,3,8,5,3,8
Navaho's,8,7,2,9,7,2,9
Navahoes,8,7,1,8,7,1,8
Navahos,7,6,2,8,6,2,8
Navajo,6,4,4,8,4,4,8
Navajo's,8,6,3,9,6,3,9
Navajoes,8,6,2,8,6,2,8
Navajos,7,5,3,8,5,3,8
Navarre,7,3,2,5,3,1,4
Navarre's,9,5,1,6,5,1,6
Navarro,7,2,5,7,3,2,5
Navarro's,9,5,1,6,5,1,6
Navratilova,11,2,2,4,2,2,4
Navratilova's,13,3,1,4,3,1,4
Nazarene,8,2,1,3,2,1,3
Nazarene's,10,4,0,4,4,0,4
Nazareth,8,3,1,4,3,1,4
Nazareth's,10,5,0,5,5,0,5
Nazca,5,2,4,6,2,4,6
Nazca's,7,4,3,7,4,3,7
Nazi,4,2,5,7,2,5,7
Nazi's,6,4,4,8,4,4,8
Naziism,7,2,1,3,2,1,3
Naziism's,9,3,0,3,3,1,4
Naziisms,8,3,3,6,3,2,5
Nazis,5,3,4,7,3,4,7
Nazism,6,5,2,7,5,2,7
Nazism's,8,6,3,9,6,2,8
Nazisms,7,3,3,6,3,3,6
Nd,2,1,10,11,1,10,11
Nd's,4,3,10,13,3,10,13
Ndjamena,8,2,4,6,2,1,3
Ndjamena's,10,4,0,4,4,0,4
Ne,2,2,6,8,2,6,8
Ne's,4,4,1,5,4,0,4
Neal,4,4,0,4,4,1,5
Neal's,6,6,0,6,6,0,6
Neanderthal,11,2,2,4,2,1,3
Neanderthal's,13,4,1,5,3,0,3
Neanderthals,12,4,0,4,4,0,4
Neapolitan,10,4,1,5,3,1,4
Neapolitan's,12,4,0,4,4,0,4
Nebraska,8,3,0,3,3,0,3
Nebraska's,10,3,0,3,3,0,3
Nebraskan,9,2,1,3,2,1,3
Nebraskan's,11,5,0,5,3,1,4
Nebraskans,10,3,0,3,3,0,3
Nebuchadnezzar,14,1,2,3,1,2,3
Nebuchadnezzar's,16,2,0,2,2,1,3
Ned,3,3,2,5,2,4,6
Ned's,5,5,0,5,5,0,5
Nefertiti,9,2,1,3,2,1,3
Nefertiti's,11,3,0,3,3,0,3
Negev,5,2,4,6,2,4,6
Negev's,7,4,2,6,4,2,6
Negro,5,4,2,6,4,2,6
Negro's,7,6,1,7,6,1,7
Negroes,7,4,0,4,4,1,5
Negroid,7,4,2,6,3,1,4
Negroid's,9,6,1,7,6,0,6
Negroids,8,5,1,6,5,1,6
Negros,6,5,3,8,5,2,7
Negros's,8,4,1,5,4,3,7
Nehemiah,8,2,2,4,2,2,4
Nehemiah's,10,4,1,5,3,1,4
Nehru,5,3,3,6,3,3,6
Nehru's,7,5,2,7,5,2,7
Neil,4,4,2,6,4,2,6
Neil's,6,5,2,7,6,1,7
Nelda,5,4,1,5,4,2,6
Nelda's,7,6,0,6,6,1,7
Nell,4,3,6,9,3,5,8
Nell's,6,5,2,7,5,4,9
Nellie,6,4,0,4,3,2,5
Nellie's,8,6,0,6,6,1,7
Nelly,5,4,4,8,4,3,7
Nelly's,7,5,2,7,6,2,8
Nelsen,6,3,3,6,3,2,5
Nelsen's,8,4,2,6,4,1,5
Nelson,6,3,0,3,3,0,3
Nelson's,8,3,0,3,3,0,3
Nembutal,8,3,2,5,3,2,5
Nembutal's,10,5,1,6,5,1,6
Nemesis,7,3,1,4,3,0,3
Nemesis's,9,4,0,4,4,0,4
Neogene,7,2,2,4,2,0,2
Neogene's,9,4,0,4,3,0,3
Neolithic,9,2,1,3,2,1,3
Nepal,5,4,1,5,4,2,6
Nepal's,7,6,0,6,6,1,7
Nepalese,8,3,0,3,3,0,3
Nepalese's,10,4,1,5,4,0,4
Nepali,6,3,2,5,3,2,5
Nepali's,8,5,1,6,6,0,6
Neptune,7,2,2,4,2,1,3
Neptune's,9,4,0,4,3,1,4
Nereid,6,3,3,6,3,3,6
Nereid's,8,5,1,6,5,1,6
Nerf,4,4,3,7,4,2,6
Nerf's,6,6,1,7,6,2,8
Nero,4,4,4,8,4,3,7
Nero's,6,6,2,8,6,3,9
Neruda,6,4,2,6,4,2,6
Neruda's,8,6,1,7,7,0,7
Nescafe,7,2,3,5,3,1,4
Nescafe's,9,4,1,5,4,1,5
Nesselrode,10,2,1,3,2,1,3
Nesselrode's,12,2,0,2,2,0,2
Nestle,6,5,4,9,4,1,5
Nestle's,8,6,0,6,6,0,6
Nestor,6,5,0,5,5,0,5
Nestor's,8,6,0,6,6,0,6
Nestorius,9,5,0,5,5,0,5
Nestorius's,11,4,1,5,4,1,5
Netflix,7,3,3,6,3,3,6
Netflix's,9,5,2,7,5,2,7
Netherlander,12,1,2,3,1,2,3
Netherlander's,14,4,0,4,2,1,3
Netherlanders,13,3,0,3,3,0,3
Netherlands,11,3,0,3,3,0,3
Netherlands's,13,2,1,3,2,1,3
Netscape,8,4,0,4,4,0,4
Netscape's,10,4,0,4,4,0,4
Nettie,6,4,1,5,3,3,6
Nettie's,8,6,1,7,5,3,8
Netzahualcoyotl,15,1,2,3,1,2,3
Netzahualcoyotl's,17,1,1,2,2,1,3
Neva,4,3,2,5,3,4,7
Neva's,6,5,1,6,5,1,6
Nevada,6,3,2,5,3,2,5
Nevada's,8,5,1,6,5,0,5
Nevadan,7,3,2,5,3,1,4
Nevadan's,9,5,0,5,4,1,5
Nevadans,8,3,2,5,3,2,5
Nevis,5,5,2,7,5,3,8
Nevis's,7,6,2,8,6,2,8
Nevsky,6,3,0,3,3,0,3
Nevsky's,8,4,0,4,4,0,4
Newark,6,4,2,6,4,2,6
Newark's,8,6,0,6,5,1,6
Newcastle,9,2,1,3,2,1,3
Newcastle's,11,2,1,3,2,1,3
Newfoundland,12,2,2,4,2,2,4
Newfoundland's,14,3,1,4,3,1,4
Newfoundlands,13,4,1,5,3,1,4
Newman,6,3,3,6,2,3,5
Newman's,8,5,2,7,4,1,5
Newport,7,5,3,8,4,1,5
Newport's,9,7,2,9,7,0,7
Newsweek,8,3,0,3,3,0,3
Newsweek's,10,4,0,4,3,0,3
Newton,6,4,2,6,3,2,5
Newton's,8,6,1,7,6,0,6
Newtonian,9,3,1,4,3,1,4
Newtonian's,11,5,0,5,4,0,4
Nexis,5,4,3,7,4,4,8
Nexis's,7,5,3,8,5,3,8
Ngaliema,8,3,2,5,3,1,4
Ngaliema's,10,5,0,5,5,0,5
Nguyen,6,2,4,6,2,4,6
Nguyen's,8,4,2,6,4,2,6
Ni,2,2,7,9,2,7,9
Ni's,4,4,6,10,4,10,14
Niagara,7,2,2,4,2,2,4
Niagara's,9,3,1,4,3,1,4
Niamey,6,4,4,8,4,4,8
Niamey's,8,6,2,8,6,2,8
Nibelung,8,2,1,3,2,1,3
Nibelung's,10,6,2,8,4,2,6
Nicaea,6,3,5,8,4,4,8
Nicaea's,8,5,3,8,6,2,8
Nicaragua,9,2,2,4,2,2,4
Nicaragua's,11,4,1,5,3,1,4
Nicaraguan,10,2,2,4,2,2,4
Nicaraguan's,12,2,1,3,3,1,4
Nicaraguans,11,4,1,5,3,1,4
Niccolo,7,5,3,8,5,3,8
Niccolo's,9,7,2,9,7,2,9
Nice,4,4,3,7,4,3,7
Nice's,6,6,3,9,6,2,8
Nicene,6,2,1,3,2,1,3
Nicene's,8,4,2,6,4,2,6
Nichiren,8,3,2,5,3,2,5
Nichiren's,10,4,0,4,4,0,4
Nicholas,8,8,1,9,8,1,9
Nicholas's,10,9,0,9,9,1,10
Nichole,7,4,3,7,4,3,7
Nichole's,9,6,2,8,5,2,7
Nichols,7,4,3,7,4,2,6
Nichols's,9,4,1,5,4,1,5
Nicholson,9,2,0,2,2,1,3
Nicholson's,11,2,1,3,2,2,4
Nick,4,3,5,8,3,5,8
Nick's,6,4,4,8,4,4,8
Nickelodeon,11,3,1,4,2,1,3
Nickelodeon's,13,4,1,5,3,0,3
Nicklaus,8,5,2,7,5,2,7
Nicklaus's,10,5,0,5,4,2,6
Nickolas,8,7,2,9,7,2,9
Nickolas's,10,8,1,9,8,2,10
Nicobar,7,3,3,6,4,3,7
Nicobar's,9,5,1,6,6,2,8
Nicodemus,9,3,2,5,4,1,5
Nicodemus's,11,3,0,3,3,0,3
Nicola,6,3,2,5,3,2,5
Nicola's,8,4,1,5,4,1,5
Nicolas,7,5,2,7,5,1,6
Nicolas's,9,3,1,4,3,1,4
Nicole,6,5,1,6,4,4,8
Nicole's,8,7,1,8,6,6,12
Nicosia,7,3,1,4,3,1,4
Nicosia's,9,2,1,3,3,0,3
Niebuhr,7,3,1,4,3,2,5
Niebuhr's,9,5,0,5,4,1,5
Nielsen,7,3,1,4,4,2,6
Nielsen's,9,3,0,3,2,2,4
Nietzsche,9,3,0,3,3,0,3
Nietzsche's,11,3,0,3,3,0,3
Nieves,6,5,0,5,5,0,5
Nieves's,8,4,0,4,3,0,3
Nigel,5,4,5,9,4,5,9
Nigel's,7,6,4,10,6,4,10
Niger,5,5,5,10,5,5,10
Niger's,7,6,3,9,6,4,10
Nigeria,7,4,2,6,3,2,5
Nigeria's,9,6,0,6,6,0,6
Nigerian,8,2,1,3,2,1,3
Nigerian's,10,5,0,5,5,0,5
Nigerians,9,6,0,6,6,0,6
Nightingale,11,2,1,3,3,1,4
Nightingale's,13,3,0,3,3,0,3
Nijinsky,8,3,3,6,2,3,5
Nijinsky's,10,2,1,3,1,3,4
Nike,4,4,4,8,4,4,8
Nike's,6,6,4,10,6,3,9
Nikita,6,3,3,6,3,3,6
Nikita's,8,4,2,6,4,2,6
Nikkei,6,3,5,8,3,4,7
Nikkei's,8,5,3,8,5,2,7
Nikki,5,3,4,7,3,4,7
Nikki's,7,4,3,7,4,3,7
Nikolai,7,2,2,4,3,2,5
Nikolai's,9,5,1,6,4,1,5
Nikolayev,9,2,3,5,2,3,5
Nikolayev's,11,5,1,6,3,1,4
Nikon,5,4,3,7,4,4,8
Nikon's,7,6,2,8,6,3,9
Nile,4,4,5,9,4,5,9
Nile's,6,5,5,10,6,4,10
Nimitz,6,2,3,5,2,3,5
Nimitz's,8,4,3,7,4,3,7
Nimrod,6,3,3,6,3,4,7
Nimrod's,8,5,2,7,3,2,5
Nina,4,3,3,6,3,3,6
Nina's,6,5,3,8,5,3,8
Nineveh,7,2,3,5,2,2,4
Nineveh's,9,3,1,4,3,1,4
Nintendo,8,2,2,4,2,3,5
Nintendo's,10,4,1,5,3,2,5
Niobe,5,3,4,7,3,4,7
Niobe's,7,5,3,8,5,3,8
Nippon,6,3,3,6,2,4,6
Nippon's,8,5,2,7,3,2,5
Nirenberg,9,2,1,3,2,1,3
Nirenberg's,11,3,0,3,3,0,3
Nirvana,7,3,2,5,2,2,4
Nirvana's,9,4,1,5,3,1,4
Nisan,5,3,1,4,3,1,4
Nisan's,7,4,1,5,4,1,5
Nisei,5,3,2,5,3,1,4
Nisei's,7,4,1,5,4,1,5
Nissan,6,4,2,6,4,1,5
Nissan's,8,5,2,7,5,1,6
Nita,4,3,3,6,3,3,6
Nita's,6,5,3,8,5,3,8
Nivea,5,2,4,6,2,4,6
Nivea's,7,4,2,6,4,2,6
Nixon,5,3,4,7,3,5,8
Nixon's,7,5,3,8,5,4,9
Nkrumah,7,3,4,7,3,4,7
Nkrumah's,9,4,2,6,4,3,7
NoDoz,5,2,4,6,1,6,7
NoDoz's,7,4,3,7,4,5,9
Noah,4,2,5,7,2,5,7
Noah's,6,4,4,8,4,4,8
Nobel,5,5,5,10,5,5,10
Nobel's,7,7,3,10,7,3,10
Nobelist,8,8,0,8,8,0,8
Nobelist's,10,9,1,10,9,0,9
Nobelists,9,8,0,8,8,0,8
Noble,5,4,5,9,4,3,7
Noble's,7,6,4,10,5,2,7
Noe,3,3,4,7,3,3,6
Noe's,5,5,3,8,5,3,8
Noel,4,4,3,7,4,3,7
Noel's,6,6,1,7,6,1,7
Noelle,6,2,2,4,2,4,6
Noelle's,8,4,2,6,4,2,6
Noels,5,4,2,6,4,2,6
Noemi,5,2,5,7,2,5,7
Noemi's,7,4,4,8,4,4,8
Noh,3,3,5,8,3,4,7
Noh's,5,4,8,12,4,8,12
Nokia,5,4,3,7,4,3,7
Nokia's,7,5,2,7,6,1,7
Nola,4,4,2,6,4,2,6
Nola's,6,6,2,8,6,2,8
Nolan,5,3,2,5,3,2,5
Nolan's,7,5,1,6,5,1,6
Nome,4,4,3,7,4,3,7
Nome's,6,6,5,11,6,6,12
Nona,4,3,1,4,3,1,4
Nona's,6,5,1,6,5,1,6
Nootka,6,3,2,5,3,2,5
Nootka's,8,4,1,5,4,1,5
Nora,4,3,3,6,3,3,6
Nora's,6,5,3,8,5,3,8
Norbert,7,2,2,4,2,2,4
Norbert's,9,6,1,7,4,1,5
Norberto,8,3,1,4,3,2,5
Norberto's,10,4,0,4,4,1,5
Nordic,6,3,3,6,3,3,6
Nordic's,8,4,2,6,4,2,6
Nordics,7,4,3,7,4,3,7
Noreen,6,3,1,4,3,1,4
Noreen's,8,4,0,4,4,0,4
Norfolk,7,2,5,7,3,5,8
Norfolk's,9,5,3,8,5,3,8
Noriega,7,3,1,4,3,1,4
Noriega's,9,5,0,5,5,0,5
Norma,5,3,3,6,3,3,6
Norma's,7,5,2,7,5,2,7
Norman,6,3,2,5,3,2,5
Norman's,8,5,1,6,5,1,6
Normand,7,4,3,7,5,2,7
Normand's,9,6,2,8,5,2,7
Normandy,8,6,3,9,3,4,7
Normandy's,10,8,1,9,6,1,7
Normans,7,5,3,8,6,2,8
Norplant,8,3,3,6,4,3,7
Norplant's,10,5,1,6,5,1,6
Norris,6,4,5,9,4,5,9
Norris's,8,5,4,9,5,3,8
Norse,5,5,2,7,5,2,7
Norse's,7,6,1,7,6,1,7
Norseman,8,6,0,6,4,0,4
Norseman's,10,4,1,5,4,1,5
Norsemen,8,5,0,5,4,0,4
Norsemen's,10,3,0,3,3,0,3
North,5,3,4,7,3,4,7
North's,7,5,3,8,5,2,7
Northampton,11,1,3,4,1,3,4
Northampton's,13,3,0,3,2,2,4
Northeast,9,4,0,4,4,0,4
Northeast's,11,4,1,5,4,0,4
Northeasts,10,3,1,4,3,0,3
Northerner,10,2,1,3,2,1,3
Northerner's,12,3,0,3,3,0,3
Northrop,8,2,4,6,3,5,8
Northrop's,10,5,3,8,5,3,8
Northrup,8,2,4,6,2,4,6
Northrup's,10,3,3,6,3,3,6
Norths,6,3,5,8,3,5,8
Northwest,9,3,1,4,3,1,4
Northwest's,11,4,1,5,2,1,3
Northwests,10,2,2,4,3,1,4
Norton,6,2,4,6,2,4,6
Norton's,8,5,2,7,5,2,7
Norway,6,5,2,7,5,2,7
Norway's,8,7,1,8,7,1,8
Norwegian,9,2,1,3,2,1,3
Norwegian's,11,5,0,5,3,0,3
Norwegians,10,6,1,7,7,0,7
Norwich,7,2,3,5,2,4,6
Norwich's,9,5,2,7,6,3,9
Nosferatu,9,3,1,4,4,0,4
Nosferatu's,11,4,0,4,4,0,4
Nostradamus,11,1,3,4,2,2,4
Nostradamus's,13,1,1,2,1,1,2
Nottingham,10,3,2,5,3,2,5
Nottingham's,12,3,1,4,4,1,5
Nouakchott,10,2,3,5,2,3,5
Nouakchott's,12,4,1,5,3,2,5
Noumea,6,4,4,8,3,5,8
Noumea's,8,6,2,8,5,3,8
Nova,4,4,1,5,4,1,5
Nova's,6,6,1,7,6,1,7
Novartis,8,3,2,5,3,2,5
Novartis's,10,4,0,4,3,1,4
November,8,4,3,7,3,4,7
November's,10,5,0,5,5,1,6
Novembers,9,4,1,5,3,2,5
Novgorod,8,3,4,7,2,4,6
Novgorod's,10,5,2,7,3,2,5
Novocain,8,4,2,6,4,2,6
Novocain's,10,6,1,7,5,1,6
Novocaine,9,3,1,4,3,1,4
Novokuznetsk,12,2,0,2,2,0,2
Novokuznetsk's,14,2,1,3,1,1,2
Novosibirsk,11,2,0,2,2,0,2
Novosibirsk's,13,2,0,2,2,0,2
Noxzema,7,3,2,5,3,2,5
Noxzema's,9,4,1,5,4,1,5
Noyce,5,4,5,9,3,5,8
Noyce's,7,6,4,10,5,4,9
Noyes,5,5,3,8,5,6,11
Noyes's,7,5,2,7,5,2,7
Np,2,1,7,8,1,7,8
Np's,4,3,6,9,3,6,9
Nubia,5,3,3,6,3,3,6
Nubia's,7,5,2,7,4,3,7
Nubian,6,3,3,6,3,3,6
Nubian's,8,5,2,7,5,2,7
Nukualofa,9,1,3,4,1,3,4
Nukualofa's,11,3,1,4,3,1,4
Numbers,7,7,3,10,7,4,11
Numbers's,9,4,3,7,4,3,7
Nunavut,7,2,5,7,2,4,6
Nunavut's,9,4,3,7,3,3,6
Nunez,5,2,4,6,2,4,6
Nunez's,7,4,2,6,4,2,6
Nunki,5,2,6,8,3,4,7
Nunki's,7,5,4,9,4,3,7
Nuremberg,9,2,1,3,2,1,3
Nuremberg's,11,3,0,3,3,0,3
Nureyev,7,3,3,6,3,2,5
Nureyev's,9,4,1,5,4,1,5
NutraSweet,10,3,0,3,3,0,3
NutraSweet's,12,2,0,2,2,0,2
NyQuil,6,2,4,6,2,4,6
NyQuil's,8,3,3,6,3,3,6
Nyasa,5,2,2,4,2,2,4
Nyasa's,7,3,2,5,3,2,5
Nyerere,7,2,1,3,2,0,2
Nyerere's,9,4,0,4,3,0,3
O,1,1,14,15,1,14,15
O'Brien,7,4,2,6,3,4,7
O'Brien's,9,3,0,3,4,0,4
O'Casey,7,3,2,5,3,2,5
O'Casey's,9,3,1,4,3,0,3
O'Connell,9,6,1,7,6,1,7
O'Connell's,11,7,0,7,7,0,7
O'Connor,8,1,4,5,1,4,5
O'Connor's,10,2,2,4,2,2,4
O'Donnell,9,5,2,7,5,2,7
O'Donnell's,11,6,1,7,6,1,7
O'Hara,6,3,3,6,2,5,7
O'Hara's,8,3,1,4,3,1,4
O'Higgins,9,3,2,5,3,2,5
O'Higgins's,11,2,0,2,2,0,2
O'Keeffe,8,1,1,2,1,1,2
O'Keeffe's,10,2,0,2,2,0,2
O'Neil,6,4,3,7,4,3,7
O'Neil's,8,3,0,3,4,1,5
O'Neill,7,3,2,5,2,3,5
O'Neill's,9,4,1,5,3,2,5
O'Rourke,8,2,3,5,2,3,5
O'Rourke's,10,3,0,3,3,1,4
O'Toole,7,2,3,5,2,2,4
O'Toole's,9,3,0,3,3,0,3
O's,3,3,3,6,3,4,7
OHSA,4,3,1,4,3,1,4
OHSA's,6,3,1,4,3,1,4
OK,2,2,1,3,2,1,3
OK's,4,4,2,6,4,2,6
OKed,4,4,4,8,4,3,7
OKing,5,5,3,8,5,3,8
OKs,3,3,4,7,3,5,8
Oahu,4,2,11,13,1,13,14
Oahu's,6,4,9,13,4,10,14
Oakland,7,2,4,6,4,3,7
Oakland's,9,5,2,7,5,2,7
Oakley,6,4,4,8,4,4,8
Oakley's,8,6,2,8,6,2,8
Oates,5,5,3,8,5,3,8
Oates's,7,6,3,9,6,3,9
Oaxaca,6,2,5,7,1,6,7
Oaxaca's,8,4,4,8,3,5,8
Ob,2,2,2,4,2,2,4
Ob's,4,4,3,7,4,3,7
Obadiah,7,3,3,6,2,6,8
Obadiah's,9,3,4,7,3,4,7
Obama,5,2,6,8,3,5,8
Obama's,7,4,5,9,5,4,9
Obamacare,9,2,1,3,2,1,3
Oberlin,7,5,2,7,4,2,6
Oberlin's,9,4,1,5,6,1,7
Oberon,6,3,2,5,3,1,4
Oberon's,8,5,3,8,4,0,4
Occam,5,3,3,6,3,2,5
Occam's,7,5,2,7,5,2,7
Occident,8,7,1,8,3,3,6
Occidental,10,6,1,7,5,1,6
Occidental's,12,9,1,10,4,0,4
Occidentals,11,7,1,8,4,0,4
Oceania,7,3,2,5,3,2,5
Oceania's,9,5,1,6,5,1,6
Oceanus,7,3,2,5,3,2,5
Oceanus's,9,4,0,4,3,1,4
Ochoa,5,2,3,5,2,3,5
Ochoa's,7,4,2,6,4,1,5
Oct,3,3,2,5,3,2,5
Oct's,5,5,4,9,5,4,9
Octavia,7,3,2,5,2,3,5
Octavia's,9,4,2,6,3,2,5
Octavio,7,3,2,5,5,2,7
Octavio's,9,7,1,8,7,1,8
October,7,3,4,7,3,4,7
October's,9,5,2,7,6,1,7
Octobers,8,4,3,7,4,2,6
Odell,5,3,3,6,3,2,5
Odell's,7,5,2,7,5,1,6
Oder,4,4,2,6,2,2,4
Oder's,6,6,0,6,6,0,6
Odessa,6,3,0,3,3,0,3
Odessa's,8,2,0,2,2,0,2
Odets,5,4,3,7,4,3,7
Odets's,7,5,1,6,5,1,6
Odin,4,4,3,7,4,3,7
Odin's,6,6,2,8,6,2,8
Odis,4,4,4,8,3,4,7
Odis's,6,5,3,8,5,3,8
Odom,4,3,2,5,3,2,5
Odom's,6,5,2,7,5,2,7
Odysseus,8,3,0,3,3,0,3
Odysseus's,10,3,0,3,2,0,2
Odyssey,7,3,0,3,3,0,3
Odyssey's,9,2,1,3,2,0,2
Oedipal,7,6,1,7,6,3,9
Oedipal's,9,8,1,9,8,2,10
Oedipus,7,5,4,9,5,4,9
Oedipus's,9,5,0,5,5,0,5
Oersted,7,4,1,5,5,1,6
Oersted's,9,4,1,5,3,2,5
Ofelia,6,3,3,6,4,2,6
Ofelia's,8,5,2,7,6,1,7
Offenbach,9,5,1,6,4,1,5
Offenbach's,11,7,0,7,4,1,5
OfficeMax,9,3,3,6,2,3,5
OfficeMax's,11,5,0,5,3,2,5
Ogbomosho,9,2,0,2,2,1,3
Ogbomosho's,11,1,3,4,2,2,4
Ogden,5,5,4,9,5,4,9
Ogden's,7,5,2,7,5,2,7
Ogilvy,6,4,4,8,4,4,8
Ogilvy's,8,4,2,6,4,2,6
Oglethorpe,10,2,2,4,2,2,4
Oglethorpe's,12,3,1,4,3,1,4
Ohio,4,2,3,5,2,3,5
Ohio's,6,4,2,6,3,3,6
Ohioan,6,2,2,4,2,2,4
Ohioan's,8,4,1,5,4,1,5
Ohioans,7,3,2,5,4,1,5
Oise,4,3,2,5,3,2,5
Oise's,6,4,0,4,4,0,4
Ojibwa,6,3,2,5,3,2,5
Ojibwa's,8,4,1,5,4,1,5
Ojibwas,7,3,2,5,3,1,4
Okeechobee,10,1,1,2,1,1,2
Okeechobee's,12,2,0,2,2,0,2
Okefenokee,10,1,1,2,1,1,2
Okefenokee's,12,2,0,2,2,0,2
Okhotsk,7,2,3,5,2,3,5
Okhotsk's,9,3,3,6,3,3,6
Okinawa,7,3,2,5,2,2,4
Okinawa's,9,4,1,5,3,1,4
Oklahoma,8,1,3,4,1,3,4
Oklahoma's,10,4,1,5,3,1,4
Oklahoman,9,2,3,5,3,3,6
Oklahoman's,11,3,1,4,3,1,4
Oktoberfest,11,2,1,3,2,1,3
Oktoberfest's,13,3,1,4,2,1,3
Ola,3,3,2,5,3,2,5
Ola's,5,4,5,9,4,5,9
Olaf,4,3,2,5,3,2,5
Olaf's,6,5,2,7,5,2,7
Olajuwon,8,2,3,5,2,3,5
Olajuwon's,10,4,1,5,3,1,4
Olav,4,3,6,9,3,7,10
Olav's,6,5,5,10,5,6,11
Oldenburg,9,4,2,6,3,2,5
Oldenburg's,11,6,1,7,5,0,5
Oldfield,8,2,2,4,3,3,6
Oldfield's,10,6,1,7,4,3,7
Oldsmobile,10,3,0,3,3,1,4
Oldsmobile's,12,3,0,3,3,0,3
Olduvai,7,3,2,5,3,2,5
Olduvai's,9,5,2,7,4,1,5
Olen,4,3,5,8,3,6,9
Olen's,6,5,4,9,5,4,9
Olenek,6,2,4,6,2,4,6
Olenek's,8,4,2,6,4,2,6
Olga,4,3,2,5,3,2,5
Olga's,6,5,1,6,5,1,6
Oligocene,9,2,1,3,2,1,3
Oligocene's,11,3,1,4,3,1,4
Olin,4,4,4,8,4,4,8
Olin's,6,6,3,9,6,3,9
Olive,5,4,2,6,4,2,6
Olive's,7,6,3,9,6,3,9
Oliver,6,5,1,6,5,1,6
Oliver's,8,5,1,6,5,1,6
Olivetti,8,2,4,6,2,4,6
Olivetti's,10,4,3,7,4,3,7
Olivia,6,3,2,5,3,2,5
Olivia's,8,4,1,5,4,1,5
Olivier,7,4,1,5,4,1,5
Olivier's,9,6,2,8,6,3,9
Ollie,5,4,2,6,4,2,6
Ollie's,7,5,2,7,5,2,7
Olmec,5,3,3,6,3,3,6
Olmec's,7,4,2,6,4,2,6
Olmsted,7,5,1,6,5,1,6
Olmsted's,9,6,1,7,6,1,7
Olsen,5,4,0,4,4,0,4
Olsen's,7,4,2,6,4,2,6
Olson,5,2,3,5,2,3,5
Olson's,7,3,2,5,3,3,6
Olympia,7,3,2,5,2,2,4
Olympia's,9,9,1,10,9,1,10
Olympiad,8,3,3,6,3,3,6
Olympiad's,10,10,1,11,10,1,11
Olympiads,9,9,2,11,9,2,11
Olympian,8,3,2,5,3,2,5
Olympian's,10,9,2,11,9,2,11
Olympians,9,8,3,11,8,3,11
Olympias,8,3,1,4,3,1,4
Olympic,7,2,3,5,2,3,5
Olympic's,9,3,2,5,3,2,5
Olympics,8,3,2,5,3,2,5
Olympics's,10,5,1,6,3,2,5
Olympus,7,4,3,7,3,3,6
Olympus's,9,3,3,6,3,3,6
Omaha,5,2,3,5,3,5,8
Omaha's,7,4,2,6,5,4,9
Omahas,6,3,2,5,3,4,7
Oman,4,3,5,8,3,6,9
Oman's,6,5,4,9,5,5,10
Omar,4,3,3,6,3,3,6
Omar's,6,5,2,7,5,2,7
Omayyad,7,2,4,6,3,4,7
Omayyad's,9,5,3,8,4,3,7
Omdurman,8,2,3,5,2,3,5
Omdurman's,10,4,2,6,3,2,5
Omsk,4,3,2,5,3,2,5
Omsk's,6,3,6,9,3,6,9
Onassis,7,3,2,5,2,2,4
Onassis's,9,4,0,4,3,0,3
Oneal,5,4,1,5,4,1,5
Oneal's,7,6,1,7,6,1,7
Onega,5,3,2,5,5,2,7
Onega's,7,5,1,6,7,1,8
Onegin,6,2,3,5,2,3,5
Onegin's,8,4,2,6,4,2,6
Oneida,6,3,3,6,3,3,6
Oneida's,8,5,2,7,4,2,6
Onion,5,2,3,5,2,3,5
Onion's,7,4,2,6,3,2,5
Ono,3,2,1,3,2,1,3
Ono's,5,3,2,5,3,2,5
Onondaga,8,2,3,5,2,3,5
Onondaga's,10,4,2,6,3,2,5
Onsager,7,2,3,5,4,1,5
Onsager's,9,6,1,7,5,1,6
Ontario,7,3,3,6,4,3,7
Ontario's,9,6,2,8,6,2,8
Oort,4,2,2,4,2,2,4
Oort's,6,3,2,5,3,2,5
Opal,4,4,2,6,4,2,6
Opal's,6,6,2,8,6,2,8
Opel,4,3,3,6,3,3,6
Opel's,6,5,1,6,5,1,6
OpenOffice,10,3,1,4,3,1,4
OpenOffice's,12,3,0,3,4,0,4
Ophelia,7,4,1,5,3,1,4
Ophelia's,9,5,0,5,5,0,5
Ophiuchus,9,5,2,7,4,2,6
Ophiuchus's,11,2,1,3,2,1,3
Oppenheimer,11,2,1,3,2,1,3
Oppenheimer's,13,3,1,4,3,0,3
Oprah,5,3,2,5,3,3,6
Oprah's,7,5,1,6,5,1,6
Ora,3,3,3,6,3,3,6
Ora's,5,4,7,11,4,7,11
Oracle,6,4,1,5,3,1,4
Oracle's,8,7,1,8,7,1,8
Oran,4,4,6,10,4,6,10
Oran's,6,6,5,11,6,5,11
Orange,6,4,2,6,4,3,7
Orange's,8,7,3,10,7,1,8
Oranjestad,10,3,1,4,3,0,3
Oranjestad's,12,3,1,4,3,0,3
Orbison,7,2,2,4,2,2,4
Orbison's,9,4,2,6,2,2,4
Ordovician,10,3,2,5,3,2,5
Ordovician's,12,5,1,6,3,1,4
Oregon,6,3,3,6,3,3,6
Oregon's,8,5,1,6,5,2,7
Oregonian,9,3,1,4,3,1,4
Oregonian's,11,5,0,5,4,0,4
Oregonians,10,4,0,4,4,0,4
Oreo,4,3,7,10,3,7,10
Oreo's,6,5,6,11,5,5,10
Orestes,7,3,1,4,3,1,4
Orestes's,9,2,0,2,2,0,2
Orient,6,4,2,6,4,3,7
Orient's,8,6,1,7,6,1,7
Oriental,8,5,1,6,3,1,4
Oriental's,10,5,0,5,6,0,6
Orientals,9,4,0,4,4,0,4
Orin,4,3,5,8,3,5,8
Orin's,6,5,4,9,5,4,9
Orinoco,7,2,4,6,2,4,6
Orinoco's,9,3,2,5,3,2,5
Orion,5,4,3,7,4,3,7
Orion's,7,6,2,8,6,2,8
Oriya,5,4,3,7,4,3,7
Oriya's,7,6,2,8,5,2,7
Orizaba,7,2,3,5,2,3,5
Orizaba's,9,4,2,6,4,2,6
Orkney,6,3,2,5,3,3,6
Orkney's,8,5,2,7,5,2,7
Orlando,7,2,3,5,2,3,5
Orlando's,9,4,2,6,3,2,5
Orleans,7,6,2,8,4,1,5
Orleans's,9,4,1,5,3,1,4
Orlon,5,3,4,7,3,4,7
Orlon's,7,5,3,8,5,3,8
Orlons,6,3,3,6,3,3,6
Orly,4,4,4,8,4,4,8
Orly's,6,6,3,9,6,3,9
Orpheus,7,4,3,7,4,3,7
Orpheus's,9,5,0,5,5,0,5
Orphic,6,3,4,7,5,4,9
Orphic's,8,5,2,7,7,2,9
Orr,3,2,1,3,2,1,3
Orr's,5,4,2,6,4,2,6
Ortega,6,3,2,5,3,2,5
Ortega's,8,5,1,6,5,1,6
Ortiz,5,4,3,7,4,3,7
Ortiz's,7,6,2,8,6,2,8
Orval,5,4,2,6,4,3,7
Orval's,7,6,1,7,6,1,7
Orville,7,3,3,6,3,1,4
Orville's,9,5,2,7,5,1,6
Orwell,6,4,3,7,4,2,6
Orwell's,8,4,2,6,5,2,7
Orwellian,9,4,1,5,4,1,5
Orwellian's,11,6,0,6,4,0,4
Os,2,2,3,5,2,3,5
Os's,4,2,2,4,2,2,4
Osage,5,5,0,5,5,0,5
Osage's,7,6,0,6,6,1,7
Osaka,5,2,0,2,2,0,2
Osaka's,7,2,0,2,2,1,3
Osbert,6,2,2,4,2,2,4
Osbert's,8,3,2,5,2,2,4
Osborn,6,2,2,4,2,2,4
Osborn's,8,3,2,5,2,2,4
Osborne,7,3,1,4,2,2,4
Osborne's,9,4,1,5,3,1,4
Oscar,5,3,2,5,4,1,5
Oscar's,7,4,2,6,5,2,7
Oscars,6,3,2,5,3,2,5
Osceola,7,3,0,3,3,0,3
Osceola's,9,3,0,3,3,0,3
Osgood,6,2,2,4,2,2,4
Osgood's,8,3,2,5,2,2,4
Oshawa,6,3,1,4,3,1,4
Oshawa's,8,4,0,4,3,0,3
Oshkosh,7,2,0,2,1,1,2
Oshkosh's,9,1,0,1,1,0,1
Osiris,6,3,3,6,2,2,4
Osiris's,8,3,0,3,2,0,2
Oslo,4,1,4,5,1,4,5
Oslo's,6,2,3,5,2,2,4
Osman,5,3,1,4,3,2,5
Osman's,7,4,1,5,4,3,7
Ostrogoth,9,2,1,3,2,2,4
Ostrogoth's,11,3,1,4,2,2,4
Ostwald,7,4,0,4,3,1,4
Ostwald's,9,3,1,4,3,1,4
Osvaldo,7,3,0,3,3,1,4
Osvaldo's,9,3,0,3,2,2,4
Oswald,6,3,1,4,2,2,4
Oswald's,8,4,0,4,2,2,4
Othello,7,2,2,4,2,3,5
Othello's,9,4,1,5,4,1,5
Otis,4,3,5,8,3,5,8
Otis's,6,4,4,8,4,4,8
Ottawa,6,2,4,6,3,4,7
Ottawa's,8,4,3,7,3,3,6
Ottawas,7,2,3,5,2,2,4
Otto,4,2,2,4,2,2,4
Otto's,6,3,3,6,4,2,6
Ottoman,7,2,3,5,2,2,4
Ottoman's,9,6,1,7,3,1,4
Ouagadougou,11,1,3,4,1,3,4
Ouagadougou's,13,3,2,5,2,2,4
Ouija,5,3,4,7,3,4,7
Ouija's,7,5,3,8,4,2,6
Ovid,4,2,5,7,2,5,7
Ovid's,6,5,3,8,5,3,8
Owen,4,4,5,9,4,4,8
Owen's,6,6,2,8,6,2,8
Owens,5,5,2,7,5,2,7
Owens's,7,4,2,6,4,2,6
Oxford,6,2,4,6,2,4,6
Oxford's,8,4,2,6,4,2,6
Oxfords,7,3,3,6,4,3,7
Oxnard,6,4,2,6,4,3,7
Oxnard's,8,5,1,6,4,1,5
Oxonian,7,3,2,5,2,2,4
Oxonian's,9,4,1,5,3,1,4
Oxus,4,4,3,7,4,3,7
Oxus's,6,5,3,8,5,3,8
Oxycontin,9,2,3,5,2,3,5
Oxycontin's,11,3,2,5,3,2,5
Oz,2,2,4,6,2,4,6
Oz's,4,4,4,8,4,4,8
Ozark,5,4,4,8,4,4,8
Ozark's,7,6,3,9,6,3,9
Ozarks,6,4,4,8,4,4,8
Ozarks's,8,4,2,6,4,2,6
Ozymandias,10,3,1,4,3,1,4
Ozymandias's,12,4,0,4,3,0,3
Ozzie,5,3,3,6,3,3,6
Ozzie's,7,5,3,8,5,3,8
P,1,1,15,16,1,15,16
P's,3,3,16,19,3,16,19
Pa,2,2,1,3,2,1,3
Pa's,4,4,0,4,4,1,5
Paar,4,1,2,3,1,3,4
Paar's,6,3,2,5,3,2,5
Pablo,5,3,5,8,3,5,8
Pablo's,7,5,4,9,5,4,9
Pablum,6,4,4,8,3,5,8
Pablum's,8,5,4,9,5,4,9
Pabst,5,4,4,8,4,4,8
Pabst's,7,5,4,9,5,4,9
Pace,4,4,6,10,4,4,8
Pace's,6,6,7,13,6,8,14
Pacheco,7,2,5,7,2,5,7
Pacheco's,9,4,4,8,4,4,8
Pacific,7,4,3,7,3,5,8
Pacific's,9,6,4,10,5,3,8
Pacino,6,4,4,8,2,4,6
Pacino's,8,6,2,8,6,3,9
Packard,7,5,5,10,5,4,9
Packard's,9,7,3,10,6,3,9
Paderewski,10,3,0,3,2,1,3
Paderewski's,12,3,0,3,2,0,2
Padilla,7,4,3,7,4,3,7
Padilla's,9,6,2,8,6,2,8
Paganini,8,2,2,4,2,2,4
Paganini's,10,4,1,5,4,2,6
Page,4,4,7,11,4,5,9
Page's,6,6,4,10,6,4,10
Paglia,6,4,4,8,4,4,8
Paglia's,8,6,2,8,6,2,8
Pahlavi,7,3,2,5,2,4,6
Pahlavi's,9,4,3,7,4,3,7
Paige,5,3,5,8,3,5,8
Paige's,7,6,4,10,6,4,10
Paine,5,5,3,8,5,4,9
Paine's,7,7,4,11,7,4,11
Pakistan,8,4,2,6,4,1,5
Pakistan's,10,5,1,6,5,1,6
Pakistani,9,2,1,3,2,1,3
Pakistani's,11,5,1,6,3,1,4
Pakistanis,10,4,1,5,4,1,5
Palau,5,2,4,6,2,4,6
Palau's,7,4,4,8,4,4,8
Palembang,9,3,2,5,3,2,5
Palembang's,11,5,0,5,4,1,5
Paleocene,9,7,1,8,7,1,8
Paleocene's,11,9,0,9,9,0,9
Paleogene,9,6,2,8,6,2,8
Paleogene's,11,8,1,9,8,1,9
Paleolithic,11,3,1,4,2,1,3
Paleolithic's,13,4,0,4,4,1,5
Paleozoic,9,3,2,5,2,2,4
Paleozoic's,11,4,2,6,3,2,5
Palermo,7,4,1,5,4,1,5
Palermo's,9,6,0,6,5,0,5
Palestine,9,4,0,4,4,0,4
Palestine's,11,5,1,6,6,0,6
Palestinian,11,3,0,3,3,0,3
Palestinian's,13,4,0,4,4,0,4
Palestinians,12,3,0,3,5,0,5
Palestrina,10,5,0,5,5,0,5
Palestrina's,12,4,0,4,5,0,5
Paley,5,4,4,8,4,4,8
Paley's,7,6,3,9,6,3,9
Palikir,7,3,4,7,3,3,6
Palikir's,9,5,5,10,4,5,9
Palisades,9,3,0,3,3,0,3
Palisades's,11,2,0,2,3,0,3
Palladio,8,3,3,6,2,4,6
Palladio's,10,2,4,6,6,2,8
Palmer,6,6,4,10,6,5,11
Palmer's,8,6,4,10,6,4,10
Palmerston,10,4,1,5,3,0,3
Palmerston's,12,5,1,6,3,0,3
Palmolive,9,5,2,7,6,1,7
Palmolive's,11,8,0,8,6,1,7
Palmyra,7,2,5,7,2,4,6
Palmyra's,9,4,4,8,4,3,7
Palomar,7,3,3,6,3,3,6
Palomar's,9,4,2,6,4,2,6
Pam,3,3,2,5,3,2,5
Pam's,5,5,5,10,5,4,9
Pamela,6,4,2,6,4,2,6
Pamela's,8,6,1,7,5,0,5
Pamirs,6,5,3,8,5,3,8
Pamirs's,8,5,1,6,5,2,7
Pampers,7,6,2,8,6,3,9
Pampers's,9,5,2,7,5,2,7
Pan,3,3,1,4,3,0,3
Pan's,5,5,4,9,5,3,8
Panama,6,2,3,5,2,3,5
Panama's,8,4,2,6,4,2,6
Panamanian,10,2,2,4,2,2,4
Panamanian's,12,2,1,3,3,1,4
Panamanians,11,2,2,4,3,2,5
Panamas,7,5,2,7,3,1,4
Panasonic,9,4,1,5,3,1,4
Panasonic's,11,3,2,5,3,1,4
Pandora,7,4,3,7,3,4,7
Pandora's,9,6,2,8,5,3,8
Pangaea,7,3,3,6,3,3,6
Pangaea's,9,5,2,7,4,1,5
Pankhurst,9,3,2,5,3,2,5
Pankhurst's,11,4,2,6,3,2,5
Panmunjom,9,3,3,6,3,3,6
Panmunjom's,11,5,1,6,4,1,5
Pansy,5,5,1,6,5,1,6
Pansy's,7,6,1,7,6,1,7
Pantagruel,10,2,2,4,4,1,5
Pantagruel's,12,3,0,3,3,0,3
Pantaloon,9,3,3,6,3,3,6
Pantaloon's,11,5,1,6,3,1,4
Pantheon,8,4,1,5,4,2,6
Pantheon's,10,6,1,7,6,1,7
Panza,5,4,3,7,4,3,7
Panza's,7,6,2,8,6,2,8
Paracelsus,10,3,1,4,3,0,3
Paracelsus's,12,2,1,3,1,1,2
Paraclete,9,2,2,4,3,1,4
Paraclete's,11,3,0,3,3,0,3
Paradise,8,3,1,4,3,1,4
Paraguay,8,1,4,5,1,4,5
Paraguay's,10,5,2,7,3,3,6
Paraguayan,10,1,4,5,1,3,4
Paraguayan's,12,2,1,3,2,2,4
Paraguayans,11,2,1,3,2,1,3
Paramaribo,10,2,3,5,2,3,5
Paramaribo's,12,4,1,5,3,1,4
Paramount,9,2,3,5,2,3,5
Paramount's,11,4,1,5,3,1,4
Paraná,6,3,2,5,3,2,5
Paraná's,8,4,1,5,4,1,5
Parcheesi,9,2,0,2,2,0,2
Parcheesi's,11,3,0,3,2,0,2
Pareto,6,4,4,8,3,2,5
Pareto's,8,5,1,6,5,1,6
Paris,5,4,7,11,4,7,11
Paris's,7,5,3,8,5,3,8
Parisian,8,3,1,4,3,1,4
Parisian's,10,4,1,5,4,1,5
Parisians,9,3,1,4,3,0,3
Park,4,4,5,9,4,5,9
Park's,6,6,4,10,6,4,10
Parker,6,5,5,10,5,5,10
Parker's,8,6,4,10,6,4,10
Parkinson,9,5,0,5,3,1,4
Parkinson's,11,3,1,4,3,1,4
Parkman,7,4,5,9,4,4,8
Parkman's,9,7,2,9,7,2,9
Parks,5,5,4,9,5,6,11
Parks's,7,5,3,8,3,6,9
Parliament,10,6,1,7,5,1,6
Parliament's,12,8,0,8,6,0,6
Parmesan,8,3,0,3,3,0,3
Parmesan's,10,3,0,3,3,0,3
Parmesans,9,4,1,5,3,1,4
Parnassus,9,2,2,4,2,2,4
Parnassus's,11,2,0,2,2,0,2
Parnell,7,5,2,7,5,3,8
Parnell's,9,7,1,8,7,2,9
Parr,4,2,5,7,2,5,7
Parr's,6,4,4,8,4,4,8
Parrish,7,4,1,5,4,2,6
Parrish's,9,5,1,6,4,2,6
Parsi,5,4,4,8,4,4,8
Parsi's,7,5,3,8,5,3,8
Parsifal,8,3,1,4,3,1,4
Parsifal's,10,4,1,5,3,1,4
Parsons,7,4,2,6,4,2,6
Parsons's,9,3,2,5,3,2,5
Parthenon,9,4,1,5,3,1,4
Parthenon's,11,4,1,5,4,0,4
Parthia,7,3,3,6,2,4,6
Parthia's,9,4,2,6,4,2,6
Pasadena,8,3,0,3,3,0,3
Pasadena's,10,4,0,4,3,0,3
Pascal,6,3,3,6,3,3,6
Pascal's,8,4,3,7,4,2,6
Pasquale,8,4,1,5,3,2,5
Pasquale's,10,4,1,5,4,1,5
Passion,7,4,1,5,4,1,5
Passion's,9,6,0,6,5,0,5
Passions,8,3,1,4,3,1,4
Passover,8,4,0,4,4,0,4
Passover's,10,5,0,5,5,0,5
Passovers,9,4,1,5,3,1,4
Pasternak,9,4,1,5,4,0,4
Pasternak's,11,4,0,4,4,0,4
Pasteur,7,4,1,5,3,0,3
Pasteur's,9,4,0,4,4,0,4
Pat,3,3,2,5,3,1,4
Pat's,5,5,2,7,5,2,7
Patagonia,9,5,3,8,5,3,8
Patagonia's,11,7,2,9,7,2,9
Patagonian,10,3,2,5,3,2,5
Patagonian's,12,4,1,5,3,1,4
Pate,4,4,4,8,4,2,6
Pate's,6,6,7,13,6,5,11
Patel,5,5,6,11,5,6,11
Patel's,7,7,4,11,7,4,11
Paterson,8,4,0,4,4,0,4
Paterson's,10,5,0,5,5,0,5
Patna,5,3,3,6,3,3,6
Patna's,7,5,2,7,5,2,7
Patrica,7,3,3,6,4,2,6
Patrica's,9,5,2,7,6,1,7
Patrice,7,5,2,7,5,0,5
Patrice's,9,7,1,8,7,0,7
Patricia,8,4,2,6,3,2,5
Patricia's,10,3,2,5,8,1,9
Patrick,7,4,3,7,4,5,9
Patrick's,9,6,3,9,6,3,9
Patsy,5,5,2,7,5,2,7
Patsy's,7,6,2,8,6,2,8
Patterson,9,6,0,6,6,0,6
Patterson's,11,7,0,7,7,0,7
Patti,5,4,6,10,3,6,9
Patti's,7,5,4,9,5,4,9
Patton,6,4,3,7,4,3,7
Patton's,8,6,2,8,6,2,8
Patty,5,4,4,8,4,4,8
Patty's,7,6,3,9,6,3,9
Paul,4,4,4,8,4,4,8
Paul's,6,6,3,9,6,3,9
Paula,5,2,6,8,2,6,8
Paula's,7,4,5,9,4,5,9
Paulette,8,3,3,6,5,2,7
Paulette's,10,5,2,7,5,1,6
Pauli,5,3,7,10,2,7,9
Pauli's,7,5,6,11,5,6,11
Pauline,7,4,3,7,5,3,8
Pauline's,9,6,3,9,6,2,8
Pauling,7,7,2,9,7,2,9
Pauling's,9,8,2,10,7,6,13
Pavarotti,9,2,2,4,2,2,4
Pavarotti's,11,4,1,5,3,1,4
Pavlov,6,3,5,8,4,4,8
Pavlov's,8,5,3,8,6,3,9
Pavlova,7,3,4,7,4,3,7
Pavlova's,9,5,3,8,6,2,8
Pavlovian,9,5,2,7,5,2,7
Pavlovian's,11,7,1,8,7,1,8
Pawnee,6,2,1,3,2,1,3
Pawnee's,8,4,1,5,4,2,6
PayPal,6,3,5,8,2,6,8
PayPal's,8,5,4,9,4,5,9
Payne,5,5,2,7,5,3,8
Payne's,7,7,3,10,7,3,10
Pb,2,2,6,8,2,6,8
Pb's,4,4,5,9,4,5,9
Pd,2,2,7,9,2,7,9
Pd's,4,4,6,10,4,6,10
Peabody,7,5,2,7,4,5,9
Peabody's,9,7,1,8,6,4,10
Peace,5,4,3,7,3,6,9
Peace's,7,6,2,8,5,4,9
Peale,5,3,4,7,2,2,4
Peale's,7,5,3,8,4,2,6
Pearl,5,4,3,7,4,3,7
Pearl's,7,6,1,7,6,0,6
Pearlie,7,3,1,4,3,1,4
Pearlie's,9,4,1,5,3,0,3
Pearson,7,4,0,4,4,0,4
Pearson's,9,5,1,6,2,2,4
Peary,5,5,2,7,5,2,7
Peary's,7,5,3,8,6,2,8
Pechora,7,2,3,5,3,3,6
Pechora's,9,4,2,6,5,2,7
Peck,4,4,8,12,4,8,12
Peck's,6,6,5,11,4,5,9
Peckinpah,9,4,1,5,2,3,5
Peckinpah's,11,5,0,5,4,1,5
Pecos,5,3,7,10,5,6,11
Pecos's,7,4,3,7,4,3,7
Pedro,5,3,3,6,3,3,6
Pedro's,7,6,2,8,6,2,8
Peel,4,3,1,4,3,0,3
Peel's,6,5,0,5,5,0,5
Peg,3,3,7,10,3,7,10
Peg's,5,5,3,8,5,2,7
Pegasus,7,4,1,5,4,1,5
Pegasus's,9,2,0,2,2,0,2
Pegasuses,9,2,0,2,2,0,2
Peggy,5,3,8,11,2,8,10
Peggy's,7,4,8,12,4,7,11
Pei,3,2,13,15,3,7,10
Pei's,5,5,6,11,5,3,8
Peiping,7,5,3,8,5,1,6
Peiping's,9,7,2,9,7,1,8
Pekinese,8,4,1,5,4,1,5
Pekinese's,10,5,0,5,5,1,6
Pekineses,9,2,0,2,2,0,2
Peking,6,5,3,8,5,3,8
Peking's,8,5,3,8,5,3,8
Pekingese,9,2,0,2,2,0,2
Pekingese's,11,4,1,5,2,0,2
Pekingeses,10,3,0,3,2,0,2
Pekings,7,5,3,8,5,3,8
Pele,4,3,4,7,3,4,7
Pele's,6,5,3,8,5,4,9
Pelee,5,3,1,4,3,1,4
Pelee's,7,5,0,5,5,0,5
Peloponnese,11,2,2,4,2,1,3
Peloponnese's,13,3,1,4,2,1,3
Pembroke,8,4,3,7,4,3,7
Pembroke's,10,5,2,7,4,2,6
Pena,4,3,4,7,3,7,10
Pena's,6,6,3,9,6,3,9
Penderecki,10,1,1,2,1,1,2
Penderecki's,12,2,0,2,2,0,2
Penelope,8,3,3,6,2,3,5
Penelope's,10,5,1,6,4,1,5
Penn,4,3,3,6,3,3,6
Penn's,6,5,1,6,5,3,8
Penney,6,2,4,6,2,4,6
Penney's,8,4,2,6,4,2,6
Pennington,10,3,2,5,3,2,5
Pennington's,12,4,1,5,4,0,4
Pennsylvania,12,3,0,3,3,0,3
Pennsylvania's,14,3,1,4,3,0,3
Pennsylvanian,13,2,0,2,3,0,3
Pennsylvanian's,15,2,0,2,2,0,2
Pennsylvanians,14,3,1,4,3,0,3
Penny,5,4,4,8,4,3,7
Penny's,7,6,2,8,6,2,8
Pennzoil,8,3,3,6,3,3,6
Pennzoil's,10,5,1,6,4,1,5
Pensacola,9,4,0,4,4,0,4
Pensacola's,11,4,0,4,3,0,3
Pentagon,8,5,2,7,3,3,6
Pentagon's,10,6,0,6,6,1,7
Pentateuch,10,2,2,4,2,2,4
Pentateuch's,12,3,1,4,3,1,4
Pentax,6,3,4,7,3,5,8
Pentax's,8,4,3,7,4,3,7
Pentecost,9,3,0,3,2,1,3
Pentecost's,11,3,1,4,2,1,3
Pentecostal,11,3,0,3,3,0,3
Pentecostal's,13,3,0,3,3,0,3
Pentecostals,12,2,2,4,2,0,2
Pentecosts,10,3,1,4,3,0,3
Pentium,7,3,1,4,5,2,7
Pentium's,9,5,1,6,6,3,9
Peoria,6,3,1,4,3,1,4
Peoria's,8,5,3,8,5,3,8
Pepin,5,3,5,8,4,6,10
Pepin's,7,5,5,10,6,4,10
Pepsi,5,3,3,6,3,3,6
Pepsi's,7,3,3,6,4,2,6
Pepys,5,2,9,11,3,6,9
Pepys's,7,4,3,7,4,3,7
Pequot,6,4,4,8,2,6,8
Pequot's,8,4,4,8,4,4,8
Percheron,9,3,2,5,3,2,5
Percheron's,11,4,0,4,4,0,4
Percival,8,6,1,7,6,1,7
Percival's,10,8,0,8,8,0,8
Percy,5,5,3,8,5,2,7
Percy's,7,7,2,9,7,1,8
Perelman,8,4,2,6,4,2,6
Perelman's,10,5,0,5,5,0,5
Perez,5,3,2,5,3,2,5
Perez's,7,5,1,6,5,1,6
Periclean,9,4,1,5,4,1,5
Periclean's,11,5,0,5,4,0,4
Pericles,8,4,0,4,4,0,4
Pericles's,10,3,0,3,4,0,4
Perkins,7,7,1,8,7,1,8
Perkins's,9,5,0,5,5,0,5
Perl,4,3,3,6,3,3,6
Perl's,6,5,2,7,4,2,6
Perm,4,4,5,9,4,4,8
Perm's,6,6,4,10,6,4,10
Permalloy,9,4,2,6,3,2,5
Permalloy's,11,6,1,7,4,1,5
Permian,7,4,2,6,4,2,6
Permian's,9,6,0,6,7,1,8
Pernod,6,4,3,7,3,3,6
Pernod's,8,6,2,8,5,0,5
Peron,5,5,5,10,5,5,10
Peron's,7,7,4,11,7,4,11
Perot,5,4,6,10,4,6,10
Perot's,7,6,5,11,6,5,11
Perrier,7,4,2,6,4,2,6
Perrier's,9,6,0,6,6,0,6
Perry,5,4,7,11,4,6,10
Perry's,7,6,6,12,6,5,11
Perseid,7,3,1,4,3,1,4
Perseid's,9,2,0,2,2,0,2
Persephone,10,2,0,2,2,0,2
Persephone's,12,3,0,3,3,0,3
Persepolis,10,4,0,4,3,0,3
Persepolis's,12,2,0,2,2,0,2
Perseus,7,3,2,5,4,1,5
Perseus's,9,2,0,2,2,0,2
Pershing,8,6,1,7,6,1,7
Pershing's,10,3,0,3,3,0,3
Persia,6,4,1,5,4,1,5
Persia's,8,5,1,6,4,1,5
Persian,7,6,0,6,6,0,6
Persian's,9,7,0,7,7,0,7
Persians,8,6,0,6,6,0,6
Perth,5,5,3,8,5,2,7
Perth's,7,7,2,9,7,1,8
Peru,4,4,6,10,4,5,9
Peru's,6,6,5,11,6,5,11
Peruvian,8,3,2,5,3,2,5
Peruvian's,10,6,0,6,6,0,6
Peruvians,9,4,2,6,4,2,6
Peshawar,8,3,2,5,3,2,5
Peshawar's,10,3,2,5,4,0,4
Pete,4,2,5,7,2,5,7
Pete's,6,4,4,8,4,5,9
Peter,5,4,1,5,4,1,5
Peter's,7,5,3,8,5,3,8
Peters,6,5,0,5,5,0,5
Peters's,8,4,1,5,4,2,6
Petersen,8,2,1,3,2,1,3
Petersen's,10,4,0,4,3,1,4
Peterson,8,3,0,3,3,0,3
Peterson's,10,4,0,4,3,0,3
Petra,5,3,3,6,3,2,5
Petra's,7,5,2,7,5,1,6
Petrarch,8,2,4,6,3,2,5
Petrarch's,10,6,1,7,4,0,4
Petty,5,4,5,9,4,4,8
Petty's,7,6,6,12,6,5,11
Peugeot,7,3,3,6,3,3,6
Peugeot's,9,4,2,6,4,2,6
Pfizer,6,4,4,8,4,4,8
Pfizer's,8,6,3,9,6,3,9
Phaedra,7,2,1,3,2,1,3
Phaedra's,9,3,0,3,3,0,3
Phaethon,8,3,1,4,3,1,4
Phaethon's,10,4,0,4,3,0,3
Phanerozoic,11,2,1,3,3,1,4
Phanerozoic's,13,3,1,4,4,0,4
Pharaoh,7,2,3,5,2,2,4
Pharaoh's,9,5,1,6,5,1,6
Pharaohs,8,3,1,4,3,1,4
Pharisee,8,2,0,2,2,0,2
Pharisee's,10,2,0,2,2,0,2
Pharisees,9,2,1,3,2,0,2
Phekda,6,2,4,6,2,4,6
Phekda's,8,4,3,7,3,3,6
Phelps,6,5,3,8,4,3,7
Phelps's,8,4,1,5,5,0,5
Phidias,7,3,2,5,3,1,4
Phidias's,9,3,1,4,3,1,4
Philadelphia,12,2,1,3,2,1,3
Philadelphia's,14,3,1,4,3,0,3
Philby,6,3,5,8,3,5,8
Philby's,8,7,3,10,6,3,9
Philip,6,3,4,7,1,5,6
Philip's,8,3,5,8,4,4,8
Philippe,8,2,3,5,2,3,5
Philippe's,10,4,1,5,3,3,6
Philippians,11,2,3,5,3,1,4
Philippians's,13,3,0,3,6,0,6
Philippine,10,2,2,4,2,2,4
Philippine's,12,4,1,5,4,0,4
Philippines,11,4,0,4,4,0,4
Philippines's,13,3,0,3,6,0,6
Philips,7,3,4,7,3,4,7
Philips's,9,3,1,4,3,1,4
Philistine,10,4,0,4,5,0,5
Philistine's,12,6,0,6,3,1,4
Phillip,7,2,3,5,2,4,6
Phillip's,9,2,4,6,2,4,6
Phillipa,8,1,4,5,1,4,5
Phillipa's,10,3,2,5,5,1,6
Phillips,8,4,4,8,5,3,8
Phillips's,10,3,1,4,3,1,4
Philly,6,5,4,9,5,4,9
Philly's,8,7,3,10,6,3,9
Phipps,6,4,8,12,4,6,10
Phipps's,8,3,4,7,4,2,6
Phobos,6,5,3,8,5,3,8
Phobos's,8,3,4,7,4,4,8
Phoebe,6,2,2,4,2,2,4
Phoebe's,8,4,1,5,5,1,6
Phoenicia,9,3,1,4,3,1,4
Phoenicia's,11,5,0,5,4,1,5
Phoenix,7,2,2,4,3,2,5
Phoenix's,9,3,1,4,3,1,4
Photostat,9,3,2,5,3,2,5
Photostat's,11,3,2,5,3,2,5
Photostats,10,3,2,5,3,1,4
Photostatted,12,3,0,3,3,0,3
Photostatting,13,4,0,4,4,0,4
Phrygia,7,3,2,5,3,3,6
Phrygia's,9,4,2,6,4,2,6
Phyllis,7,2,4,6,2,3,5
Phyllis's,9,3,3,6,2,4,6
Piaf,4,3,6,9,2,9,11
Piaf's,6,5,5,10,4,7,11
Piaget,6,3,6,9,3,6,9
Piaget's,8,6,5,11,5,4,9
Pianola,7,2,2,4,2,3,5
Pianola's,9,4,2,6,4,2,6
Picasso,7,3,0,3,3,1,4
Picasso's,9,4,0,4,3,0,3
Piccadilly,10,2,2,4,2,2,4
Piccadilly's,12,4,1,5,3,1,4
Pickering,9,7,1,8,7,2,9
Pickering's,11,6,0,6,4,1,5
Pickett,7,3,4,7,3,4,7
Pickett's,9,8,3,11,8,3,11
Pickford,8,5,3,8,3,5,8
Pickford's,10,6,2,8,6,3,9
Pickwick,8,2,4,6,2,4,6
Pickwick's,10,3,4,7,3,4,7
Pict,4,3,7,10,3,7,10
Pict's,6,5,6,11,5,6,11
Piedmont,8,5,1,6,5,1,6
Piedmont's,10,6,1,7,6,1,7
Pierce,6,5,0,5,5,0,5
Pierce's,8,6,1,7,6,1,7
Pierre,6,2,0,2,2,0,2
Pierre's,8,3,0,3,3,0,3
Pierrot,7,3,1,4,3,1,4
Pierrot's,9,4,0,4,4,0,4
Pigmies,7,5,1,6,5,1,6
Pigmy,5,4,7,11,4,8,12
Pigmy's,7,5,5,10,5,5,10
Pike,4,4,7,11,4,7,11
Pike's,6,6,6,12,6,5,11
Pilate,6,6,0,6,6,0,6
Pilate's,8,5,0,5,6,1,7
Pilates,7,7,0,7,7,0,7
Pilates's,9,4,1,5,4,1,5
Pilcomayo,9,3,2,5,3,2,5
Pilcomayo's,11,4,3,7,5,2,7
Pilgrim,7,3,3,6,3,3,6
Pilgrim's,9,5,3,8,5,3,8
Pillsbury,9,6,2,8,3,2,5
Pillsbury's,11,7,2,9,4,2,6
Pinatubo,8,4,2,6,3,3,6
Pinatubo's,10,5,1,6,4,2,6
Pincus,6,4,7,11,4,7,11
Pincus's,8,4,2,6,5,2,7
Pindar,6,3,5,8,3,5,8
Pindar's,8,5,4,9,5,4,9
Pinkerton,9,4,1,5,3,1,4
Pinkerton's,11,6,0,6,4,1,5
Pinocchio,9,3,2,5,3,2,5
Pinocchio's,11,3,2,5,3,2,5
Pinochet,8,3,3,6,3,3,6
Pinochet's,10,4,1,5,4,1,5
Pinter,6,6,3,9,6,1,7
Pinter's,8,8,2,10,8,2,10
Pippin,6,3,3,6,2,4,6
Pippin's,8,5,4,9,4,4,8
Piraeus,7,4,1,5,4,1,5
Piraeus's,9,5,0,5,5,0,5
Pirandello,10,4,1,5,4,1,5
Pirandello's,12,6,0,6,4,0,4
Pisa,4,4,6,10,4,6,10
Pisa's,6,4,5,9,4,5,9
Pisces,6,3,4,7,3,4,7
Pisces's,8,4,1,5,4,1,5
Pisistratus,11,2,0,2,2,0,2
Pisistratus's,13,1,0,1,1,0,1
Pissaro,7,2,1,3,2,1,3
Pissaro's,9,3,1,4,3,3,6
Pitcairn,8,3,2,5,3,2,5
Pitcairn's,10,5,2,7,4,2,6
Pitt,4,3,7,10,3,6,9
Pitt's,6,5,5,10,5,5,10
Pittman,7,4,4,8,3,5,8
Pittman's,9,6,2,8,6,4,10
Pitts,5,4,8,12,4,6,10
Pitts's,7,3,7,10,4,6,10
Pittsburgh,10,2,1,3,2,1,3
Pittsburgh's,12,2,1,3,2,1,3
Pius,4,4,3,7,4,3,7
Pius's,6,4,2,6,4,2,6
Pizarro,7,3,2,5,3,2,5
Pizarro's,9,5,1,6,4,1,5
Planck,6,5,3,8,5,3,8
Planck's,8,6,2,8,6,3,9
Plantagenet,11,2,2,4,2,1,3
Plantagenet's,13,3,0,3,3,0,3
Plasticine,10,4,1,5,4,0,4
Plasticine's,12,2,1,3,2,1,3
Plataea,7,4,4,8,3,4,7
Plataea's,9,5,1,6,4,2,6
Plath,5,5,4,9,5,4,9
Plath's,7,7,3,10,7,3,10
Plato,5,4,5,9,4,5,9
Plato's,7,6,4,10,6,4,10
Platonic,8,3,2,5,3,2,5
Platonism,9,6,1,7,4,1,5
Platonism's,11,6,0,6,4,1,5
Platonist,9,6,1,7,5,1,6
Platonist's,11,5,0,5,5,1,6
Platte,6,3,4,7,5,2,7
Platte's,8,6,3,9,5,3,8
Plautus,7,4,3,7,4,3,7
Plautus's,9,5,2,7,3,2,5
PlayStation,11,4,1,5,4,1,5
PlayStation's,13,6,0,6,4,1,5
Playboy,7,3,4,7,3,4,7
Playboy's,9,5,3,8,6,2,8
Playtex,7,4,4,8,3,4,7
Playtex's,9,6,1,7,5,2,7
Pleiades,8,3,2,5,3,3,6
Pleiades's,10,3,0,3,4,0,4
Pleistocene,11,2,0,2,2,0,2
Pleistocene's,13,4,0,4,2,0,2
Plexiglas,9,4,2,6,4,2,6
Plexiglas's,11,6,0,6,4,0,4
Plexiglases,11,6,0,6,4,0,4
Pliny,5,4,7,11,4,7,11
Pliny's,7,6,6,12,6,6,12
Pliocene,8,4,1,5,4,1,5
Pliocene's,10,6,1,7,4,1,5
Plutarch,8,3,4,7,2,3,5
Plutarch's,10,4,3,7,3,3,6
Pluto,5,2,5,7,2,5,7
Pluto's,7,4,4,8,4,4,8
Plymouth,8,2,4,6,2,4,6
Plymouth's,10,3,3,6,3,3,6
Po,2,2,3,5,2,3,5
Po's,4,4,5,9,4,5,9
Pocahontas,10,2,1,3,2,1,3
Pocahontas's,12,2,2,4,2,2,4
Pocono,6,2,4,6,2,4,6
Pocono's,8,3,2,5,3,2,5
Poconos,7,3,3,6,3,2,5
Poconos's,9,4,3,7,3,3,6
Podgorica,9,2,3,5,2,3,5
Podgorica's,11,3,1,4,3,1,4
Podhoretz,9,3,3,6,3,2,5
Podhoretz's,11,5,2,7,4,1,5
Podunk,6,4,4,8,4,4,8
Podunk's,8,5,3,8,5,3,8
Poe,3,3,5,8,3,5,8
Poe's,5,5,4,9,5,4,9
Pogo,4,2,6,8,2,7,9
Pogo's,6,4,5,9,4,6,10
Poincaré,8,3,2,5,3,4,7
Poincaré's,10,7,1,8,7,2,9
Poiret,6,2,3,5,5,2,7
Poiret's,8,4,1,5,4,1,5
Poirot,6,2,4,6,2,4,6
Poirot's,8,4,4,8,6,3,9
Poisson,7,2,1,3,2,1,3
Poisson's,9,5,0,5,2,1,3
Poitier,7,4,1,5,4,1,5
Poitier's,9,5,1,6,6,1,7
Pokémon,7,4,4,8,4,5,9
Pokémon's,9,6,3,9,6,3,9
Poland,6,3,4,7,6,3,9
Poland's,8,5,3,8,6,2,8
Polanski,8,2,1,3,2,1,3
Polanski's,10,3,1,4,2,1,3
Polaris,7,4,3,7,3,2,5
Polaris's,9,5,1,6,4,2,6
Polaroid,8,3,2,5,3,2,5
Polaroid's,10,4,1,5,4,1,5
Polaroids,9,4,1,5,4,2,6
Pole,4,4,3,7,4,3,7
Pole's,6,6,2,8,6,2,8
Poles,5,5,2,7,5,2,7
Polish,6,5,3,8,5,3,8
Polish's,8,5,3,8,5,3,8
Politburo,9,2,3,5,2,3,5
Politburo's,11,3,2,5,3,2,5
Polk,4,4,7,11,4,6,10
Polk's,6,6,6,12,6,5,11
Pollard,7,5,4,9,4,3,7
Pollard's,9,7,3,10,6,2,8
Pollock,7,2,4,6,2,4,6
Pollock's,9,4,2,6,4,2,6
Pollux,6,4,4,8,4,4,8
Pollux's,8,5,3,8,5,3,8
Polly,5,4,6,10,4,6,10
Polly's,7,6,5,11,6,6,12
Pollyanna,9,1,3,4,1,3,4
Pollyanna's,11,2,2,4,3,1,4
Polo,4,3,2,5,3,2,5
Polo's,6,5,4,9,5,5,10
Poltava,7,3,4,7,3,3,6
Poltava's,9,3,3,6,3,3,6
Polyhymnia,10,3,3,6,2,2,4
Polyhymnia's,12,3,1,4,3,1,4
Polynesia,9,4,0,4,4,0,4
Polynesia's,11,3,0,3,4,0,4
Polynesian,10,4,0,4,3,0,3
Polynesian's,12,5,0,5,3,0,3
Polynesians,11,3,0,3,4,0,4
Polyphemus,10,3,3,6,3,3,6
Polyphemus's,12,2,1,3,2,1,3
Pomerania,9,3,1,4,3,1,4
Pomerania's,11,5,0,5,4,0,4
Pomeranian,10,2,1,3,2,1,3
Pomeranian's,12,3,0,3,3,0,3
Pomona,6,3,3,6,4,4,8
Pomona's,8,5,2,7,6,3,9
Pompadour,9,3,3,6,3,3,6
Pompadour's,11,4,1,5,4,1,5
Pompeii,7,2,4,6,2,4,6
Pompeii's,9,4,4,8,4,4,8
Pompey,6,3,7,10,3,7,10
Pompey's,8,5,5,10,5,5,10
Ponce,5,4,5,9,3,6,9
Ponce's,7,6,4,10,5,5,10
Pontchartrain,13,2,1,3,2,1,3
Pontchartrain's,15,2,0,2,3,0,3
Pontiac,7,3,2,5,3,3,6
Pontiac's,9,5,1,6,6,1,7
Pontianak,9,2,2,4,2,2,4
Pontianak's,11,7,1,8,3,2,5
Pooh,4,3,6,9,3,5,8
Pooh's,6,4,7,11,5,6,11
Poole,5,2,5,7,2,5,7
Poole's,7,5,3,8,5,2,7
Poona,5,2,3,5,2,3,5
Poona's,7,4,2,6,3,3,6
Pope,4,3,4,7,3,4,7
Pope's,6,5,4,9,5,3,8
Popeye,6,2,3,5,2,2,4
Popeye's,8,4,2,6,4,3,7
Popocatepetl,12,2,2,4,2,2,4
Popocatepetl's,14,3,0,3,3,1,4
Popper,6,4,3,7,4,4,8
Popper's,8,6,2,8,6,2,8
Poppins,7,5,5,10,5,5,10
Poppins's,9,6,2,8,5,2,7
Popsicle,8,4,0,4,4,0,4
Popsicle's,10,5,0,5,5,1,6
Porfirio,8,2,2,4,2,2,4
Porfirio's,10,4,2,6,4,3,7
Porrima,7,4,3,7,3,3,6
Porrima's,9,4,2,6,4,2,6
Porsche,7,5,0,5,4,3,7
Porsche's,9,6,0,6,4,0,4
Porter,6,5,2,7,5,2,7
Porter's,8,6,2,8,6,2,8
Portia,6,4,3,7,4,3,7
Portia's,8,6,2,8,6,2,8
Portland,8,7,4,11,7,4,11
Portland's,10,9,2,11,9,2,11
Portsmouth,10,2,2,4,2,2,4
Portsmouth's,12,2,2,4,2,2,4
Portugal,8,6,3,9,3,4,7
Portugal's,10,6,2,8,5,1,6
Portuguese,10,3,0,3,3,0,3
Portuguese's,12,3,1,4,3,1,4
Poseidon,8,3,1,4,3,1,4
Poseidon's,10,3,0,3,3,0,3
Post,4,4,2,6,4,2,6
Post's,6,5,4,9,5,4,9
Potemkin,8,3,2,5,3,2,5
Potemkin's,10,5,1,6,6,1,7
Potomac,7,4,3,7,4,2,6
Potomac's,9,6,2,8,6,1,7
Potsdam,7,3,2,5,3,2,5
Potsdam's,9,4,2,6,3,2,5
Pottawatomie,12,2,1,3,2,1,3
Pottawatomie's,14,2,0,2,3,0,3
Potter,6,5,3,8,5,3,8
Potter's,8,7,2,9,6,2,8
Potts,5,3,7,10,3,7,10
Potts's,7,3,6,9,3,6,9
Pound,5,5,4,9,5,4,9
Pound's,7,7,3,10,7,2,9
Poussin,7,2,1,3,2,1,3
Poussin's,9,4,1,5,2,1,3
Powell,6,4,5,9,4,4,8
Powell's,8,6,3,9,6,3,9
PowerPC,7,3,3,6,3,4,7
PowerPC's,9,6,2,8,7,2,9
PowerPoint,10,4,2,6,4,2,6
PowerPoint's,12,6,1,7,4,1,5
Powers,6,6,2,8,6,2,8
Powers's,8,6,1,7,6,1,7
Powhatan,8,4,3,7,2,3,5
Powhatan's,10,4,1,5,4,1,5
Poznan,6,3,2,5,3,2,5
Poznan's,8,5,1,6,5,1,6
Prada,5,4,2,6,2,3,5
Prada's,7,6,1,7,4,2,6
Prado,5,3,6,9,3,7,10
Prado's,7,5,4,9,5,5,10
Praetorian,10,2,1,3,2,1,3
Praetorian's,12,3,0,3,3,0,3
Prague,6,4,2,6,4,3,7
Prague's,8,5,4,9,7,0,7
Praia,5,3,3,6,2,6,8
Praia's,7,5,2,7,4,5,9
Prakrit,7,5,4,9,3,3,6
Prakrit's,9,5,1,6,4,4,8
Pratchett,9,3,2,5,3,2,5
Pratchett's,11,5,1,6,4,1,5
Pratt,5,3,3,6,3,2,5
Pratt's,7,5,1,6,5,1,6
Pravda,6,2,4,6,2,4,6
Pravda's,8,4,3,7,4,3,7
Praxiteles,10,4,0,4,4,0,4
Praxiteles's,12,3,1,4,4,0,4
Preakness,9,6,0,6,6,0,6
Preakness's,11,7,0,7,7,0,7
Precambrian,11,3,1,4,3,2,5
Precambrian's,13,3,1,4,5,0,5
Preminger,9,3,1,4,3,1,4
Preminger's,11,5,0,5,4,0,4
Premyslid,9,3,0,3,3,0,3
Premyslid's,11,3,0,3,3,0,3
Prensa,6,3,0,3,3,0,3
Prensa's,8,5,1,6,4,1,5
Prentice,8,3,1,4,3,1,4
Prentice's,10,5,2,7,5,2,7
Presbyterian,12,4,0,4,4,0,4
Presbyterian's,14,4,0,4,3,0,3
Presbyterianism,15,2,0,2,3,0,3
Presbyterianism's,17,2,0,2,3,0,3
Presbyterians,13,2,1,3,2,1,3
Prescott,8,3,0,3,3,0,3
Prescott's,10,4,0,4,3,0,3
President,9,7,0,7,5,1,6
President's,11,3,0,3,3,0,3
Presidents,10,3,0,3,3,0,3
Presley,7,3,2,5,3,2,5
Presley's,9,5,1,6,4,2,6
Preston,7,3,1,4,3,1,4
Preston's,9,4,0,4,4,1,5
Pretoria,8,4,1,5,4,1,5
Pretoria's,10,4,0,4,4,0,4
Priam,5,4,5,9,4,5,9
Priam's,7,6,4,10,6,4,10
Pribilof,8,2,2,4,3,2,5
Pribilof's,10,5,2,7,4,2,6
Price,5,5,3,8,5,3,8
Price's,7,7,1,8,7,1,8
Priestley,9,3,0,3,3,0,3
Priestley's,11,3,0,3,3,0,3
Prince,6,4,1,5,4,0,4
Prince's,8,6,1,7,6,2,8
Princeton,9,3,1,4,3,2,5
Princeton's,11,5,1,6,4,1,5
Principe,8,4,2,6,4,2,6
Principe's,10,5,0,5,3,2,5
Priscilla,9,2,1,3,2,1,3
Priscilla's,11,3,2,5,2,2,4
Prius,5,4,5,9,4,5,9
Prius's,7,4,2,6,4,2,6
Procrustean,11,3,0,3,3,0,3
Procrustean's,13,3,0,3,3,0,3
Procrustes,10,2,2,4,2,2,4
Procrustes's,12,3,0,3,1,1,2
Procter,7,5,2,7,5,3,8
Procter's,9,6,1,7,6,1,7
Procyon,7,3,4,7,3,4,7
Procyon's,9,5,2,7,5,2,7
Prohibition,11,4,1,5,3,2,5
Prokofiev,9,3,2,5,3,2,5
Prokofiev's,11,5,0,5,4,0,4
Promethean,10,3,1,4,2,1,3
Promethean's,12,5,0,5,5,0,5
Prometheus,10,3,1,4,5,0,5
Prometheus's,12,2,1,3,2,1,3
Proserpine,10,3,0,3,3,0,3
Proserpine's,12,3,0,3,3,0,3
Protagoras,10,3,1,4,3,1,4
Protagoras's,12,2,2,4,3,2,5
Proterozoic,11,2,2,4,2,2,4
Proterozoic's,13,3,0,3,3,1,4
Protestant,10,3,0,3,4,0,4
Protestant's,12,4,0,4,3,0,3
Protestantism,13,1,0,1,1,0,1
Protestantism's,15,1,0,1,1,0,1
Protestantisms,14,2,0,2,2,0,2
Protestants,11,5,0,5,4,0,4
Proteus,7,4,1,5,4,1,5
Proteus's,9,5,0,5,5,0,5
Proudhon,8,2,4,6,2,4,6
Proudhon's,10,4,2,6,4,2,6
Proust,6,3,3,6,3,3,6
Proust's,8,5,3,8,3,3,6
Provencals,10,5,0,5,5,0,5
Provence,8,5,2,7,5,2,7
Provence's,10,7,1,8,4,1,5
Provençal,9,3,2,5,3,2,5
Provençal's,11,5,0,5,4,0,4
Proverbs,8,3,4,7,3,4,7
Providence,10,4,1,5,4,1,5
Providence's,12,6,0,6,6,0,6
Providences,11,5,0,5,5,0,5
Provo,5,4,3,7,4,3,7
Provo's,7,6,2,8,6,2,8
Prozac,6,4,3,7,4,3,7
Prozac's,8,6,2,8,6,2,8
Prudence,8,6,1,7,6,1,7
Prudence's,10,8,0,8,5,0,5
Prudential,10,5,1,6,3,1,4
Prudential's,12,6,0,6,4,1,5
Pruitt,6,2,5,7,2,5,7
Pruitt's,8,5,3,8,4,3,7
Prussia,7,2,2,4,2,2,4
Prussia's,9,4,2,6,2,2,4
Prussian,8,3,1,4,4,1,5
Prussian's,10,5,0,5,2,2,4
Prut,4,2,8,10,2,8,10
Prut's,6,5,6,11,4,7,11
Pryor,5,2,4,6,4,3,7
Pryor's,7,4,3,7,6,2,8
Psalms,6,3,1,4,3,1,4
Psalms's,8,2,1,3,1,1,2
Psalter,7,2,0,2,3,0,3
Psalter's,9,2,0,2,2,0,2
Psalters,8,2,1,3,3,0,3
Psyche,6,4,4,8,4,4,8
Psyche's,8,4,1,5,4,1,5
Pt,2,2,8,10,2,8,10
Pt's,4,4,7,11,4,7,11
Ptah,4,4,4,8,4,4,8
Ptah's,6,6,3,9,6,3,9
Ptolemaic,9,2,2,4,3,3,6
Ptolemaic's,11,5,1,6,4,2,6
Ptolemies,9,5,1,6,4,1,5
Ptolemy,7,2,5,7,2,5,7
Ptolemy's,9,4,3,7,4,3,7
Pu,2,2,6,8,2,6,8
Pu's,4,3,9,12,4,8,12
Puccini,7,3,3,6,2,3,5
Puccini's,9,2,3,5,2,3,5
Puck,4,4,9,13,4,10,14
Puck's,6,6,6,12,6,9,15
Puckett,7,1,6,7,2,5,7
Puckett's,9,7,4,11,7,4,11
Puebla,6,3,2,5,3,2,5
Puebla's,8,5,1,6,4,1,5
Pueblo,6,3,4,7,3,4,7
Pueblo's,8,5,2,7,5,2,7
Puerto,6,3,2,5,3,1,4
Puget,5,2,8,10,2,8,10
Puget's,7,4,6,10,4,6,10
Pugh,4,3,10,13,2,11,13
Pugh's,6,4,9,13,4,10,14
Pulaski,7,3,1,4,2,2,4
Pulaski's,9,3,1,4,4,1,5
Pulitzer,8,6,2,8,6,1,7
Pulitzer's,10,7,0,7,7,1,8
Pullman,7,4,5,9,3,5,8
Pullman's,9,5,4,9,6,3,9
Pullmans,8,4,4,8,4,4,8
Punch,5,5,7,12,5,7,12
Punch's,7,7,5,12,7,5,12
Punic,5,5,4,9,5,4,9
Punic's,7,7,3,10,7,3,10
Punjab,6,4,4,8,4,4,8
Punjab's,8,6,3,9,6,3,9
Punjabi,7,4,2,6,2,5,7
Punjabi's,9,4,4,8,4,4,8
Purana,6,3,4,7,3,4,7
Purana's,8,5,3,8,5,3,8
Purcell,7,3,4,7,4,3,7
Purcell's,9,5,2,7,6,2,8
Purdue,6,5,3,8,5,3,8
Purdue's,8,4,4,8,5,2,7
Purim,5,4,5,9,3,6,9
Purim's,7,5,4,9,5,4,9
Purims,6,4,4,8,4,4,8
Purina,6,2,3,5,2,3,5
Purina's,8,4,2,6,7,2,9
Puritan,7,4,3,7,2,4,6
Puritan's,9,5,2,7,4,2,6
Puritanism,10,5,0,5,4,0,4
Puritanism's,12,5,0,5,4,0,4
Puritanisms,11,3,0,3,3,0,3
Purus,5,3,4,7,4,5,9
Purus's,7,4,2,6,4,2,6
Pusan,5,3,1,4,3,1,4
Pusan's,7,4,1,5,3,2,5
Pusey,5,3,4,7,3,4,7
Pusey's,7,4,3,7,4,3,7
Pushkin,7,4,1,5,4,2,6
Pushkin's,9,5,2,7,5,2,7
Pushtu,6,2,4,6,2,4,6
Pushtu's,8,2,4,6,2,4,6
Putin,5,3,6,9,4,5,9
Putin's,7,6,3,9,6,3,9
Putnam,6,3,3,6,3,3,6
Putnam's,8,5,2,7,5,2,7
Puzo,4,3,5,8,3,5,8
Puzo's,6,4,5,9,4,5,9
Pygmalion,9,4,2,6,4,2,6
Pygmalion's,11,6,1,7,4,1,5
Pygmies,7,3,3,6,3,3,6
Pygmy,5,1,6,7,1,6,7
Pygmy's,7,3,5,8,2,5,7
Pyle,4,3,5,8,3,5,8
Pyle's,6,5,5,10,5,5,10
Pym,3,3,6,9,3,6,9
Pym's,5,5,5,10,5,5,10
Pynchon,7,2,5,7,2,5,7
Pynchon's,9,4,4,8,3,4,7
Pyongyang,9,2,3,5,2,3,5
Pyongyang's,11,4,2,6,4,3,7
Pyotr,5,3,3,6,3,3,6
Pyotr's,7,5,2,7,5,2,7
Pyrenees,8,2,0,2,2,0,2
Pyrenees's,10,2,1,3,2,0,2
Pyrex,5,3,4,7,3,4,7
Pyrex's,7,5,3,8,5,3,8
Pyrexes,7,4,2,6,2,3,5
Pyrrhic,7,2,4,6,2,4,6
Pyrrhic's,9,3,4,7,3,4,7
Pythagoras,10,3,1,4,3,1,4
Pythagoras's,12,4,2,6,3,2,5
Pythagorean,11,2,2,4,2,1,3
Pythagorean's,13,3,0,3,3,0,3
Pythias,7,5,2,7,5,1,6
Pythias's,9,5,3,8,4,2,6
Python,6,3,5,8,2,5,7
Python's,8,5,4,9,6,2,8
Pétain,6,3,5,8,3,4,7
Pétain's,8,6,3,9,5,3,8
Pôrto,5,2,5,7,2,5,7
Pôrto's,7,4,4,8,4,5,9
Q,1,1,16,17,1,16,17
Qaddafi,7,3,3,6,2,5,7
Qaddafi's,9,5,4,9,4,4,8
Qantas,6,4,3,7,4,4,8
Qantas's,8,5,2,7,5,3,8
Qatar,5,3,4,7,3,3,6
Qatar's,7,5,3,8,5,1,6
Qingdao,7,4,3,7,2,2,4
Qingdao's,9,6,1,7,3,1,4
Qiqihar,7,2,4,6,3,4,7
Qiqihar's,9,4,4,8,3,3,6
Qom,3,2,12,14,2,12,14
Qom's,5,4,11,15,4,11,15
Quaalude,8,2,1,3,2,1,3
Quaalude's,10,4,1,5,3,0,3
Quaker,6,6,3,9,6,3,9
Quaker's,8,8,1,9,8,1,9
Quakers,7,7,1,8,7,3,10
Quaoar,6,3,3,6,3,3,6
Quaoar's,8,4,2,6,4,2,6
Quasimodo,9,4,1,5,3,1,4
Quasimodo's,11,3,1,4,2,1,3
Quaternary,10,3,1,4,3,1,4
Quaternary's,12,5,0,5,4,0,4
Quayle,6,4,3,7,4,3,7
Quayle's,8,5,2,7,5,8,13
Quebec,6,2,4,6,1,5,6
Quebec's,8,4,2,6,4,2,6
Quechua,7,2,4,6,2,4,6
Quechua's,9,4,2,6,3,2,5
Queen,5,2,3,5,2,3,5
Queen's,7,4,2,6,4,3,7
Queens,6,3,2,5,3,2,5
Queens's,8,4,0,4,4,0,4
Queensland,10,3,0,3,2,1,3
Queensland's,12,3,0,3,2,1,3
Quentin,7,3,3,6,3,3,6
Quentin's,9,5,2,7,4,1,5
Quetzalcoatl,12,3,2,5,2,2,4
Quetzalcoatl's,14,3,0,3,3,1,4
Quezon,6,2,3,5,2,3,5
Quezon's,8,5,2,7,5,2,7
Quincy,6,3,6,9,2,6,8
Quincy's,8,5,4,9,5,4,9
Quinn,5,3,7,10,3,7,10
Quinn's,7,4,7,11,5,6,11
Quintilian,10,2,2,4,2,2,4
Quintilian's,12,4,1,5,4,1,5
Quinton,7,3,4,7,3,4,7
Quinton's,9,6,3,9,5,3,8
Quirinal,8,4,2,6,2,2,4
Quirinal's,10,6,1,7,4,2,6
Quisling,8,5,3,8,4,4,8
Quisling's,10,3,2,5,4,2,6
Quito,5,3,4,7,3,4,7
Quito's,7,5,3,8,5,3,8
Quixote,7,3,3,6,4,2,6
Quixote's,9,5,2,7,5,2,7
Quixotism,9,3,1,4,3,1,4
Quixotism's,11,4,0,4,3,1,4
Qumran,6,4,3,7,4,3,7
Qumran's,8,6,2,8,6,2,8
Quonset,7,3,2,5,3,2,5
Quonset's,9,5,1,6,5,2,7
Qur'an,6,4,4,8,4,4,8
Quran,5,4,5,9,4,5,9
Québecois,9,3,2,5,4,3,7
Québecois's,11,3,1,4,3,1,4
R,1,1,17,18,1,17,18
R's,3,3,17,20,3,17,20
RCA,3,2,4,6,2,4,6
RCA's,5,3,2,5,3,2,5
Ra,2,2,5,7,2,5,7
Ra's,4,4,3,7,3,10,13
Rabat,5,3,3,6,3,3,6
Rabat's,7,5,1,6,5,1,6
Rabelais,8,5,1,6,4,1,5
Rabelais's,10,3,2,5,4,0,4
Rabelaisian,11,4,0,4,4,0,4
Rabelaisian's,13,4,0,4,4,0,4
Rabin,5,4,4,8,4,4,8
Rabin's,7,5,2,7,5,2,7
Rachael,7,6,2,8,6,2,8
Rachael's,9,8,0,8,8,0,8
Rachel,6,5,2,7,5,2,7
Rachel's,8,7,0,7,7,0,7
Rachelle,8,6,2,8,6,3,9
Rachelle's,10,8,0,8,8,0,8
Rachmaninoff,12,3,2,5,3,2,5
Rachmaninoff's,14,3,2,5,3,1,4
Racine,6,6,0,6,6,1,7
Racine's,8,8,0,8,8,0,8
Radcliffe,9,4,1,5,4,1,5
Radcliffe's,11,6,0,6,4,0,4
Rae,3,2,8,10,3,7,10
Rae's,5,4,2,6,4,2,6
Rafael,6,4,2,6,4,2,6
Rafael's,8,6,0,6,6,0,6
Raffles,7,6,3,9,6,5,11
Raffles's,9,5,0,5,5,1,6
Ragnarök,8,3,3,6,2,3,5
Ragnarök's,10,3,1,4,3,1,4
Rainier,7,3,1,4,3,1,4
Rainier's,9,6,0,6,6,0,6
Raleigh,7,4,1,5,4,1,5
Raleigh's,9,6,0,6,5,1,6
Ralph,5,4,7,11,4,7,11
Ralph's,7,5,3,8,5,2,7
Rama,4,3,0,3,3,1,4
Rama's,6,5,1,6,5,1,6
Ramada,6,3,2,5,3,2,5
Ramada's,8,5,1,6,5,1,6
Ramadan,7,2,4,6,2,3,5
Ramadan's,9,4,2,6,4,2,6
Ramadans,8,3,2,5,3,3,6
Ramakrishna,11,5,1,6,3,1,4
Ramakrishna's,13,2,1,3,2,1,3
Ramanujan,9,1,3,4,1,3,4
Ramanujan's,11,3,1,4,3,1,4
Ramayana,8,3,3,6,3,3,6
Ramayana's,10,4,1,5,4,1,5
Rambo,5,3,4,7,3,4,7
Rambo's,7,5,3,8,4,4,8
Ramirez,7,4,1,5,4,1,5
Ramirez's,9,4,0,4,3,0,3
Ramiro,6,2,3,5,2,3,5
Ramiro's,8,6,2,8,4,2,6
Ramon,5,4,5,9,4,5,9
Ramon's,7,7,1,8,7,1,8
Ramona,6,4,4,8,4,4,8
Ramona's,8,6,3,9,6,3,9
Ramos,5,5,3,8,5,4,9
Ramos's,7,4,5,9,4,5,9
Ramsay,6,3,3,6,3,3,6
Ramsay's,8,4,3,7,4,3,7
Ramses,6,5,1,6,5,1,6
Ramses's,8,4,0,4,3,0,3
Ramsey,6,3,1,4,3,1,4
Ramsey's,8,5,0,5,4,0,4
Rand,4,4,3,7,4,3,7
Rand's,6,6,2,8,6,2,8
Randal,6,4,3,7,4,3,7
Randal's,8,6,2,8,6,2,8
Randall,7,3,3,6,3,2,5
Randall's,9,4,1,5,3,1,4
Randell,7,4,1,5,4,1,5
Randell's,9,6,0,6,6,0,6
Randi,5,4,4,8,3,5,8
Randi's,7,7,1,8,7,1,8
Randolph,8,5,3,8,6,3,9
Randolph's,10,5,1,6,5,1,6
Randy,5,5,2,7,5,2,7
Randy's,7,6,2,8,6,2,8
Rangoon,7,4,3,7,3,2,5
Rangoon's,9,5,1,6,5,1,6
Rankin,6,2,4,6,2,4,6
Rankin's,8,5,2,7,4,3,7
Rankine,7,5,2,7,5,1,6
Rankine's,9,7,1,8,7,1,8
Raoul,5,3,3,6,2,4,6
Raoul's,7,5,2,7,5,2,7
Raphael,7,5,3,8,5,3,8
Raphael's,9,7,1,8,7,1,8
Rapunzel,8,3,2,5,4,2,6
Rapunzel's,10,4,0,4,3,1,4
Raquel,6,4,3,7,4,3,7
Raquel's,8,6,1,7,6,1,7
Rasalgethi,10,2,0,2,2,0,2
Rasalgethi's,12,3,0,3,3,0,3
Rasalhague,10,3,1,4,3,1,4
Rasalhague's,12,3,1,4,3,1,4
Rasmussen,9,4,0,4,2,1,3
Rasmussen's,11,4,0,4,1,1,2
Rasputin,8,3,1,4,3,1,4
Rasputin's,10,4,1,5,3,1,4
Rasta,5,4,1,5,4,1,5
Rastaban,8,4,2,6,4,2,6
Rastaban's,10,5,2,7,5,2,7
Rastafarian,11,3,0,3,4,0,4
Rastafarian's,13,3,0,3,3,0,3
Rastafarianism,14,3,0,3,3,0,3
Rather,6,4,0,4,4,1,5
Rather's,8,6,1,7,6,2,8
Ratliff,7,4,4,8,3,4,7
Ratliff's,9,5,4,9,5,4,9
Raul,4,4,5,9,4,5,9
Raul's,6,6,4,10,6,4,10
Ravel,5,4,2,6,4,2,6
Ravel's,7,6,0,6,7,1,8
Rawalpindi,10,1,2,3,1,2,3
Rawalpindi's,12,3,1,4,3,1,4
Ray,3,3,6,9,3,7,10
Ray's,5,5,6,11,5,6,11
RayBan,6,4,3,7,4,4,8
RayBan's,8,6,2,8,6,3,9
Rayburn,7,3,4,7,3,4,7
Rayburn's,9,5,3,8,5,3,8
Rayleigh,8,3,1,4,4,1,5
Rayleigh's,10,5,0,5,4,1,5
Raymond,7,3,3,6,4,3,7
Raymond's,9,6,2,8,6,2,8
Raymundo,8,2,3,5,2,3,5
Raymundo's,10,5,1,6,3,2,5
Reagan,6,3,1,4,3,1,4
Reagan's,8,5,0,5,6,1,7
Reaganomics,11,4,0,4,4,0,4
Reaganomics's,13,6,0,6,4,0,4
Realtor,7,6,2,8,6,2,8
Realtor's,9,8,1,9,8,0,8
Reasoner,8,3,0,3,3,0,3
Reasoner's,10,4,0,4,3,0,3
Reba,4,4,1,5,4,2,6
Reba's,6,6,2,8,6,2,8
Rebecca,7,3,1,4,3,1,4
Rebecca's,9,5,0,5,5,0,5
Rebekah,7,4,2,6,4,2,6
Rebekah's,9,6,1,7,6,1,7
Recife,6,5,1,6,5,1,6
Recife's,8,7,1,8,7,2,9
Red,3,3,5,8,3,5,8
Red's,5,5,1,6,5,1,6
Redford,7,4,3,7,3,2,5
Redford's,9,6,2,8,5,0,5
Redgrave,8,3,2,5,3,2,5
Redgrave's,10,5,1,6,5,1,6
Redmond,7,3,3,6,5,2,7
Redmond's,9,5,2,7,5,1,6
Reebok,6,1,4,5,1,4,5
Reebok's,8,4,1,5,4,2,6
Reed,4,3,2,5,3,1,4
Reed's,6,5,1,6,5,1,6
Reese,5,3,0,3,3,0,3
Reese's,7,3,0,3,2,0,2
Reeves,6,2,1,3,2,1,3
Reeves's,8,4,1,5,4,1,5
Refugio,7,3,4,7,4,3,7
Refugio's,9,5,2,7,5,1,6
Reggie,6,4,4,8,3,0,3
Reggie's,8,6,3,9,6,2,8
Regina,6,6,1,7,6,1,7
Regina's,8,8,0,8,8,0,8
Reginae,7,6,1,7,6,0,6
Reginae's,9,5,0,5,7,0,7
Reginald,8,4,1,5,4,1,5
Reginald's,10,5,1,6,4,0,4
Regor,5,3,2,5,3,1,4
Regor's,7,4,1,5,4,0,4
Regulus,7,5,2,7,5,2,7
Regulus's,9,4,2,6,4,2,6
Rehnquist,9,4,0,4,5,0,5
Rehnquist's,11,6,1,7,6,0,6
Reich,5,4,2,6,4,2,6
Reich's,7,6,1,7,6,1,7
Reichstag,9,3,0,3,3,0,3
Reichstag's,11,5,0,5,4,0,4
Reid,4,3,4,7,3,4,7
Reid's,6,4,3,7,4,3,7
Reilly,6,3,3,6,3,3,6
Reilly's,8,5,1,6,5,1,6
Reinaldo,8,4,1,5,5,1,6
Reinaldo's,10,10,0,10,10,0,10
Reinhardt,9,2,1,3,2,1,3
Reinhardt's,11,3,0,3,3,0,3
Reinhold,8,4,1,5,5,1,6
Reinhold's,10,5,1,6,4,1,5
Remarque,8,2,3,5,2,3,5
Remarque's,10,4,1,5,4,1,5
Rembrandt,9,3,2,5,3,2,5
Rembrandt's,11,4,1,5,4,1,5
Remington,9,6,3,9,6,2,8
Remington's,11,8,1,9,8,1,9
Remus,5,5,4,9,5,4,9
Remus's,7,6,3,9,6,3,9
Rena,4,4,2,6,4,3,7
Rena's,6,5,4,9,5,4,9
Renaissance,11,3,0,3,3,0,3
Renaissance's,13,2,0,2,2,0,2
Renaissances,12,3,0,3,3,0,3
Renault,7,6,2,8,4,1,5
Renault's,9,8,0,8,6,0,6
Rene,4,2,1,3,2,0,2
Rene's,6,5,1,6,5,1,6
Renee,5,2,2,4,2,2,4
Renee's,7,4,1,5,4,1,5
Reno,4,3,6,9,4,3,7
Reno's,6,6,4,10,6,2,8
Renoir,6,3,1,4,3,1,4
Renoir's,8,5,0,5,5,0,5
Representative,14,3,0,3,3,0,3
Republican,10,4,1,5,4,1,5
Republican's,12,6,0,6,4,0,4
Republicans,11,4,1,5,4,0,4
Resurrection,12,5,0,5,8,0,8
Reuben,6,4,2,6,4,2,6
Reuben's,8,5,0,5,5,0,5
Reunion,7,3,1,4,3,1,4
Reunion's,9,5,1,6,5,1,6
Reuters,7,5,1,6,5,1,6
Reuters's,9,3,1,4,3,1,4
Reuther,7,3,3,6,2,4,6
Reuther's,9,5,1,6,5,1,6
Reva,4,3,3,6,3,4,7
Reva's,6,5,3,8,5,3,8
Revelations,11,8,0,8,8,0,8
Revelations's,13,5,0,5,3,0,3
Revere,6,2,0,2,2,0,2
Revere's,8,2,1,3,2,1,3
Reverend,8,5,1,6,5,1,6
Reverend's,10,5,0,5,3,0,3
Revlon,6,5,2,7,5,2,7
Revlon's,8,5,2,7,6,1,7
Rex,3,3,7,10,3,13,16
Rex's,5,5,9,14,5,9,14
Reyes,5,3,4,7,3,4,7
Reyes's,7,3,2,5,3,2,5
Reykjavik,9,3,1,4,2,3,5
Reykjavik's,11,4,1,5,3,2,5
Reyna,5,4,2,6,4,1,5
Reyna's,7,5,1,6,5,0,5
Reynaldo,8,4,2,6,3,2,5
Reynaldo's,10,9,1,10,9,1,10
Reynolds,8,4,2,6,4,2,6
Reynolds's,10,3,1,4,3,1,4
Rhea,4,4,0,4,3,2,5
Rhea's,6,5,0,5,5,0,5
Rhee,4,2,1,3,2,0,2
Rhee's,6,3,0,3,3,0,3
Rheingau,8,2,1,3,2,1,3
Rheingau's,10,4,0,4,5,0,5
Rhenish,7,5,0,5,5,0,5
Rhenish's,9,4,1,5,5,0,5
Rhiannon,8,2,2,4,2,2,4
Rhiannon's,10,4,1,5,4,1,5
Rhine,5,3,3,6,3,3,6
Rhine's,7,5,1,6,5,1,6
Rhineland,9,3,1,4,3,1,4
Rhineland's,11,4,0,4,4,0,4
Rhoda,5,3,3,6,3,3,6
Rhoda's,7,5,2,7,5,2,7
Rhode,5,5,2,7,5,2,7
Rhodes,6,3,0,3,3,0,3
Rhodes's,8,5,1,6,5,1,6
Rhodesia,8,3,0,3,3,0,3
Rhodesia's,10,3,0,3,3,0,3
Rhonda,6,3,3,6,4,3,7
Rhonda's,8,4,2,6,4,2,6
Rhone,5,4,3,7,4,3,7
Rhone's,7,5,0,5,5,0,5
Ribbentrop,10,3,1,4,3,1,4
Ribbentrop's,12,5,0,5,4,1,5
Ricardo,7,3,2,5,3,2,5
Ricardo's,9,5,1,6,4,1,5
Rice,4,4,2,6,4,2,6
Rice's,6,6,4,10,6,4,10
Rich,4,4,6,10,3,8,11
Rich's,6,5,7,12,5,7,12
Richard,7,3,2,5,3,2,5
Richard's,9,5,1,6,5,2,7
Richards,8,4,2,6,4,2,6
Richards's,10,4,1,5,4,2,6
Richardson,10,2,0,2,3,1,4
Richardson's,12,2,0,2,2,2,4
Richelieu,9,2,1,3,2,1,3
Richelieu's,11,3,0,3,3,0,3
Richie,6,3,2,5,3,3,6
Richie's,8,5,2,7,7,0,7
Richmond,8,5,3,8,3,4,7
Richmond's,10,4,2,6,3,3,6
Richter,7,6,1,7,6,1,7
Richter's,9,4,1,5,4,1,5
Richthofen,10,2,2,4,3,2,5
Richthofen's,12,3,0,3,3,0,3
Rick,4,3,7,10,4,8,12
Rick's,6,6,7,13,6,7,13
Rickenbacker,12,3,1,4,3,1,4
Rickenbacker's,14,3,1,4,4,0,4
Rickey,6,5,4,9,5,4,9
Rickey's,8,5,2,7,7,2,9
Rickie,6,5,1,6,5,2,7
Rickie's,8,7,1,8,6,1,7
Rickover,8,2,2,4,2,1,3
Rickover's,10,4,0,4,4,0,4
Ricky,5,5,9,14,5,10,15
Ricky's,7,7,6,13,7,9,16
Rico,4,3,2,5,3,2,5
Rico's,6,5,2,7,5,2,7
Riddle,6,5,1,6,5,0,5
Riddle's,8,7,0,7,6,0,6
Ride,4,4,3,7,4,3,7
Ride's,6,6,5,11,6,5,11
Riefenstahl,11,5,0,5,2,0,2
Riefenstahl's,13,2,0,2,2,0,2
Riel,4,3,2,5,3,3,6
Riel's,6,5,1,6,5,1,6
Riemann,7,3,1,4,3,1,4
Riemann's,9,5,0,5,4,0,4
Riesling,8,5,1,6,3,1,4
Riesling's,10,4,1,5,3,1,4
Riga,4,4,5,9,4,5,9
Riga's,6,6,4,10,6,4,10
Rigel,5,4,3,7,4,3,7
Rigel's,7,6,1,7,6,2,8
Riggs,5,4,7,11,4,8,12
Riggs's,7,4,4,8,4,4,8
Rigoberto,9,2,1,3,3,2,5
Rigoberto's,11,6,1,7,4,1,5
Rigoletto,9,3,1,4,3,2,5
Rigoletto's,11,6,1,7,4,1,5
Riley,5,4,2,6,4,2,6
Riley's,7,6,0,6,6,2,8
Rilke,5,4,5,9,4,5,9
Rilke's,7,6,1,7,6,1,7
Rimbaud,7,3,2,5,3,3,6
Rimbaud's,9,5,2,7,4,2,6
Ringling,8,5,2,7,5,2,7
Ringling's,10,7,3,10,7,3,10
Ringo,5,5,3,8,5,4,9
Ringo's,7,7,2,9,7,2,9
Rio,3,2,3,5,2,3,5
Rio's,5,5,3,8,5,3,8
Rios,4,4,3,7,4,3,7
Rios's,6,4,3,7,4,3,7
Ripley,6,3,2,5,3,2,5
Ripley's,8,5,0,5,5,0,5
Risorgimento,12,4,0,4,3,0,3
Risorgimento's,14,3,0,3,2,0,2
Rita,4,3,6,9,3,6,9
Rita's,6,5,5,10,5,5,10
Ritalin,7,5,2,7,5,2,7
Ritalin's,9,7,2,9,7,1,8
Ritz,4,3,7,10,2,8,10
Ritz's,6,4,7,11,4,7,11
Rivas,5,5,3,8,5,3,8
Rivas's,7,4,4,8,3,4,7
Rivera,6,3,1,4,3,1,4
Rivera's,8,5,0,5,4,0,4
Rivers,6,5,2,7,5,2,7
Rivers's,8,5,0,5,5,0,5
Riverside,9,3,0,3,3,0,3
Riviera,7,2,2,4,2,2,4
Riviera's,9,5,0,5,4,1,5
Rivieras,8,4,2,6,4,2,6
Riyadh,6,3,2,5,4,3,7
Riyadh's,8,4,2,6,5,2,7
Rizal,5,4,4,8,4,4,8
Rizal's,7,7,2,9,7,2,9
Rn,2,1,8,9,1,8,9
Rn's,4,3,6,9,3,6,9
Roach,5,2,2,4,2,2,4
Roach's,7,4,1,5,4,1,5
Rob,3,3,3,6,3,3,6
Rob's,5,5,4,9,5,4,9
Robbie,6,4,3,7,4,2,6
Robbie's,8,6,2,8,7,0,7
Robbin,6,4,5,9,4,4,8
Robbin's,8,6,4,10,6,3,9
Robbins,7,5,3,8,5,3,8
Robbins's,9,5,3,8,5,4,9
Robby,5,4,5,9,4,5,9
Robby's,7,6,3,9,6,4,10
Roberson,8,4,0,4,4,0,4
Roberson's,10,4,0,4,4,0,4
Robert,6,2,6,8,3,4,7
Robert's,8,5,2,7,5,2,7
Roberta,7,3,3,6,2,3,5
Roberta's,9,5,2,7,4,2,6
Roberto,7,3,2,5,3,3,6
Roberto's,9,4,1,5,4,1,5
Roberts,7,4,3,7,4,3,7
Roberts's,9,5,0,5,4,0,4
Robertson,9,3,0,3,3,0,3
Robertson's,11,3,0,3,3,0,3
Robeson,7,4,0,4,3,0,3
Robeson's,9,3,1,4,3,1,4
Robespierre,11,2,0,2,2,0,2
Robespierre's,13,3,1,4,2,0,2
Robin,5,5,4,9,5,4,9
Robin's,7,7,3,10,7,2,9
Robinson,8,3,2,5,3,2,5
Robinson's,10,3,2,5,3,2,5
Robitussin,10,1,1,2,1,1,2
Robitussin's,12,2,0,2,2,0,2
Robles,6,5,3,8,5,3,8
Robles's,8,5,1,6,5,1,6
Robson,6,4,3,7,4,4,8
Robson's,8,5,3,8,5,4,9
Robt,4,4,3,7,4,4,8
Robt's,6,6,2,8,6,3,9
Robyn,5,3,3,6,2,4,6
Robyn's,7,5,2,7,4,3,7
Rocco,5,2,4,6,2,3,5
Rocco's,7,4,3,7,3,3,6
Rocha,5,5,5,10,3,7,10
Rocha's,7,7,3,10,5,5,10
Rochambeau,10,1,3,4,2,3,5
Rochambeau's,12,3,2,5,3,2,5
Roche,5,4,3,7,4,3,7
Roche's,7,6,1,7,6,1,7
Rochelle,8,5,3,8,5,4,9
Rochelle's,10,7,1,8,7,1,8
Rochester,9,4,0,4,4,0,4
Rochester's,11,5,0,5,3,0,3
Rock,4,3,4,7,3,5,8
Rock's,6,5,3,8,5,4,9
Rockefeller,11,2,2,4,2,1,3
Rockefeller's,13,2,1,3,2,0,2
Rockford,8,2,4,6,2,4,6
Rockford's,10,4,2,6,3,3,6
Rockies,7,5,4,9,5,4,9
Rockies's,9,4,1,5,4,2,6
Rockne,6,3,4,7,3,4,7
Rockne's,8,4,4,8,4,3,7
Rockwell,8,3,2,5,2,3,5
Rockwell's,10,5,1,6,4,2,6
Rocky,5,4,4,8,4,6,10
Rocky's,7,6,4,10,6,5,11
Rod,3,3,4,7,3,5,8
Rod's,5,5,5,10,5,5,10
Roddenberry,11,4,2,6,2,1,3
Roddenberry's,13,3,1,4,3,0,3
Roderick,8,2,2,4,2,2,4
Roderick's,10,6,2,8,6,2,8
Rodger,6,4,2,6,4,4,8
Rodger's,8,6,1,7,6,3,9
Rodgers,7,5,1,6,5,3,8
Rodgers's,9,6,0,6,6,0,6
Rodin,5,4,5,9,4,5,9
Rodin's,7,6,4,10,6,3,9
Rodney,6,4,0,4,4,0,4
Rodney's,8,8,1,9,8,1,9
Rodolfo,7,2,4,6,2,5,7
Rodolfo's,9,3,2,5,3,2,5
Rodrick,7,4,5,9,3,5,8
Rodrick's,9,5,3,8,6,3,9
Rodrigo,7,3,4,7,3,4,7
Rodrigo's,9,4,2,6,3,3,6
Rodriguez,9,8,1,9,8,1,9
Rodriguez's,11,10,0,10,10,0,10
Rodriquez,9,7,2,9,7,2,9
Rodriquez's,11,9,1,10,9,1,10
Roeg,4,3,3,6,2,4,6
Roeg's,6,4,2,6,4,2,6
Roentgen,8,2,1,3,2,1,3
Roentgen's,10,3,0,3,3,0,3
Rogelio,7,3,2,5,3,2,5
Rogelio's,9,4,1,5,4,1,5
Roger,5,4,2,6,4,2,6
Roger's,7,6,1,7,6,1,7
Rogers,6,5,1,6,5,1,6
Rogers's,8,4,1,5,4,1,5
Roget,5,4,4,8,3,4,7
Roget's,7,5,1,6,5,1,6
Rojas,5,4,5,9,4,3,7
Rojas's,7,5,2,7,5,2,7
Roku,4,3,4,7,3,5,8
Roku's,6,5,3,8,5,4,9
Rolaids,7,3,2,5,5,2,7
Rolaids's,9,4,2,6,4,2,6
Roland,6,4,2,6,5,4,9
Roland's,8,7,1,8,7,1,8
Rolando,7,3,3,6,2,4,6
Rolando's,9,5,2,7,4,3,7
Rolex,5,3,3,6,3,3,6
Rolex's,7,5,1,6,6,0,6
Rolland,7,5,4,9,4,2,6
Rolland's,9,8,1,9,6,1,7
Rollerblade,11,4,2,6,2,1,3
Rollerblade's,13,4,1,5,3,0,3
Rollins,7,4,6,10,5,5,10
Rollins's,9,6,2,8,6,2,8
Rolodex,7,3,1,4,3,1,4
Rolodex's,9,5,1,6,5,1,6
Rolvaag,7,1,3,4,1,2,3
Rolvaag's,9,2,1,3,2,1,3
Roman,5,4,3,7,4,3,7
Roman's,7,6,3,9,6,3,9
Romanesque,10,5,1,6,4,0,4
Romanesque's,12,3,1,4,3,0,3
Romania,7,4,2,6,6,2,8
Romania's,9,8,1,9,8,1,9
Romanian,8,3,2,5,3,2,5
Romanian's,10,5,1,6,5,1,6
Romanians,9,3,2,5,3,1,4
Romanies,8,5,0,5,5,0,5
Romano,6,5,3,8,3,3,6
Romano's,8,6,1,7,5,2,7
Romanov,7,2,3,5,2,3,5
Romanov's,9,4,2,6,3,2,5
Romans,6,5,2,7,5,2,7
Romans's,8,4,1,5,3,1,4
Romansh,7,2,2,4,2,2,4
Romansh's,9,3,2,5,3,2,5
Romanticism,11,3,0,3,4,0,4
Romany,6,5,3,8,3,4,7
Romany's,8,6,2,8,6,2,8
Rome,4,4,3,7,4,3,7
Rome's,6,6,2,8,6,2,8
Romeo,5,2,5,7,3,4,7
Romeo's,7,6,1,7,6,0,6
Romero,6,3,4,7,3,4,7
Romero's,8,5,1,6,4,1,5
Romes,5,5,4,9,5,5,10
Rommel,6,4,3,7,4,3,7
Rommel's,8,6,1,7,6,1,7
Romney,6,4,3,7,3,4,7
Romney's,8,7,2,9,7,2,9
Romulus,7,4,4,8,4,4,8
Romulus's,9,3,3,6,2,3,5
Ron,3,3,7,10,3,7,10
Ron's,5,5,10,15,5,10,15
Ronald,6,5,2,7,4,2,6
Ronald's,8,5,1,6,6,1,7
Ronda,5,5,5,10,5,5,10
Ronda's,7,7,4,11,7,3,10
Ronnie,6,4,4,8,4,4,8
Ronnie's,8,6,4,10,6,1,7
Ronny,5,4,6,10,3,7,10
Ronny's,7,6,5,11,5,3,8
Ronstadt,8,5,2,7,4,2,6
Ronstadt's,10,5,1,6,5,2,7
Rooney,6,3,3,6,3,3,6
Rooney's,8,7,1,8,5,1,6
Roosevelt,9,3,1,4,3,1,4
Roosevelt's,11,4,1,5,4,1,5
Root,4,3,3,6,3,3,6
Root's,6,5,6,11,5,4,9
Roquefort,9,3,2,5,2,2,4
Roquefort's,11,4,0,4,3,1,4
Roqueforts,10,3,0,3,3,1,4
Rorschach,9,3,2,5,3,2,5
Rorschach's,11,4,1,5,2,2,4
Rory,4,2,3,5,2,4,6
Rory's,6,4,2,6,4,3,7
Rosa,4,3,2,5,3,3,6
Rosa's,6,4,4,8,4,4,8
Rosales,7,5,1,6,5,2,7
Rosales's,9,2,0,2,2,0,2
Rosalie,7,4,0,4,3,0,3
Rosalie's,9,6,0,6,6,0,6
Rosalind,8,4,2,6,4,2,6
Rosalind's,10,3,2,5,3,1,4
Rosalinda,9,2,1,3,2,1,3
Rosalinda's,11,2,1,3,2,1,3
Rosalyn,7,2,2,4,2,2,4
Rosalyn's,9,3,1,4,2,2,4
Rosanna,7,5,2,7,5,2,7
Rosanna's,9,6,1,7,6,2,8
Rosanne,7,3,1,4,4,1,5
Rosanne's,9,4,1,5,4,1,5
Rosario,7,4,0,4,3,1,4
Rosario's,9,3,1,4,4,1,5
Roscoe,6,3,2,5,3,2,5
Roscoe's,8,4,1,5,4,1,5
Rose,4,4,1,5,4,1,5
Rose's,6,5,0,5,5,0,5
Roseann,7,5,1,6,3,0,3
Roseann's,9,6,0,6,3,0,3
Roseau,6,4,0,4,4,0,4
Roseau's,8,5,0,5,5,0,5
Rosecrans,9,3,1,4,4,0,4
Rosecrans's,11,3,0,3,2,0,2
Rosella,7,6,1,7,6,0,6
Rosella's,9,7,0,7,6,0,6
Rosemarie,9,3,0,3,3,0,3
Rosemarie's,11,4,0,4,4,0,4
Rosemary,8,3,0,3,3,0,3
Rosemary's,10,4,0,4,4,0,4
Rosenberg,9,2,1,3,3,0,3
Rosenberg's,11,3,1,4,4,0,4
Rosendo,7,3,1,4,3,1,4
Rosendo's,9,3,0,3,3,1,4
Rosenzweig,10,2,1,3,3,0,3
Rosenzweig's,12,3,0,3,2,1,3
Rosetta,7,5,2,7,5,1,6
Rosetta's,9,6,1,7,5,1,6
Rosicrucian,11,4,0,4,4,0,4
Rosicrucian's,13,4,0,4,4,0,4
Rosie,5,4,2,6,3,2,5
Rosie's,7,3,1,4,3,1,4
Roslyn,6,3,3,6,3,3,6
Roslyn's,8,3,3,6,3,3,6
Ross,4,3,3,6,3,3,6
Ross's,6,4,4,8,4,4,8
Rossetti,8,3,0,3,3,0,3
Rossetti's,10,4,0,4,3,0,3
Rossini,7,2,0,2,2,1,3
Rossini's,9,3,0,3,2,1,3
Rostand,7,2,3,5,2,3,5
Rostand's,9,5,2,7,4,3,7
Rostov,6,3,4,7,3,4,7
Rostov's,8,4,4,8,4,4,8
Rostropovich,12,2,1,3,3,0,3
Rostropovich's,14,2,0,2,3,0,3
Roswell,7,5,3,8,3,0,3
Roswell's,9,4,0,4,4,0,4
Rotarian,8,4,2,6,4,2,6
Rotarian's,10,6,1,7,4,1,5
Roth,4,3,3,6,3,4,7
Roth's,6,5,2,7,5,3,8
Rothko,6,2,4,6,2,4,6
Rothko's,8,3,3,6,3,2,5
Rothschild,10,4,2,6,3,2,5
Rothschild's,12,3,2,5,2,2,4
Rotterdam,9,3,2,5,2,2,4
Rotterdam's,11,4,0,4,3,1,4
Rottweiler,10,3,1,4,3,1,4
Rottweiler's,12,4,0,4,4,0,4
Rouault,7,3,4,7,4,3,7
Rouault's,9,6,2,8,6,2,8
Roumania,8,2,3,5,3,2,5
Roumania's,10,4,1,5,4,1,5
Rourke,6,4,5,9,4,4,8
Rourke's,8,5,5,10,3,0,3
Rousseau,8,3,1,4,3,0,3
Rousseau's,10,2,0,2,2,0,2
Rove,4,4,2,6,4,2,6
Rove's,6,6,3,9,6,3,9
Rover,5,4,3,7,4,3,7
Rover's,7,6,0,6,6,0,6
Rowe,4,4,4,8,4,4,8
Rowe's,6,6,4,10,6,4,10
Rowena,6,3,1,4,3,1,4
Rowena's,8,5,0,5,4,0,4
Rowland,7,5,4,9,4,2,6
Rowland's,9,8,1,9,7,2,9
Rowling,7,7,3,10,7,3,10
Rowling's,9,9,2,11,9,2,11
Roxanne,7,4,2,6,3,2,5
Roxanne's,9,5,0,5,5,0,5
Roxie,5,3,4,7,3,4,7
Roxie's,7,5,2,7,5,2,7
Roxy,4,3,6,9,3,6,9
Roxy's,6,5,4,9,5,5,10
Roy,3,3,9,12,3,9,12
Roy's,5,4,11,15,4,11,15
Royal,5,4,3,7,4,3,7
Royal's,7,5,2,7,6,2,8
Royce,5,4,3,7,4,3,7
Royce's,7,6,1,7,6,1,7
Rozelle,7,2,4,6,2,4,6
Rozelle's,9,6,2,8,4,2,6
Rubaiyat,8,2,2,4,2,2,4
Rubaiyat's,10,4,3,7,4,2,6
Rubbermaid,10,2,2,4,2,2,4
Rubbermaid's,12,4,1,5,3,1,4
Ruben,5,4,4,8,4,4,8
Ruben's,7,6,2,8,4,3,7
Rubens,6,5,1,6,5,1,6
Rubens's,8,4,0,4,4,0,4
Rubicon,7,4,3,7,3,3,6
Rubicon's,9,6,2,8,4,2,6
Rubik,5,5,5,10,2,8,10
Rubik's,7,6,5,11,6,5,11
Rubin,5,4,6,10,4,6,10
Rubin's,7,6,4,10,6,4,10
Rubinstein,10,2,0,2,3,0,3
Rubinstein's,12,4,0,4,3,0,3
Ruby,4,4,5,9,4,6,10
Ruby's,6,6,4,10,6,4,10
Ruchbah,7,3,5,8,3,4,7
Ruchbah's,9,5,3,8,4,4,8
Rudolf,6,3,4,7,3,4,7
Rudolf's,8,5,2,7,4,2,6
Rudolph,7,2,4,6,2,4,6
Rudolph's,9,3,3,6,3,3,6
Rudy,4,3,6,9,3,7,10
Rudy's,6,5,5,10,5,5,10
Rudyard,7,3,4,7,3,2,5
Rudyard's,9,4,2,6,5,2,7
Rufus,5,3,5,8,3,5,8
Rufus's,7,3,4,7,3,4,7
Ruhr,4,2,5,7,2,6,8
Ruhr's,6,4,4,8,4,4,8
Ruiz,4,4,4,8,4,4,8
Ruiz's,6,6,3,9,6,3,9
Rukeyser,8,3,0,3,3,0,3
Rukeyser's,10,3,0,3,3,0,3
Rumania,7,2,3,5,5,3,8
Rumania's,9,7,2,9,7,2,9
Rumpelstiltskin,15,1,0,1,1,0,1
Rumpelstiltskin's,17,2,0,2,2,0,2
Rumsfeld,8,4,1,5,4,1,5
Rumsfeld's,10,4,1,5,3,1,4
Runnymede,9,2,2,4,2,2,4
Runnymede's,11,3,0,3,3,0,3
Runyon,6,3,5,8,3,5,8
Runyon's,8,5,4,9,4,3,7
Rupert,6,2,5,7,2,5,7
Rupert's,8,6,3,9,5,3,8
Rush,4,4,5,9,4,5,9
Rush's,6,5,3,8,5,3,8
Rushdie,7,3,2,5,5,2,7
Rushdie's,9,5,1,6,5,1,6
Rushmore,8,3,2,5,3,2,5
Rushmore's,10,5,2,7,4,2,6
Ruskin,6,5,2,7,5,2,7
Ruskin's,8,6,2,8,6,3,9
Russel,6,5,1,6,5,1,6
Russel's,8,6,1,7,6,1,7
Russell,7,4,2,6,4,0,4
Russell's,9,5,2,7,3,2,5
Russia,6,2,1,3,2,1,3
Russia's,8,6,1,7,6,1,7
Russian,7,4,1,5,4,1,5
Russian's,9,4,1,5,4,1,5
Russians,8,5,2,7,5,2,7
Russo,5,1,3,4,1,3,4
Russo's,7,3,3,6,3,3,6
Rustbelt,8,3,1,4,3,1,4
Rustbelt's,10,4,1,5,5,1,6
Rusty,5,5,3,8,5,3,8
Rusty's,7,5,4,9,5,5,10
Rutan,5,4,4,8,3,4,7
Rutan's,7,6,3,9,6,3,9
Rutgers,7,5,2,7,4,5,9
Rutgers's,9,5,1,6,5,1,6
Ruth,4,3,6,9,3,7,10
Ruth's,6,5,5,10,5,5,10
Rutherford,10,2,2,4,2,2,4
Rutherford's,12,4,1,5,3,1,4
Ruthie,6,4,2,6,4,3,7
Ruthie's,8,6,2,8,5,1,6
Rutledge,8,4,2,6,2,2,4
Rutledge's,10,6,0,6,5,0,5
Rwanda,6,2,4,6,2,4,6
Rwanda's,8,4,3,7,4,3,7
Rwandan,7,3,3,6,4,3,7
Rwandan's,9,6,2,8,6,2,8
Rwandans,8,5,2,7,5,2,7
Rwandas,7,3,2,5,3,1,4
Ryan,4,2,2,4,2,2,4
Ryan's,6,6,1,7,6,1,7
Rydberg,7,3,1,4,3,1,4
Rydberg's,9,5,1,6,5,0,5
Ryder,5,4,1,5,4,1,5
Ryder's,7,6,1,7,6,1,7
Ryukyu,6,1,5,6,1,5,6
Ryukyu's,8,2,4,6,2,4,6
S,1,1,18,19,1,18,19
S's,3,1,5,6,1,5,6
SAP,3,3,2,5,3,1,4
SAP's,5,4,0,4,4,0,4
SARS,4,3,0,3,3,1,4
SARS's,6,4,1,5,4,1,5
SUSE,4,3,5,8,3,5,8
SUSE's,6,2,0,2,2,0,2
SVN,3,1,6,7,1,6,7
SVN's,5,2,6,8,2,6,8
Saab,4,3,0,3,3,1,4
Saab's,6,4,1,5,4,1,5
Saar,4,2,1,3,2,2,4
Saar's,6,3,2,5,3,2,5
Saarinen,8,4,1,5,3,1,4
Saarinen's,10,4,0,4,4,0,4
Saatchi,7,3,1,4,3,1,4
Saatchi's,9,3,1,4,2,1,3
Sabbath,7,3,2,5,3,2,5
Sabbath's,9,4,1,5,3,1,4
Sabbaths,8,3,2,5,3,2,5
Sabik,5,5,2,7,5,2,7
Sabik's,7,6,1,7,6,1,7
Sabin,5,4,3,7,4,3,7
Sabin's,7,5,2,7,5,2,7
Sabina,6,3,1,4,3,1,4
Sabina's,8,4,1,5,3,1,4
Sabine,6,6,2,8,6,2,8
Sabine's,8,5,2,7,5,2,7
Sabre,5,5,0,5,5,0,5
Sabre's,7,6,0,6,6,0,6
Sabrina,7,4,2,6,4,2,6
Sabrina's,9,4,1,5,3,1,4
Sacajawea,9,3,2,5,3,2,5
Sacajawea's,11,4,1,5,3,2,5
Sacco,5,4,3,7,4,3,7
Sacco's,7,5,2,7,5,2,7
Sachs,5,4,2,6,4,2,6
Sachs's,7,3,0,3,3,1,4
Sacramento,10,3,0,3,3,0,3
Sacramento's,12,5,0,5,3,0,3
Sadat,5,3,1,4,3,1,4
Sadat's,7,4,1,5,4,2,6
Saddam,6,3,1,4,3,1,4
Saddam's,8,4,1,5,4,1,5
Sadducee,8,2,1,3,2,0,2
Sadducee's,10,2,0,2,2,0,2
Sade,4,4,0,4,4,7,11
Sade's,6,5,0,5,5,0,5
Sadie,5,4,1,5,4,1,5
Sadie's,7,5,1,6,5,1,6
Sadr,4,3,4,7,3,4,7
Sadr's,6,4,2,6,4,2,6
Safavid,7,4,1,5,4,1,5
Safavid's,9,4,1,5,4,1,5
Safeway,7,4,2,6,3,0,3
Safeway's,9,4,2,6,3,2,5
Sagan,5,3,3,6,3,3,6
Sagan's,7,5,0,5,5,1,6
Saginaw,7,3,2,5,3,1,4
Saginaw's,9,4,1,5,3,1,4
Sagittarius,11,2,3,5,2,2,4
Sagittarius's,13,8,0,8,8,0,8
Sagittariuses,13,7,1,8,7,1,8
Sahara,6,4,1,5,4,1,5
Sahara's,8,5,1,6,5,1,6
Sahel,5,4,2,6,4,2,6
Sahel's,7,5,0,5,5,1,6
Saigon,6,6,1,7,4,2,6
Saigon's,8,7,1,8,6,1,7
Saiph,5,5,2,7,5,2,7
Saiph's,7,5,1,6,5,1,6
Sakai,5,3,4,7,3,4,7
Sakai's,7,3,3,6,3,4,7
Sakha,5,2,3,5,2,3,5
Sakha's,7,3,2,5,3,3,6
Sakhalin,8,3,0,3,3,1,4
Sakhalin's,10,6,1,7,6,1,7
Sakharov,8,4,2,6,3,2,5
Sakharov's,10,5,2,7,5,2,7
Saki,4,4,2,6,4,2,6
Saki's,6,4,1,5,4,1,5
Saks,4,3,1,4,3,2,5
Saks's,6,3,2,5,3,2,5
Sal,3,3,8,11,3,9,12
Sal's,5,4,1,5,4,1,5
Saladin,7,4,1,5,4,1,5
Saladin's,9,4,1,5,4,1,5
Salado,6,4,1,5,4,1,5
Salado's,8,5,1,6,5,1,6
Salamis,7,4,2,6,4,2,6
Salamis's,9,2,1,3,2,1,3
Salas,5,3,0,3,3,0,3
Salas's,7,3,0,3,3,1,4
Salazar,7,3,2,5,3,2,5
Salazar's,9,4,1,5,3,1,4
Salem,5,4,2,6,4,2,6
Salem's,7,5,0,5,5,1,6
Salerno,7,4,0,4,3,0,3
Salerno's,9,5,0,5,5,0,5
Salinas,7,2,2,4,2,2,4
Salinas's,9,5,1,6,3,1,4
Salinger,8,7,0,7,7,0,7
Salinger's,10,5,1,6,5,1,6
Salisbury,9,2,0,2,2,0,2
Salisbury's,11,5,0,5,2,1,3
Salish,6,4,1,5,4,1,5
Salish's,8,5,0,5,5,0,5
Salk,4,4,3,7,4,3,7
Salk's,6,5,1,6,5,1,6
Sallie,6,4,4,8,4,4,8
Sallie's,8,5,1,6,5,1,6
Sallust,7,5,2,7,3,2,5
Sallust's,9,6,1,7,4,1,5
Sally,5,4,1,5,4,1,5
Sally's,7,5,3,8,5,3,8
Salome,6,5,1,6,5,1,6
Salome's,8,6,1,7,6,1,7
Salton,6,6,2,8,6,1,7
Salton's,8,7,2,9,7,2,9
Salvador,8,4,2,6,3,2,5
Salvador's,10,3,2,5,3,2,5
Salvadoran,10,3,2,5,3,2,5
Salvadoran's,12,4,1,5,3,1,4
Salvadorans,11,3,2,5,3,1,4
Salvadorian,11,4,0,4,4,1,5
Salvadorian's,13,3,1,4,3,1,4
Salvadorians,12,2,2,4,2,1,3
Salvatore,9,3,0,3,3,0,3
Salvatore's,11,4,0,4,4,0,4
Salween,7,3,1,4,3,1,4
Salween's,9,4,1,5,4,1,5
Salyut,6,2,3,5,2,3,5
Salyut's,8,3,3,6,3,3,6
Samantha,8,2,2,4,2,2,4
Samantha's,10,3,1,4,4,1,5
Samar,5,3,2,5,3,2,5
Samar's,7,4,2,6,4,3,7
Samara,6,3,2,5,3,2,5
Samara's,8,4,2,6,4,2,6
Samaritan,9,3,1,4,3,1,4
Samaritan's,11,4,1,5,3,2,5
Samaritans,10,3,3,6,4,1,5
Samarkand,9,2,3,5,2,3,5
Samarkand's,11,3,2,5,2,3,5
Sammie,6,5,4,9,5,3,8
Sammie's,8,5,2,7,5,2,7
Sammy,5,4,4,8,4,3,7
Sammy's,7,5,4,9,5,4,9
Samoa,5,4,2,6,4,2,6
Samoa's,7,5,1,6,5,2,7
Samoan,6,5,1,6,5,2,7
Samoan's,8,6,1,7,6,2,8
Samoset,7,3,1,4,3,0,3
Samoset's,9,2,1,3,2,1,3
Samoyed,7,6,1,7,5,2,7
Samoyed's,9,4,2,6,5,2,7
Sampson,7,6,0,6,6,1,7
Sampson's,9,7,0,7,7,1,8
Samson,6,2,1,3,2,1,3
Samson's,8,2,1,3,2,1,3
Samsonite,9,2,1,3,3,0,3
Samsonite's,11,3,0,3,2,0,2
Samsung,7,2,1,3,2,1,3
Samsung's,9,2,0,2,3,1,4
Samuel,6,3,5,8,3,5,8
Samuel's,8,4,3,7,4,3,7
Samuelson,9,2,0,2,2,0,2
Samuelson's,11,3,0,3,2,0,2
San,3,3,8,11,3,8,11
San's,5,4,2,6,4,2,6
Sana,4,2,5,7,2,7,9
Sana's,6,4,1,5,4,1,5
Sanchez,7,3,2,5,3,3,6
Sanchez's,9,7,1,8,4,3,7
Sancho,6,4,1,5,4,2,6
Sancho's,8,6,1,7,6,1,7
Sand,4,4,1,5,4,1,5
Sand's,6,4,2,6,4,2,6
Sandburg,8,2,2,4,2,2,4
Sandburg's,10,6,1,7,6,1,7
Sanders,7,5,2,7,5,2,7
Sanders's,9,5,0,5,4,1,5
Sandinista,10,2,0,2,2,0,2
Sandinista's,12,2,1,3,2,0,2
Sandoval,8,3,2,5,3,2,5
Sandoval's,10,4,1,5,3,1,4
Sandra,6,4,1,5,4,1,5
Sandra's,8,4,1,5,5,1,6
Sandy,5,4,2,6,4,4,8
Sandy's,7,5,5,10,4,6,10
Sanford,7,4,2,6,4,2,6
Sanford's,9,5,1,6,5,1,6
Sanforized,10,5,0,5,5,2,7
Sanforized's,12,3,0,3,3,0,3
Sang,4,4,2,6,4,2,6
Sang's,6,4,4,8,4,4,8
Sanger,6,6,4,10,6,4,10
Sanger's,8,7,1,8,7,1,8
Sanhedrin,9,3,0,3,3,0,3
Sanhedrin's,11,4,0,4,3,0,3
Sanka,5,4,1,5,4,1,5
Sanka's,7,5,0,5,5,1,6
Sankara,7,3,2,5,3,2,5
Sankara's,9,4,1,5,3,1,4
Sanskrit,8,6,0,6,3,1,4
Sanskrit's,10,3,1,4,2,1,3
Santa,5,3,2,5,3,2,5
Santa's,7,4,1,5,4,2,6
Santana,7,3,2,5,3,2,5
Santana's,9,4,1,5,3,1,4
Santayana,9,2,3,5,2,3,5
Santayana's,11,4,1,5,2,3,5
Santeria,8,3,0,3,3,1,4
Santeria's,10,3,1,4,3,0,3
Santiago,8,3,1,4,3,2,5
Santiago's,10,4,1,5,3,1,4
Santos,6,4,2,6,4,2,6
Santos's,8,3,1,4,2,1,3
Sappho,6,3,2,5,5,1,6
Sappho's,8,5,2,7,3,2,5
Sapporo,7,3,3,6,3,2,5
Sapporo's,9,4,2,6,4,2,6
Sara,4,3,4,7,3,5,8
Sara's,6,4,2,6,4,2,6
Saracen,7,4,2,6,5,1,6
Saracen's,9,5,0,5,4,0,4
Saracens,8,3,2,5,4,1,5
Saragossa,9,1,0,1,1,0,1
Saragossa's,11,1,0,1,1,0,1
Sarah,5,4,2,6,4,2,6
Sarah's,7,4,2,6,4,3,7
Sarajevo,8,4,1,5,3,1,4
Sarajevo's,10,4,0,4,4,1,5
Saran,5,3,3,6,3,3,6
Saran's,7,5,1,6,5,2,7
Sarasota,8,3,1,4,2,2,4
Sarasota's,10,4,0,4,3,2,5
Saratov,7,2,2,4,2,2,4
Saratov's,9,3,2,5,2,2,4
Sarawak,7,3,2,5,3,2,5
Sarawak's,9,4,1,5,3,1,4
Sardinia,8,3,0,3,2,1,3
Sardinia's,10,3,1,4,2,1,3
Sargasso,8,1,0,1,1,0,1
Sargasso's,10,3,0,3,2,0,2
Sargent,7,5,3,8,5,0,5
Sargent's,9,7,0,7,7,0,7
Sargon,6,5,2,7,3,3,6
Sargon's,8,6,2,8,5,3,8
Sarnoff,7,3,2,5,4,2,6
Sarnoff's,9,4,1,5,4,1,5
Saroyan,7,3,2,5,3,2,5
Saroyan's,9,4,1,5,3,1,4
Sarto,5,4,4,8,4,4,8
Sarto's,7,5,3,8,5,3,8
Sartre,6,2,5,7,3,3,6
Sartre's,8,3,0,3,3,0,3
Sasha,5,2,0,2,2,0,2
Sasha's,7,3,0,3,4,1,5
Saskatchewan,12,2,0,2,2,0,2
Saskatchewan's,14,1,0,1,1,0,1
Saskatoon,9,3,0,3,3,0,3
Saskatoon's,11,4,0,4,2,0,2
Sasquatch,9,2,1,3,2,0,2
Sasquatch's,11,2,1,3,2,0,2
Sassanian,9,1,0,1,1,0,1
Sassanian's,11,1,0,1,1,0,1
Sassoon,7,1,1,2,3,1,4
Sassoon's,9,2,0,2,2,0,2
Satan,5,4,1,5,4,1,5
Satan's,7,4,2,6,4,3,7
Satanism,8,3,2,5,3,1,4
Satanism's,10,4,0,4,4,0,4
Satanist,8,3,2,5,3,1,4
Satanist's,10,4,0,4,4,0,4
Saturday,8,3,2,5,3,2,5
Saturday's,10,3,2,5,3,1,4
Saturdays,9,2,3,5,3,1,4
Saturn,6,3,2,5,3,2,5
Saturn's,8,4,2,6,3,3,6
Saturnalia,10,4,1,5,2,2,4
Saturnalia's,12,3,1,4,2,1,3
Saudi,5,3,2,5,3,2,5
Saudi's,7,4,1,5,4,1,5
Saudis,6,3,3,6,3,3,6
Saul,4,3,3,6,3,3,6
Saul's,6,5,3,8,5,3,8
Saunders,8,7,0,7,5,3,8
Saunders's,10,3,0,3,3,1,4
Saundra,7,3,2,5,3,2,5
Saundra's,9,4,1,5,3,1,4
Saussure,8,2,0,2,2,0,2
Saussure's,10,2,0,2,2,0,2
Sauterne,8,3,1,4,3,0,3
Sauterne's,10,3,0,3,3,0,3
Savage,6,3,3,6,3,3,6
Savage's,8,4,1,5,4,1,5
Savannah,8,2,2,4,2,2,4
Savannah's,10,3,1,4,2,1,3
Savior,6,5,2,7,4,2,6
Savior's,8,6,2,8,5,1,6
Savonarola,10,4,2,6,3,2,5
Savonarola's,12,3,1,4,2,1,3
Savoy,5,4,3,7,4,2,6
Savoy's,7,6,2,8,6,2,8
Savoyard,8,3,2,5,3,2,5
Savoyard's,10,3,2,5,2,2,4
Sawyer,6,5,4,9,5,4,9
Sawyer's,8,6,2,8,6,2,8
Saxon,5,5,3,8,5,3,8
Saxon's,7,6,3,9,6,3,9
Saxons,6,5,2,7,5,2,7
Saxony,6,5,2,7,5,1,6
Saxony's,8,6,1,7,6,1,7
Sayers,6,5,1,6,5,1,6
Sayers's,8,2,0,2,2,0,2
Sb,2,2,4,6,2,4,6
Sb's,4,3,5,8,3,5,8
Scala,5,2,2,4,2,2,4
Scala's,7,3,1,4,3,2,5
Scandinavia,11,2,0,2,2,1,3
Scandinavia's,13,4,2,6,4,1,5
Scandinavian,12,3,1,4,3,1,4
Scandinavian's,14,4,1,5,3,1,4
Scandinavians,13,4,2,6,4,1,5
Scaramouch,10,3,2,5,3,2,5
Scaramouch's,12,3,1,4,2,1,3
Scarborough,11,2,2,4,2,2,4
Scarborough's,13,2,1,3,2,2,4
Scarlatti,9,3,1,4,3,1,4
Scarlatti's,11,3,1,4,2,2,4
Scheat,6,3,2,5,3,2,5
Scheat's,8,4,2,6,4,2,6
Schedar,7,5,0,5,5,0,5
Schedar's,9,4,0,4,4,0,4
Scheherazade,12,2,0,2,2,0,2
Scheherazade's,14,3,0,3,2,0,2
Schelling,9,6,1,7,6,1,7
Schelling's,11,7,0,7,5,1,6
Schenectady,11,3,1,4,3,0,3
Schenectady's,13,3,0,3,3,0,3
Schiaparelli,12,2,0,2,2,0,2
Schiaparelli's,14,3,0,3,2,0,2
Schick,6,3,4,7,3,4,7
Schick's,8,4,4,8,5,3,8
Schiller,8,4,1,5,5,0,5
Schiller's,10,5,0,5,5,0,5
Schindler,9,5,1,6,5,1,6
Schindler's,11,6,0,6,7,1,8
Schlesinger,11,3,0,3,3,0,3
Schlesinger's,13,3,1,4,3,0,3
Schliemann,10,3,0,3,3,0,3
Schliemann's,12,4,1,5,3,0,3
Schlitz,7,5,3,8,5,3,8
Schlitz's,9,6,3,9,6,3,9
Schmidt,7,5,3,8,5,3,8
Schmidt's,9,6,3,9,6,3,9
Schnabel,8,3,3,6,3,2,5
Schnabel's,10,3,1,4,3,1,4
Schnauzer,9,5,0,5,5,0,5
Schnauzer's,11,5,0,5,6,0,6
Schneider,9,4,0,4,4,0,4
Schneider's,11,5,0,5,5,0,5
Schoenberg,10,2,0,2,2,0,2
Schoenberg's,12,2,0,2,2,0,2
Schopenhauer,12,2,0,2,2,0,2
Schopenhauer's,14,3,0,3,2,0,2
Schrieffer,10,3,0,3,3,0,3
Schrieffer's,12,4,0,4,3,0,3
Schroeder,9,4,0,4,4,0,4
Schroeder's,11,5,0,5,5,0,5
Schrödinger,11,3,0,3,3,0,3
Schrödinger's,13,3,1,4,3,0,3
Schubert,8,4,1,5,4,1,5
Schubert's,10,5,1,6,5,0,5
Schultz,7,3,5,8,3,5,8
Schultz's,9,4,4,8,3,4,7
Schulz,6,2,5,7,2,5,7
Schulz's,8,5,4,9,4,5,9
Schumann,8,3,3,6,2,4,6
Schumann's,10,4,3,7,4,3,7
Schumpeter,10,3,0,3,2,1,3
Schumpeter's,12,2,0,2,2,0,2
Schuyler,8,5,2,7,5,1,6
Schuyler's,10,6,0,6,6,0,6
Schuylkill,10,4,2,6,3,2,5
Schuylkill's,12,3,2,5,3,2,5
Schwartz,8,7,2,9,7,2,9
Schwartz's,10,8,1,9,8,1,9
Schwarzenegger,14,2,0,2,2,1,3
Schwarzenegger's,16,3,0,3,2,1,3
Schwarzkopf,11,2,2,4,2,2,4
Schwarzkopf's,13,3,1,4,2,2,4
Schweitzer,10,3,0,3,3,1,4
Schweitzer's,12,3,0,3,3,0,3
Schweppes,9,4,0,4,4,1,5
Schweppes's,11,2,0,2,2,0,2
Schwinger,9,5,1,6,4,2,6
Schwinger's,11,5,0,5,7,1,8
Schwinn,7,3,1,4,3,1,4
Schwinn's,9,5,4,9,5,4,9
Scientology,11,3,0,3,3,0,3
Scientology's,13,3,0,3,2,1,3
Scipio,6,3,2,5,3,2,5
Scipio's,8,4,2,6,3,2,5
Scopes,6,5,5,10,5,5,10
Scopes's,8,5,0,5,5,0,5
Scorpio,7,3,2,5,3,2,5
Scorpio's,9,3,2,5,7,2,9
Scorpios,8,2,3,5,3,2,5
Scorpius,8,3,3,6,3,2,5
Scorpius's,10,2,1,3,3,0,3
Scorsese,8,2,0,2,2,0,2
Scorsese's,10,1,0,1,1,0,1
Scot,4,4,4,8,4,4,8
Scot's,6,5,2,7,5,2,7
Scotch,6,5,4,9,5,4,9
Scotch's,8,6,3,9,6,3,9
Scotches,8,6,2,8,4,1,5
Scotchman,9,3,2,5,3,2,5
Scotchman's,11,4,1,5,3,1,4
Scotchmen,9,3,2,5,3,3,6
Scotchmen's,11,4,1,5,3,1,4
Scotia,6,4,1,5,4,1,5
Scotia's,8,5,1,6,5,1,6
Scotland,8,5,2,7,4,2,6
Scotland's,10,6,1,7,4,2,6
Scots,5,4,2,6,4,2,6
Scotsman,8,2,1,3,2,2,4
Scotsman's,10,8,0,8,4,0,4
Scotsmen,8,3,0,3,3,0,3
Scotsmen's,10,7,1,8,3,1,4
Scotswoman,10,3,0,3,2,1,3
Scotswoman's,12,4,0,4,2,1,3
Scotswomen,10,3,1,4,3,0,3
Scotswomen's,12,3,1,4,3,0,3
Scott,5,3,2,5,3,2,5
Scott's,7,4,2,6,4,2,6
Scottie,7,3,2,5,4,2,6
Scottie's,9,5,3,8,4,2,6
Scottish,8,5,1,6,5,1,6
Scottish's,10,4,1,5,4,1,5
Scottsdale,10,3,0,3,3,0,3
Scottsdale's,12,2,0,2,2,0,2
Scotty,6,5,3,8,5,3,8
Scotty's,8,4,4,8,3,3,6
Scout,5,5,2,7,5,2,7
Scrabble,8,7,1,8,6,0,6
Scrabble's,10,8,0,8,8,0,8
Scranton,8,5,2,7,5,2,7
Scranton's,10,5,1,6,4,1,5
Scriabin,8,4,0,4,4,1,5
Scriabin's,10,4,2,6,2,2,4
Scribner,8,5,1,6,4,1,5
Scribner's,10,6,1,7,5,1,6
Scripture,9,4,1,5,4,1,5
Scripture's,11,5,1,6,4,0,4
Scriptures,10,4,1,5,5,0,5
Scrooge,7,5,1,6,3,2,5
Scrooge's,9,5,1,6,5,0,5
Scruggs,7,5,5,10,5,5,10
Scruggs's,9,2,2,4,2,2,4
Scud,4,4,7,11,4,7,11
Scud's,6,5,4,9,5,4,9
Sculley,7,4,3,7,4,2,6
Sculley's,9,6,3,9,5,1,6
Scylla,6,2,3,5,2,3,5
Scylla's,8,3,3,6,4,3,7
Scythia,7,3,1,4,3,1,4
Scythia's,9,4,1,5,3,1,4
Scythian,8,5,1,6,3,2,5
Scythian's,10,4,1,5,4,1,5
Se,2,2,7,9,2,7,9
Se's,4,3,1,4,3,0,3
Seaborg,7,4,1,5,4,1,5
Seaborg's,9,7,0,7,7,0,7
Seagram,7,3,0,3,3,0,3
Seagram's,9,4,0,4,4,0,4
Sean,4,4,6,10,4,0,4
Sean's,6,5,0,5,5,0,5
Sears,5,4,4,8,4,5,9
Sears's,7,3,0,3,3,0,3
Seattle,7,4,0,4,2,2,4
Seattle's,9,4,0,4,3,1,4
Sebastian,9,3,0,3,3,0,3
Sebastian's,11,2,0,2,2,0,2
Seconal,7,6,0,6,6,0,6
Seconal's,9,6,0,6,6,0,6
Secretariat,11,3,1,4,5,0,5
Secretariat's,13,3,0,3,3,0,3
Secretary,9,5,0,5,3,0,3
Seder,5,4,0,4,4,0,4
Seder's,7,5,1,6,5,0,5
Seders,6,4,0,4,4,0,4
Sedna,5,4,0,4,4,0,4
Sedna's,7,5,1,6,5,0,5
Seebeck,7,2,0,2,2,0,2
Seebeck's,9,2,0,2,2,0,2
Seeger,6,3,3,6,3,3,6
Seeger's,8,5,0,5,5,0,5
Sega,4,3,3,6,4,0,4
Sega's,6,4,0,4,4,0,4
Segovia,7,4,0,4,4,0,4
Segovia's,9,5,0,5,5,0,5
Segre,5,4,0,4,4,0,4
Segre's,7,5,1,6,4,0,4
Segundo,7,3,1,4,3,2,5
Segundo's,9,4,1,5,4,1,5
Seiko,5,4,1,5,4,1,5
Seiko's,7,5,1,6,5,1,6
Seine,5,4,1,5,4,1,5
Seine's,7,4,2,6,3,3,6
Seinfeld,8,3,0,3,3,0,3
Seinfeld's,10,3,0,3,3,0,3
Sejong,6,4,1,5,4,1,5
Sejong's,8,6,0,6,6,0,6
Selassie,8,2,0,2,2,0,2
Selassie's,10,1,0,1,1,0,1
Selectric,9,4,0,4,4,0,4
Selectric's,11,3,0,3,3,0,3
Selena,6,3,1,4,5,0,5
Selena's,8,6,0,6,6,0,6
Seleucid,8,3,1,4,3,0,3
Seleucid's,10,4,0,4,5,0,5
Seleucus,8,2,1,3,2,1,3
Seleucus's,10,2,0,2,2,1,3
Selim,5,4,2,6,4,2,6
Selim's,7,5,2,7,5,2,7
Seljuk,6,4,2,6,3,3,6
Seljuk's,8,5,2,7,5,2,7
Selkirk,7,3,3,6,3,2,5
Selkirk's,9,5,2,7,5,2,7
Sellers,7,4,1,5,4,0,4
Sellers's,9,4,0,4,3,0,3
Selma,5,4,2,6,3,3,6
Selma's,7,5,2,7,5,2,7
Selznick,8,4,0,4,4,0,4
Selznick's,10,5,0,5,5,0,5
Semarang,8,3,1,4,3,1,4
Semarang's,10,4,1,5,4,1,5
Seminole,8,5,0,5,5,1,6
Seminole's,10,4,0,4,6,1,7
Seminoles,9,3,0,3,5,1,6
Semiramis,9,3,1,4,3,1,4
Semiramis's,11,3,0,3,3,0,3
Semite,6,3,3,6,3,5,8
Semite's,8,4,1,5,4,1,5
Semites,7,3,2,5,3,2,5
Semitic,7,3,3,6,3,1,4
Semitic's,9,4,2,6,4,2,6
Semitics,8,3,2,5,3,2,5
Semtex,6,3,2,5,3,2,5
Semtex's,8,4,1,5,4,0,4
Senate,6,5,1,6,4,3,7
Senate's,8,5,0,5,5,0,5
Senates,7,5,1,6,4,1,5
Senator,7,3,0,3,3,0,3
Sendai,6,4,0,4,4,0,4
Sendai's,8,5,0,5,5,0,5
Seneca,6,3,1,4,3,0,3
Seneca's,8,3,0,3,3,0,3
Senecas,7,4,1,5,4,1,5
Senegal,7,3,0,3,3,0,3
Senegal's,9,4,0,4,4,0,4
Senegalese,10,2,0,2,2,0,2
Senegalese's,12,3,0,3,2,0,2
Senghor,7,3,1,4,4,2,6
Senghor's,9,5,1,6,5,1,6
Senior,6,4,0,4,4,0,4
Senior's,8,5,0,5,5,0,5
Sennacherib,11,4,0,4,2,0,2
Sennacherib's,13,3,1,4,2,0,2
Sennett,7,3,0,3,3,0,3
Sennett's,9,4,0,4,3,0,3
Sensurround,11,2,1,3,2,1,3
Sensurround's,13,4,0,4,2,1,3
Seoul,5,3,1,4,3,1,4
Seoul's,7,4,1,5,4,1,5
Sephardi,8,3,0,3,3,0,3
Sephardi's,10,3,0,3,3,0,3
Sepoy,5,4,1,5,4,1,5
Sepoy's,7,5,1,6,5,1,6
September,9,2,1,3,2,1,3
September's,11,2,0,2,2,0,2
Septembers,10,4,1,5,3,1,4
Septuagint,10,5,0,5,3,0,3
Septuagint's,12,3,0,3,3,0,3
Septuagints,11,4,0,4,4,0,4
Sequoya,7,7,0,7,7,0,7
Sequoya's,9,8,0,8,8,0,8
Serb,4,4,2,6,4,3,7
Serb's,6,5,1,6,5,2,7
Serbia,6,4,1,5,3,1,4
Serbia's,8,5,1,6,6,1,7
Serbian,7,4,0,4,4,0,4
Serbian's,9,5,0,5,5,0,5
Serbians,8,4,1,5,4,1,5
Serbs,5,4,4,8,4,4,8
Serena,6,3,0,3,4,1,5
Serena's,8,5,1,6,5,1,6
Serengeti,9,2,0,2,2,0,2
Serengeti's,11,2,0,2,2,0,2
Sergei,6,4,0,4,3,1,4
Sergei's,8,4,0,4,4,1,5
Sergio,6,3,2,5,3,2,5
Sergio's,8,4,2,6,5,2,7
Serpens,7,3,1,4,3,1,4
Serpens's,9,4,0,4,2,1,3
Serra,5,3,3,6,4,1,5
Serra's,7,4,3,7,5,1,6
Serrano,7,5,0,5,3,1,4
Serrano's,9,6,0,6,4,1,5
Set,3,3,4,7,3,2,5
Set's,5,4,3,7,3,3,6
Seth,4,3,1,4,3,1,4
Seth's,6,4,2,6,4,3,7
Seton,5,3,2,5,3,2,5
Seton's,7,4,2,6,4,2,6
Seurat,6,4,1,5,4,1,5
Seurat's,8,5,1,6,5,1,6
Seuss,5,2,0,2,2,0,2
Seuss's,7,2,0,2,2,0,2
Sevastopol,10,3,0,3,2,0,2
Sevastopol's,12,4,0,4,2,0,2
Severn,6,3,0,3,3,0,3
Severn's,8,3,0,3,3,0,3
Severus,7,2,2,4,2,2,4
Severus's,9,2,0,2,2,0,2
Seville,7,3,0,3,2,3,5
Seville's,9,4,0,4,3,1,4
Seward,6,3,1,4,4,1,5
Seward's,8,4,1,5,4,1,5
Sextans,7,4,2,6,4,2,6
Sextans's,9,3,0,3,3,0,3
Sexton,6,5,0,5,5,0,5
Sexton's,8,6,0,6,6,0,6
Seychelles,10,3,0,3,3,0,3
Seychelles's,12,2,0,2,2,0,2
Seyfert,7,4,0,4,4,0,4
Seyfert's,9,5,0,5,5,0,5
Seymour,7,5,2,7,3,3,6
Seymour's,9,6,1,7,4,2,6
Shackleton,10,3,0,3,3,0,3
Shackleton's,12,3,0,3,3,0,3
Shaffer,7,5,6,11,5,5,10
Shaffer's,9,6,4,10,6,5,11
Shaka,5,4,1,5,4,1,5
Shaka's,7,5,0,5,5,1,6
Shakespeare,11,2,0,2,2,0,2
Shakespeare's,13,3,1,4,2,1,3
Shakespearean,13,2,0,2,2,0,2
Shakespearean's,15,2,0,2,2,0,2
Shana,5,3,2,5,3,2,5
Shana's,7,4,1,5,4,2,6
Shane,5,5,1,6,5,1,6
Shane's,7,6,0,6,6,1,7
Shanghai,8,3,0,3,3,1,4
Shanghai's,10,4,1,5,3,1,4
Shankara,8,2,2,4,2,2,4
Shankara's,10,3,1,4,2,1,3
Shanna,6,4,1,5,4,1,5
Shanna's,8,5,1,6,3,1,4
Shannon,7,5,2,7,4,3,7
Shannon's,9,6,1,7,3,1,4
Shantung,8,2,3,5,3,2,5
Shantung's,10,6,1,7,6,1,7
Shapiro,7,4,3,7,4,3,7
Shapiro's,9,4,1,5,3,2,5
Shari,5,5,4,9,5,5,10
Shari'a,7,3,2,5,3,2,5
Shari'a's,9,2,1,3,3,1,4
Shari's,7,6,4,10,6,4,10
Sharif,6,5,2,7,5,2,7
Sharif's,8,6,1,7,4,3,7
Sharlene,8,4,1,5,4,0,4
Sharlene's,10,3,0,3,3,0,3
Sharon,6,4,3,7,4,3,7
Sharon's,8,5,2,7,6,1,7
Sharp,5,5,3,8,5,4,9
Sharp's,7,6,3,9,6,3,9
Sharpe,6,5,1,6,5,3,8
Sharpe's,8,7,0,7,7,1,8
Sharron,7,5,2,7,4,3,7
Sharron's,9,6,1,7,3,2,5
Shasta,6,2,1,3,2,1,3
Shasta's,8,2,1,3,2,1,3
Shaula,6,4,2,6,4,2,6
Shaula's,8,4,2,6,4,2,6
Shaun,5,5,2,7,5,2,7
Shaun's,7,6,2,8,6,2,8
Shauna,6,5,1,6,5,1,6
Shauna's,8,6,1,7,6,1,7
Shavian,7,4,1,5,4,1,5
Shavian's,9,5,1,6,3,2,5
Shavuot,7,6,3,9,3,5,8
Shavuot's,9,7,2,9,3,4,7
Shaw,4,3,3,6,3,3,6
Shaw's,6,5,3,8,5,3,8
Shawn,5,4,3,7,4,3,7
Shawn's,7,5,3,8,5,3,8
Shawna,6,4,2,6,4,2,6
Shawna's,8,5,2,7,5,2,7
Shawnee,7,3,0,3,4,0,4
Shawnee's,9,4,0,4,4,0,4
Shcharansky,11,2,0,2,2,0,2
Shcharansky's,13,2,0,2,2,0,2
Shea,4,4,1,5,3,3,6
Shea's,6,5,2,7,3,4,7
Sheba,5,4,2,6,3,1,4
Sheba's,7,4,1,5,4,1,5
Shebeli,7,3,0,3,3,0,3
Shebeli's,9,3,0,3,3,0,3
Sheena,6,3,1,4,3,1,4
Sheena's,8,4,0,4,2,1,3
Sheetrock,9,4,0,4,5,0,5
Sheetrock's,11,5,0,5,4,0,4
Sheffield,9,3,0,3,3,0,3
Sheffield's,11,4,0,4,4,0,4
Sheila,6,4,0,4,4,0,4
Sheila's,8,5,0,5,5,1,6
Shelby,6,5,0,5,5,0,5
Shelby's,8,6,0,6,6,1,7
Sheldon,7,5,1,6,3,3,6
Sheldon's,9,5,2,7,4,3,7
Shelia,6,4,1,5,4,1,5
Shelia's,8,5,1,6,5,2,7
Shell,5,4,1,5,4,0,4
Shell's,7,5,1,6,5,0,5
Shelley,7,2,3,5,2,3,5
Shelley's,9,3,2,5,3,2,5
Shelly,6,4,0,4,4,0,4
Shelly's,8,5,0,5,5,1,6
Shelton,7,3,1,4,3,1,4
Shelton's,9,5,0,5,5,0,5
Shenandoah,10,3,0,3,3,0,3
Shenandoah's,12,4,0,4,4,0,4
Shenyang,8,5,1,6,4,1,5
Shenyang's,10,6,0,6,6,0,6
Sheol,5,4,1,5,4,0,4
Sheol's,7,4,1,5,5,0,5
Shepard,7,3,2,5,5,2,7
Shepard's,9,6,1,7,6,1,7
Shepherd,8,3,1,4,3,0,3
Shepherd's,10,4,0,4,3,0,3
Sheppard,8,4,2,6,3,2,5
Sheppard's,10,4,1,5,4,2,6
Sheratan,8,4,1,5,4,0,4
Sheratan's,10,5,0,5,5,0,5
Sheraton,8,4,1,5,4,0,4
Sheraton's,10,5,0,5,5,0,5
Sheree,6,1,0,1,1,0,1
Sheree's,8,2,0,2,2,0,2
Sheri,5,5,3,8,5,3,8
Sheri's,7,6,3,9,6,3,9
Sheridan,8,3,0,3,5,0,5
Sheridan's,10,6,0,6,6,0,6
Sherlock,8,4,2,6,4,1,5
Sherlock's,10,5,1,6,5,1,6
Sherman,7,4,2,6,4,3,7
Sherman's,9,6,1,7,5,2,7
Sherpa,6,4,1,5,4,1,5
Sherpa's,8,5,1,6,6,0,6
Sherri,6,4,2,6,4,2,6
Sherri's,8,5,2,7,5,1,6
Sherrie,7,3,0,3,2,0,2
Sherrie's,9,4,0,4,3,0,3
Sherry,6,5,1,6,5,1,6
Sherry's,8,6,1,7,6,0,6
Sherwood,8,4,2,6,3,3,6
Sherwood's,10,5,1,6,5,1,6
Sheryl,6,4,0,4,4,0,4
Sheryl's,8,5,0,5,5,1,6
Shetland,8,5,1,6,3,1,4
Shetland's,10,6,0,6,6,0,6
Shetlands,9,3,2,5,3,2,5
Shetlands's,11,4,0,4,4,0,4
Shevardnadze,12,2,0,2,2,0,2
Shevardnadze's,14,3,0,3,2,0,2
Shevat,6,3,2,5,3,2,5
Shevat's,8,4,2,6,4,2,6
Shi'ite,7,4,2,6,2,3,5
Shi'ite's,9,3,0,3,3,1,4
Shields,7,3,2,5,3,2,5
Shields's,9,3,0,3,3,0,3
Shijiazhuang,12,2,1,3,2,1,3
Shijiazhuang's,14,3,1,4,2,1,3
Shikoku,7,2,3,5,2,3,5
Shikoku's,9,4,2,6,3,2,5
Shillong,8,3,2,5,4,1,5
Shillong's,10,5,2,7,4,2,6
Shiloh,6,3,3,6,3,3,6
Shiloh's,8,4,2,6,4,2,6
Shinto,6,3,3,6,3,3,6
Shinto's,8,5,2,7,4,3,7
Shintoism,9,2,1,3,3,0,3
Shintoism's,11,4,0,4,3,0,3
Shintoisms,10,2,1,3,3,0,3
Shintos,7,3,3,6,3,3,6
Shiraz,6,5,2,7,5,2,7
Shiraz's,8,6,2,8,6,2,8
Shirley,7,5,2,7,5,2,7
Shirley's,9,5,1,6,5,1,6
Shiva,5,4,1,5,4,1,5
Shiva's,7,5,0,5,5,1,6
Shockley,8,3,3,6,3,2,5
Shockley's,10,3,1,4,3,1,4
Short,5,5,3,8,5,3,8
Short's,7,6,2,8,6,2,8
Shorthorn,9,3,2,5,3,2,5
Shorthorn's,11,4,1,5,4,1,5
Shoshone,8,3,1,4,3,0,3
Shoshone's,10,4,0,4,3,0,3
Shostakovitch,13,2,0,2,2,0,2
Shostakovitch's,15,2,0,2,2,0,2
Shrek,5,5,0,5,5,0,5
Shrek's,7,6,1,7,6,0,6
Shreveport,10,2,0,2,2,0,2
Shreveport's,12,2,0,2,2,0,2
Shriner,7,5,1,6,5,1,6
Shriner's,9,6,0,6,6,0,6
Shropshire,10,3,0,3,3,0,3
Shropshire's,12,1,1,2,1,1,2
Shula,5,4,2,6,4,2,6
Shula's,7,5,2,7,5,2,7
Shylock,7,3,4,7,3,4,7
Shylock's,9,5,3,8,5,3,8
Shylockian,10,4,1,5,4,1,5
Shylockian's,12,3,1,4,4,1,5
Si,2,2,8,10,2,8,10
Si's,4,3,4,7,3,4,7
Siam,4,4,8,12,4,8,12
Siam's,6,5,7,12,5,7,12
Siamese,7,2,0,2,2,2,4
Siamese's,9,3,0,3,3,0,3
Sian,4,3,9,12,3,9,12
Sian's,6,4,8,12,4,8,12
Sibelius,8,3,1,4,3,1,4
Sibelius's,10,3,0,3,2,0,2
Siberia,7,5,0,5,4,0,4
Siberia's,9,6,0,6,6,0,6
Siberian,8,6,0,6,3,1,4
Siberian's,10,5,0,5,4,1,5
Sibyl,5,3,3,6,3,3,6
Sibyl's,7,4,3,7,4,3,7
Sicilian,8,2,0,2,2,1,3
Sicilian's,10,4,1,5,3,1,4
Sicilians,9,3,3,6,3,1,4
Sicily,6,2,3,5,2,3,5
Sicily's,8,3,3,6,3,3,6
Sid,3,3,5,8,3,5,8
Sid's,5,4,1,5,4,1,5
Siddhartha,10,3,1,4,3,1,4
Siddhartha's,12,3,1,4,2,1,3
Sidney,6,4,1,5,4,1,5
Sidney's,8,5,3,8,5,3,8
Siegfried,9,3,0,3,3,0,3
Siegfried's,11,3,0,3,2,1,3
Siemens,7,4,1,5,4,1,5
Siemens's,9,5,0,5,5,0,5
Sierpinski,10,2,0,2,2,0,2
Sierpinski's,12,2,0,2,2,0,2
Sigismund,9,2,0,2,2,0,2
Sigismund's,11,2,1,3,2,1,3
Sigmund,7,3,1,4,3,1,4
Sigmund's,9,3,3,6,2,3,5
Sigurd,6,2,4,6,2,4,6
Sigurd's,8,3,3,6,2,3,5
Sihanouk,8,3,1,4,2,2,4
Sihanouk's,10,4,1,5,3,1,4
Sikh,4,3,3,6,3,3,6
Sikh's,6,4,3,7,4,5,9
Sikhism,7,2,1,3,2,1,3
Sikhs,5,3,3,6,3,5,8
Sikkim,6,2,2,4,2,2,4
Sikkim's,8,3,2,5,2,3,5
Sikkimese,9,3,0,3,3,1,4
Sikkimese's,11,3,0,3,2,0,2
Sikorsky,8,2,0,2,2,0,2
Sikorsky's,10,3,0,3,2,1,3
Silas,5,2,1,3,2,1,3
Silas's,7,3,0,3,3,1,4
Silurian,8,5,1,6,3,1,4
Silurian's,10,4,1,5,3,1,4
Silva,5,4,1,5,4,1,5
Silva's,7,4,0,4,4,1,5
Silvia,6,3,1,4,3,1,4
Silvia's,8,4,1,5,3,1,4
Simenon,7,3,1,4,3,1,4
Simenon's,9,3,2,5,3,2,5
Simmental,9,3,0,3,3,0,3
Simmental's,11,5,0,5,4,0,4
Simmons,7,5,3,8,4,3,7
Simmons's,9,3,1,4,3,1,4
Simon,5,4,2,6,4,2,6
Simon's,7,5,2,7,5,2,7
Simone,6,3,2,5,3,2,5
Simone's,8,4,3,7,4,3,7
Simpson,7,5,1,6,5,2,7
Simpson's,9,6,1,7,6,2,8
Simpsons,8,5,1,6,5,1,6
Simpsons's,10,3,0,3,3,0,3
Sims,4,3,3,6,3,3,6
Sims's,6,3,2,5,3,2,5
Sinai,5,3,4,7,3,4,7
Sinai's,7,5,1,6,4,4,8
Sinatra,7,4,1,5,4,1,5
Sinatra's,9,6,1,7,3,1,4
Sinclair,8,2,0,2,2,1,3
Sinclair's,10,5,1,6,5,1,6
Sindbad,7,4,1,5,4,1,5
Sindbad's,9,5,1,6,5,2,7
Sindhi,6,2,2,4,2,2,4
Sindhi's,8,3,2,5,3,2,5
Singapore,9,5,0,5,5,0,5
Singapore's,11,6,0,6,6,0,6
Singer,6,6,0,6,6,1,7
Singer's,8,7,0,7,7,0,7
Singh,5,4,4,8,4,4,8
Singh's,7,5,4,9,5,4,9
Singleton,9,4,0,4,4,0,4
Singleton's,11,4,0,4,4,0,4
Sinhalese,9,3,0,3,3,1,4
Sinhalese's,11,4,0,4,3,0,3
Sinkiang,8,3,0,3,2,1,3
Sinkiang's,10,4,2,6,4,2,6
Sioux,5,3,5,8,3,5,8
Sioux's,7,4,4,8,4,4,8
Sirius,6,2,5,7,2,3,5
Sirius's,8,4,2,6,2,3,5
Sister,6,5,1,6,5,0,5
Sister's,8,5,0,5,5,0,5
Sisters,7,4,1,5,3,0,3
Sistine,7,3,0,3,3,1,4
Sistine's,9,4,0,4,2,0,2
Sisyphean,9,3,0,3,2,0,2
Sisyphean's,11,4,0,4,2,0,2
Sisyphus,8,2,1,3,1,2,3
Sisyphus's,10,1,0,1,1,0,1
Siva,4,4,4,8,4,4,8
Siva's,6,5,2,7,5,3,8
Sivan,5,3,4,7,3,4,7
Sivan's,7,5,2,7,4,4,8
Sjaelland,9,2,2,4,3,1,4
Sjaelland's,11,3,2,5,6,0,6
Skinner,7,6,2,8,6,2,8
Skinner's,9,7,1,8,6,2,8
Skippy,6,5,2,7,4,4,8
Skippy's,8,6,3,9,6,3,9
Skopje,6,4,3,7,4,3,7
Skopje's,8,5,3,8,5,3,8
Skye,4,4,4,8,4,4,8
Skye's,6,5,3,8,5,3,8
Skylab,6,5,3,8,5,3,8
Skylab's,8,6,3,9,6,3,9
Skype,5,4,3,7,4,3,7
Skype's,7,5,3,8,5,3,8
Slackware,9,3,0,3,3,0,3
Slackware's,11,4,0,4,4,0,4
Slashdot,8,1,2,3,1,2,3
Slashdot's,10,3,1,4,2,1,3
Slater,6,6,1,7,6,1,7
Slater's,8,7,1,8,7,1,8
Slav,4,4,3,7,4,3,7
Slav's,6,5,5,10,5,4,9
Slavic,6,5,3,8,3,3,6
Slavic's,8,6,2,8,5,3,8
Slavonic,8,3,0,3,3,1,4
Slavonic's,10,4,1,5,3,1,4
Slavs,5,4,2,6,4,2,6
Slinky,6,5,2,7,5,2,7
Slinky's,8,6,3,9,6,3,9
Sloan,5,3,3,6,3,3,6
Sloan's,7,4,3,7,4,3,7
Sloane,6,3,1,4,3,1,4
Sloane's,8,5,1,6,5,1,6
Slocum,6,2,5,7,3,4,7
Slocum's,8,4,4,8,3,3,6
Slovak,6,3,4,7,3,3,6
Slovak's,8,4,4,8,4,3,7
Slovakia,8,3,0,3,3,1,4
Slovakia's,10,3,1,4,2,1,3
Slovakian,9,4,1,5,4,1,5
Slovaks,7,3,3,6,3,3,6
Slovenia,8,4,0,4,3,0,3
Slovenia's,10,5,0,5,4,0,4
Slovenian,9,3,0,3,3,0,3
Slovenian's,11,5,0,5,4,0,4
Slovenians,10,5,0,5,4,0,4
Slurpee,7,2,1,3,2,1,3
Slurpee's,9,3,1,4,3,1,4
Small,5,4,4,8,4,3,7
Small's,7,5,4,9,4,4,8
Smetana,7,4,0,4,4,0,4
Smetana's,9,4,0,4,4,0,4
Smirnoff,8,3,2,5,3,3,6
Smirnoff's,10,4,2,6,4,3,7
Smith,5,4,3,7,4,4,8
Smith's,7,5,3,8,5,3,8
Smithson,8,2,0,2,2,0,2
Smithson's,10,3,0,3,3,1,4
Smithsonian,11,2,1,3,2,1,3
Smithsonian's,13,2,0,2,2,0,2
Smokey,6,4,5,9,3,5,8
Smokey's,8,4,4,8,4,4,8
Smolensk,8,2,0,2,2,0,2
Smolensk's,10,2,2,4,2,1,3
Smollett,8,3,2,5,3,1,4
Smollett's,10,5,0,5,3,0,3
Smuts,5,4,4,8,4,4,8
Smuts's,7,3,1,4,3,2,5
Sn,2,2,5,7,2,5,7
Sn's,4,2,6,8,2,6,8
Snake,5,5,2,7,5,2,7
Snake's,7,6,2,8,6,2,8
Snapple,7,5,0,5,5,1,6
Snapple's,9,6,1,7,6,3,9
Snead,5,5,3,8,5,3,8
Snead's,7,6,1,7,6,3,9
Snell,5,4,3,7,4,1,5
Snell's,7,5,2,7,5,1,6
Snickers,8,6,1,7,6,3,9
Snickers's,10,3,0,3,3,1,4
Snider,6,6,1,7,6,1,7
Snider's,8,7,0,7,7,0,7
Snoopy,6,4,3,7,5,3,8
Snoopy's,8,4,3,7,4,3,7
Snow,4,4,5,9,4,5,9
Snow's,6,5,3,8,5,3,8
Snowbelt,8,4,2,6,4,1,5
Snowbelt's,10,5,0,5,4,1,5
Snyder,6,3,5,8,3,5,8
Snyder's,8,4,4,8,4,5,9
Soave,5,5,3,8,5,3,8
Soave's,7,6,4,10,6,4,10
Socorro,7,2,3,5,2,3,5
Socorro's,9,3,2,5,2,2,4
Socrates,8,3,2,5,5,1,6
Socrates's,10,4,0,4,3,1,4
Socratic,8,4,0,4,4,1,5
Socratic's,10,4,1,5,3,2,5
Soddy,5,4,4,8,4,4,8
Soddy's,7,5,3,8,5,3,8
Sodom,5,3,2,5,3,2,5
Sodom's,7,4,2,6,4,2,6
Sofia,5,5,1,6,5,1,6
Sofia's,7,6,0,6,6,1,7
Soho,4,2,7,9,2,8,10
Soho's,6,4,2,6,4,2,6
Solis,5,3,1,4,3,1,4
Solis's,7,2,3,5,2,3,5
Solomon,7,2,3,5,2,3,5
Solomon's,9,3,2,5,2,2,4
Solon,5,2,3,5,2,3,5
Solon's,7,3,3,6,3,3,6
Solzhenitsyn,12,2,0,2,2,0,2
Solzhenitsyn's,14,1,0,1,1,0,1
Somali,6,2,3,5,3,2,5
Somali's,8,3,3,6,4,2,6
Somalia,7,5,1,6,5,1,6
Somalia's,9,3,2,5,7,1,8
Somalian,8,4,0,4,4,1,5
Somalian's,10,3,1,4,2,1,3
Somalians,9,3,2,5,6,2,8
Somalis,7,3,3,6,3,3,6
Somme,5,4,1,5,4,1,5
Somme's,7,4,2,6,4,2,6
Somoza,6,3,2,5,3,2,5
Somoza's,8,4,2,6,3,2,5
Son,3,3,4,7,3,4,7
Son's,5,4,2,6,4,2,6
Sondheim,8,3,1,4,3,2,5
Sondheim's,10,5,0,5,3,2,5
Sondra,6,3,2,5,3,2,5
Sondra's,8,4,2,6,3,2,5
Songhai,7,3,1,4,3,1,4
Songhai's,9,5,1,6,5,2,7
Songhua,7,2,2,4,2,2,4
Songhua's,9,3,2,5,3,2,5
Sonia,5,4,2,6,4,2,6
Sonia's,7,5,1,6,5,2,7
Sonja,5,5,3,8,5,3,8
Sonja's,7,6,3,9,6,3,9
Sonny,5,4,2,6,4,2,6
Sonny's,7,5,2,7,5,2,7
Sontag,6,5,1,6,5,1,6
Sontag's,8,6,1,7,6,1,7
Sony,4,4,3,7,4,3,7
Sony's,6,5,3,8,5,3,8
Sonya,5,4,4,8,4,4,8
Sonya's,7,5,4,9,5,4,9
Sophia,6,4,1,5,4,1,5
Sophia's,8,5,1,6,5,1,6
Sophie,6,4,4,8,4,5,9
Sophie's,8,6,2,8,6,2,8
Sophoclean,10,2,1,3,2,1,3
Sophoclean's,12,3,1,4,3,1,4
Sophocles,9,3,2,5,3,1,4
Sophocles's,11,2,0,2,2,0,2
Sopwith,7,3,3,6,3,3,6
Sopwith's,9,4,2,6,3,2,5
Sorbonne,8,3,2,5,3,1,4
Sorbonne's,10,5,1,6,5,0,5
Sosa,4,3,7,10,3,3,6
Sosa's,6,3,1,4,2,1,3
Soto,4,2,4,6,2,3,5
Soto's,6,4,3,7,4,3,7
Souphanouvong,13,2,0,2,2,2,4
Souphanouvong's,15,2,0,2,1,2,3
Sourceforge,11,2,1,3,2,0,2
Sourceforge's,13,2,1,3,2,0,2
Sousa,5,4,1,5,2,1,3
Sousa's,7,3,1,4,3,1,4
South,5,5,3,8,5,3,8
South's,7,6,3,9,6,3,9
Southampton,11,2,2,4,2,2,4
Southampton's,13,2,0,2,2,2,4
Southeast,9,2,0,2,6,0,6
Southeast's,11,5,1,6,6,1,7
Southeasts,10,2,1,3,3,1,4
Southerner,10,4,0,4,4,0,4
Southerner's,12,4,0,4,3,0,3
Southerners,11,3,0,3,3,0,3
Southey,7,2,4,6,2,4,6
Southey's,9,5,4,9,3,4,7
Souths,6,4,3,7,5,3,8
Southwest,9,4,0,4,6,0,6
Southwest's,11,5,1,6,6,1,7
Southwests,10,2,1,3,3,1,4
Soviet,6,5,3,8,5,3,8
Soviet's,8,6,1,7,6,1,7
Soweto,6,3,3,6,3,2,5
Soweto's,8,5,1,6,5,1,6
Soyinka,7,3,1,4,3,1,4
Soyinka's,9,4,1,5,3,1,4
Soyuz,5,3,2,5,3,2,5
Soyuz's,7,4,2,6,4,2,6
Spaatz,6,2,1,3,2,1,3
Spaatz's,8,3,1,4,2,1,3
Spackle,7,7,0,7,6,1,7
Spackle's,9,8,2,10,8,4,12
Spahn,5,4,2,6,4,2,6
Spahn's,7,5,2,7,5,2,7
Spain,5,5,3,8,5,3,8
Spain's,7,6,3,9,6,3,9
Spam,4,4,4,8,4,4,8
Spam's,6,5,1,6,5,1,6
Spaniard,8,3,2,5,3,2,5
Spaniard's,10,5,2,7,5,3,8
Spaniards,9,5,3,8,4,2,6
Spanish,7,4,1,5,5,2,7
Spanish's,9,5,0,5,5,0,5
Sparks,6,5,4,9,5,4,9
Sparks's,8,5,1,6,5,2,7
Sparta,6,3,2,5,3,2,5
Sparta's,8,4,2,6,3,3,6
Spartacus,9,3,3,6,6,1,7
Spartacus's,11,2,1,3,2,1,3
Spartan,7,3,2,5,3,2,5
Spartan's,9,4,2,6,5,2,7
Spartans,8,3,2,5,3,1,4
Spears,6,4,2,6,5,2,7
Spears's,8,5,0,5,5,0,5
Speer,5,4,1,5,4,1,5
Speer's,7,5,2,7,5,1,6
Spence,6,4,2,6,4,1,5
Spence's,8,5,1,6,5,1,6
Spencer,7,6,1,7,6,1,7
Spencer's,9,7,1,8,7,1,8
Spencerian,10,3,0,3,3,0,3
Spencerian's,12,2,0,2,2,0,2
Spengler,8,2,2,4,5,2,7
Spengler's,10,4,0,4,4,0,4
Spenglerian,11,3,0,3,2,0,2
Spenglerian's,13,3,1,4,2,0,2
Spenser,7,5,0,5,3,1,4
Spenser's,9,6,0,6,3,0,3
Spenserian,10,3,0,3,2,0,2
Spenserian's,12,4,0,4,2,0,2
Sperry,6,3,2,5,3,2,5
Sperry's,8,5,2,7,5,1,6
Sphinx,6,4,4,8,4,4,8
Sphinx's,8,5,3,8,4,4,8
Spica,5,3,2,5,3,2,5
Spica's,7,4,1,5,4,2,6
Spielberg,9,2,0,2,2,0,2
Spielberg's,11,2,0,2,2,0,2
Spillane,8,7,0,7,7,0,7
Spillane's,10,8,1,9,8,1,9
Spinoza,7,5,2,7,5,3,8
Spinoza's,9,4,1,5,4,2,6
Spinx,5,5,5,10,5,5,10
Spinx's,7,5,5,10,5,7,12
Spiro,5,2,2,4,2,2,4
Spiro's,7,3,2,5,3,2,5
Spirograph,10,4,1,5,3,2,5
Spirograph's,12,3,2,5,2,2,4
Spitsbergen,11,2,0,2,2,0,2
Spitsbergen's,13,2,0,2,2,0,2
Spitz,5,3,4,7,3,5,8
Spitz's,7,4,4,8,4,4,8
Spock,5,5,3,8,5,3,8
Spock's,7,6,3,9,6,3,9
Spokane,7,5,3,8,4,3,7
Spokane's,9,4,4,8,6,3,9
Springfield,11,3,0,3,3,0,3
Springfield's,13,2,1,3,3,0,3
Springsteen,11,3,0,3,2,0,2
Springsteen's,13,3,0,3,2,0,2
Sprint,6,6,3,9,6,3,9
Sprint's,8,6,2,8,7,2,9
Sprite,6,5,1,6,5,1,6
Sprite's,8,5,0,5,6,0,6
Sputnik,7,3,2,5,3,3,6
Sputnik's,9,4,3,7,3,3,6
Squanto,7,3,3,6,3,3,6
Squanto's,9,5,1,6,3,2,5
Squibb,6,3,5,8,3,5,8
Squibb's,8,6,4,10,6,4,10
Srinagar,8,3,1,4,3,2,5
Srinagar's,10,4,1,5,3,1,4
Srivijaya,9,3,1,4,3,1,4
Srivijaya's,11,3,2,5,3,2,5
Stacey,6,3,3,6,3,3,6
Stacey's,8,6,1,7,6,1,7
Staci,5,4,2,6,5,2,7
Staci's,7,6,1,7,6,2,8
Stacie,6,4,2,6,4,2,6
Stacie's,8,6,1,7,6,1,7
Stacy,5,4,4,8,5,3,8
Stacy's,7,6,2,8,6,3,9
Stael,5,4,2,6,4,2,6
Stael's,7,4,0,4,5,1,6
Stafford,8,6,2,8,4,2,6
Stafford's,10,8,2,10,7,2,9
StairMaster,11,2,0,2,2,0,2
StairMaster's,13,3,0,3,2,0,2
Stalin,6,3,4,7,3,3,6
Stalin's,8,4,3,7,5,3,8
Stalingrad,10,3,1,4,3,1,4
Stalingrad's,12,3,1,4,3,1,4
Stalinist,9,2,1,3,2,1,3
Stalinist's,11,3,0,3,2,0,2
Stallone,8,3,1,4,3,0,3
Stallone's,10,5,1,6,5,1,6
Stamford,8,8,2,10,8,2,10
Stamford's,10,8,2,10,4,2,6
Stan,4,4,5,9,4,5,9
Stan's,6,5,2,7,5,2,7
Standish,8,6,1,7,6,1,7
Standish's,10,7,0,7,7,0,7
Stanford,8,7,3,10,7,3,10
Stanford's,10,7,1,8,5,1,6
Stanislavsky,12,2,0,2,2,0,2
Stanislavsky's,14,2,0,2,2,0,2
Stanley,7,5,2,7,4,2,6
Stanley's,9,6,1,7,4,1,5
Stanton,7,4,3,7,4,3,7
Stanton's,9,5,2,7,4,1,5
Staples,7,6,2,8,6,1,7
Staples's,9,5,0,5,5,0,5
Starbucks,9,3,4,7,5,3,8
Starbucks's,11,2,1,3,2,1,3
Stark,5,5,1,6,4,1,5
Stark's,7,5,2,7,5,1,6
Starkey,7,5,1,6,5,1,6
Starkey's,9,5,1,6,6,0,6
Starr,5,4,5,9,4,1,5
Starr's,7,5,2,7,5,1,6
Staten,6,4,2,6,4,2,6
Staten's,8,4,1,5,4,1,5
Staubach,8,4,2,6,3,3,6
Staubach's,10,4,2,6,4,2,6
Steadicam,9,5,0,5,4,0,4
Steadicam's,11,5,0,5,4,0,4
Steele,6,3,1,4,3,1,4
Steele's,8,4,0,4,3,0,3
Stefan,6,3,1,4,3,1,4
Stefan's,8,5,1,6,5,2,7
Stefanie,8,3,1,4,2,0,2
Stefanie's,10,4,0,4,3,0,3
Stein,5,5,0,5,5,2,7
Stein's,7,6,2,8,6,2,8
Steinbeck,9,5,0,5,3,1,4
Steinbeck's,11,6,0,6,4,1,5
Steinem,7,4,2,6,4,2,6
Steinem's,9,5,1,6,5,1,6
Steiner,7,5,0,5,5,2,7
Steiner's,9,6,0,6,6,0,6
Steinmetz,9,5,0,5,3,1,4
Steinmetz's,11,6,0,6,4,1,5
Steinway,8,4,0,4,3,0,3
Steinway's,10,4,0,4,4,0,4
Stella,6,5,1,6,3,2,5
Stella's,8,5,1,6,5,2,7
Stendhal,8,3,1,4,4,0,4
Stendhal's,10,5,0,5,5,0,5
Stengel,7,4,2,6,4,2,6
Stengel's,9,5,1,6,5,1,6
Stephan,7,4,0,4,4,0,4
Stephan's,9,7,0,7,5,1,6
Stephanie,9,4,0,4,4,0,4
Stephanie's,11,6,0,6,4,0,4
Stephen,7,5,2,7,5,2,7
Stephen's,9,6,1,7,6,1,7
Stephens,8,2,2,4,2,2,4
Stephens's,10,2,0,2,2,1,3
Stephenson,10,2,1,3,2,1,3
Stephenson's,12,2,1,3,2,1,3
Sterling,8,7,1,8,8,0,8
Sterling's,10,6,0,6,6,0,6
Stern,5,4,1,5,4,3,7
Stern's,7,5,3,8,5,3,8
Sterne,6,4,1,5,4,1,5
Sterne's,8,5,0,5,4,0,4
Sterno,6,3,2,5,3,2,5
Sterno's,8,4,2,6,4,1,5
Stetson,7,4,1,5,3,0,3
Stetson's,9,5,1,6,5,0,5
Steuben,7,4,3,7,4,3,7
Steuben's,9,5,2,7,5,2,7
Steve,5,4,0,4,4,0,4
Steve's,7,5,1,6,5,0,5
Steven,6,4,1,5,4,1,5
Steven's,8,5,0,5,5,0,5
Stevens,7,3,2,5,3,2,5
Stevens's,9,4,1,5,4,1,5
Stevenson,9,2,0,2,2,0,2
Stevenson's,11,2,0,2,2,0,2
Stevie,6,3,1,4,3,2,5
Stevie's,8,4,2,6,4,2,6
Stewart,7,3,0,3,3,0,3
Stewart's,9,4,0,4,4,0,4
Stieglitz,9,4,0,4,4,0,4
Stieglitz's,11,4,0,4,4,0,4
Stilton,7,4,1,5,4,1,5
Stilton's,9,4,2,6,3,2,5
Stimson,7,4,1,5,4,1,5
Stimson's,9,5,1,6,6,0,6
Stine,5,5,4,9,5,4,9
Stine's,7,6,3,9,6,3,9
Stirling,8,7,0,7,7,1,8
Stirling's,10,6,4,10,6,3,9
Stockhausen,11,2,0,2,2,0,2
Stockhausen's,13,2,0,2,2,0,2
Stockholm,9,3,2,5,3,2,5
Stockholm's,11,4,1,5,3,1,4
Stockton,8,3,3,6,3,3,6
Stockton's,10,5,2,7,4,2,6
Stoic,5,4,2,6,4,2,6
Stoic's,7,5,2,7,5,2,7
Stoicism,8,3,1,4,3,1,4
Stoicism's,10,3,1,4,3,0,3
Stokes,6,5,4,9,5,4,9
Stokes's,8,4,1,5,4,1,5
Stolichnaya,11,3,0,3,2,1,3
Stolichnaya's,13,2,1,3,3,1,4
Stolypin,8,3,2,5,3,2,5
Stolypin's,10,4,2,6,4,2,6
Stone,5,5,1,6,5,1,6
Stone's,7,6,2,8,6,2,8
Stonehenge,10,2,0,2,2,0,2
Stonehenge's,12,2,0,2,2,0,2
Stoppard,8,2,4,6,3,3,6
Stoppard's,10,3,4,7,3,4,7
Stout,5,3,2,5,3,2,5
Stout's,7,4,2,6,4,2,6
Stowe,5,5,2,7,5,2,7
Stowe's,7,6,3,9,6,3,9
Strabo,6,4,2,6,4,2,6
Strabo's,8,5,2,7,5,2,7
Stradivarius,12,1,3,4,2,1,3
Stradivarius's,14,2,0,2,2,0,2
Strasbourg,10,3,0,3,2,1,3
Strasbourg's,12,4,0,4,2,1,3
Strauss,7,3,1,4,3,1,4
Strauss's,9,1,1,2,1,1,2
Stravinsky,10,2,0,2,2,0,2
Stravinsky's,12,2,0,2,2,0,2
Streisand,9,4,0,4,3,0,3
Streisand's,11,4,0,4,3,0,3
Strickland,10,3,1,4,3,1,4
Strickland's,12,4,1,5,3,1,4
Strindberg,10,3,0,3,3,0,3
Strindberg's,12,4,0,4,4,0,4
Stromboli,9,3,1,4,3,1,4
Stromboli's,11,4,1,5,2,1,3
Strong,6,5,3,8,5,3,8
Strong's,8,6,3,9,5,4,9
Stu,3,2,6,8,2,6,8
Stu's,5,4,4,8,4,4,8
Stuart,6,4,1,5,4,1,5
Stuart's,8,5,1,6,5,1,6
Stuarts,7,3,2,5,3,2,5
Studebaker,10,3,0,3,3,0,3
Studebaker's,12,3,0,3,3,0,3
Stuttgart,9,2,3,5,2,3,5
Stuttgart's,11,3,1,4,2,3,5
Stuyvesant,10,2,1,3,2,1,3
Stuyvesant's,12,2,0,2,2,0,2
Stygian,7,4,1,5,4,1,5
Stygian's,9,5,1,6,5,2,7
Styrofoam,9,2,2,4,2,2,4
Styrofoam's,11,4,1,5,2,1,3
Styrofoams,10,2,2,4,3,1,4
Styron,6,3,4,7,3,4,7
Styron's,8,5,3,8,4,4,8
Styx,4,2,5,7,2,5,7
Styx's,6,3,5,8,2,5,7
Suarez,6,4,1,5,4,1,5
Suarez's,8,5,0,5,5,0,5
Subaru,6,4,1,5,4,1,5
Subaru's,8,5,1,6,5,1,6
Sucre,5,4,4,8,4,4,8
Sucre's,7,5,4,9,5,4,9
Sucrets,7,4,1,5,4,1,5
Sucrets's,9,4,0,4,3,0,3
Sudan,5,4,2,6,4,2,6
Sudan's,7,6,1,7,5,2,7
Sudanese,8,2,0,2,2,0,2
Sudanese's,10,4,0,4,2,1,3
Sudetenland,11,3,1,4,3,0,3
Sudetenland's,13,3,0,3,3,0,3
Sudoku,6,3,4,7,3,4,7
Sudoku's,8,3,4,7,3,4,7
Sudra,5,4,2,6,4,2,6
Sudra's,7,5,2,7,5,2,7
Sue,3,3,3,6,3,3,6
Sue's,5,4,4,8,4,4,8
Suetonius,9,4,1,5,4,1,5
Suetonius's,11,4,0,4,4,0,4
Suez,4,3,4,7,3,4,7
Suez's,6,4,3,7,4,4,8
Suffolk,7,4,3,7,4,3,7
Suffolk's,9,5,2,7,5,2,7
Sufi,4,3,3,6,3,3,6
Sufi's,6,3,3,6,3,4,7
Sufism,6,4,2,6,4,2,6
Sufism's,8,5,1,6,5,1,6
Suharto,7,6,2,8,6,2,8
Suharto's,9,7,1,8,7,1,8
Sui,3,2,5,7,2,5,7
Sui's,5,3,6,9,2,7,9
Sukarno,7,5,3,8,5,3,8
Sukarno's,9,6,2,8,6,2,8
Sukkot,6,4,3,7,4,3,7
Sukkoth,7,4,3,7,4,3,7
Sukkoth's,9,5,2,7,5,2,7
Sukkoths,8,4,3,7,4,3,7
Sulawesi,8,2,1,3,2,1,3
Sulawesi's,10,4,0,4,2,0,2
Suleiman,8,3,0,3,3,0,3
Suleiman's,10,4,0,4,3,0,3
Sulla,5,3,3,6,3,3,6
Sulla's,7,4,3,7,4,3,7
Sullivan,8,2,3,5,3,1,4
Sullivan's,10,6,1,7,4,1,5
Sumatra,7,2,2,4,2,2,4
Sumatra's,9,5,2,7,2,2,4
Sumeria,7,5,0,5,4,0,4
Sumeria's,9,6,0,6,6,0,6
Sumerian,8,4,2,6,5,0,5
Sumerian's,10,6,0,6,4,0,4
Summer,6,5,4,9,5,4,9
Summer's,8,6,3,9,5,2,7
Summers,7,5,3,8,5,3,8
Summers's,9,4,1,5,5,0,5
Sumner,6,4,6,10,4,6,10
Sumner's,8,7,3,10,7,2,9
Sumter,6,5,3,8,5,3,8
Sumter's,8,6,4,10,6,3,9
Sunbeam,7,6,1,7,5,2,7
Sunbeam's,9,7,0,7,5,1,6
Sunbelt,7,5,2,7,4,1,5
Sunbelt's,9,6,1,7,5,0,5
Sundanese,9,2,1,3,2,2,4
Sundanese's,11,4,1,5,2,2,4
Sundas,6,3,2,5,3,1,4
Sundas's,8,3,1,4,2,2,4
Sunday,6,3,2,5,3,2,5
Sunday's,8,4,2,6,4,2,6
Sundays,7,3,2,5,3,2,5
Sung,4,4,4,8,4,4,8
Sung's,6,4,5,9,4,5,9
Sunkist,7,4,2,6,3,2,5
Sunkist's,9,6,1,7,4,2,6
Sunni,5,3,3,6,3,3,6
Sunni's,7,3,3,6,3,3,6
Sunnyvale,9,4,1,5,4,1,5
Sunnyvale's,11,5,1,6,4,1,5
Superbowl,9,7,1,8,3,2,5
Superbowl's,11,8,1,9,4,0,4
Superfund,9,5,1,6,3,2,5
Superfund's,11,6,1,7,4,2,6
Superglue,9,3,0,3,3,0,3
Superglue's,11,5,0,5,4,0,4
Superior,8,3,1,4,4,0,4
Superior's,10,6,0,6,4,0,4
Superman,8,6,1,7,6,1,7
Superman's,10,5,1,6,6,1,7
Surabaya,8,2,2,4,2,2,4
Surabaya's,10,3,1,4,2,1,3
Surat,5,5,1,6,5,1,6
Surat's,7,5,0,5,6,1,7
Surinam,7,4,2,6,4,1,5
Surinam's,9,4,1,5,4,2,6
Suriname,8,3,1,4,5,0,5
Suriname's,10,5,1,6,4,2,6
Surya,5,4,2,6,4,2,6
Surya's,7,5,2,7,5,2,7
Susan,5,3,0,3,3,0,3
Susan's,7,4,0,4,4,1,5
Susana,6,2,1,3,2,1,3
Susana's,8,3,1,4,2,1,3
Susanna,7,4,0,4,2,1,3
Susanna's,9,1,1,2,3,0,3
Susanne,7,4,0,4,4,1,5
Susanne's,9,4,0,4,3,0,3
Susie,5,3,1,4,3,1,4
Susie's,7,4,1,5,3,0,3
Susquehanna,11,2,0,2,2,0,2
Susquehanna's,13,1,0,1,1,0,1
Sussex,6,2,2,4,2,2,4
Sussex's,8,2,0,2,2,0,2
Sutherland,10,4,1,5,4,1,5
Sutherland's,12,4,0,4,4,0,4
Sutton,6,4,3,7,4,3,7
Sutton's,8,4,4,8,4,3,7
Suva,4,3,6,9,3,6,9
Suva's,6,4,3,7,4,4,8
Suwanee,7,3,0,3,2,0,2
Suwanee's,9,4,0,4,4,0,4
Suzanne,7,3,3,6,4,1,5
Suzanne's,9,5,2,7,4,3,7
Suzette,7,2,1,3,3,2,5
Suzette's,9,3,2,5,4,2,6
Suzhou,6,3,3,6,3,3,6
Suzhou's,8,4,4,8,3,3,6
Suzuki,6,2,2,4,2,2,4
Suzuki's,8,3,2,5,3,3,6
Suzy,4,3,6,9,3,6,9
Suzy's,6,4,6,10,4,6,10
Svalbard,8,4,3,7,3,3,6
Svalbard's,10,6,1,7,6,2,8
Sven,4,3,5,8,3,5,8
Sven's,6,4,4,8,4,5,9
Svengali,8,3,0,3,4,0,4
Svengali's,10,5,0,5,5,0,5
Swahili,7,2,1,3,2,1,3
Swahili's,9,4,2,6,2,4,6
Swahilis,8,3,3,6,3,1,4
Swammerdam,10,3,1,4,3,2,5
Swammerdam's,12,5,0,5,2,2,4
Swanee,6,3,0,3,3,0,3
Swanee's,8,3,0,3,3,0,3
Swansea,7,2,1,3,3,0,3
Swansea's,9,3,1,4,3,0,3
Swanson,7,2,0,2,3,1,4
Swanson's,9,2,0,2,2,0,2
Swazi,5,5,7,12,5,6,11
Swazi's,7,4,6,10,4,6,10
Swaziland,9,3,1,4,3,1,4
Swaziland's,11,3,2,5,2,2,4
Swede,5,4,1,5,4,1,5
Swede's,7,5,2,7,5,1,6
Sweden,6,3,0,3,3,0,3
Sweden's,8,4,1,5,4,1,5
Swedenborg,10,2,0,2,2,0,2
Swedenborg's,12,2,0,2,2,0,2
Swedes,6,3,1,4,3,1,4
Swedish,7,2,0,2,2,0,2
Swedish's,9,4,1,5,4,1,5
Sweeney,7,4,2,6,4,2,6
Sweeney's,9,3,1,4,3,1,4
Sweet,5,4,0,4,4,0,4
Sweet's,7,5,1,6,5,0,5
Swift,5,5,3,8,5,4,9
Swift's,7,6,3,9,6,3,9
Swinburne,9,3,1,4,3,1,4
Swinburne's,11,4,1,5,3,0,3
Swiss,5,1,1,2,1,1,2
Swiss's,7,1,1,2,1,1,2
Swissair,8,2,0,2,2,0,2
Swissair's,10,2,0,2,2,0,2
Swisses,7,2,0,2,2,0,2
Switzerland,11,7,0,7,4,0,4
Switzerland's,13,8,0,8,3,0,3
Sybil,5,3,4,7,3,4,7
Sybil's,7,4,4,8,4,4,8
Sydney,6,4,1,5,4,1,5
Sydney's,8,4,3,7,4,3,7
Sykes,5,3,3,6,3,3,6
Sykes's,7,3,2,5,2,0,2
Sylvester,9,5,1,6,3,1,4
Sylvester's,11,4,1,5,3,0,3
Sylvia,6,3,2,5,3,2,5
Sylvia's,8,4,2,6,4,2,6
Sylvie,6,4,3,7,4,3,7
Sylvie's,8,5,3,8,5,3,8
Synge,5,3,3,6,3,3,6
Synge's,7,4,3,7,4,3,7
Syracuse,8,3,0,3,3,0,3
Syracuse's,10,4,0,4,3,1,4
Syria,5,3,2,5,3,2,5
Syria's,7,5,1,6,4,2,6
Syriac,6,4,2,6,4,2,6
Syriac's,8,5,2,7,5,2,7
Syrian,6,4,2,6,4,1,5
Syrian's,8,5,1,6,5,1,6
Syrians,7,4,2,6,4,2,6
Szechuan,8,3,1,4,5,0,5
Szechuan's,10,6,0,6,6,0,6
Szilard,7,3,2,5,3,2,5
Szilard's,9,6,1,7,5,3,8
Szymborska,10,2,1,3,1,2,3
Szymborska's,12,3,0,3,1,2,3
Sèvres,6,3,3,6,3,3,6
Sèvres's,8,3,1,4,3,1,4
T,1,1,19,20,1,19,20
T'ang,5,5,4,9,5,5,10
T'ang's,7,2,1,3,3,1,4
T's,3,3,18,21,3,18,21
TWA,3,1,6,7,1,6,7
TWA's,5,5,3,8,4,3,7
Tabasco,7,3,1,4,3,1,4
Tabasco's,9,3,2,5,3,0,3
Tabatha,7,2,3,5,2,2,4
Tabatha's,9,4,1,5,4,1,5
Tabitha,7,3,3,6,3,3,6
Tabitha's,9,5,2,7,4,2,6
Tabriz,6,5,4,9,5,4,9
Tabriz's,8,5,3,8,7,3,10
Tacitus,7,4,4,8,4,4,8
Tacitus's,9,4,1,5,5,1,6
Tacoma,6,3,4,7,3,4,7
Tacoma's,8,5,3,8,5,3,8
Tad,3,3,3,6,3,2,5
Tad's,5,5,2,7,5,2,7
Tadzhik,7,4,3,7,3,5,8
Tadzhik's,9,5,3,8,5,3,8
Tadzhikistan,12,2,0,2,2,0,2
Tadzhikistan's,14,3,0,3,2,0,2
Taegu,5,2,1,3,2,1,3
Taegu's,7,4,0,4,4,0,4
Taejon,6,5,2,7,5,2,7
Taejon's,8,7,1,8,7,1,8
Taft,4,3,5,8,3,5,8
Taft's,6,4,5,9,5,4,9
Tagalog,7,3,3,6,3,3,6
Tagalog's,9,5,2,7,4,3,7
Tagore,6,4,3,7,3,4,7
Tagore's,8,6,3,9,6,2,8
Tagus,5,5,5,10,5,5,10
Tagus's,7,4,5,9,4,5,9
Tahiti,6,2,5,7,2,5,7
Tahiti's,8,5,2,7,4,4,8
Tahitian,8,4,3,7,4,3,7
Tahitian's,10,4,2,6,6,1,7
Tahitians,9,3,2,5,5,1,6
Tahoe,5,4,5,9,4,5,9
Tahoe's,7,6,5,11,6,5,11
Taichung,8,4,2,6,4,2,6
Taichung's,10,5,2,7,4,2,6
Taine,5,4,4,8,4,5,9
Taine's,7,6,5,11,6,5,11
Taipei,6,2,5,7,2,5,7
Taipei's,8,4,3,7,4,3,7
Taiping,7,5,3,8,5,3,8
Taiping's,9,6,2,8,6,2,8
Taiwan,6,3,5,8,4,3,7
Taiwan's,8,5,4,9,6,2,8
Taiwanese,9,3,0,3,3,0,3
Taiwanese's,11,4,0,4,3,0,3
Taiyuan,7,3,2,5,3,2,5
Taiyuan's,9,6,1,7,5,2,7
Tajikistan,10,3,0,3,2,1,3
Tajikistan's,12,3,0,3,3,1,4
Taklamakan,10,1,4,5,1,3,4
Taklamakan's,12,2,1,3,2,2,4
Talbot,6,3,6,9,3,5,8
Talbot's,8,5,3,8,5,4,9
Taliban,7,5,3,8,5,3,8
Taliban's,9,5,2,7,5,2,7
Taliesin,8,3,0,3,3,0,3
Taliesin's,10,3,0,3,3,0,3
Tallahassee,11,2,0,2,2,0,2
Tallahassee's,13,2,0,2,2,0,2
Tallchief,9,3,3,6,3,3,6
Tallchief's,11,5,1,6,3,2,5
Talley,6,3,3,6,3,3,6
Talley's,8,5,1,6,5,1,6
Talleyrand,10,3,2,5,4,1,5
Talleyrand's,12,6,0,6,5,0,5
Tallinn,7,2,2,4,2,2,4
Tallinn's,9,4,1,5,4,1,5
Talmud,6,3,6,9,3,5,8
Talmud's,8,5,4,9,5,4,9
Talmudic,8,3,3,6,5,2,7
Talmuds,7,4,4,8,4,4,8
Tamara,6,3,2,5,3,2,5
Tamara's,8,5,1,6,5,1,6
Tameka,6,5,1,6,5,1,6
Tameka's,8,7,0,7,7,1,8
Tamera,6,4,2,6,4,2,6
Tamera's,8,6,1,7,6,2,8
Tamerlane,9,3,1,4,3,1,4
Tamerlane's,11,6,0,6,6,0,6
Tami,4,4,5,9,4,5,9
Tami's,6,6,5,11,6,4,10
Tamika,6,3,3,6,3,3,6
Tamika's,8,5,2,7,5,2,7
Tamil,5,4,6,10,4,6,10
Tamil's,7,5,4,9,5,3,8
Tammany,7,3,5,8,3,4,7
Tammany's,9,5,3,8,5,3,8
Tammi,5,3,5,8,3,5,8
Tammi's,7,5,4,9,6,3,9
Tammie,6,4,5,9,4,4,8
Tammie's,8,6,4,10,6,4,10
Tammuz,6,2,5,7,2,5,7
Tammuz's,8,5,4,9,4,4,8
Tammy,5,4,4,8,4,4,8
Tammy's,7,6,3,9,5,4,9
Tampa,5,4,2,6,4,2,6
Tampa's,7,6,1,7,6,1,7
Tampax,6,2,5,7,2,6,8
Tampax's,8,4,4,8,4,5,9
Tamra,5,3,3,6,3,3,6
Tamra's,7,5,2,7,5,2,7
Tamworth,8,5,3,8,4,3,7
Tamworth's,10,5,2,7,5,2,7
Tancred,7,5,4,9,5,4,9
Tancred's,9,5,1,6,5,1,6
Taney,5,4,4,8,4,4,8
Taney's,7,6,2,8,6,2,8
Tanganyika,10,2,2,4,2,2,4
Tanganyika's,12,2,1,3,3,1,4
Tangiers,8,7,2,9,6,1,7
Tangiers's,10,4,0,4,4,0,4
Tangshan,8,2,3,5,3,2,5
Tangshan's,10,4,1,5,3,2,5
Tania,5,4,4,8,4,4,8
Tania's,7,6,3,9,6,3,9
Tanisha,7,4,1,5,3,1,4
Tanisha's,9,5,0,5,5,0,5
Tanner,6,5,1,6,5,1,6
Tanner's,8,7,0,7,7,0,7
Tannhäuser,10,2,0,2,3,1,4
Tannhäuser's,12,2,0,2,3,0,3
Tantalus,8,4,3,7,4,3,7
Tantalus's,10,4,2,6,2,3,5
Tanya,5,3,5,8,3,5,8
Tanya's,7,5,4,9,5,4,9
Tanzania,8,2,2,4,2,2,4
Tanzania's,10,3,1,4,3,1,4
Tanzanian,9,2,2,4,2,2,4
Tanzanian's,11,4,1,5,3,1,4
Tanzanians,10,3,1,4,3,1,4
Tao,3,3,4,7,3,3,6
Tao's,5,5,3,8,5,3,8
Taoism,6,5,3,8,5,3,8
Taoism's,8,6,1,7,6,1,7
Taoisms,7,5,2,7,5,2,7
Taoist,6,4,3,7,4,3,7
Taoist's,8,5,1,6,5,1,6
Taoists,7,4,2,6,4,2,6
Tara,4,3,5,8,3,6,9
Tara's,6,5,5,10,5,5,10
Tarantino,9,3,3,6,4,2,6
Tarantino's,11,4,1,5,3,1,4
Tarawa,6,2,4,6,2,4,6
Tarawa's,8,4,3,7,4,3,7
Tarazed,7,5,1,6,4,2,6
Tarazed's,9,6,0,6,6,0,6
Tarbell,7,5,2,7,5,1,6
Tarbell's,9,7,1,8,7,0,7
Target,6,4,4,8,4,3,7
Target's,8,6,2,8,6,1,7
Tarim,5,4,6,10,4,6,10
Tarim's,7,5,6,11,5,6,11
Tarkenton,9,4,1,5,3,1,4
Tarkenton's,11,6,0,6,4,0,4
Tarkington,10,5,2,7,4,2,6
Tarkington's,12,6,1,7,5,1,6
Tartar,6,2,4,6,2,4,6
Tartar's,8,4,3,7,4,3,7
Tartars,7,3,3,6,3,3,6
Tartary,7,3,4,7,2,4,6
Tartary's,9,5,2,7,4,3,7
Tartuffe,8,5,3,8,3,3,6
Tartuffe's,10,7,2,9,6,0,6
Tarzan,6,4,3,7,3,4,7
Tarzan's,8,6,2,8,5,3,8
Tasha,5,3,1,4,3,1,4
Tasha's,7,4,1,5,4,2,6
Tashkent,8,3,0,3,3,0,3
Tashkent's,10,4,0,4,3,0,3
Tasman,6,2,3,5,2,3,5
Tasman's,8,3,3,6,3,2,5
Tasmania,8,3,1,4,3,1,4
Tasmania's,10,4,1,5,3,1,4
Tasmanian,9,4,1,5,4,1,5
Tasmanian's,11,3,1,4,3,1,4
Tass,4,3,2,5,3,3,6
Tass's,6,4,3,7,4,3,7
Tatar,5,3,4,7,3,3,6
Tatar's,7,5,3,8,5,1,6
Tatars,6,3,4,7,3,4,7
Tate,4,3,4,7,3,2,5
Tate's,6,5,7,12,5,5,10
Tatum,5,2,5,7,2,5,7
Tatum's,7,4,3,7,4,3,7
Taurus,6,4,4,8,3,5,8
Taurus's,8,4,3,7,4,2,6
Tauruses,8,5,0,5,4,1,5
Tawney,6,4,5,9,4,5,9
Tawney's,8,6,3,9,6,3,9
Taylor,6,5,4,9,5,4,9
Taylor's,8,8,1,9,7,3,10
Tb,2,2,11,13,2,11,13
Tb's,4,4,10,14,4,10,14
Tbilisi,7,2,1,3,2,1,3
Tbilisi's,9,3,0,3,3,1,4
Tchaikovsky,11,3,1,4,2,1,3
Tchaikovsky's,13,2,0,2,2,0,2
Teasdale,8,3,0,3,3,0,3
Teasdale's,10,2,1,3,2,1,3
Technicolor,11,2,2,4,4,1,5
Technicolor's,13,5,0,5,4,0,4
Tecumseh,8,4,0,4,3,0,3
Tecumseh's,10,2,0,2,2,0,2
Ted,3,2,4,6,3,2,5
Ted's,5,5,3,8,5,3,8
Teddy,5,3,5,8,3,4,7
Teddy's,7,5,4,9,5,3,8
Teflon,6,4,4,8,4,4,8
Teflon's,8,6,3,9,6,3,9
Teflons,7,5,3,8,5,3,8
Tegucigalpa,11,2,1,3,4,1,5
Tegucigalpa's,13,5,0,5,3,1,4
Teheran,7,3,2,5,3,2,5
Teheran's,9,5,1,6,5,1,6
Tehran,6,4,1,5,4,1,5
TelePrompter,12,2,2,4,3,2,5
TelePrompter's,14,4,0,4,4,1,5
Telemachus,10,5,1,6,4,2,6
Telemachus's,12,2,1,3,2,1,3
Telemann,8,2,2,4,2,2,4
Telemann's,10,4,1,5,3,1,4
Teletype,8,2,2,4,2,1,3
Tell,4,3,5,8,3,4,7
Tell's,6,5,5,10,5,5,10
Teller,6,4,0,4,4,1,5
Teller's,8,6,1,7,6,0,6
Telugu,6,2,5,7,2,5,7
Telugu's,8,4,4,8,4,4,8
Tempe,5,2,3,5,2,5,7
Templar,7,5,2,7,6,2,8
Templar's,9,6,0,6,6,0,6
Tennessee,9,2,0,2,2,0,2
Tennessee's,11,2,0,2,2,0,2
Tennyson,8,3,0,3,3,0,3
Tennyson's,10,3,0,3,3,0,3
Tenochtitlan,12,3,1,4,3,1,4
Tenochtitlan's,14,2,0,2,3,0,3
Teotihuacan,11,3,1,4,3,1,4
Teotihuacan's,13,2,0,2,4,0,4
Terence,7,3,1,4,3,0,3
Terence's,9,3,0,3,3,0,3
Teresa,6,4,0,4,3,0,3
Teresa's,8,4,2,6,5,1,6
Tereshkova,10,4,0,4,4,0,4
Tereshkova's,12,3,0,3,3,0,3
Teri,4,3,8,11,3,8,11
Teri's,6,5,7,12,5,7,12
Terkel,6,3,3,6,3,3,6
Terkel's,8,5,1,6,4,1,5
Terpsichore,11,3,0,3,3,0,3
Terpsichore's,13,4,0,4,3,0,3
Terr,4,2,5,7,2,3,5
Terr's,6,4,4,8,4,3,7
Terra,5,3,3,6,3,4,7
Terra's,7,5,2,7,5,3,8
Terran,6,3,2,5,3,2,5
Terran's,8,4,1,5,5,2,7
Terrance,8,4,2,6,3,1,4
Terrance's,10,6,1,7,7,0,7
Terrell,7,3,1,4,3,2,5
Terrell's,9,5,0,5,5,1,6
Terrence,8,2,1,3,2,1,3
Terrence's,10,3,0,3,3,0,3
Terri,5,3,5,8,3,4,7
Terri's,7,5,4,9,5,3,8
Terrie,6,4,1,5,2,0,2
Terrie's,8,5,1,6,5,0,5
Terry,5,4,3,7,4,2,6
Terry's,7,6,2,8,6,1,7
Tertiary,8,3,2,5,3,1,4
Tertiary's,10,5,1,6,4,0,4
Tesla,5,4,0,4,4,0,4
Tesla's,7,3,0,3,3,0,3
Tess,4,3,4,7,3,3,6
Tess's,6,4,3,7,4,3,7
Tessa,5,2,1,3,2,1,3
Tessa's,7,2,1,3,2,1,3
Tessie,6,3,2,5,2,4,6
Tessie's,8,4,3,7,4,3,7
Tet,3,2,4,6,2,2,4
Tet's,5,4,4,8,4,5,9
Tethys,6,3,5,8,3,7,10
Tethys's,8,4,3,7,5,1,6
Tetons,6,5,4,9,5,3,8
Tetons's,8,4,1,5,4,2,6
Teutonic,8,5,2,7,4,1,5
Teutonic's,10,6,1,7,4,1,5
Tevet,5,2,5,7,2,5,7
Tevet's,7,3,4,7,3,4,7
Texaco,6,3,4,7,3,4,7
Texaco's,8,5,3,8,5,3,8
Texan,5,4,5,9,4,6,10
Texan's,7,6,3,9,6,4,10
Texans,6,5,4,9,5,4,9
Texas,5,4,2,6,4,2,6
Texas's,7,4,2,6,4,2,6
Th,2,1,10,11,1,10,11
Th's,4,3,8,11,3,8,11
Thackeray,9,3,2,5,2,1,3
Thackeray's,11,4,0,4,3,0,3
Thad,4,4,4,8,4,4,8
Thad's,6,6,3,9,6,3,9
Thaddeus,8,3,3,6,5,2,7
Thaddeus's,10,4,2,6,4,0,4
Thai,4,4,5,9,4,5,9
Thai's,6,6,4,10,6,4,10
Thailand,8,4,2,6,3,2,5
Thailand's,10,5,1,6,6,2,8
Thais,5,5,4,9,4,4,8
Thales,6,6,2,8,6,3,9
Thales's,8,7,0,7,7,0,7
Thalia,6,2,4,6,2,4,6
Thalia's,8,3,3,6,3,3,6
Thames,6,5,3,8,5,4,9
Thames's,8,6,1,7,6,1,7
Thanh,5,4,5,9,4,4,8
Thanh's,7,5,3,8,5,3,8
Thanksgiving,12,2,1,3,2,1,3
Thanksgiving's,14,2,1,3,2,0,2
Thanksgivings,13,2,1,3,2,1,3
Thant,5,3,4,7,3,4,7
Thant's,7,5,4,9,6,3,9
Thar,4,4,4,8,4,4,8
Thar's,6,6,3,9,6,3,9
Tharp,5,4,3,7,4,3,7
Tharp's,7,6,1,7,6,1,7
Thatcher,8,4,3,7,3,3,6
Thatcher's,10,6,2,8,5,2,7
Thea,4,3,2,5,4,6,10
Thea's,6,5,5,10,4,4,8
Thebes,6,5,1,6,5,1,6
Thebes's,8,4,1,5,4,1,5
Theiler,7,4,3,7,4,0,4
Theiler's,9,6,0,6,6,0,6
Thelma,6,4,2,6,3,3,6
Thelma's,8,6,1,7,5,2,7
Themistocles,12,2,0,2,2,0,2
Themistocles's,14,2,0,2,2,0,2
Theocritus,10,5,0,5,5,0,5
Theocritus's,12,3,0,3,3,0,3
Theodora,8,3,2,5,5,2,7
Theodora's,10,4,0,4,4,0,4
Theodore,8,2,1,3,2,1,3
Theodore's,10,4,0,4,3,0,3
Theodoric,9,2,1,3,2,1,3
Theodoric's,11,4,0,4,3,0,3
Theodosius,10,3,1,4,3,0,3
Theodosius's,12,2,1,3,2,0,2
Theosophy,9,3,0,3,3,0,3
Theosophy's,11,3,0,3,3,0,3
Theravada,9,5,2,7,3,1,4
Theravada's,11,5,1,6,4,0,4
Theresa,7,3,0,3,3,0,3
Theresa's,9,3,1,4,2,0,2
Therese,7,2,0,2,2,0,2
Therese's,9,3,1,4,2,0,2
Thermopylae,11,3,2,5,2,1,3
Thermopylae's,13,3,0,3,4,0,4
Thermos,7,4,2,6,4,1,5
Theron,6,3,2,5,3,1,4
Theron's,8,5,1,6,4,0,4
Theseus,7,3,1,4,3,0,3
Theseus's,9,2,0,2,2,0,2
Thespian,8,4,0,4,5,0,5
Thespian's,10,4,0,4,3,0,3
Thespis,7,3,2,5,3,0,3
Thespis's,9,2,0,2,2,0,2
Thessalonian,12,3,0,3,3,0,3
Thessalonian's,14,2,0,2,2,0,2
Thessaloníki,12,3,0,3,3,0,3
Thessaloníki's,14,2,0,2,2,0,2
Thessaly,8,4,1,5,4,2,6
Thessaly's,10,3,1,4,3,1,4
Thieu,5,5,5,10,5,5,10
Thieu's,7,7,3,10,7,3,10
Thimbu,6,3,4,7,3,4,7
Thimbu's,8,5,4,9,5,4,9
Thomas,6,4,2,6,4,2,6
Thomas's,8,4,1,5,3,1,4
Thomism,7,3,1,4,3,1,4
Thomism's,9,4,1,5,5,1,6
Thomistic,9,4,1,5,3,1,4
Thomistic's,11,3,1,4,3,1,4
Thompson,8,2,2,4,2,2,4
Thompson's,10,1,3,4,2,2,4
Thomson,7,3,2,5,3,2,5
Thomson's,9,4,3,7,3,2,5
Thor,4,2,4,6,2,4,6
Thor's,6,4,4,8,4,4,8
Thorazine,9,5,1,6,4,2,6
Thorazine's,11,6,0,6,4,0,4
Thoreau,7,4,2,6,3,2,5
Thoreau's,9,5,0,5,5,0,5
Thornton,8,2,4,6,2,4,6
Thornton's,10,3,2,5,3,2,5
Thoroughbred,12,3,2,5,3,2,5
Thoroughbred's,14,6,0,6,3,1,4
Thorpe,6,3,2,5,3,2,5
Thorpe's,8,5,3,8,4,1,5
Thoth,5,2,5,7,2,5,7
Thoth's,7,4,4,8,4,4,8
Thrace,6,4,3,7,4,3,7
Thrace's,8,4,4,8,7,0,7
Thracian,8,4,3,7,4,3,7
Thracian's,10,3,3,6,6,2,8
Thucydides,10,5,1,6,5,1,6
Thucydides's,12,3,0,3,3,0,3
Thule,5,3,5,8,3,5,8
Thule's,7,5,4,9,5,5,10
Thunderbird,11,3,1,4,4,1,5
Thunderbird's,13,7,0,7,2,2,4
Thurber,7,3,3,6,3,3,6
Thurber's,9,5,2,7,5,2,7
Thurman,7,3,4,7,3,4,7
Thurman's,9,7,2,9,4,3,7
Thurmond,8,4,4,8,3,4,7
Thurmond's,10,4,2,6,3,3,6
Thursday,8,3,3,6,4,3,7
Thursday's,10,5,2,7,5,3,8
Thursdays,9,2,2,4,2,2,4
Thutmose,8,4,1,5,4,1,5
Thutmose's,10,5,1,6,4,0,4
Ti,2,2,3,5,2,3,5
Ti's,4,4,4,8,4,4,8
Tia,3,3,2,5,3,2,5
Tia's,5,4,4,8,4,4,8
Tianjin,7,2,2,4,2,2,4
Tianjin's,9,4,1,5,3,2,5
Tiber,5,5,6,11,5,7,12
Tiber's,7,7,2,9,7,2,9
Tiberius,8,4,3,7,3,3,6
Tiberius's,10,5,0,5,3,1,4
Tibet,5,2,5,7,2,5,7
Tibet's,7,4,3,7,4,3,7
Tibetan,7,4,2,6,3,3,6
Tibetan's,9,4,2,6,4,2,6
Tibetans,8,4,2,6,4,2,6
Ticketmaster,12,2,0,2,2,0,2
Ticketmaster's,14,3,0,3,2,0,2
Ticonderoga,11,2,1,3,2,1,3
Ticonderoga's,13,3,0,3,3,0,3
Tide,4,4,5,9,4,5,9
Tide's,6,6,2,8,6,8,14
Tienanmen,9,2,2,4,2,2,4
Tienanmen's,11,4,0,4,3,0,3
Tientsin,8,2,0,2,2,0,2
Tientsin's,10,2,0,2,2,0,2
Tiffany,7,4,4,8,4,4,8
Tiffany's,9,5,4,9,4,5,9
Tigris,6,3,4,7,2,6,8
Tigris's,8,4,3,7,3,2,5
Tijuana,7,3,2,5,3,2,5
Tijuana's,9,5,1,6,4,1,5
Tillich,7,2,4,6,2,4,6
Tillich's,9,3,5,8,2,5,7
Tillman,7,3,2,5,3,3,6
Tillman's,9,6,3,9,6,4,10
Tilsit,6,2,4,6,2,3,5
Tilsit's,8,3,3,6,3,3,6
Tim,3,3,3,6,3,3,6
Tim's,5,5,3,8,5,3,8
Timbuktu,8,2,4,6,2,4,6
Timbuktu's,10,3,3,6,3,3,6
Timex,5,3,5,8,3,5,8
Timex's,7,5,3,8,5,3,8
Timmy,5,4,5,9,4,6,10
Timmy's,7,5,6,11,5,6,11
Timon,5,4,4,8,4,5,9
Timon's,7,6,3,9,6,4,10
Timor,5,3,5,8,5,3,8
Timor's,7,5,4,9,7,2,9
Timothy,7,4,3,7,3,3,6
Timothy's,9,6,2,8,5,2,7
Timur,5,2,7,9,2,7,9
Timur's,7,4,6,10,4,6,10
Timurid,7,3,3,6,3,3,6
Timurid's,9,4,4,8,3,5,8
Tina,4,3,5,8,3,5,8
Tina's,6,5,5,10,5,5,10
Ting,4,4,6,10,4,6,10
Ting's,6,6,7,13,6,7,13
Tinkerbell,10,3,2,5,2,1,3
Tinkerbell's,12,5,1,6,5,0,5
Tinkertoy,9,3,1,4,3,1,4
Tinkertoy's,11,6,0,6,4,0,4
Tinseltown,10,3,0,3,3,0,3
Tinseltown's,12,3,0,3,3,0,3
Tintoretto,10,2,2,4,2,2,4
Tintoretto's,12,4,1,5,3,1,4
Tippecanoe,10,3,1,4,3,1,4
Tippecanoe's,12,4,0,4,4,0,4
Tipperary,9,3,2,5,2,2,4
Tipperary's,11,6,0,6,3,1,4
Tirana,6,3,2,5,2,3,5
Tirana's,8,5,1,6,4,2,6
Tiresias,8,3,1,4,4,0,4
Tiresias's,10,3,0,3,2,0,2
Tisha,5,4,1,5,4,1,5
Tisha's,7,5,1,6,4,2,6
Tishri,6,2,1,3,2,1,3
Tishri's,8,3,1,4,3,2,5
Titan,5,4,4,8,4,4,8
Titan's,7,6,3,9,6,3,9
Titania,7,2,2,4,3,2,5
Titania's,9,5,1,6,4,1,5
Titanic,7,3,2,5,3,2,5
Titanic's,9,4,2,6,4,1,5
Titian,6,4,6,10,4,5,9
Titian's,8,6,5,11,6,4,10
Titicaca,8,2,2,4,2,2,4
Titicaca's,10,3,3,6,2,3,5
Tito,4,3,7,10,3,5,8
Tito's,6,5,7,12,5,5,10
Titus,5,3,8,11,3,6,9
Titus's,7,5,3,8,5,2,7
Tlaloc,6,2,3,5,2,3,5
Tlaloc's,8,4,2,6,4,3,7
Tlingit,7,2,2,4,2,4,6
Tlingit's,9,3,3,6,3,3,6
Tobago,6,3,5,8,3,5,8
Tobago's,8,5,3,8,5,1,6
Toby,4,3,7,10,3,7,10
Toby's,6,5,6,11,5,6,11
Tocantins,9,5,1,6,4,1,5
Tocantins's,11,4,1,5,3,1,4
Tocqueville,11,2,1,3,1,3,4
Tocqueville's,13,3,0,3,3,1,4
Tod,3,3,2,5,3,2,5
Tod's,5,5,3,8,5,3,8
Todd,4,3,8,11,3,8,11
Todd's,6,5,7,12,5,7,12
Togo,4,3,4,7,3,3,6
Togo's,6,5,5,10,5,3,8
Tojo,4,2,5,7,2,4,6
Tojo's,6,4,6,10,4,4,8
Tokay,5,3,6,9,3,6,9
Tokay's,7,6,4,10,5,5,10
Tokugawa,8,2,3,5,2,3,5
Tokugawa's,10,5,1,6,4,1,5
Tokyo,5,2,6,8,2,4,6
Tokyo's,7,4,5,9,4,4,8
Toledo,6,4,3,7,4,2,6
Toledo's,8,4,2,6,4,2,6
Toledos,7,5,1,6,5,3,8
Tolkien,7,5,3,8,5,3,8
Tolkien's,9,5,2,7,4,1,5
Tolstoy,7,3,3,6,3,3,6
Tolstoy's,9,4,3,7,3,3,6
Toltec,6,3,3,6,3,4,7
Toltec's,8,5,3,8,5,3,8
Tolyatti,8,4,2,6,3,2,5
Tolyatti's,10,5,2,7,5,2,7
Tom,3,3,1,4,3,1,4
Tom's,5,5,2,7,5,2,7
Tomas,5,5,1,6,5,1,6
Tomas's,7,4,3,7,4,3,7
Tombaugh,8,4,4,8,2,5,7
Tombaugh's,10,6,2,8,5,2,7
Tomlin,6,5,4,9,4,5,9
Tomlin's,8,7,3,10,6,4,10
Tommie,6,4,2,6,4,3,7
Tommie's,8,6,3,9,6,5,11
Tommy,5,4,7,11,3,7,10
Tommy's,7,6,4,10,6,6,12
Tompkins,8,6,2,8,6,2,8
Tompkins's,10,5,2,7,3,2,5
Tomsk,5,4,2,6,4,2,6
Tomsk's,7,5,2,7,5,2,7
Tonga,5,5,4,9,5,4,9
Tonga's,7,7,3,10,7,2,9
Tongan,6,3,3,6,3,3,6
Tongan's,8,5,2,7,5,2,7
Tongans,7,5,3,8,5,3,8
Toni,4,3,7,10,3,7,10
Toni's,6,6,6,12,6,6,12
Tonia,5,4,3,7,4,3,7
Tonia's,7,5,2,7,7,3,10
Tonto,5,3,4,7,2,4,6
Tonto's,7,5,3,8,3,4,7
Tony,4,4,6,10,4,6,10
Tony's,6,5,7,12,5,7,12
Tonya,5,4,5,9,4,5,9
Tonya's,7,6,4,10,6,4,10
Topeka,6,4,2,6,4,2,6
Topeka's,8,6,1,7,4,2,6
Topsy,5,4,3,7,4,3,7
Topsy's,7,4,3,7,4,3,7
Torah,5,4,6,10,4,6,10
Torah's,7,6,4,10,6,5,11
Torahs,6,4,5,9,4,5,9
Tories,6,5,1,6,5,1,6
Toronto,7,2,5,7,2,5,7
Toronto's,9,4,3,7,3,3,6
Torquemada,10,3,2,5,3,2,5
Torquemada's,12,4,0,4,3,0,3
Torrance,8,4,3,7,5,2,7
Torrance's,10,6,1,7,5,0,5
Torrens,7,4,2,6,4,1,5
Torrens's,9,4,0,4,4,0,4
Torres,6,3,2,5,4,2,6
Torres's,8,5,1,6,5,2,7
Torricelli,10,4,2,6,5,2,7
Torricelli's,12,6,1,7,5,1,6
Tortola,7,4,4,8,4,3,7
Tortola's,9,6,2,8,6,2,8
Tortuga,7,5,3,8,4,3,7
Tortuga's,9,5,3,8,6,2,8
Torvalds,8,5,2,7,5,2,7
Torvalds's,10,5,2,7,4,2,6
Tory,4,3,6,9,3,7,10
Tory's,6,5,5,10,5,6,11
Tosca,5,3,2,5,3,2,5
Tosca's,7,4,2,6,5,2,7
Toscanini,9,2,1,3,2,1,3
Toscanini's,11,2,1,3,2,1,3
Toshiba,7,3,2,5,3,2,5
Toshiba's,9,5,1,6,4,2,6
Toto,4,2,4,6,2,3,5
Toto's,6,4,5,9,4,3,7
Toulouse,8,4,0,4,4,0,4
Toulouse's,10,5,1,6,5,0,5
Townes,6,5,5,10,4,6,10
Townes's,8,5,3,8,4,4,8
Townsend,8,3,1,4,3,1,4
Townsend's,10,5,0,5,4,0,4
Toynbee,7,3,2,5,3,2,5
Toynbee's,9,5,1,6,5,1,6
Toyoda,6,4,2,6,3,2,5
Toyoda's,8,6,1,7,5,1,6
Toyota,6,4,2,6,3,5,8
Toyota's,8,6,1,7,5,4,9
Tracey,6,4,3,7,4,3,7
Tracey's,8,5,1,6,7,0,7
Traci,5,5,3,8,5,2,7
Traci's,7,7,1,8,7,1,8
Tracie,6,5,2,7,5,2,7
Tracie's,8,7,2,9,6,2,8
Tracy,5,5,4,9,5,3,8
Tracy's,7,7,2,9,7,2,9
Trafalgar,9,2,3,5,2,3,5
Trafalgar's,11,3,1,4,3,1,4
Trailways,9,3,3,6,4,2,6
Trailways's,11,3,0,3,3,0,3
Trajan,6,3,2,5,3,2,5
Trajan's,8,5,1,6,5,1,6
Tran,4,3,7,10,3,7,10
Tran's,6,5,6,11,5,6,11
Transcaucasia,13,2,0,2,2,0,2
Transcaucasia's,15,1,0,1,1,0,1
Transvaal,9,4,2,6,2,3,5
Transvaal's,11,5,1,6,2,2,4
Transylvania,12,3,0,3,3,0,3
Transylvania's,14,4,0,4,3,0,3
Trappist,8,4,2,6,4,2,6
Trappist's,10,5,0,5,6,1,7
Travis,6,5,3,8,5,2,7
Travis's,8,4,3,7,4,3,7
Travolta,8,2,3,5,2,3,5
Travolta's,10,4,2,6,4,2,6
Treasuries,10,3,0,3,3,0,3
Treasury,8,3,1,4,4,0,4
Treasury's,10,4,0,4,3,0,3
Treblinka,9,3,1,4,3,1,4
Treblinka's,11,5,0,5,4,0,4
Trekkie,7,3,2,5,3,1,4
Trekkie's,9,6,2,8,5,3,8
Trent,5,3,2,5,3,3,6
Trent's,7,6,1,7,5,2,7
Trenton,7,3,2,5,4,1,5
Trenton's,9,5,1,6,6,0,6
Trevelyan,9,3,1,4,3,1,4
Trevelyan's,11,4,0,4,4,0,4
Trevino,7,4,2,6,4,2,6
Trevino's,9,6,0,6,6,0,6
Trevor,6,5,1,6,5,1,6
Trevor's,8,7,0,7,7,0,7
Trey,4,4,5,9,4,4,8
Trey's,6,6,2,8,6,2,8
Triangulum,10,2,2,4,2,2,4
Triangulum's,12,4,1,5,3,1,4
Triassic,8,4,1,5,3,1,4
Triassic's,10,2,0,2,2,0,2
Tricia,6,5,3,8,5,3,8
Tricia's,8,7,2,9,7,2,9
Trident,7,3,1,4,3,1,4
Trident's,9,5,1,6,5,0,5
Trieste,7,2,0,2,2,1,3
Trieste's,9,3,0,3,3,1,4
Trimurti,8,2,2,4,2,2,4
Trimurti's,10,2,3,5,2,3,5
Trina,5,3,4,7,3,4,7
Trina's,7,5,3,8,5,4,9
Trinidad,8,2,3,5,2,3,5
Trinidad's,10,5,1,6,5,2,7
Trinities,9,4,0,4,4,0,4
Trinity,7,2,2,4,2,3,5
Trinity's,9,3,3,6,3,3,6
Tripitaka,9,2,2,4,2,2,4
Tripitaka's,11,6,1,7,3,1,4
Tripoli,7,3,2,5,2,3,5
Tripoli's,9,4,2,6,4,2,6
Trippe,6,4,1,5,5,0,5
Trippe's,8,6,1,7,7,3,10
Trisha,6,3,2,5,5,1,6
Trisha's,8,4,2,6,6,1,7
Tristan,7,4,1,5,4,1,5
Tristan's,9,5,1,6,4,1,5
Triton,6,3,3,6,3,3,6
Triton's,8,5,2,7,5,2,7
Trobriand,9,2,2,4,3,2,5
Trobriand's,11,4,1,5,3,1,4
Troilus,7,5,3,8,5,3,8
Troilus's,9,5,1,6,4,2,6
Trojan,6,3,4,7,3,4,7
Trojan's,8,5,3,8,5,3,8
Trojans,7,6,2,8,6,2,8
Trollope,8,5,3,8,5,3,8
Trollope's,10,7,2,9,6,1,7
Trondheim,9,3,1,4,3,1,4
Trondheim's,11,5,0,5,4,0,4
Tropicana,9,2,2,4,2,2,4
Tropicana's,11,6,1,7,3,1,4
Trotsky,7,4,3,7,5,2,7
Trotsky's,9,5,4,9,6,2,8
Troy,4,4,4,8,4,4,8
Troy's,6,5,5,10,5,4,9
Troyes,6,4,5,9,4,5,9
Truckee,7,2,3,5,5,1,6
Truckee's,9,4,2,6,4,2,6
Trudeau,7,4,1,5,4,1,5
Trudeau's,9,5,2,7,6,0,6
Trudy,5,5,5,10,5,5,10
Trudy's,7,5,6,11,6,6,12
Truffaut,8,2,4,6,2,4,6
Truffaut's,10,4,3,7,4,3,7
Trujillo,8,2,3,5,2,3,5
Trujillo's,10,3,2,5,3,2,5
Truman,6,4,3,7,4,3,7
Truman's,8,5,2,7,5,2,7
Trumbull,8,1,5,6,1,5,6
Trumbull's,10,2,4,6,2,4,6
Trump,5,4,6,10,4,6,10
Trump's,7,6,4,10,6,5,11
Truth,5,3,5,8,3,5,8
Truth's,7,5,4,9,4,5,9
Tsimshian,9,2,0,2,2,0,2
Tsimshian's,11,2,0,2,2,0,2
Tsingtao,8,3,0,3,2,1,3
Tsingtao's,10,3,0,3,3,0,3
Tsiolkovsky,11,1,0,1,1,0,1
Tsiolkovsky's,13,1,0,1,1,0,1
Tsitsihar,9,2,0,2,2,0,2
Tsitsihar's,11,2,0,2,2,0,2
Tsongkhapa,10,2,0,2,2,0,2
Tsongkhapa's,12,2,0,2,2,0,2
Tswana,6,3,1,4,3,1,4
Tswana's,8,4,0,4,3,0,3
Tuamotu,7,4,3,7,3,3,6
Tuamotu's,9,6,2,8,5,1,6
Tuareg,6,4,3,7,4,3,7
Tuareg's,8,6,1,7,6,1,7
Tubman,6,4,6,10,4,6,10
Tubman's,8,6,3,9,6,3,9
Tucker,6,4,3,7,4,3,7
Tucker's,8,6,4,10,6,3,9
Tucson,6,4,4,8,4,4,8
Tucson's,8,5,4,9,5,4,9
Tucuman,7,4,4,8,4,4,8
Tucuman's,9,7,2,9,5,3,8
Tudor,5,5,4,9,3,4,7
Tudor's,7,7,3,10,5,3,8
Tuesday,7,3,1,4,3,1,4
Tuesday's,9,4,0,4,4,1,5
Tuesdays,8,3,1,4,4,0,4
Tulane,6,4,2,6,4,2,6
Tulane's,8,5,1,6,6,1,7
Tull,4,3,7,10,3,6,9
Tull's,6,5,7,12,5,6,11
Tulsa,5,4,1,5,4,1,5
Tulsa's,7,5,1,6,5,1,6
Tulsidas,8,2,2,4,2,2,4
Tulsidas's,10,2,0,2,2,0,2
Tums,4,4,6,10,3,9,12
Tums's,6,3,4,7,3,4,7
Tungus,6,5,5,10,5,6,11
Tungus's,8,6,3,9,6,3,9
Tunguska,8,2,1,3,2,1,3
Tunguska's,10,3,2,5,3,1,4
Tunis,5,2,4,6,2,4,6
Tunis's,7,4,4,8,4,5,9
Tunisia,7,3,1,4,3,1,4
Tunisia's,9,3,0,3,4,0,4
Tunisian,8,3,1,4,3,1,4
Tunisian's,10,5,1,6,5,1,6
Tunisians,9,3,0,3,4,0,4
Tunney,6,3,4,7,3,4,7
Tunney's,8,5,2,7,5,2,7
Tupi,4,3,4,7,3,4,7
Tupi's,6,5,4,9,5,4,9
Tupperware,10,3,2,5,3,2,5
Tupperware's,12,3,2,5,3,2,5
Tupungato,9,2,3,5,2,3,5
Tupungato's,11,4,2,6,4,3,7
Turgenev,8,2,2,4,2,2,4
Turgenev's,10,4,0,4,3,0,3
Turin,5,4,7,11,4,6,10
Turin's,7,6,4,10,6,4,10
Turing,6,6,4,10,6,4,10
Turing's,8,8,3,11,8,3,11
Turk,4,4,5,9,4,6,10
Turk's,6,6,4,10,6,4,10
Turkestan,9,5,0,5,4,0,4
Turkestan's,11,5,0,5,3,0,3
Turkey,6,5,4,9,5,4,9
Turkey's,8,7,2,9,7,2,9
Turkish,7,6,2,8,6,2,8
Turkish's,9,7,0,7,7,2,9
Turkmenistan,12,3,0,3,3,0,3
Turkmenistan's,14,3,0,3,2,0,2
Turks,5,5,7,12,5,7,12
Turner,6,4,2,6,4,2,6
Turner's,8,6,2,8,6,2,8
Turpin,6,3,4,7,3,4,7
Turpin's,8,6,4,10,5,6,11
Tuscaloosa,10,2,0,2,2,0,2
Tuscaloosa's,12,2,0,2,1,1,2
Tuscan,6,3,2,5,3,2,5
Tuscan's,8,4,2,6,4,2,6
Tuscany,7,4,2,6,4,2,6
Tuscany's,9,4,1,5,3,2,5
Tuscarora,9,2,2,4,2,2,4
Tuscarora's,11,3,2,5,2,2,4
Tuscon,6,4,3,7,4,3,7
Tuscon's,8,5,3,8,5,3,8
Tuskegee,8,2,0,2,2,0,2
Tuskegee's,10,4,0,4,3,0,3
Tussaud,7,3,2,5,2,3,5
Tussaud's,9,4,2,6,4,1,5
Tut,3,2,7,9,2,7,9
Tut's,5,4,6,10,4,6,10
Tutankhamen,11,2,2,4,2,2,4
Tutankhamen's,13,3,0,3,3,1,4
Tutsi,5,2,2,4,2,2,4
Tutsi's,7,3,2,5,3,2,5
Tutu,4,2,4,6,2,4,6
Tutu's,6,4,4,8,4,4,8
Tuvalu,6,3,6,9,2,6,8
Tuvalu's,8,5,4,9,5,3,8
Twain,5,4,4,8,4,4,8
Twain's,7,6,3,9,6,3,9
Tweed,5,3,2,5,2,2,4
Tweed's,7,5,1,6,4,1,5
Tweedledee,10,1,1,2,1,1,2
Tweedledee's,12,2,0,2,2,0,2
Tweedledum,10,1,1,2,1,1,2
Tweedledum's,12,2,0,2,2,0,2
Twila,5,2,5,7,2,5,7
Twila's,7,4,4,8,4,4,8
Twinkies,8,5,1,6,4,1,5
Twinkies's,10,4,0,4,3,1,4
Twitter,7,4,2,6,4,1,5
Twitter's,9,6,1,7,5,1,6
Twizzlers,9,6,1,7,6,1,7
Twizzlers's,11,5,0,5,4,0,4
Ty,2,1,12,13,1,12,13
Ty's,4,3,11,14,3,11,14
Tycho,5,2,5,7,2,5,7
Tycho's,7,4,4,8,3,4,7
Tylenol,7,2,4,6,3,3,6
Tylenol's,9,4,3,7,5,2,7
Tyler,5,4,6,10,4,6,10
Tyler's,7,5,4,9,5,4,9
Tyndale,7,4,1,5,4,0,4
Tyndale's,9,5,2,7,5,1,6
Tyndall,7,3,5,8,3,4,7
Tyndall's,9,5,3,8,5,2,7
Tyre,4,4,5,9,4,5,9
Tyre's,6,6,5,11,6,5,11
Tyree,5,4,1,5,4,1,5
Tyree's,7,6,0,6,6,0,6
Tyrone,6,6,2,8,6,2,8
Tyrone's,8,6,3,9,8,3,11
Tyson,5,4,3,7,4,3,7
Tyson's,7,5,3,8,5,4,9
U,1,1,20,21,1,20,21
U's,3,3,5,8,3,5,8
UBS,3,2,6,8,2,6,8
UBS's,5,4,3,7,4,3,7
UCLA,4,3,3,6,3,3,6
UCLA's,6,5,3,8,5,3,8
UPS,3,3,4,7,3,4,7
UPS's,5,3,4,7,3,4,7
Ubangi,6,2,5,7,2,5,7
Ubangi's,8,4,3,7,4,2,6
Ubuntu,6,1,5,6,1,5,6
Ubuntu's,8,2,4,6,2,4,6
Ucayali,7,3,2,5,3,3,6
Ucayali's,9,4,3,7,4,2,6
Uccello,7,2,3,5,4,3,7
Uccello's,9,4,3,7,4,3,7
Udall,5,3,3,6,3,3,6
Udall's,7,4,2,6,4,2,6
Ufa,3,2,5,7,2,5,7
Ufa's,5,3,6,9,3,6,9
Uganda,6,4,2,6,4,2,6
Uganda's,8,6,1,7,6,1,7
Ugandan,7,1,5,6,3,4,7
Ugandan's,9,5,3,8,5,3,8
Ugandans,8,4,3,7,4,3,7
Uighur,6,2,5,7,2,6,8
Uighur's,8,4,3,7,3,3,6
Ujungpandang,12,1,3,4,1,3,4
Ujungpandang's,14,3,2,5,2,3,5
Ukraine,7,5,2,7,5,1,6
Ukraine's,9,7,1,8,6,1,7
Ukrainian,9,4,2,6,3,2,5
Ukrainian's,11,3,1,4,3,1,4
Ukrainians,10,3,2,5,2,2,4
Ulster,6,3,3,6,3,3,6
Ulster's,8,6,0,6,6,0,6
Ultrasuede,10,2,1,3,2,0,2
Ultrasuede's,12,3,0,3,3,0,3
Ulyanovsk,9,2,2,4,2,2,4
Ulyanovsk's,11,3,2,5,2,2,4
Ulysses,7,4,0,4,3,2,5
Ulysses's,9,3,1,4,3,1,4
Umbriel,7,3,3,6,5,4,9
Umbriel's,9,7,2,9,7,2,9
Underwood,9,6,1,7,6,1,7
Underwood's,11,5,1,6,6,1,7
Ungava,6,2,2,4,2,3,5
Ungava's,8,4,1,5,4,2,6
Unicode,7,3,3,6,4,2,6
Unicode's,9,5,2,7,5,2,7
Unilever,8,3,3,6,3,2,5
Unilever's,10,5,0,5,5,0,5
Union,5,3,3,6,2,4,6
Union's,7,5,2,7,4,3,7
Unions,6,4,3,7,4,3,7
Uniroyal,8,3,2,5,4,2,6
Uniroyal's,10,5,1,6,4,1,5
Unitarian,9,3,2,5,3,2,5
Unitarian's,11,3,1,4,3,1,4
Unitarianism,12,3,0,3,3,0,3
Unitarianism's,14,3,0,3,2,0,2
Unitarianisms,13,2,0,2,2,0,2
Unitarians,10,3,1,4,3,1,4
Unitas,6,3,4,7,3,4,7
Unitas's,8,4,3,7,3,1,4
Unukalhai,9,2,2,4,2,2,4
Unukalhai's,11,3,1,4,3,1,4
Upanishads,10,4,1,5,3,1,4
Upanishads's,12,2,0,2,2,0,2
Updike,6,4,3,7,2,6,8
Updike's,8,5,4,9,5,4,9
Upjohn,6,5,4,9,5,4,9
Upjohn's,8,7,2,9,7,2,9
Upton,5,3,5,8,3,5,8
Upton's,7,5,4,9,5,4,9
Ur,2,2,5,7,2,5,7
Ur's,4,4,4,8,4,4,8
Ural,4,4,7,11,4,7,11
Ural's,6,6,6,12,6,6,12
Urals,5,5,7,12,5,7,12
Urals's,7,4,2,6,4,2,6
Urania,6,3,3,6,3,3,6
Urania's,8,5,2,7,5,2,7
Uranus,6,5,4,9,5,4,9
Uranus's,8,5,3,8,6,2,8
Urban,5,3,4,7,3,4,7
Urban's,7,4,3,7,4,3,7
Urdu,4,1,4,5,1,4,5
Urdu's,6,3,4,7,3,4,7
Urey,4,4,6,10,4,5,9
Urey's,6,6,3,9,6,3,9
Uriah,5,3,6,9,3,6,9
Uriah's,7,5,5,10,5,5,10
Uriel,5,4,3,7,4,4,8
Uriel's,7,6,1,7,6,2,8
Uris,4,3,5,8,3,5,8
Uris's,6,4,4,8,4,4,8
Urquhart,8,4,4,8,3,4,7
Urquhart's,10,4,3,7,4,3,7
Ursa,4,2,4,6,2,4,6
Ursa's,6,4,4,8,4,4,8
Ursula,6,3,2,5,3,2,5
Ursula's,8,3,2,5,3,2,5
Ursuline,8,6,0,6,3,1,4
Ursuline's,10,7,0,7,6,0,6
Uruguay,7,2,4,6,2,4,6
Uruguay's,9,4,3,7,3,3,6
Uruguayan,9,3,3,6,2,3,5
Uruguayan's,11,3,2,5,4,1,5
Uruguayans,10,4,2,6,3,1,4
Urumqi,6,3,3,6,2,4,6
Urumqi's,8,3,3,6,3,3,6
Usenet,6,2,0,2,2,0,2
Usenet's,8,3,1,4,2,1,3
Ustinov,7,2,2,4,2,2,4
Ustinov's,9,3,2,5,2,2,4
Utah,4,3,5,8,3,5,8
Utah's,6,5,4,9,5,4,9
Ute,3,3,3,6,3,3,6
Ute's,5,4,3,7,4,3,7
Utopia,6,5,2,7,5,2,7
Utopia's,8,8,1,9,8,1,9
Utopian,7,4,2,6,4,3,7
Utopian's,9,6,2,8,5,2,7
Utopians,8,7,2,9,7,2,9
Utopias,7,4,2,6,4,1,5
Utrecht,7,3,4,7,3,4,7
Utrecht's,9,3,3,6,4,3,7
Utrillo,7,3,3,6,4,3,7
Utrillo's,9,6,2,8,5,2,7
Uzbek,5,2,8,10,2,8,10
Uzbek's,7,4,6,10,4,6,10
Uzbekistan,10,3,0,3,3,0,3
Uzbekistan's,12,4,0,4,3,0,3
Uzi,3,2,4,6,2,4,6
Uzi's,5,3,8,11,3,8,11
V,1,1,21,22,1,21,22
V's,3,3,19,22,3,19,22
Vader,5,5,2,7,5,2,7
Vader's,7,6,6,12,6,5,11
Vaduz,5,2,8,10,2,8,10
Vaduz's,7,4,8,12,4,6,10
Val,3,2,9,11,2,10,12
Val's,5,4,10,14,4,10,14
Valarie,7,5,1,6,5,0,5
Valarie's,9,7,0,7,7,0,7
Valdez,6,4,3,7,4,3,7
Valdez's,8,6,2,8,6,2,8
Valencia,8,3,2,5,3,1,4
Valencia's,10,6,0,6,4,0,4
Valenti,7,3,2,5,3,2,5
Valenti's,9,5,1,6,5,1,6
Valentin,8,3,1,4,3,1,4
Valentin's,10,5,1,6,4,1,5
Valentine,9,4,1,5,4,1,5
Valentine's,11,6,0,6,4,1,5
Valentino,9,3,2,5,6,1,7
Valentino's,11,8,0,8,4,1,5
Valenzuela,10,1,2,3,2,1,3
Valenzuela's,12,3,1,4,3,0,3
Valeria,7,3,1,4,3,1,4
Valeria's,9,5,0,5,5,0,5
Valerian,8,4,2,6,4,1,5
Valerian's,10,6,1,7,5,0,5
Valerie,7,4,2,6,3,2,5
Valerie's,9,6,1,7,7,1,8
Valhalla,8,2,4,6,2,4,6
Valhalla's,10,2,2,4,2,2,4
Valium,6,4,4,8,4,5,9
Valium's,8,7,3,10,6,4,10
Valiums,7,4,5,9,5,5,10
Valkyrie,8,4,1,5,4,1,5
Valkyrie's,10,6,0,6,4,0,4
Valkyries,9,5,1,6,5,1,6
Valletta,8,2,3,5,2,3,5
Valletta's,10,4,2,6,3,2,5
Valois,6,5,6,11,5,6,11
Valois's,8,6,2,8,6,3,9
Valparaiso,10,3,1,4,2,2,4
Valparaiso's,12,3,2,5,3,0,3
Valvoline,9,5,1,6,5,2,7
Valvoline's,11,6,1,7,6,1,7
Valéry,6,5,4,9,5,4,9
Valéry's,8,5,5,10,4,3,7
Van,3,3,4,7,3,4,7
Van's,5,5,6,11,5,6,11
Vance,5,5,2,7,5,2,7
Vance's,7,7,2,9,7,2,9
Vancouver,9,4,3,7,4,3,7
Vancouver's,11,8,0,8,8,0,8
Vandal,6,5,2,7,5,2,7
Vandal's,8,7,1,8,7,1,8
Vanderbilt,10,5,1,6,4,1,5
Vanderbilt's,12,7,0,7,5,0,5
Vandyke,7,3,4,7,4,3,7
Vandyke's,9,5,3,8,6,3,9
Vanessa,7,2,1,3,2,0,2
Vanessa's,9,3,1,4,3,1,4
Vang,4,4,5,9,4,4,8
Vang's,6,6,3,9,6,3,9
Vanuatu,7,2,5,7,2,4,6
Vanuatu's,9,4,3,7,4,3,7
Vanzetti,8,2,3,5,4,2,6
Vanzetti's,10,4,2,6,5,0,5
Varanasi,8,2,1,3,2,1,3
Varanasi's,10,3,0,3,2,1,3
Varese,6,2,1,3,2,1,3
Varese's,8,3,1,4,2,1,3
Vargas,6,4,5,9,4,5,9
Vargas's,8,3,4,7,3,4,7
Vaseline,8,7,0,7,7,0,7
Vaseline's,10,8,0,8,8,0,8
Vaselines,9,7,0,7,7,0,7
Vasquez,7,3,2,5,3,3,6
Vasquez's,9,3,2,5,3,2,5
Vassar,6,4,1,5,4,1,5
Vassar's,8,5,1,6,5,1,6
Vatican,7,4,4,8,3,3,6
Vatican's,9,6,2,8,6,2,8
Vauban,6,3,4,7,3,5,8
Vauban's,8,5,3,8,5,4,9
Vaughan,7,4,5,9,2,5,7
Vaughan's,9,4,4,8,4,4,8
Vaughn,6,2,5,7,2,5,7
Vaughn's,8,6,3,9,4,4,8
Vazquez,7,1,6,7,1,6,7
Vazquez's,9,5,4,9,3,5,8
Veblen,6,2,6,8,2,6,8
Veblen's,8,4,2,6,5,1,6
Veda,4,4,5,9,4,5,9
Veda's,6,6,3,9,6,3,9
Vedanta,7,3,2,5,5,1,6
Vedanta's,9,4,1,5,4,2,6
Vedas,5,3,3,6,4,1,5
Vega,4,3,6,9,3,6,9
Vega's,6,5,4,9,5,4,9
Vegas,5,4,2,6,3,3,6
Vegas's,7,5,2,7,5,2,7
Vegemite,8,3,2,5,2,2,4
Vegemite's,10,4,2,6,4,2,6
Vela,4,3,1,4,3,5,8
Vela's,6,5,1,6,5,1,6
Velcro,6,3,3,6,3,3,6
Velcro's,8,4,2,6,5,1,6
Velcros,7,4,3,7,4,3,7
Velez,5,3,5,8,3,5,8
Velez's,7,5,3,8,5,3,8
Velma,5,5,2,7,5,3,8
Velma's,7,7,1,8,7,2,9
Velveeta,8,1,1,2,1,1,2
Velveeta's,10,2,0,2,2,0,2
Velásquez,9,3,0,3,3,1,4
Velásquez's,11,3,0,3,3,0,3
Velázquez,9,2,3,5,2,3,5
Velázquez's,11,6,1,7,4,1,5
Venetian,8,3,2,5,3,2,5
Venetian's,10,5,1,6,4,1,5
Venetians,9,3,1,4,3,1,4
Venezuela,9,2,1,3,2,2,4
Venezuela's,11,4,0,4,3,0,3
Venezuelan,10,2,1,3,2,2,4
Venezuelan's,12,3,0,3,3,0,3
Venezuelans,11,2,1,3,3,0,3
Venice,6,2,4,6,3,4,7
Venice's,8,6,1,7,6,2,8
Venn,4,2,4,6,2,4,6
Venn's,6,4,2,6,4,4,8
Ventolin,8,4,3,7,3,4,7
Ventolin's,10,6,1,7,4,1,5
Venus,5,5,4,9,5,5,10
Venus's,7,6,0,6,6,0,6
Venuses,7,5,1,6,5,1,6
Venusian,8,3,0,3,4,0,4
Venusian's,10,4,0,4,4,0,4
Vera,4,4,2,6,4,7,11
Vera's,6,5,3,8,5,3,8
Veracruz,8,3,2,5,3,2,5
Veracruz's,10,5,1,6,5,1,6
Verde,5,4,1,5,4,1,5
Verde's,7,6,0,6,6,0,6
Verdi,5,3,5,8,3,4,7
Verdi's,7,5,4,9,5,3,8
Verdun,6,3,4,7,3,4,7
Verdun's,8,5,3,8,5,4,9
Vergil,6,4,3,7,4,3,7
Vergil's,8,6,2,8,6,2,8
Verizon,7,3,3,6,3,3,6
Verizon's,9,6,2,8,6,1,7
Verlaine,8,5,2,7,5,2,7
Verlaine's,10,7,1,8,7,1,8
Vermeer,7,2,1,3,2,1,3
Vermeer's,9,3,1,4,2,1,3
Vermont,7,3,3,6,5,4,9
Vermont's,9,5,2,7,4,2,6
Vermonter,9,4,2,6,4,2,6
Vermonter's,11,3,0,3,3,0,3
Vern,4,4,6,10,4,5,9
Vern's,6,6,4,10,6,5,11
Verna,5,3,3,6,3,5,8
Verna's,7,5,2,7,5,4,9
Verne,5,4,2,6,4,2,6
Verne's,7,6,1,7,6,1,7
Vernon,6,4,3,7,3,3,6
Vernon's,8,6,2,8,4,0,4
Verona,6,4,2,6,4,2,6
Verona's,8,6,1,7,6,3,9
Veronese,8,3,2,5,3,2,5
Veronese's,10,4,2,6,4,2,6
Veronica,8,4,2,6,5,1,6
Veronica's,10,5,0,5,5,0,5
Versailles,10,4,0,4,4,0,4
Versailles's,12,2,0,2,2,0,2
Vesalius,8,4,2,6,4,2,6
Vesalius's,10,3,1,4,3,0,3
Vespasian,9,2,0,2,2,0,2
Vespasian's,11,2,0,2,2,0,2
Vespucci,8,3,0,3,3,0,3
Vespucci's,10,4,0,4,4,2,6
Vesta,5,4,0,4,4,0,4
Vesta's,7,3,1,4,3,1,4
Vesuvius,8,3,2,5,3,2,5
Vesuvius's,10,3,0,3,3,0,3
Viacom,6,3,4,7,3,4,7
Viacom's,8,5,3,8,7,2,9
Viagra,6,2,3,5,2,3,5
Viagra's,8,6,2,8,6,2,8
Vicente,7,3,2,5,5,0,5
Vicente's,9,4,1,5,3,0,3
Vichy,5,2,12,14,2,13,15
Vichy's,7,5,8,13,5,10,15
Vicki,5,1,7,8,1,7,8
Vicki's,7,3,6,9,2,7,9
Vickie,6,5,2,7,5,3,8
Vickie's,8,7,2,9,7,3,10
Vicksburg,9,5,3,8,2,3,5
Vicksburg's,11,6,3,9,4,1,5
Vicky,5,4,10,14,4,11,15
Vicky's,7,6,7,13,6,10,16
Victor,6,4,5,9,4,5,9
Victor's,8,6,4,10,6,3,9
Victoria,8,2,2,4,3,2,5
Victoria's,10,9,1,10,9,1,10
Victorian,9,3,2,5,3,2,5
Victorian's,11,9,1,10,9,1,10
Victorians,10,8,2,10,8,2,10
Victrola,8,3,2,5,3,2,5
Victrola's,10,5,1,6,5,1,6
Vidal,5,5,3,8,5,3,8
Vidal's,7,6,3,9,6,3,9
Vienna,6,3,3,6,3,3,6
Vienna's,8,5,2,7,4,2,6
Viennese,8,2,0,2,2,0,2
Viennese's,10,4,0,4,2,0,2
Vientiane,9,2,2,4,2,2,4
Vientiane's,11,4,0,4,4,0,4
Vietcong,8,5,1,6,5,1,6
Vietcong's,10,6,1,7,6,1,7
Vietminh,8,3,2,5,3,2,5
Vietminh's,10,5,2,7,5,2,7
Vietnam,7,2,3,5,3,3,6
Vietnam's,9,4,2,6,5,2,7
Vietnamese,10,3,0,3,3,0,3
Vietnamese's,12,4,0,4,3,0,3
Vijayanagar,11,2,2,4,2,2,4
Vijayanagar's,13,3,2,5,3,1,4
Vijayawada,10,2,2,4,2,2,4
Vijayawada's,12,3,2,5,3,1,4
Viking,6,5,5,10,5,5,10
Viking's,8,6,5,11,6,6,12
Vikings,7,5,6,11,5,5,10
Vila,4,3,3,6,3,3,6
Vila's,6,5,3,8,5,3,8
Villa,5,4,2,6,4,2,6
Villa's,7,6,1,7,6,2,8
Villarreal,10,2,2,4,2,2,4
Villarreal's,12,4,1,5,3,1,4
Villon,6,4,4,8,4,5,9
Villon's,8,6,3,9,6,5,11
Vilma,5,5,3,8,5,3,8
Vilma's,7,7,2,9,7,3,10
Vilnius,7,4,4,8,3,4,7
Vilnius's,9,4,1,5,4,2,6
Vilyui,6,2,3,5,2,3,5
Vilyui's,8,4,3,7,4,3,7
Vince,5,5,4,9,5,4,9
Vince's,7,7,4,11,7,4,11
Vincent,7,4,2,6,4,2,6
Vincent's,9,5,2,7,6,2,8
Vindemiatrix,12,1,1,2,1,1,2
Vindemiatrix's,14,3,0,3,2,0,2
Vinson,6,3,2,5,3,2,5
Vinson's,8,4,2,6,4,2,6
Viola,5,3,2,5,3,2,5
Viola's,7,5,1,6,6,1,7
Violet,6,4,5,9,4,5,9
Violet's,8,6,3,9,6,3,9
Virgie,6,4,2,6,4,3,7
Virgie's,8,6,2,8,6,1,7
Virgil,6,2,5,7,5,5,10
Virgil's,8,4,5,9,4,5,9
Virginia,8,1,2,3,1,2,3
Virginia's,10,4,1,5,4,1,5
Virginian,9,2,2,4,2,2,4
Virginian's,11,3,2,5,3,2,5
Virginians,10,4,1,5,4,1,5
Virgo,5,3,4,7,3,5,8
Virgo's,7,5,5,10,4,4,8
Virgos,6,5,3,8,5,3,8
Visa,4,3,4,7,3,4,7
Visa's,6,5,3,8,5,3,8
Visakhapatnam,13,2,1,3,2,1,3
Visakhapatnam's,15,4,0,4,3,0,3
Visayans,8,3,1,4,2,2,4
Visayans's,10,3,1,4,3,1,4
Vishnu,6,3,3,6,3,3,6
Vishnu's,8,4,3,7,3,4,7
Visigoth,8,2,1,3,2,1,3
Visigoth's,10,3,1,4,3,1,4
Vistula,7,3,2,5,3,2,5
Vistula's,9,3,1,4,5,2,7
Vitim,5,2,5,7,2,5,7
Vitim's,7,4,4,8,4,4,8
Vito,4,3,7,10,3,5,8
Vito's,6,5,7,12,5,5,10
Vitus,5,3,8,11,3,6,9
Vitus's,7,5,3,8,5,2,7
Vivaldi,7,2,3,5,2,3,5
Vivaldi's,9,4,2,6,3,2,5
Vivekananda,11,2,1,3,2,1,3
Vivekananda's,13,3,1,4,3,0,3
Vivian,6,3,7,10,4,6,10
Vivian's,8,5,6,11,6,5,11
Vivienne,8,3,1,4,3,1,4
Vivienne's,10,4,1,5,4,2,6
Vlad,4,3,6,9,3,7,10
Vlad's,6,5,5,10,5,6,11
Vladimir,8,2,2,4,2,2,4
Vladimir's,10,4,2,6,3,2,5
Vladivostok,11,2,1,3,2,1,3
Vladivostok's,13,2,1,3,2,1,3
Vlaminck,8,6,2,8,6,2,8
Vlaminck's,10,6,2,8,5,2,7
Vlasic,6,4,2,6,3,2,5
Vlasic's,8,3,2,5,4,1,5
VoIP,4,4,9,13,4,10,14
Vogue,5,4,4,8,4,4,8
Vogue's,7,6,3,9,6,3,9
Volcker,7,4,2,6,4,2,6
Volcker's,9,6,0,6,7,1,8
Voldemort,9,3,2,5,3,2,5
Voldemort's,11,5,0,5,4,1,5
Volga,5,3,4,7,3,6,9
Volga's,7,7,5,12,5,4,9
Volgograd,9,2,3,5,2,3,5
Volgograd's,11,4,1,5,3,2,5
Volkswagen,10,2,2,4,4,1,5
Volkswagen's,12,3,1,4,2,1,3
Volstead,8,5,1,6,5,2,7
Volstead's,10,6,1,7,6,2,8
Volta,5,4,6,10,4,8,12
Volta's,7,6,6,12,6,6,12
Voltaire,8,4,1,5,4,1,5
Voltaire's,10,7,0,7,4,1,5
Volvo,5,2,6,8,3,6,9
Volvo's,7,4,5,9,5,5,10
Vonda,5,4,6,10,4,6,10
Vonda's,7,6,5,11,6,4,10
Vonnegut,8,2,3,5,2,4,6
Vonnegut's,10,4,2,6,3,3,6
Voronezh,8,2,4,6,3,3,6
Voronezh's,10,4,1,5,4,1,5
Vorster,7,5,1,6,5,1,6
Vorster's,9,6,1,7,6,1,7
Voyager,7,6,3,9,6,3,9
Voyager's,9,5,4,9,8,3,11
Vuitton,7,4,4,8,4,4,8
Vuitton's,9,5,3,8,4,3,7
Vulcan,6,4,6,10,4,6,10
Vulcan's,8,6,4,10,6,4,10
Vulgate,7,4,3,7,5,1,6
Vulgate's,9,7,1,8,7,1,8
Vulgates,8,5,2,7,5,2,7
W,1,1,22,23,1,22,23
W's,3,3,20,23,3,20,23
Wabash,6,3,3,6,3,3,6
Wabash's,8,4,2,6,3,3,6
Waco,4,2,9,11,2,9,11
Waco's,6,4,8,12,4,8,12
Wade,4,4,6,10,4,6,10
Wade's,6,6,5,11,6,6,12
Wagner,6,4,2,6,4,3,7
Wagner's,8,6,1,7,6,1,7
Wagnerian,9,4,1,5,4,1,5
Wagnerian's,11,6,0,6,5,0,5
Wahhabi,7,2,4,6,1,6,7
Wahhabi's,9,4,5,9,3,5,8
Waikiki,7,1,2,3,2,5,7
Waikiki's,9,4,3,7,4,3,7
Waite,5,5,5,10,5,5,10
Waite's,7,5,5,10,5,5,10
Wake,4,4,8,12,4,7,11
Wake's,6,6,4,10,6,4,10
Waksman,7,5,2,7,5,2,7
Waksman's,9,6,2,8,6,2,8
Wald,4,4,6,10,4,6,10
Wald's,6,5,6,11,5,6,11
Waldemar,8,3,1,4,2,1,3
Waldemar's,10,4,0,4,4,0,4
Walden,6,5,4,9,5,4,9
Walden's,8,6,2,8,6,2,8
Waldensian,10,4,0,4,3,0,3
Waldensian's,12,5,0,5,3,0,3
Waldheim,8,3,3,6,3,1,4
Waldheim's,10,5,0,5,5,0,5
Waldo,5,3,5,8,3,5,8
Waldo's,7,5,4,9,5,4,9
Waldorf,7,4,4,8,4,4,8
Waldorf's,9,5,3,8,6,2,8
Wales,5,5,1,6,5,2,7
Wales's,7,5,2,7,4,4,8
Walesa,6,3,1,4,3,1,4
Walesa's,8,3,2,5,2,1,3
Walgreen,8,3,1,4,3,1,4
Walgreen's,10,5,0,5,5,0,5
Walker,6,5,5,10,4,6,10
Walker's,8,7,3,10,7,3,10
Walkman,7,3,5,8,3,5,8
Walkman's,9,6,3,9,6,3,9
Wall,4,3,5,8,3,5,8
Wall's,6,5,4,9,5,4,9
Wallace,7,4,3,7,4,2,6
Wallace's,9,6,1,7,6,1,7
Wallenstein,11,2,0,2,3,0,3
Wallenstein's,13,3,0,3,3,0,3
Waller,6,5,3,8,5,6,11
Waller's,8,7,2,9,7,2,9
Wallis,6,3,5,8,3,5,8
Wallis's,8,4,4,8,5,2,7
Walloon,7,5,4,9,5,2,7
Walloon's,9,7,1,8,7,1,8
Walls,5,4,3,7,4,2,6
Walls's,7,5,5,10,4,3,7
Walmart,7,2,5,7,3,3,6
Walmart's,9,5,2,7,5,2,7
Walpole,7,4,2,6,4,1,5
Walpole's,9,6,1,7,6,1,7
Walpurgisnacht,14,3,0,3,3,0,3
Walpurgisnacht's,16,2,0,2,3,0,3
Walsh,5,2,4,6,2,4,6
Walsh's,7,3,4,7,3,4,7
Walt,4,4,5,9,4,5,9
Walt's,6,6,4,10,6,4,10
Walter,6,6,2,8,6,2,8
Walter's,8,8,0,8,8,0,8
Walters,7,7,0,7,7,1,8
Walters's,9,7,0,7,7,1,8
Walton,6,5,4,9,4,5,9
Walton's,8,7,3,10,6,4,10
Wanamaker,9,3,3,6,3,3,6
Wanamaker's,11,5,0,5,5,0,5
Wanda,5,2,6,8,2,6,8
Wanda's,7,4,5,9,4,5,9
Wang,4,4,6,10,4,5,9
Wang's,6,6,4,10,6,4,10
Wankel,6,5,4,9,4,5,9
Wankel's,8,6,3,9,6,3,9
Ward,4,4,7,11,4,7,11
Ward's,6,6,5,11,6,5,11
Ware,4,4,3,7,4,2,6
Ware's,6,6,2,8,6,2,8
Warhol,6,3,3,6,3,3,6
Warhol's,8,6,2,8,6,2,8
Waring,6,6,2,8,6,2,8
Waring's,8,8,2,10,8,1,9
Warner,6,5,6,11,5,7,12
Warner's,8,6,4,10,7,5,12
Warren,6,5,1,6,5,1,6
Warren's,8,7,0,7,7,0,7
Warsaw,6,3,3,6,3,3,6
Warsaw's,8,4,3,7,4,3,7
Warwick,7,4,3,7,4,5,9
Warwick's,9,6,3,9,6,3,9
Wasatch,7,2,3,5,2,3,5
Wasatch's,9,3,2,5,3,3,6
Washington,10,3,0,3,3,0,3
Washington's,12,5,0,5,3,1,4
Washingtonian,13,3,0,3,3,0,3
Washingtonian's,15,3,0,3,3,0,3
Washingtonians,14,2,0,2,3,0,3
Wasp,4,4,3,7,4,3,7
Wassermann,10,3,1,4,2,2,4
Wassermann's,12,3,1,4,2,1,3
Waterbury,9,6,3,9,6,3,9
Waterbury's,11,8,1,9,8,1,9
Waterford,9,5,4,9,5,4,9
Waterford's,11,7,2,9,7,2,9
Watergate,9,4,1,5,3,1,4
Watergate's,11,5,2,7,6,0,6
Waterloo,8,3,2,5,4,2,6
Waterloo's,10,5,0,5,4,0,4
Waterloos,9,4,2,6,4,0,4
Waters,6,6,2,8,6,2,8
Waters's,8,5,0,5,5,0,5
Watkins,7,6,3,9,6,3,9
Watkins's,9,5,2,7,4,5,9
Watson,6,5,2,7,5,2,7
Watson's,8,6,2,8,6,2,8
Watt,4,3,5,8,3,5,8
Watt's,6,4,5,9,5,4,9
Watteau,7,3,3,6,3,3,6
Watteau's,9,5,0,5,5,1,6
Watts,5,4,5,9,4,5,9
Watts's,7,4,6,10,4,5,9
Watusi,6,3,2,5,3,2,5
Watusi's,8,4,1,5,4,2,6
Waugh,5,5,6,11,5,6,11
Waugh's,7,7,7,14,7,8,15
Wayne,5,4,3,7,4,4,8
Wayne's,7,6,4,10,6,4,10
Weaver,6,5,3,8,5,3,8
Weaver's,8,7,3,10,7,3,10
Webb,4,2,9,11,2,8,10
Webb's,6,4,8,12,4,4,8
Weber,5,3,2,5,3,2,5
Weber's,7,5,2,7,5,2,7
Webern,6,3,2,5,3,2,5
Webern's,8,5,1,6,4,0,4
Webster,7,4,1,5,3,2,5
Webster's,9,4,0,4,4,1,5
Websters,8,2,0,2,2,0,2
Weddell,7,2,3,5,2,3,5
Weddell's,9,4,2,6,3,2,5
Wedgwood,8,3,3,6,3,3,6
Wedgwood's,10,5,2,7,4,2,6
Wednesday,9,3,0,3,3,0,3
Wednesday's,11,3,0,3,3,0,3
Wednesdays,10,3,0,3,3,0,3
Weeks,5,4,3,7,4,3,7
Weeks's,7,3,1,4,3,2,5
Wehrmacht,9,3,2,5,2,3,5
Wehrmacht's,11,4,1,5,4,1,5
Wei,3,3,3,6,3,3,6
Wei's,5,5,2,7,5,4,9
Weierstrass,11,2,0,2,2,0,2
Weierstrass's,13,2,0,2,2,0,2
Weill,5,2,6,8,4,2,6
Weill's,7,4,3,7,4,1,5
Weinberg,8,2,2,4,2,2,4
Weinberg's,10,4,0,4,4,1,5
Weiss,5,2,2,4,2,2,4
Weiss's,7,2,0,2,2,0,2
Weissmuller,11,2,0,2,2,0,2
Weissmuller's,13,3,0,3,2,0,2
Weizmann,8,3,1,4,3,1,4
Weizmann's,10,5,2,7,5,2,7
Welch,5,5,6,11,5,3,8
Welch's,7,7,3,10,7,2,9
Weldon,6,4,5,9,4,5,9
Weldon's,8,6,4,10,6,3,9
Welland,7,5,4,9,4,2,6
Welland's,9,5,3,8,5,2,7
Weller,6,4,5,9,4,5,9
Weller's,8,5,5,10,5,4,9
Welles,6,4,4,8,4,2,6
Welles's,8,3,2,5,4,1,5
Wellington,10,3,1,4,3,1,4
Wellington's,12,4,1,5,4,0,4
Wellingtons,11,4,0,4,4,1,5
Wells,5,4,3,7,4,2,6
Wells's,7,3,4,7,3,4,7
Welsh,5,3,1,4,3,1,4
Welsh's,7,5,2,7,4,3,7
Welshman,8,4,0,4,4,1,5
Welshman's,10,5,0,5,6,0,6
Welshmen,8,2,1,3,2,1,3
Welshmen's,10,3,1,4,3,1,4
Wendell,7,2,3,5,2,3,5
Wendell's,9,4,2,6,3,2,5
Wendi,5,3,4,7,3,4,7
Wendi's,7,7,3,10,7,4,11
Wendy,5,3,4,7,3,6,9
Wendy's,7,6,4,10,6,5,11
Wesak,5,3,1,4,3,1,4
Wesak's,7,4,2,6,4,2,6
Wesley,6,4,2,6,3,2,5
Wesley's,8,5,1,6,3,1,4
Wesleyan,8,3,0,3,4,0,4
Wesleyan's,10,3,0,3,3,0,3
Wessex,6,2,3,5,2,3,5
Wessex's,8,3,1,4,3,1,4
Wesson,6,5,0,5,5,0,5
Wesson's,8,6,0,6,6,0,6
West,4,4,2,6,4,1,5
West's,6,5,1,6,5,1,6
Western,7,3,1,4,3,0,3
Western's,9,3,0,3,3,0,3
Westerner,9,3,0,3,3,0,3
Westerns,8,4,1,5,4,1,5
Westinghouse,12,2,0,2,2,0,2
Westinghouse's,14,3,0,3,2,0,2
Westminster,11,2,0,2,2,0,2
Westminster's,13,3,0,3,2,0,2
Weston,6,5,1,6,5,1,6
Weston's,8,6,1,7,6,1,7
Westphalia,10,4,0,4,3,0,3
Westphalia's,12,2,1,3,4,0,4
Wests,5,4,0,4,4,0,4
Weyden,6,3,2,5,3,2,5
Weyden's,8,4,4,8,4,4,8
Wezen,5,3,5,8,3,5,8
Wezen's,7,5,3,8,5,3,8
Wharton,7,5,4,9,5,4,9
Wharton's,9,7,3,10,7,2,9
Wheaties,8,4,2,6,3,1,4
Wheaties's,10,5,0,5,4,0,4
Wheatstone,10,3,0,3,3,0,3
Wheatstone's,12,3,0,3,3,0,3
Wheeler,7,3,1,4,3,0,3
Wheeler's,9,5,1,6,5,1,6
Wheeling,8,7,1,8,7,1,8
Wheeling's,10,7,0,7,7,0,7
Whig,4,4,5,9,4,7,11
Whig's,6,6,4,10,6,5,11
Whigs,5,5,6,11,5,6,11
Whipple,7,6,3,9,4,4,8
Whipple's,9,6,2,8,6,2,8
Whirlpool,9,3,2,5,2,3,5
Whirlpool's,11,4,2,6,3,2,5
Whistler,8,5,0,5,5,0,5
Whistler's,10,6,0,6,6,0,6
Whitaker,8,6,2,8,5,1,6
Whitaker's,10,5,1,6,5,1,6
White,5,5,6,11,5,6,11
White's,7,7,4,11,7,4,11
Whitefield,10,2,2,4,2,2,4
Whitefield's,12,4,1,5,4,1,5
Whitehall,9,4,2,6,3,3,6
Whitehall's,11,6,1,7,4,2,6
Whitehead,9,1,2,3,1,2,3
Whitehead's,11,2,1,3,2,1,3
Whitehorse,10,3,0,3,3,0,3
Whitehorse's,12,4,0,4,3,0,3
Whiteley,8,2,3,5,2,3,5
Whiteley's,10,4,1,5,3,1,4
Whites,6,6,3,9,6,4,10
Whitfield,9,3,3,6,3,3,6
Whitfield's,11,4,2,6,4,2,6
Whitley,7,4,5,9,3,5,8
Whitley's,9,7,1,8,4,4,8
Whitman,7,3,2,5,3,3,6
Whitman's,9,6,2,8,3,3,6
Whitney,7,3,5,8,3,5,8
Whitney's,9,5,3,8,5,3,8
Whitsunday,10,2,1,3,2,1,3
Whitsunday's,12,2,1,3,2,1,3
Whitsundays,11,3,2,5,3,1,4
Whittier,8,4,2,6,4,1,5
Whittier's,10,5,1,6,5,1,6
WiFi,4,3,3,6,3,4,7
Wicca,5,3,4,7,3,3,6
Wicca's,7,5,3,8,5,5,10
Wichita,7,2,4,6,2,3,5
Wichita's,9,4,2,6,4,2,6
Wiemar,6,2,1,3,2,1,3
Wiemar's,8,4,0,4,5,1,6
Wiesel,6,4,1,5,4,1,5
Wiesel's,8,5,1,6,5,1,6
Wiesenthal,10,3,0,3,3,0,3
Wiesenthal's,12,2,0,2,2,0,2
Wiggins,7,4,5,9,4,4,8
Wiggins's,9,5,2,7,5,2,7
Wigner,6,6,0,6,6,1,7
Wigner's,8,6,3,9,6,3,9
Wii,3,1,3,4,1,3,4
Wii's,5,2,3,5,2,3,5
Wikileaks,9,4,3,7,3,3,6
Wikipedia,9,2,3,5,3,1,4
Wikipedia's,11,5,0,5,4,0,4
Wilberforce,11,2,1,3,2,1,3
Wilberforce's,13,3,1,4,4,1,5
Wilbert,7,7,5,12,7,4,11
Wilbert's,9,9,4,13,9,3,12
Wilbur,6,3,5,8,3,4,7
Wilbur's,8,4,5,9,4,5,9
Wilburn,7,2,4,6,2,4,6
Wilburn's,9,5,3,8,4,3,7
Wilcox,6,3,5,8,3,5,8
Wilcox's,8,5,4,9,4,4,8
Wilda,5,4,4,8,4,4,8
Wilda's,7,6,3,9,6,4,10
Wilde,5,5,3,8,5,3,8
Wilde's,7,7,1,8,7,1,8
Wilder,6,6,2,8,6,2,8
Wilder's,8,6,4,10,8,5,13
Wiles,5,5,2,7,5,2,7
Wiles's,7,5,3,8,5,3,8
Wiley,5,3,5,8,3,5,8
Wiley's,7,5,3,8,5,3,8
Wilford,7,6,4,10,3,4,7
Wilford's,9,8,3,11,5,3,8
Wilfred,7,7,4,11,7,4,11
Wilfred's,9,9,1,10,9,1,10
Wilfredo,8,3,2,5,3,2,5
Wilfredo's,10,4,1,5,4,2,6
Wilhelm,7,3,5,8,3,5,8
Wilhelm's,9,4,4,8,4,4,8
Wilhelmina,10,4,1,5,3,1,4
Wilhelmina's,12,5,0,5,3,1,4
Wilkerson,9,7,2,9,7,2,9
Wilkerson's,11,8,2,10,8,2,10
Wilkes,6,5,4,9,4,6,10
Wilkes's,8,4,2,6,4,2,6
Wilkins,7,4,5,9,3,5,8
Wilkins's,9,4,2,6,4,2,6
Wilkinson,9,5,1,6,5,2,7
Wilkinson's,11,6,2,8,6,3,9
Will,4,3,8,11,3,8,11
Will's,6,5,7,12,5,7,12
Willa,5,3,3,6,3,3,6
Willa's,7,5,2,7,5,3,8
Willamette,10,1,2,3,1,2,3
Willamette's,12,3,1,4,2,2,4
Willard,7,5,3,8,5,3,8
Willard's,9,7,2,9,7,2,9
Willemstad,10,5,0,5,3,1,4
Willemstad's,12,6,0,6,3,1,4
William,7,4,4,8,3,5,8
William's,9,6,5,11,5,4,9
Williams,8,4,2,6,4,2,6
Williams's,10,3,1,4,4,2,6
Williamson,10,3,1,4,4,0,4
Williamson's,12,2,1,3,3,1,4
Willie,6,3,3,6,3,2,5
Willie's,8,5,3,8,5,3,8
Willis,6,3,5,8,3,4,7
Willis's,8,3,4,7,3,3,6
Willy,5,4,7,11,4,5,9
Willy's,7,6,5,11,6,4,10
Wilma,5,4,4,8,4,4,8
Wilma's,7,6,3,9,6,4,10
Wilmer,6,5,3,8,5,3,8
Wilmer's,8,6,6,12,7,6,13
Wilmington,10,4,2,6,2,2,4
Wilmington's,12,3,2,5,4,1,5
Wilson,6,4,3,7,4,3,7
Wilson's,8,5,3,8,5,3,8
Wilsonian,9,3,1,4,3,1,4
Wilsonian's,11,3,1,4,2,1,3
Wilton,6,5,5,10,5,5,10
Wilton's,8,7,4,11,7,4,11
Wimbledon,9,4,2,6,4,2,6
Wimbledon's,11,6,1,7,5,1,6
Wimsey,6,3,5,8,2,5,7
Wimsey's,8,5,3,8,3,4,7
Winchell,8,3,2,5,5,3,8
Winchell's,10,6,3,9,5,1,6
Winchester,10,3,0,3,7,1,8
Winchester's,12,4,0,4,8,1,9
Windbreaker,11,3,1,4,2,1,3
Windbreaker's,13,5,1,6,3,0,3
Windex,6,3,3,6,3,3,6
Windex's,8,6,2,8,6,2,8
Windhoek,8,3,2,5,3,2,5
Windhoek's,10,4,1,5,4,1,5
Windows,7,4,3,7,4,3,7
Windows's,9,4,1,5,4,1,5
Windsor,7,3,3,6,4,2,6
Windsor's,9,5,1,6,7,2,9
Windsors,8,4,3,7,4,1,5
Windward,8,4,2,6,3,3,6
Windward's,10,6,2,8,5,3,8
Winesap,7,4,0,4,3,1,4
Winesap's,9,3,1,4,4,0,4
Winfred,7,6,5,11,6,5,11
Winfred's,9,8,2,10,8,2,10
Winfrey,7,4,3,7,3,3,6
Winfrey's,9,6,2,8,6,2,8
Winifred,8,3,4,7,4,2,6
Winifred's,10,6,0,6,5,0,5
Winkle,6,6,1,7,6,3,9
Winkle's,8,8,1,9,7,6,13
Winnebago,9,3,1,4,3,1,4
Winnebago's,11,5,1,6,4,0,4
Winnie,6,3,4,7,3,3,6
Winnie's,8,5,4,9,5,4,9
Winnipeg,8,2,3,5,2,3,5
Winnipeg's,10,3,1,4,3,1,4
Winston,7,4,1,5,4,1,5
Winston's,9,5,1,6,5,1,6
Winters,7,6,2,8,6,2,8
Winters's,9,6,1,7,6,2,8
Winthrop,8,3,3,6,3,3,6
Winthrop's,10,5,2,7,5,2,7
Wisconsin,9,2,0,2,2,1,3
Wisconsin's,11,4,1,5,2,0,2
Wisconsinite,12,2,0,2,2,0,2
Wisconsinite's,14,3,0,3,2,0,2
Wisconsinites,13,2,0,2,2,0,2
Wise,4,4,9,13,4,9,13
Wise's,6,5,3,8,5,3,8
Witt,4,3,8,11,3,7,10
Witt's,6,5,6,11,5,6,11
Wittgenstein,12,4,0,4,4,0,4
Wittgenstein's,14,4,0,4,4,0,4
Witwatersrand,13,2,0,2,2,0,2
Witwatersrand's,15,2,0,2,2,0,2
Wm,2,1,9,10,1,9,10
Wm's,4,3,9,12,3,9,12
Wobegon,7,3,2,5,3,3,6
Wobegon's,9,4,1,5,4,1,5
Wodehouse,9,3,1,4,3,1,4
Wodehouse's,11,4,1,5,2,1,3
Wolf,4,4,6,10,4,5,9
Wolf's,6,6,4,10,6,3,9
Wolfe,5,3,3,6,3,3,6
Wolfe's,7,5,2,7,5,3,8
Wolff,5,3,8,11,3,8,11
Wolff's,7,5,7,12,5,7,12
Wolfgang,8,4,3,7,4,3,7
Wolfgang's,10,6,1,7,6,2,8
Wollongong,10,2,3,5,1,4,5
Wollongong's,12,3,2,5,3,3,6
Wollstonecraft,14,2,0,2,2,1,3
Wollstonecraft's,16,2,0,2,2,0,2
Wolsey,6,5,3,8,5,3,8
Wolsey's,8,4,2,6,5,3,8
Wonder,6,6,3,9,6,3,9
Wonder's,8,7,3,10,7,2,9
Wonderbra,9,5,2,7,3,2,5
Wonderbra's,11,5,0,5,4,1,5
Wong,4,4,7,11,4,7,11
Wong's,6,6,5,11,6,5,11
Wood,4,3,7,10,3,8,11
Wood's,6,5,4,9,5,4,9
Woodard,7,2,4,6,3,2,5
Woodard's,9,5,1,6,5,2,7
Woodhull,8,1,4,5,1,4,5
Woodhull's,10,4,3,7,6,2,8
Woodrow,7,2,4,6,2,4,6
Woodrow's,9,3,2,5,3,2,5
Woods,5,4,5,9,4,5,9
Woods's,7,5,3,8,5,3,8
Woodstock,9,3,3,6,2,2,4
Woodstock's,11,4,2,6,2,3,5
Woodward,8,4,4,8,3,4,7
Woodward's,10,5,2,7,5,2,7
Woolf,5,1,5,6,1,5,6
Woolf's,7,3,4,7,3,4,7
Woolite,7,3,2,5,3,1,4
Woolite's,9,5,1,6,5,1,6
Woolongong,10,1,3,4,1,4,5
Woolongong's,12,2,2,4,2,3,5
Woolworth,9,1,4,5,1,4,5
Woolworth's,11,2,2,4,2,2,4
Wooster,7,6,0,6,6,0,6
Wooster's,9,7,0,7,7,0,7
Wooten,6,5,4,9,5,4,9
Wooten's,8,5,4,9,5,3,8
Worcester,9,5,0,5,5,0,5
Worcester's,11,6,0,6,6,0,6
Worcesters,10,5,0,5,5,0,5
Worcestershire,14,1,0,1,1,0,1
Worcestershire's,16,1,0,1,1,0,1
Wordsworth,10,2,2,4,2,2,4
Wordsworth's,12,2,2,4,2,2,4
Workman,7,6,3,9,5,3,8
Workman's,9,7,1,8,7,2,9
Worms,5,5,4,9,5,4,9
Worms's,7,6,4,10,6,4,10
Wotan,5,5,4,9,5,4,9
Wotan's,7,7,2,9,7,2,9
Wovoka,6,3,4,7,2,6,8
Wovoka's,8,5,3,8,4,5,9
Wozniak,7,3,2,5,3,3,6
Wozniak's,9,5,1,6,5,1,6
Wozzeck,7,3,5,8,1,6,7
Wozzeck's,9,3,5,8,3,5,8
Wrangell,8,3,3,6,4,1,5
Wrangell's,10,6,0,6,6,0,6
Wren,4,3,2,5,3,3,6
Wren's,6,5,1,6,5,1,6
Wright,6,6,4,10,6,4,10
Wright's,8,8,4,12,8,4,12
Wrigley,7,5,3,8,3,4,7
Wrigley's,9,7,1,8,7,1,8
Wroclaw,7,4,3,7,4,2,6
Wroclaw's,9,5,2,7,5,1,6
Wu,2,2,7,9,2,7,9
Wu's,4,3,12,15,3,13,16
Wuhan,5,4,5,9,4,6,10
Wuhan's,7,6,4,10,6,4,10
Wurlitzer,9,3,3,6,3,3,6
Wurlitzer's,11,4,1,5,3,1,4
Wyatt,5,2,7,9,2,7,9
Wyatt's,7,4,6,10,4,6,10
Wycherley,9,4,2,6,4,2,6
Wycherley's,11,5,0,5,5,0,5
Wycliffe,8,3,2,5,4,2,6
Wycliffe's,10,6,0,6,4,2,6
Wyeth,5,3,5,8,3,6,9
Wyeth's,7,5,4,9,5,5,10
Wylie,5,2,4,6,2,4,6
Wylie's,7,5,2,7,5,2,7
Wynn,4,2,7,9,2,7,9
Wynn's,6,4,6,10,4,6,10
Wyoming,7,5,3,8,5,3,8
Wyoming's,9,4,3,7,4,3,7
Wyomingite,10,2,2,4,2,2,4
Wyomingite's,12,5,0,5,4,0,4
Wyomingites,11,4,0,4,3,1,4
X,1,1,23,24,1,23,24
X's,3,3,21,24,3,21,24
XEmacs,6,4,2,6,3,7,10
XEmacs's,8,3,4,7,4,2,6
Xanadu,6,2,3,5,2,3,5
Xanadu's,8,4,2,6,4,2,6
Xanthippe,9,3,2,5,3,2,5
Xanthippe's,11,5,1,6,4,1,5
Xavier,6,6,1,7,6,1,7
Xavier's,8,7,7,14,7,8,15
Xe,2,2,8,10,2,8,10
Xe's,4,4,8,12,4,7,11
Xenakis,7,4,3,7,4,3,7
Xenakis's,9,4,2,6,4,3,7
Xenia,5,3,5,8,4,4,8
Xenia's,7,5,4,9,5,5,10
Xenophon,8,2,3,5,2,3,5
Xenophon's,10,4,2,6,3,2,5
Xerox,5,3,6,9,3,6,9
Xerox's,7,5,5,10,5,5,10
Xeroxes,7,4,2,6,4,2,6
Xerxes,6,4,2,6,4,2,6
Xerxes's,8,5,1,6,5,1,6
Xhosa,5,2,2,4,2,2,4
Xhosa's,7,3,2,5,3,2,5
Xi'an,5,4,5,9,4,5,9
Xi'an's,7,4,1,5,3,1,4
Xiaoping,8,6,4,10,4,3,7
Xiaoping's,10,4,1,5,3,1,4
Ximenes,7,3,1,4,4,3,7
Ximenes's,9,3,0,3,3,0,3
Xingu,5,2,6,8,2,6,8
Xingu's,7,4,5,9,4,5,9
Xiongnu,7,2,3,5,2,3,5
Xiongnu's,9,3,2,5,3,2,5
Xmas,4,2,4,6,2,4,6
Xmas's,6,3,2,5,3,2,5
Xmases,6,4,4,8,4,4,8
Xochipilli,10,1,2,3,1,2,3
Xochipilli's,12,3,2,5,2,1,3
Xuzhou,6,4,5,9,4,5,9
Xuzhou's,8,6,4,10,6,6,12
Y,1,1,24,25,1,24,25
Y's,3,3,22,25,3,22,25
Yacc,4,2,7,9,2,7,9
Yacc's,6,4,4,8,4,5,9
Yahoo,5,3,2,5,3,2,5
Yahoo's,7,5,4,9,5,4,9
Yahtzee,7,3,2,5,3,1,4
Yahtzee's,9,5,1,6,5,1,6
Yahweh,6,2,6,8,2,6,8
Yahweh's,8,4,4,8,4,4,8
Yakima,6,3,4,7,3,4,7
Yakima's,8,5,3,8,5,3,8
Yakut,5,4,3,7,4,3,7
Yakut's,7,6,3,9,6,3,9
Yakutsk,7,3,2,5,3,2,5
Yakutsk's,9,4,2,6,4,2,6
Yale,4,4,5,9,4,4,8
Yale's,6,6,4,10,6,4,10
Yalow,5,2,4,6,3,2,5
Yalow's,7,5,6,11,5,7,12
Yalta,5,2,4,6,2,4,6
Yalta's,7,4,3,7,4,3,7
Yalu,4,3,8,11,3,8,11
Yalu's,6,5,7,12,5,7,12
Yamagata,8,3,3,6,3,3,6
Yamagata's,10,4,1,5,4,1,5
Yamaha,6,2,3,5,2,3,5
Yamaha's,8,4,2,6,4,2,6
Yamoussoukro,12,1,1,2,2,1,3
Yamoussoukro's,14,2,0,2,2,0,2
Yang,4,4,7,11,4,6,10
Yang's,6,6,5,11,6,5,11
Yangon,6,4,3,7,4,3,7
Yangon's,8,6,3,9,6,2,8
Yangtze,7,3,3,6,4,3,7
Yangtze's,9,5,2,7,6,3,9
Yank,4,4,5,9,4,6,10
Yank's,6,6,5,11,6,5,11
Yankee,6,3,0,3,3,0,3
Yankee's,8,5,0,5,5,1,6
Yankees,7,3,1,4,3,1,4
Yanks,5,5,5,10,5,6,11
Yaobang,7,3,5,8,2,5,7
Yaobang's,9,5,3,8,4,4,8
Yaounde,7,3,2,5,3,1,4
Yaounde's,9,5,1,6,5,1,6
Yaqui,5,3,4,7,3,4,7
Yaqui's,7,5,6,11,5,6,11
Yaroslavl,9,3,3,6,2,2,4
Yaroslavl's,11,4,3,7,3,3,6
Yataro,6,3,4,7,3,4,7
Yataro's,8,5,3,8,4,4,8
Yates,5,5,4,9,5,4,9
Yates's,7,5,4,9,5,4,9
Yeager,6,5,4,9,5,4,9
Yeager's,8,6,4,10,6,4,10
Yeats,5,5,4,9,5,3,8
Yeats's,7,5,2,7,5,2,7
Yekaterinburg,13,2,1,3,2,1,3
Yekaterinburg's,15,3,0,3,3,0,3
Yellowknife,11,3,1,4,2,2,4
Yellowknife's,13,3,1,4,3,0,3
Yellowstone,11,3,0,3,2,0,2
Yellowstone's,13,2,0,2,2,0,2
Yeltsin,7,4,1,5,4,1,5
Yeltsin's,9,4,0,4,5,1,6
Yemen,5,2,6,8,2,6,8
Yemen's,7,4,4,8,4,4,8
Yemeni,6,4,3,7,4,3,7
Yemeni's,8,6,2,8,6,2,8
Yemenis,7,2,4,6,2,4,6
Yenisei,7,2,1,3,2,1,3
Yenisei's,9,2,1,3,3,1,4
Yerevan,7,2,2,4,2,2,4
Yerevan's,9,4,0,4,4,1,5
Yerkes,6,4,3,7,4,4,8
Yerkes's,8,4,2,6,4,2,6
Yesenia,7,3,0,3,2,0,2
Yesenia's,9,2,0,2,2,0,2
Yevtushenko,11,2,0,2,2,0,2
Yevtushenko's,13,2,0,2,2,0,2
Yggdrasil,9,4,1,5,2,2,4
Yggdrasil's,11,2,2,4,2,1,3
Yiddish,7,3,3,6,3,2,5
Yiddish's,9,4,1,5,4,2,6
Ymir,4,3,4,7,3,4,7
Ymir's,6,5,3,8,5,3,8
Yoda,4,4,3,7,4,4,8
Yoda's,6,6,3,9,6,3,9
Yoknapatawpha,13,1,3,4,1,3,4
Yoknapatawpha's,15,3,0,3,2,2,4
Yoko,4,2,8,10,1,9,10
Yoko's,6,4,6,10,4,7,11
Yokohama,8,2,3,5,2,3,5
Yokohama's,10,4,2,6,3,2,5
Yolanda,7,2,3,5,2,3,5
Yolanda's,9,4,2,6,3,2,5
Yong,4,4,8,12,4,8,12
Yong's,6,6,6,12,6,6,12
Yonkers,7,7,3,10,5,6,11
Yonkers's,9,5,2,7,5,2,7
York,4,4,6,10,4,6,10
York's,6,6,5,11,6,4,10
Yorkie,6,4,5,9,3,6,9
Yorkie's,8,5,5,10,5,1,6
Yorkshire,9,4,1,5,3,1,4
Yorkshire's,11,4,1,5,5,0,5
Yorktown,8,2,4,6,2,4,6
Yorktown's,10,4,2,6,4,2,6
Yoruba,6,3,3,6,2,4,6
Yoruba's,8,4,2,6,4,2,6
Yosemite,8,3,1,4,3,1,4
Yosemite's,10,4,1,5,4,1,5
Yossarian,9,4,0,4,2,1,3
Yossarian's,11,2,1,3,3,0,3
YouTube,7,3,3,6,3,2,5
YouTube's,9,4,2,6,5,2,7
Young,5,4,3,7,4,3,7
Young's,7,6,2,8,5,4,9
Youngstown,10,2,0,2,2,3,5
Youngstown's,12,3,3,6,2,3,5
Ypres,5,3,4,7,3,4,7
Ypres's,7,3,4,7,3,4,7
Ypsilanti,9,2,1,3,2,1,3
Ypsilanti's,11,2,1,3,2,1,3
Yuan,4,3,8,11,3,8,11
Yuan's,6,5,7,12,5,7,12
Yucatan,7,2,4,6,2,3,5
Yucatan's,9,4,2,6,4,2,6
Yugoslav,8,3,2,5,3,2,5
Yugoslav's,10,4,2,6,4,2,6
Yugoslavia,10,2,1,3,2,1,3
Yugoslavia's,12,10,1,11,10,1,11
Yugoslavian,11,4,1,5,3,1,4
Yugoslavian's,13,3,1,4,3,1,4
Yugoslavians,12,9,2,11,9,2,11
Yukon,5,4,6,10,4,6,10
Yukon's,7,6,5,11,6,5,11
Yule,4,4,3,7,4,4,8
Yule's,6,6,3,9,6,3,9
Yules,5,5,4,9,5,4,9
Yuletide,8,3,2,5,4,2,6
Yuletide's,10,5,0,5,4,1,5
Yuletides,9,4,0,4,5,0,5
Yunnan,6,3,3,6,3,3,6
Yunnan's,8,5,2,7,5,2,7
Yuri,4,3,5,8,3,5,8
Yuri's,6,5,5,10,5,5,10
Yves,4,3,4,7,3,4,7
Yves's,6,3,3,6,3,3,6
Yvette,6,2,3,5,2,2,4
Yvette's,8,4,1,5,4,1,5
Yvonne,6,3,5,8,3,4,7
Yvonne's,8,4,4,8,4,4,8
Z,1,0,25,25,0,25,25
Z's,3,2,23,25,2,23,25
Zachariah,9,2,3,5,2,3,5
Zachariah's,11,3,2,5,2,2,4
Zachary,7,4,4,8,3,5,8
Zachary's,9,5,3,8,5,4,9
Zachery,7,5,2,7,4,5,9
Zachery's,9,7,1,8,5,5,10
Zagreb,6,3,3,6,3,3,6
Zagreb's,8,6,1,7,6,1,7
Zaire,5,4,4,8,4,4,8
Zaire's,7,6,1,7,6,1,7
Zairian,7,2,3,5,3,3,6
Zambezi,7,3,3,6,3,4,7
Zambezi's,9,5,3,8,5,3,8
Zambia,6,5,3,8,5,3,8
Zambia's,8,6,4,10,6,4,10
Zambian,7,3,4,7,3,4,7
Zambian's,9,5,3,8,5,3,8
Zambians,8,4,4,8,4,4,8
Zamboni,7,2,3,5,3,3,6
Zamboni's,9,6,1,7,6,1,7
Zamenhof,8,3,2,5,3,2,5
Zamenhof's,10,6,0,6,4,1,5
Zamora,6,4,4,8,4,4,8
Zamora's,8,6,3,9,6,3,9
Zane,4,4,6,10,4,7,11
Zane's,6,6,5,11,6,5,11
Zanuck,6,3,3,6,3,3,6
Zanuck's,8,5,4,9,5,2,7
Zanzibar,8,4,2,6,4,2,6
Zanzibar's,10,6,1,7,3,2,5
Zapata,6,2,4,6,2,4,6
Zapata's,8,4,3,7,4,3,7
Zaporozhye,10,2,2,4,2,2,4
Zaporozhye's,12,4,1,5,3,1,4
Zapotec,7,3,5,8,3,4,7
Zapotec's,9,3,5,8,5,3,8
Zappa,5,2,6,8,2,8,10
Zappa's,7,4,5,9,4,7,11
Zara,4,2,6,8,2,7,9
Zara's,6,4,6,10,4,6,10
Zealand,7,2,2,4,5,2,7
Zealand's,9,4,0,4,6,2,8
Zebedee,7,2,1,3,1,1,2
Zebedee's,9,4,0,4,3,1,4
Zechariah,9,3,2,5,3,2,5
Zechariah's,11,5,1,6,4,1,5
Zedekiah,8,2,3,5,2,3,5
Zedekiah's,10,4,2,6,4,2,6
Zedong,6,4,3,7,4,3,7
Zedong's,8,5,2,7,6,1,7
Zeffirelli,10,2,1,3,2,1,3
Zeffirelli's,12,6,0,6,5,0,5
Zeke,4,2,6,8,2,5,7
Zeke's,6,3,5,8,3,5,8
Zelig,5,4,5,9,4,4,8
Zelig's,7,5,5,10,5,4,9
Zelma,5,4,3,7,4,4,8
Zelma's,7,6,2,8,6,3,9
Zen,3,3,4,7,3,6,9
Zen's,5,5,2,7,5,2,7
Zenger,6,3,5,8,3,5,8
Zenger's,8,6,4,10,5,3,8
Zeno,4,3,5,8,3,5,8
Zeno's,6,5,5,10,5,5,10
Zens,4,4,1,5,4,0,4
Zephaniah,9,3,2,5,3,2,5
Zephaniah's,11,5,1,6,4,1,5
Zephyrus,8,3,2,5,3,2,5
Zephyrus's,10,3,1,4,3,1,4
Zeppelin,8,2,2,4,2,2,4
Zeppelin's,10,4,0,4,3,1,4
Zest,4,4,3,7,4,2,6
Zest's,6,5,2,7,5,2,7
Zeus,4,3,10,13,3,10,13
Zeus's,6,4,2,6,4,2,6
Zhengzhou,9,2,3,5,2,3,5
Zhengzhou's,11,4,1,5,3,2,5
Zhivago,7,4,4,8,2,6,8
Zhivago's,9,6,4,10,5,4,9
Zhukov,6,2,4,6,2,4,6
Zhukov's,8,4,3,7,4,5,9
Zibo,4,3,5,8,3,6,9
Zibo's,6,5,5,10,5,6,11
Ziegfeld,8,2,2,4,2,2,4
Ziegfeld's,10,4,1,5,3,1,4
Ziegler,7,3,4,7,4,0,4
Ziegler's,9,6,0,6,6,0,6
Ziggy,5,3,11,14,3,11,14
Ziggy's,7,5,9,14,6,8,14
Zimbabwe,8,2,3,5,2,3,5
Zimbabwe's,10,5,1,6,3,2,5
Zimbabwean,10,3,1,4,1,4,5
Zimbabwean's,12,5,0,5,2,3,5
Zimbabweans,11,4,1,5,3,1,4
Zimmerman,9,5,2,7,4,1,5
Zimmerman's,11,5,1,6,5,1,6
Zinfandel,9,2,2,4,2,2,4
Zinfandel's,11,5,1,6,3,1,4
Zion,4,3,6,9,3,6,9
Zion's,6,5,5,10,5,5,10
Zionism,7,2,3,5,6,1,7
Zionism's,9,7,0,7,7,1,8
Zionisms,8,4,4,8,2,4,6
Zionist,7,5,2,7,5,2,7
Zionist's,9,6,1,7,6,2,8
Zionists,8,5,2,7,5,2,7
Zions,5,4,5,9,4,5,9
Ziploc,6,3,4,7,2,3,5
Ziploc's,8,5,3,8,4,4,8
Zn,2,1,13,14,1,13,14
Zn's,4,3,12,15,3,12,15
Zoe,3,3,12,15,3,12,15
Zoe's,5,5,5,10,5,5,10
Zola,4,4,4,8,4,2,6
Zola's,6,6,2,8,6,2,8
Zollverein,10,2,1,3,2,1,3
Zollverein's,12,4,0,4,3,1,4
Zoloft,6,3,4,7,3,4,7
Zoloft's,8,5,2,7,5,2,7
Zomba,5,3,7,10,3,4,7
Zomba's,7,5,6,11,5,2,7
Zorn,4,4,5,9,4,6,10
Zorn's,6,6,5,11,6,6,12
Zoroaster,9,3,0,3,3,0,3
Zoroaster's,11,4,0,4,3,0,3
Zoroastrian,11,3,1,4,3,1,4
Zoroastrian's,13,2,1,3,2,1,3
Zoroastrianism,14,1,0,1,1,0,1
Zoroastrianism's,16,1,0,1,1,0,1
Zoroastrianisms,15,1,0,1,1,0,1
Zorro,5,2,4,6,2,3,5
Zorro's,7,4,3,7,3,4,7
Zosma,5,2,2,4,2,2,4
Zosma's,7,3,2,5,4,3,7
Zr,2,1,11,12,1,11,12
Zr's,4,3,9,12,3,9,12
Zsigmondy,9,3,2,5,3,2,5
Zsigmondy's,11,3,2,5,3,2,5
Zubenelgenubi,13,1,1,2,1,1,2
Zubenelgenubi's,15,2,1,3,3,0,3
Zubeneschamali,14,2,0,2,2,0,2
Zubeneschamali's,16,2,0,2,2,0,2
Zukor,5,4,5,9,4,5,9
Zukor's,7,6,4,10,6,4,10
Zulu,4,2,5,7,2,5,7
Zulu's,6,4,5,9,4,5,9
Zulus,5,3,7,10,3,4,7
Zuni,4,2,6,8,2,6,8
Zuni's,6,4,6,10,4,6,10
Zwingli,7,2,3,5,1,4,5
Zwingli's,9,2,3,5,2,3,5
Zworykin,8,3,3,6,3,3,6
Zworykin's,10,4,2,6,4,2,6
Zyrtec,6,2,5,7,2,5,7
Zyrtec's,8,4,3,7,4,3,7
Zyuganov,8,3,3,6,2,4,6
Zyuganov's,10,5,2,7,4,1,5
Zürich,6,3,6,9,2,6,8
Zürich's,8,5,4,9,5,6,11
a,1,1,0,1,1,0,1
aardvark,8,1,3,4,1,3,4
aardvark's,10,2,1,3,2,1,3
aardvarks,9,2,2,4,3,1,4
abaci,5,2,4,6,2,4,6
aback,5,3,5,8,3,5,8
abacus,6,3,4,7,3,4,7
abacus's,8,3,1,4,2,2,4
abacuses,8,4,0,4,4,0,4
abaft,5,2,6,8,2,6,8
abalone,7,3,1,4,3,0,3
abalone's,9,5,0,5,5,0,5
abalones,8,4,1,5,5,1,6
abandon,7,3,3,6,2,2,4
abandoned,9,3,1,4,3,1,4
abandoning,10,2,2,4,2,2,4
abandonment,11,2,2,4,2,1,3
abandonment's,13,4,0,4,3,0,3
abandons,8,3,2,5,3,2,5
abase,5,3,1,4,3,1,4
abased,6,5,1,6,5,1,6
abasement,9,4,0,4,4,0,4
abasement's,11,5,0,5,5,0,5
abases,6,3,3,6,3,3,6
abash,5,4,1,5,4,1,5
abashed,7,5,2,7,5,2,7
abashes,7,4,1,5,3,0,3
abashing,8,6,2,8,6,2,8
abasing,7,5,2,7,5,2,7
abate,5,3,3,6,3,3,6
abated,6,4,2,6,4,2,6
abatement,9,3,1,4,3,1,4
abatement's,11,6,0,6,5,0,5
abates,6,5,2,7,5,3,8
abating,7,5,2,7,5,2,7
abattoir,8,2,3,5,2,3,5
abattoir's,10,5,1,6,4,1,5
abattoirs,9,3,2,5,3,2,5
abbess,6,4,0,4,4,0,4
abbess's,8,5,0,5,5,0,5
abbesses,8,4,0,4,4,0,4
abbey,5,2,8,10,2,8,10
abbey's,7,4,6,10,4,6,10
abbeys,6,3,6,9,3,6,9
abbot,5,3,5,8,3,5,8
abbot's,7,5,2,7,5,4,9
abbots,6,4,5,9,4,5,9
abbreviate,10,6,1,7,4,2,6
abbreviated,11,7,1,8,3,1,4
abbreviates,11,7,0,7,5,0,5
abbreviating,12,8,1,9,5,1,6
abbreviation,12,8,1,9,4,1,5
abbreviation's,14,10,0,10,5,0,5
abbreviations,13,9,0,9,6,0,6
abbé,4,1,7,8,2,6,8
abbé's,6,4,6,10,4,5,9
abbés,5,3,5,8,3,5,8
abdicate,8,5,1,6,5,1,6
abdicated,9,3,1,4,3,2,5
abdicates,9,5,0,5,5,0,5
abdicating,10,5,2,7,4,2,6
abdication,10,6,2,8,5,2,7
abdication's,12,8,1,9,6,1,7
abdications,11,4,1,5,5,1,6
abdomen,7,3,2,5,3,2,5
abdomen's,9,4,3,7,4,4,8
abdomens,8,4,4,8,3,5,8
abdominal,9,3,3,6,2,2,4
abduct,6,5,4,9,5,4,9
abducted,8,4,2,6,2,3,5
abductee,8,6,1,7,2,1,3
abductee's,10,2,2,4,3,1,4
abductees,9,7,0,7,3,0,3
abducting,9,4,3,7,4,3,7
abduction,9,4,2,6,4,2,6
abduction's,11,7,1,8,4,1,5
abductions,10,5,1,6,4,1,5
abductor,8,2,3,5,2,3,5
abductor's,10,3,2,5,3,2,5
abductors,9,5,2,7,4,2,6
abducts,7,3,4,7,4,4,8
abeam,5,3,1,4,3,1,4
abed,4,4,1,5,4,1,5
aberrant,8,2,2,4,3,3,6
aberration,10,6,1,7,4,1,5
aberration's,12,8,0,8,3,0,3
aberrations,11,7,1,8,4,0,4
abet,4,3,4,7,3,6,9
abets,5,4,6,10,4,6,10
abetted,7,4,1,5,4,2,6
abetter,7,4,2,6,4,3,7
abetter's,9,6,1,7,6,1,7
abetters,8,5,0,5,5,0,5
abetting,8,6,3,9,6,3,9
abettor,7,2,2,4,3,2,5
abettor's,9,4,1,5,4,1,5
abettors,8,3,1,4,3,0,3
abeyance,8,2,3,5,3,3,6
abeyance's,10,4,2,6,3,2,5
abhor,5,4,3,7,4,3,7
abhorred,8,5,1,6,4,2,6
abhorrence,10,4,2,6,4,2,6
abhorrence's,12,6,1,7,6,1,7
abhorrent,9,4,1,5,4,1,5
abhorring,9,5,2,7,5,2,7
abhors,6,5,2,7,5,2,7
abide,5,4,2,6,5,2,7
abided,6,3,1,4,3,1,4
abides,6,6,1,7,6,1,7
abiding,7,4,2,6,3,3,6
abilities,9,4,0,4,4,0,4
ability,7,6,4,10,6,3,9
ability's,9,8,2,10,8,2,10
abject,6,5,3,8,4,2,6
abjectly,8,3,3,6,3,3,6
abjuration,10,9,2,11,9,2,11
abjuration's,12,11,1,12,11,1,12
abjurations,11,10,1,11,10,1,11
abjure,6,6,1,7,3,5,8
abjured,7,6,1,7,5,3,8
abjures,7,7,2,9,4,4,8
abjuring,8,8,3,11,8,4,12
ablative,8,3,1,4,3,1,4
ablative's,10,5,0,5,4,1,5
ablatives,9,4,0,4,4,1,5
ablaze,6,4,2,6,4,2,6
able,4,4,2,6,4,1,5
abler,5,4,3,7,4,3,7
ablest,6,5,2,7,5,2,7
abloom,6,2,4,6,2,4,6
ablution,8,4,2,6,4,2,6
ablution's,10,6,1,7,5,1,6
ablutions,9,5,1,6,5,1,6
ably,4,3,5,8,3,4,7
abnegate,8,4,1,5,4,1,5
abnegated,9,4,2,6,3,3,6
abnegates,9,4,1,5,4,1,5
abnegating,10,3,1,4,3,1,4
abnegation,10,3,1,4,3,1,4
abnegation's,12,4,0,4,4,0,4
abnormal,8,3,3,6,3,3,6
abnormalities,13,10,0,10,4,0,4
abnormality,11,3,1,4,3,2,5
abnormality's,13,10,0,10,3,1,4
abnormally,10,2,3,5,1,3,4
aboard,6,3,2,5,3,2,5
abode,5,5,3,8,4,3,7
abode's,7,7,3,10,7,2,9
abodes,6,5,2,7,5,2,7
abolish,7,5,2,7,5,1,6
abolished,9,7,1,8,7,1,8
abolishes,9,6,2,8,6,1,7
abolishing,10,6,1,7,4,1,5
abolition,9,4,2,6,4,2,6
abolition's,11,3,1,4,3,1,4
abolitionist,12,5,0,5,3,0,3
abolitionist's,14,4,0,4,3,0,3
abolitionists,13,3,0,3,3,0,3
abominable,10,3,2,5,4,1,5
abominably,10,3,2,5,3,2,5
abominate,9,5,1,6,5,1,6
abominated,10,6,1,7,6,1,7
abominates,10,5,0,5,5,0,5
abominating,11,5,1,6,3,2,5
abomination,11,3,1,4,3,2,5
abomination's,13,6,0,6,4,1,5
abominations,12,3,1,4,4,1,5
aboriginal,10,3,2,5,3,2,5
aboriginal's,12,3,1,4,3,1,4
aboriginals,11,4,1,5,3,1,4
aborigine,9,4,1,5,4,1,5
aborigine's,11,5,0,5,3,1,4
aborigines,10,4,0,4,5,0,5
abort,5,3,4,7,3,4,7
aborted,7,5,1,6,4,2,6
aborting,8,6,3,9,5,4,9
abortion,8,6,2,8,6,2,8
abortion's,10,8,1,9,8,1,9
abortionist,11,3,0,3,3,0,3
abortionist's,13,4,0,4,3,0,3
abortionists,12,3,0,3,3,0,3
abortions,9,7,1,8,7,1,8
abortive,8,7,1,8,7,1,8
aborts,6,5,3,8,5,3,8
abound,6,6,3,9,6,3,9
abounded,8,3,2,5,3,2,5
abounding,9,7,2,9,7,2,9
abounds,7,6,2,8,6,1,7
about,5,4,4,8,4,4,8
above,5,4,4,8,4,4,8
above's,7,6,4,10,5,4,9
aboveboard,10,2,2,4,2,2,4
abracadabra,11,1,3,4,1,3,4
abracadabra's,13,3,2,5,2,2,4
abrade,6,3,1,4,3,1,4
abraded,7,4,1,5,4,1,5
abrades,7,4,2,6,4,1,5
abrading,8,5,3,8,5,3,8
abrasion,8,5,1,6,4,1,5
abrasion's,10,2,1,3,2,1,3
abrasions,9,3,2,5,6,0,6
abrasive,8,4,0,4,4,0,4
abrasive's,10,5,0,5,5,0,5
abrasively,10,6,0,6,5,0,5
abrasiveness,12,5,0,5,4,0,4
abrasiveness's,14,5,0,5,4,0,4
abrasives,9,4,0,4,5,1,6
abreast,7,4,0,4,3,0,3
abridge,7,4,2,6,5,0,5
abridged,8,3,1,4,4,1,5
abridgement,11,2,1,3,3,1,4
abridgement's,13,7,0,7,4,0,4
abridgements,12,4,0,4,4,0,4
abridges,8,5,1,6,5,1,6
abridging,9,3,2,5,3,2,5
abridgment,10,5,1,6,5,1,6
abridgment's,12,6,0,6,5,0,5
abridgments,11,5,1,6,4,0,4
abroad,6,3,3,6,3,3,6
abrogate,8,4,2,6,4,2,6
abrogated,9,6,1,7,6,2,8
abrogates,9,6,1,7,6,1,7
abrogating,10,6,2,8,5,2,7
abrogation,10,6,2,8,5,3,8
abrogation's,12,8,1,9,7,2,9
abrogations,11,7,1,8,6,2,8
abrupt,6,4,5,9,4,5,9
abrupter,8,3,3,6,3,2,5
abruptest,9,4,0,4,4,0,4
abruptly,8,3,4,7,2,4,6
abruptness,10,4,1,5,4,2,6
abruptness's,12,5,1,6,5,2,7
abscess,7,3,0,3,3,0,3
abscess's,9,4,0,4,4,0,4
abscessed,9,4,0,4,4,0,4
abscesses,9,3,0,3,3,0,3
abscessing,10,6,0,6,6,0,6
abscissa,8,1,0,1,1,0,1
abscissa's,10,2,0,2,2,0,2
abscissae,9,2,0,2,2,0,2
abscissas,9,1,1,2,1,1,2
abscond,7,2,2,4,2,2,4
absconded,9,5,0,5,4,0,4
absconding,10,6,0,6,6,0,6
absconds,8,4,3,7,3,2,5
absence,7,2,2,4,4,0,4
absence's,9,4,1,5,2,2,4
absences,8,2,1,3,2,1,3
absent,6,4,0,4,4,0,4
absented,8,5,0,5,5,0,5
absentee,8,2,0,2,2,0,2
absentee's,10,3,0,3,3,0,3
absenteeism,11,2,0,2,2,0,2
absenteeism's,13,2,0,2,3,0,3
absentees,9,2,0,2,2,0,2
absenting,9,4,0,4,4,0,4
absently,8,3,0,3,3,0,3
absents,7,3,1,4,3,1,4
absinth,7,3,1,4,3,1,4
absinth's,9,2,1,3,3,1,4
absinthe,8,4,0,4,4,0,4
absinthe's,10,5,0,5,5,0,5
absolute,8,3,1,4,3,1,4
absolute's,10,5,1,6,4,1,5
absolutely,10,3,1,4,3,1,4
absolutes,9,3,1,4,3,1,4
absolutest,10,3,0,3,3,0,3
absolution,10,8,0,8,8,0,8
absolution's,12,9,0,9,9,0,9
absolutism,10,3,0,3,3,0,3
absolutism's,12,3,0,3,2,0,2
absolve,7,3,1,4,4,2,6
absolved,8,5,2,7,4,2,6
absolves,8,3,1,4,3,1,4
absolving,9,6,1,7,6,1,7
absorb,6,3,2,5,3,2,5
absorbed,8,5,2,7,4,2,6
absorbency,10,2,1,3,2,1,3
absorbency's,12,2,1,3,2,1,3
absorbent,9,2,2,4,3,1,4
absorbent's,11,3,0,3,3,1,4
absorbents,10,3,1,4,3,1,4
absorbing,9,6,1,7,6,1,7
absorbs,7,2,3,5,2,3,5
absorption,10,7,1,8,7,1,8
absorption's,12,8,1,9,8,1,9
abstain,7,3,0,3,3,1,4
abstained,9,5,0,5,5,0,5
abstainer,9,2,1,3,2,1,3
abstainer's,11,6,0,6,4,0,4
abstainers,10,5,1,6,4,1,5
abstaining,10,3,0,3,3,0,3
abstains,8,5,1,6,3,1,4
abstemious,10,5,1,6,5,1,6
abstention,10,3,0,3,3,0,3
abstention's,12,4,0,4,4,0,4
abstentions,11,6,0,6,5,0,5
abstinence,10,3,0,3,3,0,3
abstinence's,12,5,0,5,4,0,4
abstinent,9,4,0,4,4,0,4
abstract,8,2,2,4,2,2,4
abstract's,10,3,2,5,2,2,4
abstracted,10,3,2,5,3,2,5
abstractedly,12,4,1,5,2,1,3
abstracting,11,9,0,9,8,0,8
abstraction,11,8,0,8,8,0,8
abstraction's,13,9,0,9,6,0,6
abstractions,12,5,0,5,5,0,5
abstractly,10,2,2,4,2,2,4
abstractness,12,3,0,3,2,0,2
abstractness's,14,3,0,3,2,0,2
abstractnesses,14,3,0,3,2,0,2
abstracts,9,2,1,3,2,2,4
abstruse,8,4,0,4,2,0,2
abstrusely,10,2,0,2,2,1,3
abstruseness,12,2,0,2,2,0,2
abstruseness's,14,2,0,2,2,0,2
absurd,6,2,3,5,3,2,5
absurder,8,3,0,3,3,0,3
absurdest,9,4,0,4,5,0,5
absurdities,11,4,0,4,5,0,5
absurdity,9,4,2,6,3,2,5
absurdity's,11,4,1,5,4,1,5
absurdly,8,2,2,4,2,2,4
abundance,9,3,1,4,3,1,4
abundance's,11,5,0,5,4,0,4
abundances,10,5,0,5,4,1,5
abundant,8,2,3,5,2,4,6
abundantly,10,1,4,5,3,3,6
abuse,5,5,1,6,5,1,6
abuse's,7,5,1,6,5,1,6
abused,6,6,2,8,6,2,8
abuser,6,5,2,7,5,2,7
abuser's,8,4,0,4,5,0,5
abusers,7,4,1,5,4,1,5
abuses,6,5,3,8,5,3,8
abusing,7,7,1,8,7,1,8
abusive,7,4,1,5,4,1,5
abusively,9,4,0,4,4,0,4
abusiveness,11,4,0,4,3,0,3
abusiveness's,13,4,0,4,3,0,3
abut,4,2,6,8,2,6,8
abutment,8,4,1,5,3,1,4
abutment's,10,5,0,5,5,0,5
abutments,9,5,1,6,5,1,6
abuts,5,4,3,7,4,3,7
abutted,7,4,4,8,4,4,8
abutting,8,5,5,10,4,5,9
abuzz,5,3,5,8,3,5,8
abysmal,7,2,2,4,2,2,4
abysmally,9,2,2,4,2,2,4
abyss,5,3,1,4,3,1,4
abyss's,7,3,3,6,3,3,6
abysses,7,3,2,5,3,0,3
acacia,6,3,2,5,3,2,5
acacia's,8,5,1,6,5,1,6
acacias,7,3,3,6,2,2,4
academia,8,2,4,6,2,1,3
academia's,10,4,2,6,3,0,3
academic,8,2,4,6,2,1,3
academic's,10,4,2,6,4,0,4
academical,10,3,3,6,3,3,6
academically,12,3,1,4,4,1,5
academician,11,3,1,4,3,1,4
academician's,13,3,1,4,4,0,4
academicians,12,5,1,6,4,0,4
academics,9,4,2,6,3,1,4
academies,9,4,2,6,3,2,5
academy,7,2,3,5,2,3,5
academy's,9,5,0,5,5,1,6
acanthi,7,2,2,4,2,2,4
acanthus,8,3,2,5,3,2,5
acanthus's,10,3,2,5,2,2,4
acanthuses,10,4,1,5,3,1,4
accede,6,2,1,3,2,1,3
acceded,7,3,1,4,3,0,3
accedes,7,4,1,5,3,0,3
acceding,8,5,3,8,5,3,8
accelerate,10,2,1,3,2,1,3
accelerated,11,2,2,4,2,1,3
accelerates,11,3,0,3,3,0,3
accelerating,12,6,1,7,4,1,5
acceleration,12,7,1,8,5,1,6
acceleration's,14,9,0,9,3,0,3
accelerations,13,8,0,8,5,0,5
accelerator,11,2,2,4,1,2,3
accelerator's,13,3,1,4,5,0,5
accelerators,12,5,0,5,3,0,3
accent,6,4,2,6,5,1,6
accent's,8,6,1,7,6,1,7
accented,8,5,1,6,5,1,6
accenting,9,6,1,7,5,1,6
accents,7,5,2,7,5,2,7
accentuate,10,2,1,3,2,1,3
accentuated,11,2,3,5,2,2,4
accentuates,11,4,0,4,3,1,4
accentuating,12,5,1,6,3,1,4
accentuation,12,4,1,5,3,1,4
accentuation's,14,3,0,3,3,0,3
accept,6,4,3,7,4,2,6
acceptability,13,2,1,3,2,1,3
acceptability's,15,5,0,5,3,0,3
acceptable,10,3,1,4,3,1,4
acceptably,10,3,1,4,3,1,4
acceptance,10,3,1,4,3,1,4
acceptance's,12,6,0,6,4,0,4
acceptances,11,5,0,5,4,1,5
accepted,8,4,2,6,4,2,6
accepting,9,7,1,8,6,2,8
accepts,7,4,2,6,5,2,7
access,6,3,1,4,3,1,4
access's,8,4,1,5,4,1,5
accessed,8,4,0,4,3,0,3
accesses,8,3,1,4,3,1,4
accessibility,13,2,0,2,2,0,2
accessibility's,15,4,0,4,2,0,2
accessible,10,4,0,4,4,0,4
accessibly,10,4,0,4,4,0,4
accessing,9,6,0,6,6,0,6
accession,9,4,0,4,6,0,6
accession's,11,4,0,4,5,0,5
accessioned,11,3,0,3,2,0,2
accessioning,12,2,0,2,2,0,2
accessions,10,3,0,3,3,0,3
accessories,11,3,0,3,2,0,2
accessory,9,2,1,3,2,1,3
accessory's,11,3,1,4,5,0,5
accident,8,6,2,8,5,1,6
accident's,10,7,0,7,6,0,6
accidental,10,5,1,6,5,1,6
accidental's,12,9,1,10,3,0,3
accidentally,12,2,1,3,2,1,3
accidentals,11,7,1,8,3,0,3
accidents,9,5,2,7,4,2,6
acclaim,7,3,2,5,3,2,5
acclaim's,9,4,1,5,4,1,5
acclaimed,9,4,1,5,4,1,5
acclaiming,10,4,2,6,3,2,5
acclaims,8,3,2,5,3,2,5
acclamation,11,6,1,7,5,2,7
acclamation's,13,8,0,8,5,1,6
acclimate,9,4,1,5,5,1,6
acclimated,10,6,1,7,6,1,7
acclimates,10,5,0,5,5,0,5
acclimating,11,4,1,5,3,2,5
acclimation,11,6,1,7,4,2,6
acclimation's,13,8,0,8,5,1,6
acclimatization,15,2,1,3,3,1,4
acclimatization's,17,3,0,3,3,0,3
acclimatize,11,3,2,5,3,1,4
acclimatized,12,3,1,4,3,1,4
acclimatizes,12,4,0,4,4,0,4
acclimatizing,13,3,1,4,3,1,4
accolade,8,4,2,6,3,2,5
accolade's,10,5,1,6,4,1,5
accolades,9,4,2,6,3,2,5
accommodate,11,2,2,4,3,2,5
accommodated,12,2,2,4,2,2,4
accommodates,12,3,1,4,3,1,4
accommodating,13,4,2,6,3,1,4
accommodation,13,3,1,4,2,1,3
accommodation's,15,5,0,5,3,0,3
accommodations,14,3,0,3,3,0,3
accompanied,11,3,1,4,3,1,4
accompanies,11,5,0,5,6,0,6
accompaniment,13,3,1,4,3,1,4
accompaniment's,15,3,0,3,3,0,3
accompaniments,14,3,0,3,3,0,3
accompanist,11,4,0,4,4,0,4
accompanist's,13,6,0,6,4,0,4
accompanists,12,3,0,3,3,0,3
accompany,9,3,3,6,2,3,5
accompanying,12,5,1,6,4,2,6
accomplice,10,4,1,5,4,1,5
accomplice's,12,6,0,6,5,0,5
accomplices,11,6,0,6,5,0,5
accomplish,10,3,2,5,3,2,5
accomplished,12,3,0,3,2,1,3
accomplishes,12,3,1,4,4,0,4
accomplishing,13,2,0,2,2,0,2
accomplishment,14,3,0,3,3,0,3
accomplishment's,16,3,0,3,3,0,3
accomplishments,15,2,0,2,2,0,2
accord,6,4,4,8,3,4,7
accord's,8,5,2,7,7,2,9
accordance,10,3,1,4,3,2,5
accordance's,12,5,1,6,4,1,5
accorded,8,6,1,7,5,1,6
according,9,8,2,10,7,2,9
accordingly,11,6,2,8,5,2,7
accordion,9,6,2,8,5,2,7
accordion's,11,4,1,5,4,1,5
accordions,10,7,1,8,5,1,6
accords,7,6,3,9,5,3,8
accost,6,5,2,7,4,2,6
accost's,8,5,3,8,3,3,6
accosted,8,4,2,6,4,3,7
accosting,9,7,1,8,6,1,7
accosts,7,2,4,6,2,4,6
account,7,5,3,8,4,3,7
account's,9,5,2,7,4,2,6
accountability,14,2,1,3,2,1,3
accountability's,16,2,0,2,2,0,2
accountable,11,2,2,4,3,1,4
accountancy,11,2,3,5,2,3,5
accountancy's,13,3,0,3,2,2,4
accountant,10,2,3,5,1,3,4
accountant's,12,3,1,4,2,2,4
accountants,11,4,1,5,3,2,5
accounted,9,7,1,8,5,2,7
accounting,10,6,2,8,5,2,7
accounting's,12,4,1,5,3,1,4
accounts,8,6,2,8,5,1,6
accouterments,13,7,0,7,3,0,3
accouterments's,15,2,0,2,2,0,2
accoutrements,13,7,0,7,3,0,3
accredit,8,3,1,4,3,1,4
accreditation,13,5,1,6,3,1,4
accreditation's,15,4,0,4,4,0,4
accredited,10,2,1,3,2,1,3
accrediting,11,5,1,6,4,1,5
accredits,9,5,1,6,5,1,6
accretion,9,3,1,4,3,1,4
accretion's,11,5,0,5,4,0,4
accretions,10,3,1,4,4,0,4
accrual,7,2,3,5,2,2,4
accrual's,9,4,1,5,4,1,5
accruals,8,3,2,5,3,1,4
accrue,6,3,1,4,3,1,4
accrued,7,4,2,6,5,1,6
accrues,7,4,2,6,4,1,5
accruing,8,5,4,9,6,3,9
acculturation,13,4,1,5,4,1,5
acculturation's,15,5,0,5,5,0,5
accumulate,10,4,1,5,2,2,4
accumulated,11,2,2,4,5,1,6
accumulates,11,4,1,5,3,2,5
accumulating,12,4,2,6,4,2,6
accumulation,12,7,1,8,4,2,6
accumulation's,14,9,0,9,3,1,4
accumulations,13,8,0,8,3,1,4
accumulative,12,3,2,5,2,2,4
accumulator,11,2,3,5,2,3,5
accuracy,8,2,4,6,2,3,5
accuracy's,10,3,2,5,3,2,5
accurate,8,4,1,5,4,1,5
accurately,10,6,2,8,4,1,5
accurateness,12,5,0,5,3,0,3
accurateness's,14,6,0,6,3,0,3
accursed,8,5,0,5,5,1,6
accurst,7,2,3,5,2,3,5
accusation,10,3,1,4,3,1,4
accusation's,12,4,1,5,3,1,4
accusations,11,3,2,5,3,1,4
accusative,10,3,0,3,3,0,3
accusative's,12,3,0,3,3,1,4
accusatives,11,3,0,3,3,0,3
accusatory,10,2,2,4,2,2,4
accuse,6,4,2,6,5,1,6
accused,7,5,1,6,4,2,6
accuser,7,4,2,6,5,0,5
accuser's,9,6,1,7,4,1,5
accusers,8,5,1,6,5,0,5
accuses,7,4,3,7,3,2,5
accusing,8,3,2,5,3,2,5
accusingly,10,3,1,4,3,1,4
accustom,8,6,2,8,3,2,5
accustomed,10,4,0,4,3,0,3
accustoming,11,4,1,5,3,1,4
accustoms,9,6,2,8,4,0,4
ace,3,3,1,4,3,1,4
ace's,5,5,2,7,5,2,7
aced,4,4,2,6,4,2,6
acerbic,7,4,1,5,4,1,5
acerbity,8,4,2,6,3,3,6
acerbity's,10,6,0,6,4,1,5
aces,4,4,1,5,4,3,7
acetaminophen,13,2,1,3,2,1,3
acetaminophen's,15,3,0,3,3,0,3
acetate,7,2,2,4,2,1,3
acetate's,9,3,1,4,3,1,4
acetates,8,4,1,5,3,1,4
acetic,6,4,2,6,3,2,5
acetone,7,3,2,5,3,2,5
acetone's,9,5,2,7,5,2,7
acetylene,9,1,1,2,1,1,2
acetylene's,11,3,0,3,4,0,4
ache,4,4,1,5,4,2,6
ache's,6,6,0,6,6,1,7
ached,5,5,2,7,5,2,7
aches,5,5,2,7,5,2,7
achier,6,6,0,6,6,0,6
achiest,7,5,0,5,5,0,5
achievable,10,2,1,3,2,1,3
achieve,7,2,2,4,2,3,5
achieved,8,2,6,8,3,5,8
achievement,11,2,1,3,1,1,2
achievement's,13,3,0,3,2,0,2
achievements,12,2,0,2,2,0,2
achiever,8,4,2,6,3,3,6
achiever's,10,5,1,6,4,2,6
achievers,9,4,1,5,4,1,5
achieves,8,5,1,6,3,0,3
achieving,9,3,1,4,3,1,4
aching,6,6,2,8,6,2,8
achoo,5,2,2,4,2,2,4
achoo's,7,4,1,5,3,1,4
achromatic,10,2,2,4,3,2,5
achy,4,3,7,10,2,8,10
acid,4,4,3,7,4,3,7
acid's,6,4,5,9,4,5,9
acidic,6,2,2,4,2,2,4
acidified,9,3,1,4,3,1,4
acidifies,9,3,1,4,3,1,4
acidify,7,2,4,6,2,4,6
acidifying,10,2,2,4,1,3,4
acidity,7,6,3,9,6,2,8
acidity's,9,8,1,9,8,1,9
acidly,6,6,2,8,6,2,8
acids,5,4,4,8,4,4,8
acidulous,9,4,1,5,4,2,6
acing,5,5,3,8,5,3,8
acknowledge,11,2,2,4,2,1,3
acknowledged,12,2,2,4,2,2,4
acknowledgement,15,1,2,3,1,2,3
acknowledgement's,17,1,1,2,2,1,3
acknowledgements,16,3,0,3,2,1,3
acknowledges,12,3,0,3,3,0,3
acknowledging,13,3,1,4,4,1,5
acknowledgment,14,1,2,3,1,2,3
acknowledgment's,16,2,0,2,2,1,3
acknowledgments,15,2,0,2,2,1,3
acme,4,4,2,6,4,3,7
acme's,6,6,1,7,6,2,8
acmes,5,4,3,7,5,3,8
acne,4,4,3,7,3,0,3
acne's,6,6,2,8,5,0,5
acolyte,7,5,2,7,4,1,5
acolyte's,9,7,1,8,6,2,8
acolytes,8,6,1,7,5,2,7
aconite,7,6,1,7,6,0,6
aconite's,9,6,0,6,6,0,6
aconites,8,6,0,6,6,0,6
acorn,5,5,3,8,5,3,8
acorn's,7,5,2,7,4,2,6
acorns,6,4,4,8,4,4,8
acoustic,8,6,1,7,5,1,6
acoustical,10,2,1,3,2,1,3
acoustically,12,4,0,4,3,0,3
acoustics,9,6,0,6,3,0,3
acoustics's,11,2,0,2,2,0,2
acquaint,8,3,4,7,3,4,7
acquaintance,12,2,1,3,3,1,4
acquaintance's,14,3,0,3,3,0,3
acquaintances,13,3,1,4,3,0,3
acquainted,10,5,1,6,5,1,6
acquainting,11,4,1,5,3,2,5
acquaints,9,3,2,5,4,1,5
acquiesce,9,2,1,3,3,0,3
acquiesced,10,3,0,3,3,0,3
acquiescence,12,3,0,3,3,0,3
acquiescence's,14,3,0,3,3,0,3
acquiescent,11,4,0,4,3,0,3
acquiesces,10,3,1,4,3,0,3
acquiescing,11,5,0,5,3,0,3
acquirable,10,5,1,6,5,1,6
acquire,7,4,2,6,4,2,6
acquired,8,5,2,7,5,1,6
acquirement,11,3,1,4,3,1,4
acquirement's,13,7,0,7,4,0,4
acquires,8,5,1,6,5,1,6
acquiring,9,4,2,6,4,2,6
acquisition,11,2,1,3,2,1,3
acquisition's,13,2,1,3,2,1,3
acquisitions,12,4,2,6,2,1,3
acquisitive,11,3,0,3,3,0,3
acquisitiveness,15,2,0,2,2,0,2
acquisitiveness's,17,1,0,1,1,0,1
acquit,6,3,3,6,3,2,5
acquits,7,5,3,8,4,2,6
acquittal,9,2,2,4,2,2,4
acquittal's,11,2,2,4,3,1,4
acquittals,10,4,1,5,4,1,5
acquitted,9,4,1,5,5,1,6
acquitting,10,5,3,8,5,3,8
acre,4,3,4,7,3,4,7
acre's,6,5,3,8,5,3,8
acreage,7,2,2,4,2,3,5
acreage's,9,4,0,4,3,3,6
acreages,8,3,1,4,3,1,4
acres,5,4,2,6,4,4,8
acrid,5,4,3,7,4,5,9
acrider,7,4,1,5,4,1,5
acridest,8,5,0,5,5,0,5
acrimonious,11,3,1,4,3,1,4
acrimony,8,5,2,7,3,2,5
acrimony's,10,5,1,6,4,1,5
acrobat,7,2,3,5,2,3,5
acrobat's,9,5,1,6,4,2,6
acrobatic,9,3,3,6,4,2,6
acrobatics,10,4,1,5,4,1,5
acrobatics's,12,5,0,5,4,0,4
acrobats,8,4,2,6,3,2,5
acronym,7,3,3,6,3,3,6
acronym's,9,4,3,7,4,2,6
acronyms,8,5,2,7,5,1,6
across,6,2,1,3,2,1,3
acrostic,8,6,1,7,5,1,6
acrostic's,10,5,1,6,4,1,5
acrostics,9,6,0,6,4,0,4
acrylic,7,3,3,6,3,3,6
acrylic's,9,3,3,6,3,3,6
acrylics,8,3,2,5,3,2,5
act,3,3,7,10,3,7,10
act's,5,3,7,10,3,7,10
acted,5,4,3,7,4,3,7
acting,6,5,3,8,5,3,8
acting's,8,5,2,7,5,2,7
actinium,8,3,2,5,3,2,5
actinium's,10,4,1,5,4,1,5
action,6,4,4,8,4,4,8
action's,8,6,4,10,6,4,10
actionable,10,5,1,6,4,1,5
actions,7,4,2,6,4,2,6
activate,8,4,1,5,4,1,5
activated,9,5,1,6,4,1,5
activates,9,5,0,5,5,0,5
activating,10,5,2,7,4,2,6
activation,10,5,2,7,4,2,6
activation's,12,5,1,6,5,1,6
active,6,4,2,6,3,3,6
active's,8,5,1,6,5,3,8
actively,8,6,1,7,5,1,6
actives,7,5,1,6,4,2,6
activism,8,4,1,5,4,1,5
activism's,10,5,0,5,5,1,6
activist,8,4,1,5,4,1,5
activist's,10,4,1,5,5,1,6
activists,9,4,1,5,4,1,5
activities,10,5,0,5,5,0,5
activity,8,3,4,7,3,4,7
activity's,10,4,1,5,4,1,5
actor,5,3,4,7,3,4,7
actor's,7,5,2,7,5,2,7
actors,6,4,3,7,4,3,7
actress,7,4,2,6,4,3,7
actress's,9,5,1,6,5,2,7
actresses,9,4,1,5,4,2,6
acts,4,4,3,7,4,3,7
actual,6,3,4,7,3,4,7
actualities,11,5,0,5,5,0,5
actuality,9,4,3,7,3,3,6
actuality's,11,3,1,4,3,1,4
actualization,13,4,1,5,2,1,3
actualization's,15,5,0,5,3,0,3
actualize,9,2,1,3,2,1,3
actualized,10,5,1,6,5,1,6
actualizes,10,3,0,3,4,0,4
actualizing,11,5,2,7,4,2,6
actually,8,5,4,9,4,4,8
actuarial,9,2,3,5,2,3,5
actuaries,9,5,0,5,5,0,5
actuary,7,2,4,6,2,4,6
actuary's,9,4,3,7,4,4,8
actuate,7,3,1,4,3,0,3
actuated,8,4,1,5,3,3,6
actuates,8,4,1,5,4,1,5
actuating,9,5,3,8,5,3,8
actuator,8,2,3,5,2,4,6
actuator's,10,3,1,4,3,1,4
actuators,9,3,2,5,3,2,5
acuity,6,3,3,6,3,3,6
acuity's,8,5,2,7,5,2,7
acumen,6,4,5,9,4,5,9
acumen's,8,5,2,7,5,2,7
acupuncture,11,2,2,4,3,1,4
acupuncture's,13,5,1,6,4,1,5
acupuncturist,13,3,0,3,3,1,4
acupuncturist's,15,4,0,4,3,1,4
acupuncturists,14,3,1,4,3,1,4
acute,5,2,5,7,4,5,9
acute's,7,4,4,8,4,5,9
acutely,7,4,3,7,3,3,6
acuteness,9,4,0,4,4,0,4
acuteness's,11,5,0,5,5,0,5
acuter,6,4,3,7,4,3,7
acutes,6,4,3,7,4,4,8
acutest,7,4,0,4,4,0,4
ad,2,2,6,8,2,6,8
ad's,4,4,6,10,4,6,10
adage,5,3,1,4,3,1,4
adage's,7,5,2,7,5,2,7
adages,6,4,1,5,3,1,4
adagio,6,2,3,5,2,3,5
adagio's,8,4,2,6,4,2,6
adagios,7,3,2,5,3,2,5
adamant,7,1,4,5,1,3,4
adamant's,9,4,2,6,2,2,4
adamantly,9,1,3,4,1,3,4
adapt,5,1,6,7,1,6,7
adaptability,12,3,2,5,3,2,5
adaptability's,14,3,0,3,3,0,3
adaptable,9,3,1,4,3,1,4
adaptation,10,4,2,6,4,2,6
adaptation's,12,2,1,3,3,1,4
adaptations,11,2,1,3,2,1,3
adapted,7,5,2,7,3,2,5
adapter,7,3,3,6,3,3,6
adapter's,9,4,5,9,7,1,8
adapters,8,3,6,9,5,3,8
adapting,8,4,5,9,5,5,10
adaptive,8,3,1,4,3,1,4
adaptor,7,3,3,6,2,3,5
adaptor's,9,3,2,5,3,2,5
adaptors,8,2,3,5,2,3,5
adapts,6,4,2,6,3,2,5
add,3,2,3,5,2,2,4
added,5,2,1,3,2,1,3
addend,6,3,2,5,3,2,5
addend's,8,5,1,6,4,2,6
addenda,7,3,3,6,4,2,6
addends,7,4,2,6,4,2,6
addendum,8,4,2,6,4,1,5
addendum's,10,6,0,6,4,1,5
addendums,9,5,1,6,3,3,6
adder,5,4,1,5,4,1,5
adder's,7,5,3,8,6,0,6
adders,6,5,2,7,5,2,7
addict,6,4,3,7,4,3,7
addict's,8,5,2,7,5,2,7
addicted,8,2,1,3,2,2,4
addicting,9,5,2,7,5,2,7
addiction,9,4,2,6,3,2,5
addiction's,11,7,1,8,4,1,5
addictions,10,3,1,4,3,1,4
addictive,9,3,1,4,3,1,4
addicts,7,4,3,7,4,3,7
adding,6,5,3,8,5,3,8
addition,8,6,2,8,5,2,7
addition's,10,8,1,9,5,1,6
additional,10,2,2,4,2,2,4
additionally,12,2,1,3,2,1,3
additions,9,7,1,8,6,1,7
additive,8,4,1,5,4,1,5
additive's,10,7,1,8,4,0,4
additives,9,6,1,7,5,1,6
addle,5,4,3,7,4,2,6
addled,6,2,1,3,2,1,3
addles,6,2,1,3,2,1,3
addling,7,6,2,8,6,2,8
address,7,4,3,7,4,2,6
address's,9,4,3,7,6,1,7
addressable,11,2,0,2,2,0,2
addressed,9,3,0,3,3,0,3
addressee,9,2,0,2,2,0,2
addressee's,11,2,0,2,2,0,2
addressees,10,3,0,3,3,0,3
addresses,9,4,2,6,4,0,4
addressing,10,7,0,7,6,0,6
adds,4,3,8,11,3,6,9
adduce,6,4,3,7,4,3,7
adduced,7,2,2,4,2,2,4
adduces,7,5,3,8,5,2,7
adducing,8,5,5,10,4,4,8
adenoid,7,3,2,5,3,2,5
adenoid's,9,5,1,6,5,1,6
adenoidal,9,4,2,6,4,2,6
adenoids,8,4,3,7,3,2,5
adept,5,4,2,6,4,2,6
adept's,7,6,1,7,6,1,7
adeptly,7,3,3,6,3,3,6
adeptness,9,6,0,6,6,0,6
adeptness's,11,7,0,7,7,0,7
adepts,6,5,2,7,5,2,7
adequacy,8,2,3,5,2,4,6
adequacy's,10,3,2,5,3,2,5
adequate,8,2,2,4,2,2,4
adequately,10,4,1,5,2,1,3
adhere,6,4,0,4,4,0,4
adhered,7,2,1,3,2,0,2
adherence,9,3,1,4,3,1,4
adherence's,11,4,0,4,4,0,4
adherent,8,6,1,7,6,1,7
adherent's,10,6,1,7,5,2,7
adherents,9,3,0,3,3,0,3
adheres,7,4,1,5,2,0,2
adhering,8,7,1,8,7,1,8
adhesion,8,4,0,4,4,0,4
adhesion's,10,5,0,5,5,0,5
adhesive,8,6,0,6,6,0,6
adhesive's,10,3,0,3,3,0,3
adhesives,9,3,0,3,4,1,5
adiabatic,9,2,2,4,2,2,4
adieu,5,4,2,6,4,2,6
adieu's,7,5,5,10,5,5,10
adieus,6,4,4,8,4,4,8
adieux,6,4,2,6,4,2,6
adipose,7,4,1,5,3,0,3
adiós,5,4,4,8,4,4,8
adjacent,8,4,3,7,4,3,7
adjacently,10,7,1,8,6,2,8
adjectival,10,3,1,4,3,1,4
adjectivally,12,3,1,4,3,1,4
adjective,9,7,2,9,7,2,9
adjective's,11,9,1,10,9,2,11
adjectives,10,8,1,9,8,1,9
adjoin,6,3,4,7,5,3,8
adjoined,8,4,1,5,4,2,6
adjoining,9,4,2,6,4,2,6
adjoins,7,4,2,6,4,2,6
adjourn,7,3,3,6,3,3,6
adjourned,9,4,1,5,3,1,4
adjourning,10,3,2,5,3,2,5
adjournment,11,2,2,4,3,1,4
adjournment's,13,6,0,6,4,0,4
adjournments,12,4,0,4,4,0,4
adjourns,8,4,2,6,4,1,5
adjudge,7,2,3,5,2,2,4
adjudged,8,2,1,3,2,2,4
adjudges,8,3,2,5,3,2,5
adjudging,9,4,2,6,4,2,6
adjudicate,10,4,1,5,4,2,6
adjudicated,11,7,1,8,4,1,5
adjudicates,11,4,0,4,4,0,4
adjudicating,12,5,1,6,5,1,6
adjudication,12,5,1,6,4,1,5
adjudication's,14,6,0,6,4,0,4
adjudicator,11,7,1,8,2,2,4
adjudicator's,13,7,0,7,3,1,4
adjudicators,12,5,1,6,3,1,4
adjunct,7,3,4,7,2,5,7
adjunct's,9,2,3,5,2,3,5
adjuncts,8,3,3,6,3,3,6
adjuration,10,8,3,11,8,3,11
adjuration's,12,10,2,12,10,2,12
adjurations,11,9,2,11,9,2,11
adjure,6,5,2,7,4,3,7
adjured,7,5,1,6,5,1,6
adjures,7,6,3,9,5,2,7
adjuring,8,7,4,11,7,5,12
adjust,6,4,3,7,4,3,7
adjustable,10,3,0,3,3,0,3
adjusted,8,3,1,4,3,1,4
adjuster,8,6,1,7,6,1,7
adjuster's,10,6,0,6,7,1,8
adjusters,9,5,1,6,4,1,5
adjusting,9,6,2,8,7,2,9
adjustment,10,4,1,5,3,1,4
adjustment's,12,4,0,4,4,0,4
adjustments,11,3,0,3,3,0,3
adjustor,8,5,3,8,2,3,5
adjustor's,10,6,1,7,4,1,5
adjustors,9,5,3,8,4,2,6
adjusts,7,4,3,7,4,3,7
adjutant,8,3,3,6,3,4,7
adjutant's,10,3,1,4,3,1,4
adjutants,9,3,2,5,3,2,5
adman,5,3,3,6,3,3,6
adman's,7,5,2,7,5,2,7
admen,5,3,3,6,3,3,6
administer,10,4,0,4,4,0,4
administered,12,4,0,4,3,0,3
administering,13,2,0,2,3,0,3
administers,11,3,0,3,3,0,3
administrate,12,4,0,4,4,0,4
administrated,13,6,0,6,5,0,5
administrates,13,4,0,4,4,0,4
administrating,14,4,0,4,5,0,5
administration,14,4,0,4,5,0,5
administration's,16,2,0,2,2,0,2
administrations,15,4,0,4,3,0,3
administrative,14,4,0,4,5,0,5
administratively,16,2,0,2,2,0,2
administrator,13,6,0,6,5,0,5
administrator's,15,4,0,4,3,0,3
administrators,14,2,1,3,2,1,3
admirable,9,6,2,8,4,2,6
admirably,9,6,2,8,4,2,6
admiral,7,3,2,5,3,2,5
admiral's,9,5,1,6,5,1,6
admirals,8,3,2,5,3,2,5
admiralty,9,4,2,6,4,2,6
admiralty's,11,6,1,7,3,1,4
admiration,10,6,2,8,5,2,7
admiration's,12,8,1,9,6,1,7
admire,6,5,0,5,5,2,7
admired,7,4,2,6,4,2,6
admirer,7,3,1,4,3,1,4
admirer's,9,5,0,5,4,0,4
admirers,8,4,1,5,4,0,4
admires,7,6,0,6,5,1,6
admiring,8,6,2,8,5,3,8
admiringly,10,3,2,5,3,2,5
admissibility,13,2,0,2,2,0,2
admissibility's,15,4,0,4,2,0,2
admissible,10,4,0,4,2,1,3
admission,9,6,0,6,6,0,6
admission's,11,7,0,7,2,1,3
admissions,10,6,0,6,6,0,6
admit,5,3,4,7,4,3,7
admits,6,5,3,8,5,3,8
admittance,10,3,1,4,4,1,5
admittance's,12,5,0,5,4,0,4
admitted,8,4,1,5,4,2,6
admittedly,10,3,1,4,3,1,4
admitting,9,5,2,7,5,2,7
admixture,9,4,1,5,4,1,5
admixture's,11,6,0,6,5,0,5
admixtures,10,5,0,5,5,0,5
admonish,8,4,1,5,4,1,5
admonished,10,5,0,5,4,0,4
admonishes,10,5,1,6,4,0,4
admonishing,11,3,0,3,3,1,4
admonishment,12,4,0,4,4,0,4
admonishment's,14,5,0,5,3,0,3
admonishments,13,3,0,3,3,0,3
admonition,10,3,2,5,3,2,5
admonition's,12,5,1,6,5,1,6
admonitions,11,3,1,4,3,1,4
admonitory,10,2,2,4,2,2,4
ado,3,3,3,6,3,2,5
ado's,5,5,4,9,5,5,10
adobe,5,5,3,8,5,2,7
adobe's,7,6,3,9,5,2,7
adobes,6,4,1,5,3,1,4
adolescence,11,5,0,5,5,0,5
adolescence's,13,6,0,6,6,0,6
adolescences,12,2,0,2,2,0,2
adolescent,10,6,0,6,6,0,6
adolescent's,12,3,0,3,3,0,3
adolescents,11,3,0,3,3,1,4
adopt,5,3,5,8,3,5,8
adopted,7,5,2,7,3,2,5
adopting,8,4,6,10,5,5,10
adoption,8,5,3,8,5,3,8
adoption's,10,7,2,9,7,2,9
adoptions,9,6,2,8,6,2,8
adoptive,8,5,2,7,5,2,7
adopts,6,4,3,7,4,3,7
adorable,8,5,2,7,5,1,6
adorably,8,5,3,8,3,3,6
adoration,9,6,2,8,6,2,8
adoration's,11,8,1,9,8,1,9
adore,5,4,4,8,4,3,7
adored,6,4,1,5,4,1,5
adores,6,5,0,5,5,0,5
adoring,7,5,3,8,5,3,8
adoringly,9,3,2,5,3,2,5
adorn,5,4,4,8,4,4,8
adorned,7,3,1,4,3,1,4
adorning,8,5,2,7,5,2,7
adornment,9,6,1,7,6,1,7
adornment's,11,8,0,8,4,0,4
adornments,10,4,0,4,4,0,4
adorns,6,5,2,7,5,2,7
adrenal,7,3,1,4,3,1,4
adrenal's,9,3,1,4,3,1,4
adrenaline,10,2,1,3,2,1,3
adrenaline's,12,3,0,3,3,0,3
adrenals,8,3,1,4,5,0,5
adrift,6,4,3,7,4,3,7
adroit,6,4,2,6,4,4,8
adroitly,8,3,2,5,3,2,5
adroitness,10,4,0,4,4,0,4
adroitness's,12,5,0,5,5,0,5
ads,3,2,3,5,2,3,5
adulate,7,4,1,5,4,0,4
adulated,8,3,1,4,3,2,5
adulates,8,4,1,5,4,1,5
adulating,9,5,3,8,5,3,8
adulation,9,5,2,7,4,2,6
adulation's,11,5,1,6,5,1,6
adult,5,2,6,8,2,6,8
adult's,7,4,4,8,3,4,7
adulterant,10,2,2,4,2,2,4
adulterant's,12,4,0,4,4,0,4
adulterants,11,4,1,5,3,0,3
adulterate,10,2,1,3,2,1,3
adulterated,11,2,2,4,2,1,3
adulterates,11,5,0,5,4,0,4
adulterating,12,5,1,6,5,1,6
adulteration,12,3,1,4,3,2,5
adulteration's,14,7,0,7,4,0,4
adulterer,9,2,1,3,3,1,4
adulterer's,11,3,0,3,3,0,3
adulterers,10,4,0,4,4,0,4
adulteress,10,3,1,4,3,1,4
adulteress's,12,4,1,5,3,1,4
adulteresses,12,3,0,3,3,0,3
adulteries,10,5,0,5,4,1,5
adulterous,10,6,1,7,5,1,6
adultery,8,4,1,5,3,1,4
adultery's,10,5,0,5,5,0,5
adulthood,9,2,3,5,2,3,5
adulthood's,11,3,1,4,3,1,4
adults,6,3,4,7,3,4,7
adumbrate,9,5,1,6,3,2,5
adumbrated,10,3,1,4,4,1,5
adumbrates,10,5,1,6,5,1,6
adumbrating,11,4,1,5,4,3,7
adumbration,11,6,1,7,4,2,6
adumbration's,13,8,0,8,4,1,5
advance,7,4,1,5,5,0,5
advance's,9,5,0,5,5,0,5
advanced,8,3,1,4,3,2,5
advancement,11,6,2,8,5,2,7
advancement's,13,8,0,8,7,1,8
advancements,12,7,0,7,6,1,7
advances,8,5,2,7,4,3,7
advancing,9,4,2,6,4,2,6
advantage,9,3,1,4,3,1,4
advantage's,11,5,0,5,4,0,4
advantaged,10,3,1,4,3,1,4
advantageous,12,3,1,4,3,1,4
advantageously,14,5,0,5,2,0,2
advantages,10,4,0,4,4,1,5
advantaging,11,3,1,4,2,2,4
advent,6,5,1,6,6,2,8
advent's,8,7,0,7,8,0,8
adventitious,12,4,0,4,4,0,4
advents,7,6,1,7,6,1,7
adventure,9,6,2,8,4,2,6
adventure's,11,8,1,9,5,1,6
adventured,10,4,1,5,3,1,4
adventurer,10,2,1,3,2,1,3
adventurer's,12,4,0,4,3,0,3
adventurers,11,3,1,4,3,0,3
adventures,10,4,1,5,4,1,5
adventuresome,13,2,0,2,2,1,3
adventuress,11,3,0,3,3,0,3
adventuress's,13,3,0,3,3,0,3
adventuresses,13,3,0,3,2,0,2
adventuring,11,5,1,6,4,1,5
adventurous,11,4,1,5,5,0,5
adventurously,13,5,0,5,4,0,4
adverb,6,3,3,6,3,3,6
adverb's,8,4,2,6,4,2,6
adverbial,9,2,2,4,3,2,5
adverbial's,11,5,1,6,4,0,4
adverbials,10,4,1,5,4,0,4
adverbs,7,4,2,6,3,4,7
adversarial,11,3,0,3,2,1,3
adversaries,11,3,0,3,3,0,3
adversary,9,3,1,4,4,1,5
adversary's,11,3,0,3,3,0,3
adverse,7,3,1,4,3,2,5
adversely,9,4,1,5,4,1,5
adverser,8,3,0,3,3,0,3
adversest,9,3,0,3,3,0,3
adversities,11,3,0,3,3,0,3
adversity,9,4,0,4,3,1,4
adversity's,11,5,0,5,4,0,4
advert,6,4,3,7,5,3,8
advert's,8,6,2,8,7,1,8
adverted,8,2,1,3,2,1,3
adverting,9,6,2,8,5,3,8
advertise,9,4,0,4,4,0,4
advertised,10,4,0,4,3,1,4
advertisement,13,3,0,3,2,0,2
advertisement's,15,4,0,4,2,0,2
advertisements,14,2,0,2,2,0,2
advertiser,10,2,0,2,3,1,4
advertiser's,12,2,0,2,2,0,2
advertisers,11,2,1,3,3,0,3
advertises,10,4,0,4,4,0,4
advertising,11,6,0,6,4,0,4
advertising's,13,4,0,4,4,0,4
adverts,7,6,3,9,4,3,7
advice,6,6,2,8,4,3,7
advice's,8,6,2,8,6,3,9
advisability,12,2,0,2,2,0,2
advisability's,14,3,0,3,2,0,2
advisable,9,3,0,3,3,0,3
advise,6,5,3,8,3,4,7
advised,7,3,0,3,3,1,4
advisedly,9,3,0,3,3,0,3
advisement,10,2,0,2,2,0,2
advisement's,12,2,0,2,2,0,2
adviser,7,3,0,3,3,1,4
adviser's,9,5,1,6,3,2,5
advisers,8,4,2,6,4,1,5
advises,7,3,2,5,4,0,4
advising,8,4,2,6,4,2,6
advisor,7,3,2,5,4,2,6
advisor's,9,5,1,6,5,1,6
advisories,10,4,0,4,4,0,4
advisors,8,2,3,5,3,2,5
advisory,8,5,1,6,4,1,5
advisory's,10,4,1,5,4,1,5
advocacy,8,2,4,6,2,3,5
advocacy's,10,3,2,5,3,2,5
advocate,8,5,1,6,5,1,6
advocate's,10,5,1,6,4,1,5
advocated,9,4,1,5,3,1,4
advocates,9,7,2,9,6,3,9
advocating,10,8,2,10,7,3,10
adware,6,3,1,4,3,1,4
adz,3,2,4,6,2,3,5
adz's,5,4,5,9,4,6,10
adze,4,3,5,8,3,5,8
adze's,6,5,4,9,5,4,9
adzes,5,4,3,7,3,4,7
aegis,5,4,1,5,4,1,5
aegis's,7,4,1,5,4,1,5
aeon,4,3,1,4,3,3,6
aeon's,6,5,0,5,5,0,5
aeons,5,3,2,5,3,2,5
aerate,6,2,1,3,3,1,4
aerated,7,5,1,6,5,0,5
aerates,7,5,1,6,4,1,5
aerating,8,7,1,8,6,1,7
aeration,8,6,1,7,5,1,6
aeration's,10,4,0,4,3,0,3
aerator,7,2,2,4,2,2,4
aerator's,9,4,0,4,4,0,4
aerators,8,3,1,4,3,1,4
aerial,6,3,4,7,3,4,7
aerial's,8,6,2,8,6,2,8
aerialist,9,3,0,3,3,0,3
aerialist's,11,4,0,4,3,0,3
aerialists,10,4,1,5,3,0,3
aerials,7,4,2,6,5,1,6
aerie,5,2,4,6,2,4,6
aerie's,7,4,3,7,4,3,7
aeries,6,4,4,8,4,5,9
aerobatics,10,4,1,5,3,0,3
aerobatics's,12,5,0,5,4,0,4
aerobic,7,5,1,6,4,2,6
aerobics,8,5,1,6,5,1,6
aerobics's,10,4,1,5,4,0,4
aerodynamic,11,2,1,3,3,1,4
aerodynamically,15,2,1,3,3,1,4
aerodynamics,12,3,0,3,4,0,4
aerodynamics's,14,5,0,5,5,0,5
aeronautical,12,3,1,4,3,1,4
aeronautics,11,4,0,4,5,0,5
aeronautics's,13,6,0,6,4,0,4
aerosol,7,4,0,4,4,0,4
aerosol's,9,5,1,6,3,0,3
aerosols,8,4,1,5,3,0,3
aerospace,9,3,0,3,3,0,3
aerospace's,11,4,1,5,4,0,4
aery,4,2,2,4,3,10,13
aery's,6,4,1,5,4,1,5
aesthete,8,2,0,2,2,0,2
aesthete's,10,2,0,2,2,0,2
aesthetes,9,2,0,2,2,0,2
aesthetic,9,3,0,3,3,0,3
aesthetically,13,5,0,5,3,0,3
aesthetics,10,2,1,3,3,0,3
aesthetics's,12,4,0,4,3,0,3
afar,4,3,2,5,3,3,6
affability,10,6,3,9,3,3,6
affability's,12,8,1,9,4,1,5
affable,7,5,2,7,3,2,5
affably,7,2,4,6,2,3,5
affair,6,3,3,6,4,2,6
affair's,8,4,2,6,4,2,6
affairs,7,4,2,6,2,4,6
affect,6,4,4,8,5,1,6
affect's,8,5,2,7,6,1,7
affectation,11,5,1,6,5,1,6
affectation's,13,5,0,5,5,0,5
affectations,12,6,0,6,4,0,4
affected,8,5,2,7,5,2,7
affecting,9,7,1,8,6,2,8
affection,9,3,1,4,3,1,4
affection's,11,5,0,5,5,1,6
affectionate,12,2,1,3,2,1,3
affectionately,14,2,1,3,2,1,3
affections,10,5,2,7,5,0,5
affects,7,5,2,7,5,2,7
affidavit,9,2,2,4,2,2,4
affidavit's,11,4,1,5,3,1,4
affidavits,10,3,1,4,3,1,4
affiliate,9,3,2,5,4,1,5
affiliate's,11,4,1,5,4,1,5
affiliated,10,5,1,6,5,1,6
affiliates,10,5,0,5,5,0,5
affiliating,11,6,1,7,6,2,8
affiliation,11,5,1,6,6,2,8
affiliation's,13,6,0,6,3,1,4
affiliations,12,6,1,7,3,1,4
affinities,10,5,0,5,5,0,5
affinity,8,2,3,5,2,3,5
affinity's,10,4,1,5,4,1,5
affirm,6,2,4,6,2,4,6
affirmation,11,5,1,6,3,2,5
affirmation's,13,9,0,9,4,1,5
affirmations,12,6,1,7,3,1,4
affirmative,11,2,2,4,3,1,4
affirmative's,13,8,1,9,3,0,3
affirmatively,13,1,1,2,1,1,2
affirmatives,12,4,0,4,4,0,4
affirmed,8,4,3,7,4,3,7
affirming,9,4,3,7,4,3,7
affirms,7,3,4,7,4,4,8
affix,5,2,7,9,2,6,8
affix's,7,5,4,9,5,4,9
affixed,7,3,5,8,3,5,8
affixes,7,4,2,6,5,1,6
affixing,8,4,4,8,5,3,8
afflict,7,4,3,7,3,3,6
afflicted,9,5,2,7,6,1,7
afflicting,10,4,2,6,4,2,6
affliction,10,4,2,6,3,2,5
affliction's,12,4,1,5,4,1,5
afflictions,11,3,1,4,3,1,4
afflicts,8,4,3,7,4,2,6
affluence,9,4,1,5,4,1,5
affluence's,11,6,0,6,5,2,7
affluent,8,5,2,7,5,2,7
affluently,10,3,1,4,3,1,4
afford,6,5,3,8,4,3,7
affordable,10,3,2,5,2,3,5
afforded,8,5,2,7,4,2,6
affording,9,7,3,10,6,3,9
affords,7,5,4,9,4,4,8
afforest,8,4,2,6,4,2,6
afforestation,13,3,0,3,5,0,5
afforestation's,15,3,0,3,3,0,3
afforested,10,4,1,5,3,1,4
afforesting,11,8,0,8,5,0,5
afforests,9,4,1,5,4,1,5
affray,6,2,4,6,2,4,6
affray's,8,4,3,7,5,2,7
affrays,7,4,3,7,3,3,6
affront,7,3,3,6,3,3,6
affront's,9,5,2,7,4,2,6
affronted,9,6,1,7,5,2,7
affronting,10,6,2,8,4,3,7
affronts,8,5,1,6,5,1,6
afghan,6,3,3,6,3,3,6
afghan's,8,5,2,7,5,2,7
afghans,7,3,2,5,3,2,5
aficionado,10,2,2,4,2,3,5
aficionado's,12,3,1,4,3,1,4
aficionados,11,3,1,4,3,1,4
afield,6,4,2,6,3,3,6
afire,5,4,3,7,4,3,7
aflame,6,3,3,6,3,3,6
afloat,6,2,4,6,2,4,6
aflutter,8,5,3,8,3,3,6
afoot,5,3,2,5,3,2,5
aforementioned,14,2,1,3,2,1,3
aforesaid,9,3,0,3,3,0,3
aforethought,12,2,2,4,2,2,4
afoul,5,3,2,5,3,2,5
afraid,6,2,2,4,2,2,4
afresh,6,3,1,4,3,1,4
aft,3,3,8,11,3,8,11
after,5,5,4,9,5,4,9
afterbirth,10,3,1,4,3,1,4
afterbirth's,12,4,0,4,4,0,4
afterbirths,11,3,2,5,5,0,5
afterburner,11,2,2,4,2,1,3
afterburner's,13,4,0,4,3,0,3
afterburners,12,3,0,3,3,0,3
aftercare,9,3,1,4,3,1,4
aftercare's,11,4,2,6,3,0,3
aftereffect,11,2,2,4,1,2,3
aftereffect's,13,3,0,3,2,1,3
aftereffects,12,3,0,3,2,1,3
afterglow,9,4,2,6,3,2,5
afterglow's,11,5,1,6,5,0,5
afterglows,10,6,1,7,5,0,5
afterlife,9,5,1,6,3,1,4
afterlife's,11,5,1,6,7,0,7
afterlives,10,5,1,6,5,0,5
aftermath,9,3,2,5,3,3,6
aftermath's,11,5,1,6,4,0,4
aftermaths,10,5,1,6,4,1,5
afternoon,9,2,1,3,2,1,3
afternoon's,11,4,0,4,5,0,5
afternoons,10,6,1,7,4,0,4
aftershave,10,3,1,4,3,0,3
aftershave's,12,5,0,5,3,1,4
aftershaves,11,4,1,5,4,1,5
aftershock,10,4,1,5,4,0,4
aftershock's,12,3,0,3,4,0,4
aftershocks,11,4,1,5,4,1,5
aftertaste,10,3,0,3,2,1,3
aftertaste's,12,3,0,3,3,0,3
aftertastes,11,2,1,3,2,0,2
afterthought,12,2,2,4,2,2,4
afterthought's,14,2,0,2,3,1,4
afterthoughts,13,2,0,2,3,1,4
afterward,9,3,2,5,3,3,6
afterwards,10,4,1,5,4,1,5
afterword,9,4,2,6,3,3,6
afterword's,11,5,1,6,5,0,5
afterwords,10,4,1,5,5,0,5
again,5,3,3,6,3,3,6
against,7,3,1,4,3,2,5
agape,5,4,1,5,4,1,5
agape's,7,6,2,8,6,2,8
agar,4,3,3,6,3,4,7
agar's,6,4,3,7,4,3,7
agate,5,4,2,6,4,2,6
agate's,7,6,3,9,6,3,9
agates,6,4,3,7,4,4,8
agave,5,3,3,6,3,3,6
agave's,7,5,4,9,5,4,9
age,3,3,2,5,3,2,5
age's,5,5,3,8,5,3,8
aged,4,4,3,7,4,3,7
ageing,6,4,2,6,3,3,6
ageing's,8,5,1,6,5,1,6
ageings,7,3,2,5,3,2,5
ageism,6,3,0,3,3,0,3
ageism's,8,6,0,6,4,1,5
ageless,7,2,1,3,2,1,3
agencies,8,4,2,6,4,3,7
agency,6,2,4,6,3,2,5
agency's,8,5,1,6,5,1,6
agenda,6,2,3,5,2,3,5
agenda's,8,4,2,6,4,2,6
agendas,7,3,2,5,3,2,5
agent,5,4,3,7,4,3,7
agent's,7,5,2,7,5,2,7
agents,6,4,3,7,4,3,7
ages,4,4,2,6,4,4,8
agglomerate,11,2,2,4,2,1,3
agglomerate's,13,4,0,4,3,0,3
agglomerated,12,3,2,5,2,2,4
agglomerates,12,3,0,3,3,0,3
agglomerating,13,3,1,4,3,1,4
agglomeration,13,3,1,4,3,1,4
agglomeration's,15,5,0,5,4,0,4
agglomerations,14,6,0,6,4,0,4
agglutinate,11,3,1,4,3,1,4
agglutinated,12,3,1,4,3,1,4
agglutinates,12,4,0,4,5,0,5
agglutinating,13,3,1,4,4,1,5
agglutination,13,3,1,4,4,1,5
agglutination's,15,3,0,3,4,0,4
agglutinations,14,4,0,4,4,0,4
aggrandize,10,5,1,6,3,2,5
aggrandized,11,3,1,4,2,1,3
aggrandizement,14,2,1,3,2,1,3
aggrandizement's,16,2,0,2,2,0,2
aggrandizes,11,4,0,4,4,0,4
aggrandizing,12,3,1,4,3,1,4
aggravate,9,2,1,3,2,1,3
aggravated,10,3,1,4,2,1,3
aggravates,10,3,0,3,3,1,4
aggravating,11,3,1,4,3,2,5
aggravation,11,5,2,7,4,3,7
aggravation's,13,7,1,8,4,2,6
aggravations,12,2,1,3,4,1,5
aggregate,9,2,1,3,2,1,3
aggregate's,11,4,0,4,4,0,4
aggregated,10,4,1,5,4,1,5
aggregates,10,4,0,4,4,0,4
aggregating,11,3,1,4,4,1,5
aggregation,11,6,1,7,3,1,4
aggregation's,13,8,0,8,4,0,4
aggregations,12,5,1,6,4,0,4
aggression,10,6,0,6,5,0,5
aggression's,12,6,0,6,4,0,4
aggressive,10,6,0,6,4,0,4
aggressively,12,8,0,8,4,0,4
aggressiveness,14,5,0,5,3,0,3
aggressiveness's,16,5,0,5,3,0,3
aggressor,9,4,0,4,4,0,4
aggressor's,11,3,0,3,3,0,3
aggressors,10,4,0,4,3,0,3
aggrieve,8,2,2,4,2,2,4
aggrieved,9,4,1,5,4,1,5
aggrieves,9,3,1,4,3,1,4
aggrieving,10,3,1,4,3,1,4
aghast,6,2,3,5,2,3,5
agile,5,4,2,6,4,3,7
agilely,7,4,3,7,3,3,6
agility,7,5,5,10,5,4,9
agility's,9,7,3,10,7,3,10
aging,5,4,3,7,3,3,6
aging's,7,5,2,7,4,2,6
agings,6,4,3,7,4,3,7
agism,5,3,1,4,3,1,4
agitate,7,3,1,4,3,0,3
agitated,8,4,1,5,4,2,6
agitates,8,4,1,5,4,1,5
agitating,9,3,2,5,3,2,5
agitation,9,3,2,5,3,2,5
agitation's,11,3,1,4,3,1,4
agitations,10,4,1,5,4,1,5
agitator,8,3,2,5,3,2,5
agitator's,10,4,1,5,4,1,5
agitators,9,3,2,5,4,1,5
agleam,6,3,2,5,2,3,5
aglitter,8,4,2,6,4,1,5
aglow,5,3,3,6,3,3,6
agnostic,8,4,1,5,4,1,5
agnostic's,10,5,1,6,4,2,6
agnosticism,11,4,0,4,3,0,3
agnosticism's,13,4,0,4,3,0,3
agnostics,9,5,0,5,4,0,4
ago,3,1,9,10,1,9,10
agog,4,3,5,8,3,4,7
agonies,7,6,0,6,6,0,6
agonize,7,5,2,7,5,1,6
agonized,8,5,1,6,4,2,6
agonizes,8,4,2,6,4,2,6
agonizing,9,2,2,4,2,2,4
agonizingly,11,2,1,3,2,2,4
agony,5,4,5,9,3,5,8
agony's,7,4,3,7,4,1,5
agrarian,8,4,2,6,4,2,6
agrarian's,10,5,1,6,4,1,5
agrarians,9,3,1,4,3,2,5
agree,5,3,2,5,3,2,5
agreeable,9,1,1,2,1,1,2
agreeably,9,2,1,3,3,1,4
agreed,6,3,2,5,3,2,5
agreeing,8,5,1,6,2,1,3
agreement,9,1,1,2,1,1,2
agreement's,11,2,0,2,2,0,2
agreements,10,2,0,2,2,0,2
agrees,6,4,0,4,4,0,4
agribusiness,12,4,0,4,3,0,3
agribusiness's,14,4,0,4,3,0,3
agribusinesses,14,2,0,2,2,0,2
agricultural,12,2,2,4,2,2,4
agriculturalist,15,2,0,2,2,0,2
agriculturalist's,17,2,0,2,1,1,2
agriculturalists,16,2,0,2,1,1,2
agriculture,11,5,1,6,3,1,4
agriculture's,13,7,0,7,5,0,5
agronomist,10,4,0,4,5,0,5
agronomist's,12,5,0,5,5,0,5
agronomists,11,4,0,4,4,0,4
agronomy,8,6,3,9,6,3,9
agronomy's,10,8,2,10,8,2,10
aground,7,4,4,8,3,4,7
ague,4,2,6,8,2,6,8
ague's,6,4,5,9,4,5,9
ah,2,2,7,9,2,7,9
aha,3,1,4,5,1,4,5
ahead,5,2,2,4,2,2,4
ahem,4,3,3,6,3,7,10
ahoy,4,3,6,9,3,6,9
aid,3,3,4,7,3,3,6
aid's,5,4,4,8,4,5,9
aide,4,3,3,6,3,3,6
aide's,6,5,1,6,5,2,7
aided,5,3,1,4,3,1,4
aides,5,4,3,7,4,2,6
aiding,6,5,2,7,5,2,7
aids,4,4,2,6,4,2,6
ail,3,3,5,8,3,4,7
ailed,5,5,3,8,5,3,8
aileron,7,4,1,5,4,1,5
aileron's,9,5,0,5,4,0,4
ailerons,8,4,1,5,4,1,5
ailing,6,5,3,8,5,3,8
ailment,7,6,2,8,6,2,8
ailment's,9,5,0,5,5,1,6
ailments,8,7,1,8,7,1,8
ails,4,4,3,7,4,3,7
aim,3,2,6,8,2,6,8
aim's,5,4,3,7,4,3,7
aimed,5,5,2,7,5,2,7
aiming,6,5,4,9,5,4,9
aimless,7,4,3,7,4,3,7
aimlessly,9,6,1,7,6,1,7
aimlessness,11,6,0,6,6,0,6
aimlessness's,13,7,0,7,7,0,7
aims,4,4,4,8,4,4,8
ain't,5,2,3,5,2,3,5
air,3,2,3,5,2,5,7
air's,5,4,2,6,4,2,6
airborne,8,3,1,4,4,2,6
airbrush,8,3,1,4,3,1,4
airbrush's,10,4,1,5,3,1,4
airbrushed,10,4,0,4,4,0,4
airbrushes,10,4,1,5,4,0,4
airbrushing,11,4,1,5,2,1,3
aircraft,8,2,2,4,2,2,4
aircraft's,10,5,1,6,4,1,5
airdrop,7,3,2,5,3,2,5
airdrop's,9,4,1,5,4,1,5
airdropped,10,3,1,4,3,1,4
airdropping,11,4,1,5,2,2,4
airdrops,8,4,1,5,4,1,5
aired,5,4,4,8,4,4,8
airfare,7,2,2,4,3,1,4
airfare's,9,4,0,4,4,0,4
airfares,8,5,0,5,5,0,5
airfield,8,3,2,5,3,2,5
airfield's,10,5,1,6,5,1,6
airfields,9,6,2,8,4,0,4
airfoil,7,2,2,4,2,2,4
airfoil's,9,3,1,4,3,1,4
airfoils,8,4,1,5,4,1,5
airhead,7,3,1,4,3,1,4
airhead's,9,5,0,5,5,0,5
airheads,8,3,2,5,3,2,5
airier,6,3,0,3,3,0,3
airiest,7,6,1,7,6,1,7
airily,6,2,3,5,2,3,5
airiness,8,6,0,6,6,0,6
airiness's,10,7,0,7,7,0,7
airing,6,4,5,9,4,5,9
airing's,8,3,2,5,3,2,5
airings,7,3,4,7,3,2,5
airless,7,3,2,5,3,2,5
airlift,7,2,3,5,2,2,4
airlift's,9,3,1,4,3,1,4
airlifted,9,5,2,7,3,2,5
airlifting,10,5,2,7,3,2,5
airlifts,8,3,2,5,3,2,5
airline,7,3,1,4,3,0,3
airline's,9,5,0,5,5,0,5
airliner,8,3,2,5,3,1,4
airliner's,10,5,0,5,5,0,5
airliners,9,4,1,5,4,1,5
airlines,8,4,0,4,4,0,4
airmail,7,2,2,4,2,2,4
airmail's,9,5,1,6,3,1,4
airmailed,9,3,2,5,4,1,5
airmailing,10,5,2,7,2,2,4
airmails,8,3,3,6,3,3,6
airman,6,4,2,6,4,2,6
airman's,8,6,1,7,6,1,7
airmen,6,3,2,5,3,2,5
airplane,8,3,3,6,2,3,5
airplane's,10,5,0,5,4,0,4
airplanes,9,4,0,4,4,0,4
airport,7,3,2,5,3,2,5
airport's,9,4,1,5,4,1,5
airports,8,4,1,5,4,1,5
airs,4,3,5,8,3,5,8
airship,7,5,1,6,5,1,6
airship's,9,6,1,7,6,1,7
airships,8,2,2,4,2,2,4
airsick,7,3,1,4,3,2,5
airsickness,11,4,0,4,3,0,3
airsickness's,13,4,0,4,3,0,3
airspace,8,3,0,3,3,0,3
airspace's,10,4,0,4,4,1,5
airstrip,8,2,1,3,2,1,3
airstrip's,10,4,1,5,2,1,3
airstrips,9,3,2,5,2,1,3
airtight,8,2,2,4,1,4,5
airwaves,8,5,0,5,5,0,5
airwaves's,10,4,0,4,3,0,3
airway,6,2,4,6,2,4,6
airway's,8,4,2,6,4,2,6
airways,7,4,3,7,4,4,8
airworthy,9,2,2,4,2,2,4
airy,4,2,4,6,2,4,6
aisle,5,3,0,3,3,0,3
aisle's,7,3,3,6,3,3,6
aisles,6,3,3,6,3,3,6
ajar,4,2,4,6,2,5,7
akimbo,6,3,3,6,3,3,6
akin,4,3,4,7,3,4,7
alabaster,9,5,0,5,4,0,4
alabaster's,11,6,0,6,4,0,4
alacrity,8,2,3,5,2,3,5
alacrity's,10,4,1,5,3,1,4
alarm,5,3,2,5,3,2,5
alarm's,7,4,1,5,4,1,5
alarmed,7,4,1,5,4,1,5
alarming,8,5,4,9,5,6,11
alarmingly,10,5,2,7,4,2,6
alarmist,8,3,1,4,3,1,4
alarmist's,10,5,1,6,4,1,5
alarmists,9,3,1,4,4,1,5
alarms,6,4,3,7,3,3,6
alas,4,2,5,7,2,6,8
alb,3,2,5,7,2,4,6
alb's,5,4,3,7,4,3,7
albacore,8,3,1,4,3,1,4
albacore's,10,5,1,6,5,0,5
albacores,9,4,1,5,4,1,5
albatross,9,2,1,3,2,1,3
albatross's,11,2,1,3,2,1,3
albatrosses,11,3,0,3,3,0,3
albeit,6,3,4,7,5,4,9
albino,6,4,4,8,4,4,8
albino's,8,6,2,8,6,2,8
albinos,7,3,2,5,3,1,4
albs,4,4,5,9,4,5,9
album,5,3,4,7,3,4,7
album's,7,5,3,8,5,3,8
albumen,7,4,3,7,4,4,8
albumen's,9,5,1,6,6,2,8
albumin,7,3,2,5,3,2,5
albumin's,9,4,1,5,4,1,5
albums,6,4,4,8,4,4,8
alchemist,9,4,0,4,4,0,4
alchemist's,11,5,0,5,4,0,4
alchemists,10,4,0,4,3,1,4
alchemy,7,4,3,7,3,3,6
alchemy's,9,5,2,7,4,2,6
alcohol,7,2,3,5,2,3,5
alcohol's,9,3,2,5,3,2,5
alcoholic,9,3,2,5,3,2,5
alcoholic's,11,3,1,4,3,1,4
alcoholics,10,3,1,4,3,1,4
alcoholism,10,3,2,5,3,2,5
alcoholism's,12,5,1,6,5,0,5
alcohols,8,4,1,5,4,1,5
alcove,6,4,3,7,3,3,6
alcove's,8,5,1,6,5,2,7
alcoves,7,4,1,5,4,2,6
alder,5,4,1,5,4,1,5
alder's,7,6,2,8,6,0,6
alderman,8,5,2,7,5,2,7
alderman's,10,7,1,8,7,1,8
aldermen,8,3,1,4,3,1,4
alders,6,5,2,7,5,2,7
alderwoman,10,3,1,4,3,1,4
alderwoman's,12,3,0,3,3,0,3
alderwomen,10,4,1,5,4,1,5
ale,3,3,3,6,3,3,6
ale's,5,5,4,9,5,4,9
alert,5,4,2,6,4,2,6
alert's,7,6,1,7,6,1,7
alerted,7,6,1,7,6,1,7
alerting,8,8,1,9,8,1,9
alertly,7,3,2,5,3,2,5
alertness,9,5,1,6,5,1,6
alertness's,11,6,1,7,6,1,7
alerts,6,6,1,7,6,1,7
ales,4,4,3,7,4,5,9
alfalfa,7,2,3,5,2,2,4
alfalfa's,9,3,3,6,3,1,4
alfresco,8,3,0,3,3,0,3
alga,4,2,4,6,2,5,7
alga's,6,4,4,8,4,4,8
algae,5,2,2,4,2,2,4
algebra,7,4,1,5,4,1,5
algebra's,9,5,0,5,5,0,5
algebraic,9,3,2,5,3,2,5
algebraically,13,2,1,3,2,1,3
algebras,8,4,1,5,4,1,5
algorithm,9,3,2,5,3,2,5
algorithm's,11,6,1,7,5,2,7
algorithmic,11,4,1,5,2,2,4
algorithms,10,4,1,5,4,1,5
alias,5,3,1,4,3,1,4
alias's,7,4,1,5,4,1,5
aliased,7,4,1,5,4,1,5
aliases,7,4,2,6,3,0,3
aliasing,8,3,1,4,3,1,4
alibi,5,2,3,5,2,3,5
alibi's,7,4,2,6,3,2,5
alibied,7,5,3,8,4,4,8
alibiing,8,1,2,3,1,2,3
alibis,6,3,3,6,3,3,6
alien,5,3,4,7,3,4,7
alien's,7,6,2,8,6,2,8
alienable,9,3,2,5,3,2,5
alienate,8,4,1,5,4,1,5
alienated,9,3,2,5,3,2,5
alienates,9,5,0,5,3,0,3
alienating,10,3,1,4,3,1,4
alienation,10,3,1,4,3,1,4
alienation's,12,4,0,4,4,0,4
aliened,7,4,2,6,3,1,4
aliening,8,3,1,4,3,1,4
aliens,6,3,2,5,3,2,5
alight,6,4,2,6,4,2,6
alighted,8,4,2,6,8,2,10
alighting,9,7,2,9,7,2,9
alights,7,4,3,7,4,2,6
align,5,3,3,6,3,3,6
aligned,7,5,3,8,4,6,10
aligning,8,2,2,4,2,2,4
alignment,9,5,2,7,5,2,7
alignment's,11,7,1,8,3,1,4
alignments,10,3,1,4,3,1,4
aligns,6,4,3,7,4,3,7
alike,5,5,3,8,5,3,8
alimentary,10,4,1,5,4,1,5
alimony,7,3,2,5,3,2,5
alimony's,9,4,1,5,4,1,5
aline,5,5,1,6,5,1,6
alined,6,4,1,5,4,1,5
alinement,9,4,1,5,3,1,4
alinement's,11,5,0,5,4,0,4
alinements,10,3,1,4,4,1,5
alines,6,4,2,6,5,2,7
alining,7,4,2,6,3,3,6
alit,4,3,5,8,3,5,8
alive,5,4,4,8,4,4,8
alkali,6,2,3,5,2,3,5
alkali's,8,4,1,5,4,1,5
alkalies,8,4,0,4,4,0,4
alkaline,8,3,1,4,3,1,4
alkalinity,10,2,2,4,2,2,4
alkalinity's,12,5,1,6,4,1,5
alkalis,7,3,2,5,3,2,5
alkaloid,8,3,2,5,3,2,5
alkaloid's,10,4,1,5,4,1,5
alkaloids,9,3,1,4,3,1,4
all,3,2,4,6,2,3,5
all's,5,4,2,6,4,2,6
allay,5,2,4,6,2,4,6
allayed,7,4,2,6,4,2,6
allaying,8,5,2,7,5,2,7
allays,6,3,2,5,3,2,5
allegation,10,5,1,6,4,1,5
allegation's,12,6,0,6,5,0,5
allegations,11,6,1,7,3,1,4
allege,6,2,3,5,2,3,5
alleged,7,3,4,7,3,1,4
allegedly,9,2,1,3,2,1,3
alleges,7,4,2,6,3,3,6
allegiance,10,4,1,5,4,1,5
allegiance's,12,6,0,6,5,0,5
allegiances,11,5,0,5,3,0,3
alleging,8,3,1,4,4,1,5
allegorical,11,3,1,4,3,1,4
allegorically,13,4,1,5,3,1,4
allegories,10,6,0,6,4,1,5
allegory,8,4,2,6,5,2,7
allegory's,10,5,1,6,4,0,4
allegro,7,4,1,5,4,1,5
allegro's,9,6,0,6,5,0,5
allegros,8,4,1,5,4,1,5
alleluia,8,2,3,5,2,3,5
alleluia's,10,5,0,5,4,0,4
alleluias,9,3,0,3,3,0,3
allergen,8,3,2,5,3,2,5
allergen's,10,4,1,5,4,1,5
allergenic,10,2,1,3,2,1,3
allergens,9,4,1,5,5,1,6
allergic,8,3,2,5,3,2,5
allergies,9,3,0,3,4,0,4
allergist,9,4,1,5,5,1,6
allergist's,11,5,0,5,6,0,6
allergists,10,4,0,4,4,0,4
allergy,7,4,1,5,4,1,5
allergy's,9,6,0,6,5,0,5
alleviate,9,4,1,5,4,1,5
alleviated,10,3,2,5,3,2,5
alleviates,10,3,0,3,4,0,4
alleviating,11,5,1,6,7,1,8
alleviation,11,6,1,7,7,1,8
alleviation's,13,8,0,8,6,0,6
alley,5,3,4,7,3,4,7
alley's,7,5,2,7,5,2,7
alleys,6,3,2,5,3,2,5
alleyway,8,2,3,5,2,3,5
alleyway's,10,4,1,5,3,2,5
alleyways,9,4,1,5,5,0,5
alliance,8,6,1,7,3,1,4
alliance's,10,8,0,8,5,0,5
alliances,9,7,0,7,5,0,5
allied,6,4,1,5,4,1,5
allies,6,4,2,6,4,3,7
alligator,9,3,2,5,3,2,5
alligator's,11,5,1,6,4,1,5
alligators,10,4,1,5,3,2,5
alliteration,12,5,1,6,5,1,6
alliteration's,14,7,0,7,4,0,4
alliterations,13,5,0,5,3,0,3
alliterative,12,5,1,6,5,1,6
allocate,8,4,2,6,4,2,6
allocated,9,5,2,7,5,3,8
allocates,9,6,3,9,7,2,9
allocating,10,7,3,10,8,2,10
allocation,10,5,3,8,6,2,8
allocation's,12,7,2,9,8,1,9
allocations,11,6,2,8,7,1,8
allot,5,4,3,7,4,3,7
allotment,9,4,1,5,4,1,5
allotment's,11,6,0,6,4,0,4
allotments,10,3,2,5,4,2,6
allots,6,5,3,8,5,3,8
allotted,8,4,2,6,4,3,7
allotting,9,5,3,8,5,3,8
allover,7,3,2,5,3,2,5
allow,5,4,4,8,4,4,8
allowable,9,3,2,5,3,2,5
allowance,9,6,1,7,5,1,6
allowance's,11,8,0,8,7,0,7
allowances,10,6,0,6,5,1,6
allowed,7,6,2,8,6,2,8
allowing,8,7,2,9,7,2,9
allows,6,5,4,9,5,4,9
alloy,5,3,5,8,3,5,8
alloy's,7,5,3,8,5,3,8
alloyed,7,5,3,8,5,3,8
alloying,8,6,3,9,6,3,9
alloys,6,4,5,9,4,5,9
allspice,8,4,1,5,4,1,5
allspice's,10,5,1,6,4,1,5
allude,6,4,3,7,5,2,7
alluded,7,3,3,6,3,3,6
alludes,7,6,1,7,6,1,7
alluding,8,7,3,10,7,3,10
allure,6,5,2,7,4,3,7
allure's,8,4,1,5,5,0,5
allured,7,5,2,7,6,2,8
allures,7,5,2,7,5,2,7
alluring,8,6,4,10,6,4,10
allusion,8,5,1,6,4,1,5
allusion's,10,5,2,7,4,2,6
allusions,9,3,1,4,5,1,6
allusive,8,5,0,5,5,0,5
allusively,10,5,0,5,4,0,4
alluvia,7,2,3,5,2,3,5
alluvial,8,2,3,5,2,3,5
alluvial's,10,4,1,5,3,1,4
alluvium,8,3,3,6,3,3,6
alluvium's,10,3,2,5,3,2,5
alluviums,9,4,2,6,4,2,6
ally,4,2,8,10,3,6,9
ally's,6,4,5,9,4,6,10
allying,7,5,2,7,5,2,7
almanac,7,2,3,5,2,2,4
almanac's,9,3,1,4,3,2,5
almanacs,8,2,2,4,2,2,4
almighty,8,2,3,5,3,3,6
almond,6,3,5,8,3,5,8
almond's,8,6,3,9,6,2,8
almonds,7,5,3,8,5,3,8
almost,6,4,3,7,4,3,7
alms,4,3,6,9,3,6,9
alms's,6,4,2,6,4,2,6
aloe,4,3,2,5,3,1,4
aloe's,6,5,3,8,5,3,8
aloes,5,4,4,8,4,3,7
aloft,5,4,2,6,4,2,6
aloha,5,3,4,7,3,4,7
aloha's,7,5,3,8,5,3,8
alohas,6,4,2,6,4,2,6
alone,5,3,3,6,3,3,6
along,5,4,3,7,4,3,7
alongside,9,4,0,4,4,0,4
aloof,5,3,2,5,3,2,5
aloofness,9,4,1,5,4,1,5
aloofness's,11,5,1,6,5,1,6
aloud,5,3,4,7,3,4,7
alpaca,6,2,3,5,2,3,5
alpaca's,8,4,2,6,4,2,6
alpacas,7,3,2,5,3,1,4
alpha,5,2,5,7,2,5,7
alpha's,7,4,4,8,4,4,8
alphabet,8,2,4,6,2,4,6
alphabet's,10,3,2,5,3,2,5
alphabetic,10,3,1,4,3,1,4
alphabetical,12,5,1,6,3,1,4
alphabetically,14,2,1,3,2,1,3
alphabetize,11,3,2,5,2,1,3
alphabetized,12,3,1,4,3,1,4
alphabetizes,12,3,0,3,3,0,3
alphabetizing,13,2,1,3,2,1,3
alphabets,9,3,2,5,3,2,5
alphanumeric,12,2,2,4,2,2,4
alphas,6,2,4,6,2,4,6
alpine,6,4,1,5,5,0,5
already,7,2,1,3,2,1,3
alright,7,3,3,6,5,2,7
also,4,3,0,3,2,1,3
altar,5,3,4,7,3,3,6
altar's,7,5,2,7,5,2,7
altars,6,4,2,6,4,2,6
alter,5,5,5,10,5,5,10
alterable,9,3,2,5,3,1,4
alteration,10,5,1,6,4,1,5
alteration's,12,6,0,6,5,0,5
alterations,11,4,1,5,7,0,7
altercation,11,5,1,6,5,1,6
altercation's,13,4,0,4,5,0,5
altercations,12,6,0,6,6,0,6
altered,7,5,1,6,5,0,5
altering,8,6,2,8,6,2,8
alternate,9,4,1,5,3,1,4
alternate's,11,4,0,4,6,0,6
alternated,10,5,1,6,4,1,5
alternately,11,1,2,3,2,1,3
alternates,10,3,1,4,4,0,4
alternating,11,4,1,5,3,1,4
alternation,11,3,1,4,3,1,4
alternation's,13,4,0,4,4,0,4
alternations,12,4,0,4,6,0,6
alternative,11,3,1,4,2,1,3
alternative's,13,3,0,3,4,0,4
alternatively,13,2,1,3,2,1,3
alternatives,12,3,0,3,3,0,3
alternator,10,3,1,4,3,1,4
alternator's,12,4,0,4,5,0,5
alternators,11,4,1,5,4,0,4
alters,6,4,4,8,4,4,8
altho,5,3,3,6,3,3,6
although,8,2,3,5,2,3,5
altimeter,9,2,2,4,3,1,4
altimeter's,11,3,0,3,3,0,3
altimeters,10,4,0,4,4,0,4
altitude,8,7,1,8,7,1,8
altitude's,10,9,0,9,9,0,9
altitudes,9,8,0,8,8,0,8
alto,4,3,5,8,3,5,8
alto's,6,5,4,9,5,4,9
altogether,10,3,1,4,3,1,4
altos,5,5,3,8,5,3,8
altruism,8,5,1,6,5,1,6
altruism's,10,6,0,6,5,1,6
altruist,8,3,2,5,3,2,5
altruist's,10,5,0,5,5,1,6
altruistic,10,5,0,5,4,1,5
altruistically,14,2,0,2,2,0,2
altruists,9,4,1,5,4,1,5
alum,4,3,6,9,3,6,9
alum's,6,5,4,9,5,4,9
aluminum,8,3,2,5,3,2,5
aluminum's,10,4,1,5,4,1,5
alumna,6,2,4,6,2,4,6
alumna's,8,4,3,7,4,3,7
alumnae,7,2,1,3,2,0,2
alumni,6,2,2,4,2,2,4
alumnus,7,3,5,8,3,3,6
alumnus's,9,3,3,6,3,2,5
alums,5,3,4,7,3,4,7
always,6,3,3,6,3,3,6
am,2,2,0,2,2,0,2
amalgam,7,2,3,5,2,2,4
amalgam's,9,3,2,5,4,1,5
amalgamate,10,2,1,3,2,2,4
amalgamated,11,2,2,4,2,1,3
amalgamates,11,3,1,4,3,2,5
amalgamating,12,4,1,5,4,1,5
amalgamation,12,5,1,6,3,1,4
amalgamation's,14,6,0,6,3,1,4
amalgamations,13,6,0,6,3,1,4
amalgams,8,2,3,5,3,2,5
amanuenses,10,3,1,4,3,0,3
amanuensis,10,2,1,3,3,0,3
amanuensis's,12,3,1,4,2,1,3
amaranth,8,1,3,4,1,3,4
amaranth's,10,2,1,3,2,1,3
amaranths,9,3,1,4,3,1,4
amaryllis,9,3,2,5,2,3,5
amaryllis's,11,8,0,8,8,0,8
amaryllises,11,7,1,8,7,1,8
amass,5,2,1,3,2,1,3
amassed,7,4,0,4,4,0,4
amasses,7,3,2,5,3,0,3
amassing,8,5,2,7,5,1,6
amateur,7,3,1,4,3,1,4
amateur's,9,5,0,5,5,0,5
amateurish,10,4,0,4,5,0,5
amateurism,10,4,0,4,5,0,5
amateurism's,12,5,0,5,3,0,3
amateurs,8,4,1,5,4,1,5
amatory,7,5,3,8,2,3,5
amaze,5,3,4,7,3,4,7
amaze's,7,4,3,7,4,3,7
amazed,6,4,2,6,4,2,6
amazement,9,5,1,6,5,1,6
amazement's,11,7,0,7,5,0,5
amazes,6,4,3,7,4,4,8
amazing,7,5,3,8,5,3,8
amazingly,9,2,2,4,2,2,4
amazon,6,4,2,6,4,2,6
amazon's,8,6,1,7,6,1,7
amazons,7,4,2,6,4,2,6
ambassador,10,2,0,2,2,0,2
ambassador's,12,1,1,2,1,1,2
ambassadorial,13,2,0,2,2,0,2
ambassadors,11,1,2,3,2,1,3
ambassadorship,14,1,0,1,1,0,1
ambassadorship's,16,1,0,1,1,0,1
ambassadorships,15,1,0,1,1,0,1
amber,5,4,2,6,4,2,6
amber's,7,6,0,6,6,1,7
ambergris,9,4,1,5,4,2,6
ambergris's,11,4,0,4,4,0,4
ambiance,8,5,2,7,3,2,5
ambiance's,10,7,1,8,4,1,5
ambiances,9,6,1,7,4,1,5
ambidextrous,12,4,0,4,3,0,3
ambidextrously,14,5,0,5,2,0,2
ambience,8,6,2,8,6,2,8
ambience's,10,8,1,9,8,2,10
ambiences,9,7,0,7,7,1,8
ambient,7,4,2,6,3,2,5
ambiguities,11,5,0,5,4,0,4
ambiguity,9,4,3,7,3,3,6
ambiguity's,11,3,2,5,4,2,6
ambiguous,9,4,1,5,4,1,5
ambiguously,11,6,0,6,4,0,4
ambition,8,5,3,8,4,3,7
ambition's,10,7,2,9,4,2,6
ambitions,9,6,2,8,8,2,10
ambitious,9,5,2,7,7,3,10
ambitiously,11,6,0,6,5,0,5
ambitiousness,13,6,0,6,5,0,5
ambitiousness's,15,6,0,6,5,0,5
ambivalence,11,5,1,6,4,1,5
ambivalence's,13,6,1,7,5,0,5
ambivalent,10,4,1,5,5,1,6
ambivalently,12,4,1,5,3,1,4
amble,5,4,4,8,4,4,8
amble's,7,5,3,8,6,1,7
ambled,6,5,1,6,5,1,6
ambles,6,5,3,8,4,5,9
ambling,7,5,3,8,5,3,8
ambrosia,8,2,1,3,2,1,3
ambrosia's,10,3,2,5,2,1,3
ambulance,9,5,2,7,5,1,6
ambulance's,11,7,1,8,7,0,7
ambulances,10,6,0,6,5,1,6
ambulatories,12,5,0,5,4,0,4
ambulatory,10,2,3,5,2,3,5
ambulatory's,12,4,1,5,3,2,5
ambush,6,3,4,7,3,4,7
ambush's,8,4,2,6,3,2,5
ambushed,8,5,2,7,5,2,7
ambushes,8,5,2,7,4,1,5
ambushing,9,5,2,7,6,3,9
ameba,5,3,2,5,3,2,5
ameba's,7,5,1,6,5,1,6
amebae,6,2,4,6,2,3,5
amebas,6,4,1,5,4,1,5
amebic,6,5,2,7,4,2,6
ameer,5,3,2,5,3,2,5
ameer's,7,5,1,6,5,1,6
ameers,6,4,0,4,4,0,4
ameliorate,10,3,1,4,3,1,4
ameliorated,11,2,1,3,2,1,3
ameliorates,11,3,0,3,3,0,3
ameliorating,12,4,1,5,4,1,5
amelioration,12,3,1,4,3,1,4
amelioration's,14,5,0,5,3,0,3
amen,4,3,3,6,3,6,9
amenable,8,3,2,5,3,3,6
amend,5,2,3,5,2,3,5
amendable,9,3,2,5,2,3,5
amended,7,4,1,5,4,2,6
amending,8,6,1,7,6,1,7
amendment,9,3,1,4,3,1,4
amendment's,11,3,0,3,3,0,3
amendments,10,3,1,4,3,1,4
amends,6,3,3,6,3,3,6
amenities,9,4,1,5,4,1,5
amenity,7,3,2,5,3,2,5
amenity's,9,5,1,6,5,1,6
amethyst,8,5,1,6,4,1,5
amethyst's,10,6,1,7,2,2,4
amethysts,9,3,1,4,3,1,4
amiability,10,3,3,6,2,3,5
amiability's,12,8,1,9,4,1,5
amiable,7,4,3,7,2,3,5
amiably,7,3,2,5,3,2,5
amicability,11,2,1,3,2,2,4
amicability's,13,3,1,4,2,1,3
amicable,8,3,1,4,4,2,6
amicably,8,2,3,5,2,3,5
amid,4,4,4,8,4,4,8
amidships,9,3,0,3,2,2,4
amidst,6,4,1,5,4,1,5
amigo,5,5,2,7,5,2,7
amigo's,7,5,1,6,3,3,6
amigos,6,4,2,6,4,2,6
amino,5,4,3,7,4,3,7
amir,4,2,6,8,2,6,8
amir's,6,5,4,9,5,4,9
amirs,5,3,5,8,3,5,8
amiss,5,2,2,4,2,2,4
amity,5,2,4,6,2,4,6
amity's,7,4,3,7,3,3,6
ammeter,7,4,2,6,4,1,5
ammeter's,9,5,1,6,5,1,6
ammeters,8,4,1,5,4,1,5
ammo,4,3,4,7,3,4,7
ammo's,6,5,3,8,5,3,8
ammonia,7,3,2,5,3,2,5
ammonia's,9,5,1,6,3,1,4
ammunition,10,3,2,5,3,2,5
ammunition's,12,5,1,6,5,1,6
amnesia,7,4,0,4,3,1,4
amnesia's,9,7,0,7,7,1,8
amnesiac,8,3,1,4,3,1,4
amnesiac's,10,4,1,5,4,1,5
amnesiacs,9,6,1,7,6,2,8
amnestied,9,3,0,3,2,1,3
amnesties,9,4,1,5,4,1,5
amnesty,7,4,0,4,3,1,4
amnesty's,9,3,2,5,3,1,4
amnestying,10,5,0,5,5,0,5
amniocenteses,13,2,0,2,2,0,2
amniocentesis,13,2,0,2,2,0,2
amniocentesis's,15,2,0,2,2,0,2
amoeba,6,2,2,4,2,2,4
amoeba's,8,4,1,5,3,1,4
amoebae,7,2,2,4,2,2,4
amoebas,7,3,2,5,3,2,5
amoebic,7,3,3,6,2,4,6
amok,4,3,4,7,3,5,8
among,5,4,5,9,3,5,8
amongst,7,3,2,5,3,2,5
amoral,6,3,4,7,3,4,7
amorality,9,4,3,7,3,3,6
amorality's,11,3,1,4,3,1,4
amorally,8,5,3,8,3,4,7
amorous,7,3,2,5,4,2,6
amorously,9,2,0,2,2,1,3
amorousness,11,3,0,3,4,0,4
amorousness's,13,4,0,4,4,0,4
amorphous,9,4,2,6,4,2,6
amorphously,11,3,0,3,3,0,3
amorphousness,13,3,0,3,3,1,4
amorphousness's,15,4,0,4,3,1,4
amortization,12,3,1,4,4,1,5
amortization's,14,4,0,4,4,0,4
amortizations,13,4,0,4,3,1,4
amortize,8,6,2,8,6,2,8
amortized,9,4,1,5,4,1,5
amortizes,9,4,0,4,5,0,5
amortizing,10,4,2,6,3,2,5
amount,6,2,4,6,2,4,6
amount's,8,4,2,6,4,2,6
amounted,8,5,1,6,3,4,7
amounting,9,6,3,9,6,3,9
amounts,7,5,3,8,5,2,7
amour,5,3,3,6,3,3,6
amour's,7,5,2,7,3,3,6
amours,6,4,3,7,4,3,7
amp,3,2,7,9,2,7,9
amp's,5,4,5,9,4,5,9
amperage,8,3,2,5,3,2,5
amperage's,10,4,1,5,4,0,4
ampere,6,2,1,3,2,1,3
ampere's,8,5,0,5,3,0,3
amperes,7,3,3,6,3,2,5
ampersand,9,4,1,5,4,1,5
ampersand's,11,5,1,6,4,1,5
ampersands,10,5,0,5,5,0,5
amphetamine,11,3,2,5,3,2,5
amphetamine's,13,4,0,4,3,2,5
amphetamines,12,4,0,4,4,0,4
amphibian,9,3,2,5,3,2,5
amphibian's,11,4,1,5,3,1,4
amphibians,10,3,1,4,3,1,4
amphibious,10,3,1,4,3,1,4
amphitheater,12,2,1,3,2,1,3
amphitheater's,14,6,0,6,3,0,3
amphitheaters,13,7,0,7,3,1,4
amphitheatre,12,3,1,4,3,1,4
amphitheatre's,14,6,0,6,3,0,3
amphitheatres,13,7,0,7,3,0,3
ample,5,4,1,5,4,1,5
ampler,6,3,3,6,3,3,6
amplest,7,5,1,6,4,2,6
amplification,13,7,1,8,4,1,5
amplification's,15,8,0,8,4,0,4
amplifications,14,5,0,5,3,0,3
amplified,9,4,2,6,6,1,7
amplifier,9,5,2,7,4,2,6
amplifier's,11,6,0,6,5,1,6
amplifiers,10,5,1,6,4,2,6
amplifies,9,6,0,6,6,0,6
amplify,7,4,3,7,3,3,6
amplifying,10,7,2,9,6,2,8
amplitude,9,4,1,5,4,1,5
amplitude's,11,6,0,6,5,0,5
amplitudes,10,5,0,5,5,0,5
amply,5,3,5,8,2,5,7
ampoule,7,3,3,6,4,2,6
ampoule's,9,5,2,7,5,2,7
ampoules,8,4,1,5,4,1,5
amps,4,3,6,9,3,6,9
ampul,5,4,5,9,4,6,10
ampul's,7,5,4,9,5,4,9
ampule,6,4,4,8,4,2,6
ampule's,8,6,1,7,5,8,13
ampules,7,5,1,6,5,1,6
ampuls,6,5,4,9,4,5,9
amputate,8,4,1,5,3,2,5
amputated,9,5,1,6,3,3,6
amputates,9,3,2,5,4,2,6
amputating,10,5,2,7,5,2,7
amputation,10,4,2,6,5,2,7
amputation's,12,4,1,5,5,1,6
amputations,11,7,1,8,4,1,5
amputee,7,2,1,3,2,0,2
amputee's,9,4,0,4,4,0,4
amputees,8,3,0,3,3,0,3
amuck,5,3,4,7,3,4,7
amulet,6,5,3,8,5,3,8
amulet's,8,7,1,8,7,1,8
amulets,7,6,2,8,6,2,8
amuse,5,4,2,6,4,2,6
amused,6,5,3,8,5,3,8
amusement,9,4,0,4,4,0,4
amusement's,11,5,0,5,5,0,5
amusements,10,3,0,3,3,0,3
amuses,6,5,4,9,5,4,9
amusing,7,6,2,8,6,2,8
amusingly,9,3,1,4,2,2,4
an,2,2,8,10,2,8,10
anachronism,11,2,1,3,3,1,4
anachronism's,13,5,1,6,3,1,4
anachronisms,12,4,0,4,4,0,4
anachronistic,13,2,0,2,3,0,3
anaconda,8,1,3,4,1,3,4
anaconda's,10,4,1,5,3,1,4
anacondas,9,2,1,3,2,1,3
anaemia,7,2,1,3,2,1,3
anaemia's,9,3,0,3,3,0,3
anaemic,7,2,1,3,2,1,3
anaerobic,9,4,2,6,4,2,6
anaesthesia,11,3,0,3,2,0,2
anaesthesia's,13,2,0,2,2,0,2
anaesthetic,11,3,0,3,4,0,4
anaesthetic's,13,4,0,4,4,0,4
anaesthetics,12,3,0,3,3,0,3
anaesthetist,12,2,0,2,2,0,2
anaesthetist's,14,2,0,2,2,0,2
anaesthetists,13,2,0,2,2,0,2
anaesthetize,12,3,0,3,3,0,3
anaesthetized,13,3,0,3,2,0,2
anaesthetizes,13,4,1,5,4,0,4
anaesthetizing,14,2,0,2,2,0,2
anagram,7,2,3,5,2,2,4
anagram's,9,4,1,5,4,1,5
anagrams,8,3,2,5,3,2,5
anal,4,2,1,3,2,2,4
analgesia,9,2,1,3,3,0,3
analgesia's,11,6,0,6,3,0,3
analgesic,9,2,1,3,3,0,3
analgesic's,11,6,0,6,3,0,3
analgesics,10,3,1,4,3,1,4
analog,6,3,2,5,3,2,5
analog's,8,5,1,6,5,1,6
analogies,9,7,0,7,7,0,7
analogous,9,4,1,5,4,1,5
analogously,11,4,0,4,3,0,3
analogs,7,4,2,6,4,2,6
analogue,8,2,2,4,2,2,4
analogue's,10,4,1,5,3,0,3
analogues,9,3,1,4,3,1,4
analogy,7,3,4,7,5,2,7
analogy's,9,7,1,8,7,1,8
analyses,8,3,1,4,3,1,4
analysis,8,2,3,5,6,1,7
analysis's,10,4,1,5,4,1,5
analyst,7,2,2,4,2,2,4
analyst's,9,3,2,5,3,2,5
analysts,8,3,3,6,5,2,7
analytic,8,4,2,6,5,2,7
analytical,10,4,2,6,3,2,5
analyticalally,14,2,1,3,2,1,3
analytically,12,4,1,5,3,1,4
analyze,7,4,1,5,4,0,4
analyzed,8,3,1,4,3,3,6
analyzer,8,3,3,6,4,2,6
analyzer's,10,6,0,6,6,0,6
analyzers,9,5,1,6,5,1,6
analyzes,8,4,1,5,5,1,6
analyzing,9,4,3,7,4,3,7
anapest,7,4,1,5,4,1,5
anapest's,9,4,2,6,4,2,6
anapests,8,5,1,6,4,1,5
anarchic,8,3,2,5,3,2,5
anarchically,12,3,1,4,4,1,5
anarchism,9,8,2,10,8,2,10
anarchism's,11,5,1,6,9,2,11
anarchist,9,7,3,10,7,3,10
anarchist's,11,5,1,6,8,3,11
anarchistic,11,3,1,4,3,1,4
anarchists,10,4,1,5,4,2,6
anarchy,7,2,4,6,3,3,6
anarchy's,9,3,2,5,3,2,5
anathema,8,3,1,4,2,1,3
anathema's,10,4,0,4,4,0,4
anathemas,9,4,1,5,4,1,5
anatomic,8,4,2,6,5,2,7
anatomical,10,4,2,6,3,2,5
anatomically,12,4,1,5,4,1,5
anatomies,9,6,1,7,6,1,7
anatomist,9,4,1,5,5,1,6
anatomist's,11,5,0,5,5,1,6
anatomists,10,4,0,4,3,1,4
anatomy,7,5,3,8,4,3,7
anatomy's,9,6,2,8,6,2,8
ancestor,8,7,0,7,7,0,7
ancestor's,10,8,0,8,8,0,8
ancestors,9,3,1,4,4,0,4
ancestral,9,4,0,4,4,1,5
ancestress,10,2,0,2,2,0,2
ancestress's,12,4,0,4,2,0,2
ancestresses,12,4,0,4,2,0,2
ancestries,10,4,0,4,3,1,4
ancestry,8,3,1,4,3,1,4
ancestry's,10,4,1,5,4,1,5
anchor,6,4,4,8,4,4,8
anchor's,8,6,2,8,6,2,8
anchorage,9,2,2,4,2,2,4
anchorage's,11,5,0,5,5,0,5
anchorages,10,4,2,6,4,2,6
anchored,8,7,1,8,5,1,6
anchoring,9,4,3,7,4,3,7
anchorite,9,6,1,7,7,1,8
anchorite's,11,8,0,8,5,0,5
anchorites,10,6,0,6,8,0,8
anchorman,9,2,3,5,2,3,5
anchorman's,11,3,1,4,3,2,5
anchormen,9,2,2,4,2,2,4
anchorpeople,12,2,2,4,2,2,4
anchorperson,12,2,0,2,2,0,2
anchorperson's,14,2,0,2,2,0,2
anchorpersons,13,2,1,3,3,1,4
anchors,7,5,2,7,4,3,7
anchorwoman,11,1,3,4,1,3,4
anchorwoman's,13,3,2,5,2,2,4
anchorwomen,11,2,2,4,3,1,4
anchovies,9,7,0,7,7,0,7
anchovy,7,4,3,7,4,3,7
anchovy's,9,6,2,8,5,2,7
ancient,7,4,2,6,3,3,6
ancient's,9,5,0,5,5,1,6
ancienter,9,3,1,4,3,1,4
ancientest,10,3,1,4,4,0,4
ancients,8,5,1,6,4,2,6
ancillaries,11,7,0,7,6,0,6
ancillary,9,6,2,8,5,2,7
ancillary's,11,8,1,9,6,1,7
and,3,2,5,7,2,4,6
andante,7,3,1,4,3,0,3
andante's,9,5,0,5,5,0,5
andantes,8,4,1,5,4,1,5
andiron,7,4,2,6,3,3,6
andiron's,9,6,1,7,5,1,6
andirons,8,5,1,6,5,1,6
androgen,8,3,1,4,4,1,5
androgen's,10,4,0,4,4,0,4
androgynous,11,3,1,4,3,1,4
android,7,3,2,5,3,2,5
android's,9,4,1,5,4,1,5
androids,8,5,1,6,4,2,6
anecdota,8,2,3,5,3,2,5
anecdotal,9,3,2,5,3,2,5
anecdote,8,3,2,5,3,2,5
anecdote's,10,5,1,6,4,1,5
anecdotes,9,4,1,5,4,1,5
anemia,6,3,2,5,3,2,5
anemia's,8,5,1,6,5,1,6
anemic,6,5,2,7,4,2,6
anemometer,10,2,1,3,2,1,3
anemometer's,12,2,0,2,2,0,2
anemometers,11,3,0,3,4,0,4
anemone,7,2,3,5,3,1,4
anemone's,9,4,1,5,4,1,5
anemones,8,3,3,6,3,3,6
anesthesia,10,2,0,2,2,0,2
anesthesia's,12,2,0,2,2,0,2
anesthesiologist,16,1,0,1,1,0,1
anesthesiologist's,18,1,0,1,1,0,1
anesthesiologists,17,2,0,2,2,0,2
anesthesiology,14,1,0,1,1,0,1
anesthesiology's,16,1,0,1,1,0,1
anesthetic,10,3,0,3,3,0,3
anesthetic's,12,3,0,3,3,0,3
anesthetics,11,3,0,3,3,0,3
anesthetist,11,2,0,2,2,0,2
anesthetist's,13,2,0,2,2,0,2
anesthetists,12,2,0,2,2,0,2
anesthetize,11,3,0,3,2,0,2
anesthetized,12,3,0,3,3,0,3
anesthetizes,12,3,0,3,3,0,3
anesthetizing,13,3,0,3,3,0,3
aneurism,8,6,0,6,6,0,6
aneurism's,10,7,1,8,7,0,7
aneurisms,9,8,0,8,8,0,8
aneurysm,8,5,1,6,4,1,5
aneurysm's,10,6,1,7,3,1,4
aneurysms,9,7,1,8,7,1,8
anew,4,3,5,8,4,4,8
angel,5,3,3,6,3,3,6
angel's,7,5,1,6,5,1,6
angelic,7,3,2,5,5,2,7
angelically,11,3,2,5,3,1,4
angels,6,4,3,7,4,3,7
anger,5,5,4,9,5,4,9
anger's,7,7,2,9,7,3,10
angered,7,4,2,6,4,1,5
angering,8,4,1,5,4,1,5
angers,6,6,3,9,6,3,9
angina,6,2,5,7,3,4,7
angina's,8,4,4,8,5,3,8
angioplasties,13,2,0,2,2,0,2
angioplasty,11,2,0,2,2,0,2
angioplasty's,13,3,0,3,3,0,3
angiosperm,10,3,0,3,5,0,5
angiosperm's,12,6,0,6,5,0,5
angiosperms,11,3,1,4,4,0,4
angle,5,4,2,6,4,3,7
angle's,7,7,2,9,7,4,11
angled,6,4,2,6,4,2,6
angler,6,6,1,7,6,1,7
angler's,8,8,0,8,8,0,8
anglers,7,7,0,7,5,2,7
angles,6,6,2,8,6,3,9
angleworm,9,3,1,4,3,1,4
angleworm's,11,5,0,5,4,0,4
angleworms,10,5,0,5,5,0,5
angling,7,4,2,6,3,2,5
angling's,9,4,1,5,4,1,5
angora,6,3,3,6,3,3,6
angora's,8,5,2,7,5,1,6
angoras,7,4,2,6,4,1,5
angrier,7,3,1,4,3,1,4
angriest,8,5,0,5,5,2,7
angrily,7,4,3,7,4,3,7
angry,5,2,6,8,1,6,7
angst,5,3,2,5,3,2,5
angst's,7,3,2,5,3,2,5
angstrom,8,3,2,5,3,2,5
angstrom's,10,4,1,5,3,2,5
angstroms,9,3,3,6,2,2,4
anguish,7,4,3,7,4,3,7
anguish's,9,6,3,9,3,4,7
anguished,9,6,2,8,6,2,8
anguishes,9,5,3,8,5,2,7
anguishing,10,3,0,3,4,1,5
angular,7,4,3,7,4,2,6
angularities,12,4,0,4,4,0,4
angularity,10,3,2,5,3,2,5
angularity's,12,3,1,4,4,1,5
ani,3,3,5,8,3,5,8
animal,6,4,3,7,4,3,7
animal's,8,6,2,8,6,2,8
animals,7,4,2,6,4,2,6
animate,7,3,2,5,3,1,4
animated,8,4,1,5,4,3,7
animatedly,10,3,1,4,3,1,4
animates,8,5,1,6,5,1,6
animating,9,4,2,6,3,2,5
animation,9,3,2,5,3,2,5
animation's,11,4,1,5,5,1,6
animations,10,4,1,5,4,1,5
animator,8,3,2,5,3,2,5
animator's,10,4,1,5,4,1,5
animators,9,5,2,7,4,1,5
anime,5,3,4,7,3,4,7
anime's,7,5,2,7,5,3,8
animism,7,3,2,5,3,1,4
animism's,9,4,1,5,4,1,5
animist,7,3,1,4,3,1,4
animist's,9,4,0,4,4,1,5
animistic,9,2,1,3,2,1,3
animists,8,3,2,5,3,1,4
animosities,11,5,0,5,3,0,3
animosity,9,4,1,5,3,1,4
animosity's,11,2,1,3,2,1,3
animus,6,4,3,7,3,4,7
animus's,8,5,1,6,3,1,4
anion,5,3,5,8,3,5,8
anion's,7,6,4,10,5,3,8
anions,6,4,4,8,4,4,8
anise,5,5,2,7,5,2,7
anise's,7,4,2,6,4,2,6
aniseed,7,4,0,4,4,0,4
aniseed's,9,5,0,5,5,0,5
ankh,4,3,6,9,3,7,10
ankh's,6,5,3,8,5,3,8
ankhs,5,2,6,8,2,6,8
ankle,5,3,5,8,3,5,8
ankle's,7,6,3,9,6,5,11
ankles,6,5,3,8,5,4,9
anklet,6,4,4,8,4,4,8
anklet's,8,6,2,8,6,2,8
anklets,7,5,3,8,5,3,8
annals,6,4,2,6,4,2,6
annals's,8,3,2,5,3,2,5
anneal,6,3,1,4,3,1,4
annealed,8,4,2,6,5,2,7
annealing,9,5,1,6,3,1,4
anneals,7,5,2,7,3,1,4
annex,5,2,4,6,2,4,6
annex's,7,4,2,6,4,2,6
annexation,10,3,1,4,3,1,4
annexation's,12,4,0,4,4,0,4
annexations,11,5,1,6,3,1,4
annexed,7,3,2,5,3,2,5
annexes,7,4,0,4,2,2,4
annexing,8,2,1,3,2,1,3
annihilate,10,3,2,5,4,1,5
annihilated,11,7,1,8,4,2,6
annihilates,11,4,0,4,5,0,5
annihilating,12,3,1,4,3,1,4
annihilation,12,3,1,4,3,1,4
annihilation's,14,4,0,4,4,0,4
annihilator,11,6,2,8,2,2,4
annihilator's,13,3,0,3,3,1,4
annihilators,12,5,1,6,2,1,3
anniversaries,13,2,0,2,2,0,2
anniversary,11,3,0,3,3,0,3
anniversary's,13,3,0,3,3,0,3
annotate,8,3,2,5,4,1,5
annotated,9,4,2,6,4,2,6
annotates,9,5,1,6,5,1,6
annotating,10,2,2,4,2,2,4
annotation,10,2,2,4,2,2,4
annotation's,12,4,1,5,5,1,6
annotations,11,5,1,6,4,1,5
announce,8,3,2,5,3,2,5
announced,9,3,3,6,4,3,7
announcement,12,4,2,6,2,2,4
announcement's,14,5,0,5,3,1,4
announcements,13,5,0,5,3,0,3
announcer,9,3,3,6,3,3,6
announcer's,11,5,1,6,6,0,6
announcers,10,4,2,6,5,1,6
announces,9,4,1,5,4,1,5
announcing,10,2,2,4,2,2,4
annoy,5,3,4,7,3,4,7
annoyance,9,3,1,4,3,1,4
annoyance's,11,5,0,5,4,0,4
annoyances,10,5,0,5,4,1,5
annoyed,7,3,6,9,3,6,9
annoying,8,2,2,4,2,2,4
annoyingly,10,2,2,4,2,2,4
annoys,6,4,4,8,4,4,8
annual,6,2,2,4,2,2,4
annual's,8,4,1,5,4,1,5
annually,8,4,5,9,5,3,8
annuals,7,3,2,5,3,2,5
annuities,9,5,1,6,5,1,6
annuity,7,2,2,4,3,2,5
annuity's,9,4,1,5,4,1,5
annul,5,4,6,10,4,4,8
annular,7,4,3,7,3,2,5
annulled,8,3,3,6,4,3,7
annulling,9,2,2,4,2,2,4
annulment,9,2,1,3,2,1,3
annulment's,11,4,0,4,3,0,3
annulments,10,3,1,4,3,1,4
annuls,6,4,5,9,5,4,9
anode,5,4,4,8,3,3,6
anode's,7,5,4,9,6,3,9
anodes,6,4,2,6,4,2,6
anodyne,7,4,3,7,3,2,5
anodyne's,9,6,2,8,7,1,8
anodynes,8,5,2,7,6,1,7
anoint,6,3,2,5,3,2,5
anointed,8,5,1,6,5,2,7
anointing,9,3,3,6,3,3,6
anointment,10,2,1,3,3,1,4
anointment's,12,4,0,4,4,0,4
anoints,7,4,2,6,4,1,5
anomalies,9,4,1,5,4,1,5
anomalous,9,2,3,5,4,2,6
anomaly,7,2,4,6,2,4,6
anomaly's,9,4,1,5,3,2,5
anon,4,3,2,5,3,2,5
anons,5,4,2,6,4,2,6
anonymity,9,2,2,4,2,2,4
anonymity's,11,3,1,4,3,1,4
anonymous,9,4,2,6,4,2,6
anonymously,11,3,0,3,3,0,3
anopheles,9,3,0,3,3,0,3
anopheles's,11,2,1,3,2,1,3
anorak,6,3,3,6,2,4,6
anorak's,8,4,2,6,4,2,6
anoraks,7,3,3,6,3,3,6
anorexia,8,3,2,5,2,2,4
anorexia's,10,5,0,5,3,1,4
anorexic,8,3,2,5,4,2,6
anorexic's,10,7,0,7,5,1,6
anorexics,9,5,1,6,5,1,6
another,7,3,3,6,3,3,6
answer,6,5,2,7,5,2,7
answer's,8,5,2,7,5,2,7
answerable,10,2,1,3,2,1,3
answered,8,5,1,6,5,1,6
answering,9,4,0,4,4,1,5
answers,7,3,2,5,3,2,5
ant,3,3,6,9,3,6,9
ant's,5,4,5,9,4,4,8
antacid,7,3,2,5,3,2,5
antacid's,9,5,1,6,4,2,6
antacids,8,3,3,6,3,2,5
antagonism,10,4,0,4,3,1,4
antagonism's,12,5,0,5,5,0,5
antagonisms,11,5,0,5,5,0,5
antagonist,10,3,0,3,3,0,3
antagonist's,12,5,0,5,5,0,5
antagonistic,12,5,0,5,4,0,4
antagonistically,16,2,0,2,2,0,2
antagonists,11,5,0,5,5,0,5
antagonize,10,2,1,3,3,1,4
antagonized,11,3,1,4,2,1,3
antagonizes,11,4,0,4,4,0,4
antagonizing,12,2,1,3,2,1,3
antarctic,9,2,2,4,2,2,4
ante,4,3,4,7,3,0,3
ante's,6,5,2,7,5,0,5
anteater,8,4,4,8,3,3,6
anteater's,10,5,0,5,5,1,6
anteaters,9,5,1,6,4,0,4
antebellum,10,2,1,3,2,1,3
antecedent,10,2,1,3,2,1,3
antecedent's,12,2,0,2,2,0,2
antecedents,11,2,0,2,2,0,2
antechamber,11,3,2,5,4,1,5
antechamber's,13,4,0,4,4,0,4
antechambers,12,4,0,4,4,0,4
anted,5,3,4,7,3,4,7
antedate,8,3,1,4,3,1,4
antedated,9,2,2,4,2,2,4
antedates,9,4,1,5,4,1,5
antedating,10,3,1,4,3,1,4
antediluvian,12,2,1,3,2,1,3
anteed,6,3,1,4,3,1,4
anteing,7,3,2,5,3,2,5
antelope,8,3,1,4,3,1,4
antelope's,10,6,0,6,4,0,4
antelopes,9,4,0,4,3,1,4
antenna,7,3,2,5,3,2,5
antenna's,9,4,1,5,4,1,5
antennae,8,2,1,3,2,1,3
antennas,8,3,2,5,4,0,4
anterior,8,5,1,6,4,1,5
anteroom,8,5,1,6,5,1,6
anteroom's,10,6,0,6,4,0,4
anterooms,9,5,1,6,4,1,5
antes,5,4,1,5,4,1,5
anthem,6,2,4,6,2,4,6
anthem's,8,4,2,6,4,2,6
anthems,7,5,2,7,4,2,6
anther,6,4,3,7,4,3,7
anther's,8,6,1,7,6,1,7
anthers,7,4,1,5,6,0,6
anthill,7,3,2,5,4,2,6
anthill's,9,5,1,6,5,1,6
anthills,8,4,3,7,4,3,7
anthologies,11,9,0,9,9,0,9
anthologist,11,8,0,8,8,0,8
anthologist's,13,9,0,9,9,0,9
anthologists,12,8,0,8,8,0,8
anthologize,11,4,1,5,3,2,5
anthologized,12,4,1,5,3,1,4
anthologizes,12,4,0,4,4,0,4
anthologizing,13,2,1,3,2,1,3
anthology,9,2,3,5,2,3,5
anthology's,11,3,1,4,3,1,4
anthracite,10,2,1,3,3,1,4
anthracite's,12,5,0,5,4,0,4
anthrax,7,2,3,5,2,3,5
anthrax's,9,4,2,6,4,2,6
anthropocentric,15,2,1,3,3,1,4
anthropoid,10,2,3,5,2,3,5
anthropoid's,12,3,1,4,3,2,5
anthropoids,11,6,1,7,4,1,5
anthropological,15,1,1,2,1,1,2
anthropologist,14,2,0,2,3,0,3
anthropologist's,16,3,0,3,3,0,3
anthropologists,15,2,0,2,2,0,2
anthropology,12,1,3,4,1,3,4
anthropology's,14,3,0,3,2,2,4
anthropomorphic,15,2,1,3,3,1,4
anthropomorphism,16,2,0,2,3,0,3
anthropomorphism's,18,2,0,2,3,0,3
anti,4,3,3,6,3,3,6
anti's,6,4,4,8,4,4,8
antiabortion,12,3,1,4,2,1,3
antiaircraft,12,2,1,3,2,1,3
antibiotic,10,1,2,3,1,2,3
antibiotic's,12,3,1,4,3,1,4
antibiotics,11,4,1,5,4,1,5
antibodies,10,4,0,4,4,0,4
antibody,8,5,2,7,3,2,5
antibody's,10,5,1,6,4,1,5
antic,5,4,4,8,3,3,6
antic's,7,5,3,8,5,2,7
anticipate,10,5,1,6,4,1,5
anticipated,11,3,1,4,4,1,5
anticipates,11,4,0,4,5,0,5
anticipating,12,3,1,4,3,1,4
anticipation,12,3,1,4,3,1,4
anticipation's,14,5,0,5,4,0,4
anticipations,13,5,0,5,4,1,5
anticipatory,12,2,1,3,2,1,3
anticked,8,7,2,9,7,2,9
anticking,9,3,3,6,6,2,8
anticlimactic,13,1,1,2,1,1,2
anticlimax,10,1,2,3,1,2,3
anticlimax's,12,3,1,4,2,1,3
anticlimaxes,12,3,0,3,3,0,3
anticlockwise,13,3,0,3,3,0,3
antics,6,4,3,7,4,3,7
anticyclone,11,3,1,4,3,2,5
anticyclone's,13,4,0,4,4,0,4
anticyclones,12,4,0,4,4,0,4
antidepressant,14,1,0,1,1,0,1
antidepressant's,16,1,0,1,1,0,1
antidepressants,15,1,0,1,1,0,1
antidote,8,4,1,5,3,1,4
antidote's,10,6,0,6,4,0,4
antidotes,9,5,0,5,5,0,5
antifreeze,10,1,1,2,1,1,2
antifreeze's,12,2,0,2,2,0,2
antigen,7,2,3,5,2,3,5
antigen's,9,4,2,6,4,1,5
antigens,8,3,2,5,4,2,6
antihero,8,3,2,5,4,2,6
antihero's,10,5,0,5,5,0,5
antiheroes,10,4,0,4,4,0,4
antihistamine,13,2,0,2,3,0,3
antihistamine's,15,3,0,3,3,0,3
antihistamines,14,3,0,3,3,0,3
antiknock,9,3,2,5,3,2,5
antiknock's,11,4,1,5,4,1,5
antimatter,10,3,2,5,3,1,4
antimatter's,12,5,0,5,4,0,4
antimony,8,5,2,7,3,2,5
antimony's,10,5,1,6,4,1,5
antiparticle,12,4,1,5,2,1,3
antiparticle's,14,3,0,3,3,0,3
antiparticles,13,3,0,3,3,0,3
antipasti,9,2,1,3,2,2,4
antipasto,9,3,0,3,3,1,4
antipasto's,11,2,1,3,2,1,3
antipastos,10,2,2,4,2,1,3
antipathetic,12,1,1,2,1,1,2
antipathies,11,4,0,4,4,0,4
antipathy,9,2,3,5,2,3,5
antipathy's,11,4,2,6,4,2,6
antipersonnel,13,2,0,2,3,0,3
antiperspirant,14,3,0,3,3,0,3
antiperspirant's,16,3,0,3,2,0,2
antiperspirants,15,3,0,3,2,0,2
antiphonal,10,3,2,5,2,2,4
antiphonal's,12,3,1,4,3,1,4
antiphonals,11,3,1,4,3,1,4
antipodes,9,5,0,5,5,0,5
antipodes's,11,3,0,3,3,0,3
antiquarian,11,2,1,3,2,2,4
antiquarian's,13,4,1,5,3,1,4
antiquarians,12,2,1,3,3,1,4
antiquaries,11,6,1,7,5,1,6
antiquary,9,5,3,8,4,3,7
antiquary's,11,7,2,9,5,2,7
antiquate,9,3,1,4,3,1,4
antiquated,10,4,1,5,3,1,4
antiquates,10,5,0,5,5,0,5
antiquating,11,2,1,3,2,3,5
antique,7,4,1,5,4,1,5
antique's,9,6,0,6,6,0,6
antiqued,8,6,3,9,6,3,9
antiques,8,4,2,6,4,2,6
antiquing,9,4,2,6,5,3,8
antiquities,11,5,0,5,4,0,4
antiquity,9,2,2,4,2,2,4
antiquity's,11,3,2,5,4,2,6
antis,5,3,4,7,3,4,7
antiseptic,10,3,0,3,3,0,3
antiseptic's,12,3,0,3,3,0,3
antiseptically,14,2,0,2,2,0,2
antiseptics,11,2,1,3,2,1,3
antislavery,11,3,0,3,3,0,3
antisocial,10,2,1,3,2,1,3
antitheses,10,3,0,3,3,0,3
antithesis,10,2,0,2,4,0,4
antithesis's,12,3,0,3,2,0,2
antithetical,12,4,1,5,2,1,3
antithetically,14,1,1,2,1,1,2
antitoxin,9,2,2,4,2,2,4
antitoxin's,11,4,1,5,5,1,6
antitoxins,10,3,1,4,3,1,4
antitrust,9,3,1,4,3,1,4
antiviral,9,2,2,4,2,2,4
antiviral's,11,3,1,4,3,1,4
antivirals,10,3,1,4,3,1,4
antivirus,9,4,1,5,4,1,5
antiwar,7,3,3,6,3,3,6
antler,6,5,2,7,5,2,7
antler's,8,7,1,8,7,1,8
antlered,8,4,2,6,4,2,6
antlers,7,6,1,7,6,1,7
antonym,7,3,3,6,3,3,6
antonym's,9,5,2,7,4,2,6
antonyms,8,5,3,8,6,2,8
ants,4,4,4,8,4,4,8
anus,4,3,6,9,3,7,10
anus's,6,3,5,8,3,5,8
anuses,6,4,5,9,4,5,9
anvil,5,3,5,8,4,5,9
anvil's,7,6,3,9,6,4,10
anvils,6,4,4,8,4,6,10
anxieties,9,5,0,5,3,1,4
anxiety,7,3,2,5,3,2,5
anxiety's,9,6,0,6,5,1,6
anxious,7,4,3,7,4,1,5
anxiously,9,7,1,8,6,1,7
any,3,2,7,9,2,7,9
anybodies,9,6,1,7,6,1,7
anybody,7,4,3,7,4,3,7
anybody's,9,6,2,8,5,2,7
anyhow,6,2,4,6,3,4,7
anymore,7,4,2,6,4,2,6
anyone,6,4,3,7,4,3,7
anyone's,8,6,3,9,6,4,10
anyplace,8,4,2,6,3,2,5
anything,8,4,2,6,4,2,6
anything's,10,4,1,5,4,1,5
anythings,9,4,1,5,4,1,5
anytime,7,4,1,5,4,0,4
anyway,6,2,4,6,3,3,6
anywhere,8,2,1,3,2,1,3
aorta,5,3,2,5,3,2,5
aorta's,7,5,1,6,5,1,6
aortae,6,2,1,3,2,1,3
aortas,6,3,2,5,3,2,5
apace,5,2,5,7,2,5,7
apart,5,3,3,6,3,3,6
apartheid,9,2,2,4,3,2,5
apartheid's,11,4,1,5,4,1,5
apartment,9,4,1,5,4,1,5
apartment's,11,6,0,6,4,0,4
apartments,10,5,0,5,5,0,5
apathetic,9,2,3,5,2,1,3
apathetically,13,2,1,3,2,1,3
apathy,6,1,4,5,1,4,5
apathy's,8,3,3,6,3,3,6
ape,3,3,4,7,3,4,7
ape's,5,5,5,10,5,5,10
aped,4,4,4,8,4,4,8
aperitif,8,2,1,3,2,1,3
aperitif's,10,6,0,6,4,1,5
aperitifs,9,5,0,5,4,1,5
aperture,8,5,1,6,2,2,4
aperture's,10,7,0,7,7,0,7
apertures,9,6,0,6,6,0,6
apes,4,4,4,8,4,6,10
apex,4,3,6,9,2,7,9
apex's,6,4,6,10,4,4,8
apexes,6,3,2,5,3,2,5
aphasia,7,2,1,3,2,1,3
aphasia's,9,3,1,4,2,0,2
aphasic,7,3,2,5,2,2,4
aphasic's,9,4,2,6,2,1,3
aphasics,8,2,2,4,3,1,4
aphelia,7,4,3,7,4,3,7
aphelion,8,3,1,4,3,1,4
aphelion's,10,5,0,5,4,1,5
aphelions,9,4,2,6,6,1,7
aphid,5,3,4,7,3,6,9
aphid's,7,4,5,9,4,5,9
aphids,6,4,6,10,4,4,8
aphorism,8,5,1,6,5,1,6
aphorism's,10,6,2,8,4,2,6
aphorisms,9,4,1,5,3,2,5
aphoristic,10,6,0,6,4,1,5
aphrodisiac,11,4,1,5,2,2,4
aphrodisiac's,13,2,1,3,2,1,3
aphrodisiacs,12,3,0,3,2,1,3
apiaries,8,6,0,6,6,0,6
apiary,6,5,3,8,5,3,8
apiary's,8,5,2,7,5,2,7
apices,6,4,3,7,5,3,8
apiece,6,2,1,3,2,1,3
aping,5,5,4,9,5,4,9
aplenty,7,4,1,5,4,1,5
aplomb,6,3,5,8,3,5,8
aplomb's,8,5,1,6,4,4,8
apocalypse,10,2,2,4,3,1,4
apocalypse's,12,5,2,7,3,1,4
apocalypses,11,3,1,4,3,1,4
apocalyptic,11,2,1,3,2,2,4
apocryphal,10,3,3,6,1,3,4
apogee,6,2,1,3,2,1,3
apogee's,8,4,1,5,4,0,4
apogees,7,3,0,3,3,0,3
apolitical,10,2,2,4,3,2,5
apologetic,10,3,1,4,3,1,4
apologetically,14,2,1,3,2,1,3
apologia,8,2,2,4,2,2,4
apologia's,10,3,1,4,3,1,4
apologias,9,2,1,3,2,1,3
apologies,9,5,0,5,5,0,5
apologist,9,7,1,8,7,1,8
apologist's,11,8,0,8,8,1,9
apologists,10,7,0,7,7,1,8
apologize,9,4,1,5,4,1,5
apologized,10,5,1,6,3,2,5
apologizes,10,5,0,5,5,0,5
apologizing,11,3,1,4,3,2,5
apology,7,2,3,5,2,3,5
apology's,9,3,2,5,3,2,5
apoplectic,10,2,3,5,2,3,5
apoplexies,10,3,1,4,3,1,4
apoplexy,8,3,2,5,2,3,5
apoplexy's,10,5,1,6,4,2,6
apostasies,10,6,0,6,6,0,6
apostasy,8,3,0,3,3,0,3
apostasy's,10,5,1,6,5,1,6
apostate,8,4,1,5,5,1,6
apostate's,10,5,2,7,5,1,6
apostates,9,4,1,5,4,1,5
apostle,7,4,0,4,4,1,5
apostle's,9,5,0,5,4,1,5
apostles,8,4,1,5,4,1,5
apostolic,9,3,1,4,3,1,4
apostrophe,10,3,0,3,4,1,5
apostrophe's,12,3,0,3,3,0,3
apostrophes,11,3,0,3,4,0,4
apothecaries,12,3,0,3,3,0,3
apothecary,10,2,2,4,2,2,4
apothecary's,12,4,0,4,4,0,4
apotheoses,10,3,1,4,3,0,3
apotheosis,10,3,0,3,3,0,3
apotheosis's,12,4,0,4,3,0,3
appal,5,3,3,6,3,2,5
appall,6,2,3,5,2,3,5
appalled,8,4,2,6,3,4,7
appalling,9,4,4,8,4,4,8
appallingly,11,5,2,7,3,2,5
appalls,7,3,3,6,3,2,5
appals,6,3,3,6,3,3,6
apparatus,9,3,2,5,3,2,5
apparatus's,11,2,3,5,2,3,5
apparatuses,11,3,2,5,3,2,5
apparel,7,4,2,6,4,2,6
apparel's,9,6,0,6,6,0,6
appareled,9,4,1,5,3,1,4
appareling,10,5,1,6,4,1,5
apparelled,10,3,1,4,3,1,4
apparelling,11,4,1,5,4,1,5
apparels,8,4,1,5,4,0,4
apparent,8,5,2,7,5,1,6
apparently,10,6,2,8,7,1,8
apparition,10,3,2,5,3,2,5
apparition's,12,3,1,4,3,2,5
apparitions,11,3,1,4,3,1,4
appeal,6,3,2,5,4,2,6
appeal's,8,4,1,5,3,1,4
appealed,8,3,3,6,4,3,7
appealing,9,7,1,8,5,1,6
appeals,7,4,3,7,5,2,7
appear,6,2,3,5,3,3,6
appearance,10,2,1,3,2,1,3
appearance's,12,4,0,4,3,0,3
appearances,11,4,0,4,3,1,4
appeared,8,3,3,6,3,3,6
appearing,9,6,2,8,5,2,7
appears,7,4,3,7,4,3,7
appease,7,3,1,4,3,2,5
appeased,8,3,2,5,3,2,5
appeasement,11,2,0,2,2,0,2
appeasement's,13,2,0,2,2,0,2
appeasements,12,2,0,2,2,0,2
appeaser,8,4,0,4,4,0,4
appeaser's,10,3,0,3,3,0,3
appeasers,9,2,1,3,3,1,4
appeases,8,2,2,4,3,1,4
appeasing,9,4,0,4,4,0,4
appellant,9,3,2,5,3,2,5
appellant's,11,5,0,5,5,1,6
appellants,10,4,2,6,5,0,5
appellate,9,4,1,5,4,1,5
appellation,11,5,2,7,5,1,6
appellation's,13,7,1,8,6,0,6
appellations,12,6,0,6,4,0,4
append,6,3,3,6,4,2,6
appendage,9,2,3,5,3,2,5
appendage's,11,4,2,6,4,3,7
appendages,10,5,1,6,2,2,4
appendectomies,14,3,0,3,3,0,3
appendectomy,12,1,2,3,1,2,3
appendectomy's,14,3,1,4,2,1,3
appended,8,4,1,5,4,1,5
appendices,10,8,0,8,8,1,9
appendicitis,12,4,0,4,4,0,4
appendicitis's,14,2,0,2,2,0,2
appending,9,6,2,8,4,2,6
appendix,8,4,2,6,4,1,5
appendix's,10,6,0,6,4,1,5
appendixes,10,7,1,8,7,2,9
appends,7,4,2,6,5,2,7
appertain,9,3,1,4,3,1,4
appertained,11,3,1,4,4,1,5
appertaining,12,3,1,4,3,1,4
appertains,10,5,1,6,4,0,4
appetite,8,2,2,4,2,2,4
appetite's,10,4,1,5,5,0,5
appetites,9,3,1,4,4,0,4
appetizer,9,3,1,4,3,1,4
appetizer's,11,5,0,5,4,0,4
appetizers,10,4,1,5,5,0,5
appetizing,10,3,1,4,3,1,4
appetizingly,12,2,1,3,2,1,3
applaud,7,1,5,6,1,5,6
applauded,9,3,1,4,3,1,4
applauding,10,5,2,7,4,3,7
applauds,8,2,4,6,3,4,7
applause,8,5,1,6,5,1,6
applause's,10,4,2,6,4,2,6
apple,5,4,1,5,4,1,5
apple's,7,6,1,7,6,3,9
applejack,9,2,3,5,3,3,6
applejack's,11,4,1,5,4,2,6
apples,6,4,4,8,5,4,9
applesauce,10,3,1,4,3,0,3
applesauce's,12,4,0,4,3,0,3
appliance,9,5,2,7,5,1,6
appliance's,11,7,1,8,7,0,7
appliances,10,6,0,6,4,0,4
applicability,13,3,2,5,3,2,5
applicability's,15,3,0,3,3,0,3
applicable,10,3,1,4,5,1,6
applicant,9,3,2,5,3,2,5
applicant's,11,6,1,7,3,2,5
applicants,10,3,2,5,4,1,5
application,11,6,1,7,4,2,6
application's,13,8,0,8,5,1,6
applications,12,6,1,7,4,1,5
applicator,10,3,2,5,3,2,5
applicator's,12,4,1,5,3,1,4
applicators,11,6,1,7,3,1,4
applied,7,4,2,6,4,2,6
applies,7,4,1,5,4,1,5
appliqué,8,3,2,5,3,2,5
appliqué's,10,4,1,5,4,1,5
appliquéd,9,3,2,5,3,2,5
appliquéing,11,6,1,7,3,3,6
appliqués,9,3,2,5,3,2,5
apply,5,3,5,8,2,5,7
applying,8,5,2,7,5,2,7
appoint,7,3,3,6,3,3,6
appointed,9,6,2,8,5,2,7
appointee,9,2,1,3,2,1,3
appointee's,11,4,0,4,4,0,4
appointees,10,3,0,3,3,0,3
appointing,10,3,2,5,3,2,5
appointive,10,4,1,5,3,1,4
appointment,11,4,1,5,3,1,4
appointment's,13,4,0,4,4,0,4
appointments,12,3,1,4,3,1,4
appoints,8,5,3,8,4,2,6
apportion,9,5,3,8,4,3,7
apportioned,11,4,1,5,3,1,4
apportioning,12,2,1,3,2,1,3
apportionment,13,2,1,3,4,1,5
apportionment's,15,2,0,2,3,0,3
apportions,10,6,2,8,4,2,6
apposite,8,4,1,5,4,1,5
appositely,10,6,0,6,5,0,5
appositeness,12,5,0,5,4,0,4
appositeness's,14,5,0,5,4,0,4
apposition,10,6,1,7,4,1,5
apposition's,12,6,1,7,3,1,4
appositive,10,3,0,3,3,0,3
appositive's,12,3,0,3,3,1,4
appositives,11,3,0,3,3,0,3
appraisal,9,2,1,3,2,2,4
appraisal's,11,3,1,4,2,1,3
appraisals,10,3,2,5,3,2,5
appraise,8,4,2,6,4,2,6
appraised,9,5,1,6,5,0,5
appraiser,9,5,1,6,5,0,5
appraiser's,11,3,0,3,3,0,3
appraisers,10,3,1,4,5,1,6
appraises,9,3,1,4,3,1,4
appraising,10,5,1,6,3,1,4
appreciable,11,2,1,3,3,1,4
appreciably,11,5,1,6,2,2,4
appreciate,10,5,2,7,3,3,6
appreciated,11,6,2,8,2,2,4
appreciates,11,6,1,7,4,1,5
appreciating,12,7,2,9,4,2,6
appreciation,12,7,2,9,3,2,5
appreciation's,14,9,1,10,4,1,5
appreciations,13,8,1,9,5,1,6
appreciative,12,1,2,3,1,2,3
appreciatively,14,2,1,3,2,1,3
apprehend,9,2,2,4,2,2,4
apprehended,11,2,2,4,3,1,4
apprehending,12,4,2,6,4,1,5
apprehends,10,4,1,5,4,0,4
apprehension,12,4,0,4,3,0,3
apprehension's,14,5,0,5,3,0,3
apprehensions,13,3,0,3,3,0,3
apprehensive,12,3,0,3,3,0,3
apprehensively,14,2,0,2,2,0,2
apprehensiveness,16,1,0,1,1,0,1
apprehensiveness's,18,1,0,1,1,0,1
apprentice,10,3,2,5,4,1,5
apprentice's,12,5,1,6,6,0,6
apprenticed,11,3,1,4,2,1,3
apprentices,11,4,0,4,4,0,4
apprenticeship,14,3,0,3,3,0,3
apprenticeship's,16,3,0,3,2,0,2
apprenticeships,15,2,0,2,2,0,2
apprenticing,12,3,1,4,3,1,4
apprise,7,4,1,5,4,1,5
apprised,8,4,1,5,4,2,6
apprises,8,4,2,6,5,1,6
apprising,9,4,1,5,4,1,5
approach,8,2,4,6,2,3,5
approach's,10,3,2,5,3,2,5
approachable,12,3,2,5,2,2,4
approached,10,3,1,4,2,2,4
approaches,10,4,0,4,3,2,5
approaching,11,4,1,5,5,2,7
approbation,11,4,1,5,3,2,5
approbation's,13,7,0,7,4,1,5
approbations,12,3,1,4,3,1,4
appropriate,11,3,1,4,4,1,5
appropriated,12,4,1,5,3,1,4
appropriately,13,2,1,3,2,1,3
appropriateness,15,3,0,3,2,0,2
appropriateness's,17,2,0,2,2,0,2
appropriates,12,4,0,4,4,0,4
appropriating,13,4,1,5,3,1,4
appropriation,13,4,1,5,3,1,4
appropriation's,15,5,0,5,4,0,4
appropriations,14,6,0,6,4,0,4
approval,8,2,3,5,2,3,5
approval's,10,4,1,5,3,1,4
approvals,9,3,2,5,3,2,5
approve,7,4,2,6,4,2,6
approved,8,5,1,6,5,1,6
approves,8,5,1,6,5,1,6
approving,9,6,2,8,5,2,7
approvingly,11,6,2,8,4,3,7
approximate,11,4,1,5,4,1,5
approximated,12,3,1,4,3,1,4
approximately,13,2,1,3,4,1,5
approximates,12,5,0,5,5,0,5
approximating,13,5,1,6,5,1,6
approximation,13,4,1,5,5,1,6
approximation's,15,5,0,5,4,0,4
approximations,14,6,0,6,4,0,4
apps,4,2,9,11,3,8,11
appurtenance,12,3,2,5,2,2,4
appurtenance's,14,3,0,3,3,1,4
appurtenances,13,3,0,3,3,0,3
apricot,7,4,2,6,4,3,7
apricot's,9,6,1,7,5,1,6
apricots,8,5,2,7,5,2,7
apron,5,4,3,7,4,3,7
apron's,7,6,2,8,6,2,8
aprons,6,4,2,6,4,2,6
apropos,7,5,2,7,5,1,6
apse,4,2,1,3,3,4,7
apse's,6,4,1,5,4,1,5
apses,5,3,1,4,3,1,4
apt,3,2,9,11,2,9,11
apter,5,4,6,10,4,6,10
aptest,6,4,0,4,4,0,4
aptitude,8,6,2,8,6,2,8
aptitude's,10,8,1,9,8,1,9
aptitudes,9,7,1,8,7,1,8
aptly,5,3,5,8,2,5,7
aptness,7,4,0,4,4,0,4
aptness's,9,5,0,5,5,0,5
aqua,4,1,4,5,1,5,6
aqua's,6,3,5,8,3,5,8
aquaculture,11,2,2,4,2,1,3
aquaculture's,13,5,1,6,4,1,5
aquae,5,3,1,4,3,1,4
aquamarine,10,2,1,3,3,1,4
aquamarine's,12,5,0,5,4,0,4
aquamarines,11,4,0,4,4,0,4
aquanaut,8,1,4,5,2,3,5
aquanaut's,10,3,2,5,4,1,5
aquanauts,9,3,2,5,4,1,5
aquaplane,9,3,1,4,3,1,4
aquaplane's,11,5,0,5,4,0,4
aquaplaned,10,3,1,4,3,1,4
aquaplanes,10,4,0,4,4,1,5
aquaplaning,11,3,2,5,3,2,5
aquaria,7,3,2,5,2,3,5
aquarium,8,3,3,6,3,3,6
aquarium's,10,4,1,5,4,1,5
aquariums,9,5,2,7,4,1,5
aquas,5,3,2,5,3,3,6
aquatic,7,3,3,6,3,3,6
aquatic's,9,5,2,7,6,1,7
aquatics,8,5,2,7,4,2,6
aquavit,7,2,3,5,2,3,5
aquavit's,9,5,2,7,6,1,7
aqueduct,8,3,3,6,3,3,6
aqueduct's,10,4,2,6,4,1,5
aqueducts,9,3,3,6,4,1,5
aqueous,7,3,3,6,4,3,7
aquiculture,11,5,1,6,3,1,4
aquiculture's,13,7,0,7,5,0,5
aquifer,7,4,3,7,4,3,7
aquifer's,9,6,1,7,6,3,9
aquifers,8,4,4,8,4,5,9
aquiline,8,3,2,5,4,2,6
arabesque,9,6,1,7,3,1,4
arabesque's,11,7,1,8,3,1,4
arabesques,10,6,0,6,3,0,3
arable,6,2,2,4,2,2,4
arachnid,8,3,2,5,3,2,5
arachnid's,10,5,1,6,3,2,5
arachnids,9,3,1,4,3,1,4
arbiter,7,4,1,5,4,1,5
arbiter's,9,6,0,6,6,0,6
arbiters,8,5,1,6,5,0,5
arbitrarily,11,2,2,4,3,2,5
arbitrariness,13,4,0,4,3,0,3
arbitrariness's,15,4,0,4,3,0,3
arbitrary,9,2,3,5,3,2,5
arbitrate,9,3,1,4,3,1,4
arbitrated,10,4,1,5,3,1,4
arbitrates,10,5,0,5,5,0,5
arbitrating,11,6,1,7,6,2,8
arbitration,11,6,1,7,6,2,8
arbitration's,13,5,0,5,4,1,5
arbitrator,10,2,3,5,2,2,4
arbitrator's,12,4,1,5,3,1,4
arbitrators,11,3,2,5,3,1,4
arbor,5,4,2,6,4,2,6
arbor's,7,6,1,7,6,1,7
arboreal,8,3,2,5,2,1,3
arboreta,8,3,1,4,3,1,4
arboretum,9,2,1,3,2,1,3
arboretum's,11,4,0,4,3,0,3
arboretums,10,3,1,4,3,1,4
arbors,6,5,2,7,5,2,7
arborvitae,10,2,1,3,3,1,4
arborvitae's,12,5,0,5,4,0,4
arborvitaes,11,4,0,4,4,0,4
arbutus,7,3,3,6,3,3,6
arbutus's,9,4,2,6,3,2,5
arbutuses,9,3,1,4,3,1,4
arc,3,3,3,6,3,5,8
arc's,5,5,2,7,5,2,7
arcade,6,5,1,6,5,1,6
arcade's,8,4,2,6,6,1,7
arcades,7,4,2,6,4,1,5
arcane,6,4,2,6,4,2,6
arced,5,4,2,6,4,2,6
arch,4,2,7,9,2,8,10
arch's,6,3,7,10,3,7,10
archaeological,14,2,1,3,2,1,3
archaeologist,13,4,0,4,4,0,4
archaeologist's,15,5,0,5,4,0,4
archaeologists,14,3,0,3,4,0,4
archaeology,11,3,2,5,2,2,4
archaeology's,13,3,1,4,3,0,3
archaic,7,3,2,5,3,2,5
archaically,11,2,1,3,2,2,4
archaism,8,3,1,4,3,1,4
archaism's,10,5,1,6,4,1,5
archaisms,9,3,1,4,3,2,5
archangel,9,2,3,5,2,3,5
archangel's,11,4,1,5,3,1,4
archangels,10,3,1,4,5,0,5
archbishop,10,3,1,4,3,1,4
archbishop's,12,4,0,4,4,1,5
archbishopric,13,2,1,3,2,0,2
archbishopric's,15,2,0,2,2,0,2
archbishoprics,14,2,1,3,2,1,3
archbishops,11,3,1,4,2,1,3
archdeacon,10,4,1,5,4,1,5
archdeacon's,12,6,0,6,3,0,3
archdeacons,11,5,1,6,3,0,3
archdiocese,11,2,1,3,2,0,2
archdiocese's,13,3,0,3,2,0,2
archdioceses,12,3,0,3,3,0,3
archduke,8,3,2,5,2,3,5
archduke's,10,4,1,5,4,1,5
archdukes,9,4,1,5,3,2,5
arched,6,6,1,7,6,1,7
archenemies,11,3,0,3,3,0,3
archenemy,9,2,1,3,2,1,3
archenemy's,11,3,0,3,3,0,3
archeological,13,3,1,4,3,1,4
archeologist,12,7,0,7,6,0,6
archeologist's,14,8,0,8,6,0,6
archeologists,13,7,0,7,7,0,7
archeology,10,4,2,6,3,2,5
archeology's,12,5,1,6,4,1,5
archer,6,4,0,4,4,0,4
archer's,8,5,0,5,5,0,5
archers,7,4,0,4,4,0,4
archery,7,4,1,5,4,1,5
archery's,9,4,2,6,6,0,6
arches,6,5,0,5,5,0,5
archest,7,4,2,6,5,1,6
archetypal,10,3,2,5,3,2,5
archetype,9,2,1,3,2,1,3
archetype's,11,5,0,5,5,0,5
archetypes,10,4,0,4,4,0,4
arching,7,7,3,10,7,3,10
archipelago,11,3,1,4,2,2,4
archipelago's,13,3,1,4,3,1,4
archipelagoes,13,3,1,4,3,0,3
archipelagos,12,3,1,4,3,0,3
architect,9,3,2,5,3,2,5
architect's,11,5,1,6,4,1,5
architects,10,4,0,4,4,0,4
architectural,13,2,1,3,2,1,3
architecturally,15,2,1,3,2,1,3
architecture,12,2,1,3,2,1,3
architecture's,14,3,0,3,3,0,3
architectures,13,3,0,3,3,0,3
archive,7,4,2,6,4,2,6
archive's,9,5,1,6,5,1,6
archived,8,5,2,7,4,1,5
archives,8,6,0,6,5,0,5
archiving,9,4,3,7,4,3,7
archivist,9,6,1,7,4,1,5
archivist's,11,7,0,7,5,1,6
archivists,10,6,0,6,4,1,5
archly,6,1,5,6,1,5,6
archness,8,4,1,5,4,2,6
archness's,10,5,1,6,5,2,7
archway,7,2,3,5,2,2,4
archway's,9,4,1,5,4,1,5
archways,8,3,2,5,3,2,5
arcing,6,5,2,7,5,2,7
arcked,6,5,2,7,5,2,7
arcking,7,6,4,10,6,4,10
arcs,4,4,7,11,4,9,13
arctic,6,3,2,5,3,2,5
arctic's,8,6,2,8,4,2,6
arctics,7,3,3,6,4,2,6
ardent,6,5,1,6,4,2,6
ardently,8,7,1,8,4,1,5
ardor,5,4,3,7,4,3,7
ardor's,7,6,2,8,6,2,8
ardors,6,5,3,8,5,3,8
arduous,7,4,3,7,4,1,5
arduously,9,6,0,6,4,1,5
arduousness,11,6,0,6,4,0,4
arduousness's,13,7,0,7,4,0,4
are,3,3,5,8,3,5,8
are's,5,5,6,11,5,6,11
area,4,3,0,3,3,5,8
area's,6,5,3,8,5,3,8
areas,5,4,5,9,4,4,8
aren't,6,3,1,4,4,2,6
arena,5,2,3,5,2,3,5
arena's,7,4,2,6,4,2,6
arenas,6,3,2,5,3,2,5
ares,4,4,0,4,4,2,6
argon,5,5,2,7,5,2,7
argon's,7,7,1,8,7,1,8
argosies,8,4,2,6,4,1,5
argosy,6,3,3,6,3,4,7
argosy's,8,4,4,8,2,4,6
argot,5,4,3,7,4,3,7
argot's,7,6,2,8,6,2,8
argots,6,4,2,6,4,2,6
arguable,8,5,2,7,5,1,6
arguably,8,2,3,5,3,3,6
argue,5,3,4,7,3,5,8
argued,6,4,2,6,4,2,6
argues,6,5,1,6,5,1,6
arguing,7,4,2,6,4,2,6
argument,8,5,2,7,4,3,7
argument's,10,6,1,7,5,1,6
argumentation,13,5,1,6,4,1,5
argumentation's,15,7,0,7,5,0,5
argumentative,13,2,1,3,2,2,4
arguments,9,7,1,8,5,0,5
argyle,6,2,3,5,3,3,6
argyle's,8,5,2,7,5,0,5
argyles,7,4,2,6,4,2,6
aria,4,2,1,3,2,3,5
aria's,6,4,2,6,4,2,6
arias,5,2,4,6,2,4,6
arid,4,4,5,9,4,5,9
aridity,7,6,4,10,6,3,9
aridity's,9,8,2,10,8,2,10
aright,6,2,4,6,2,4,6
arise,5,4,3,7,4,3,7
arisen,6,4,0,4,4,0,4
arises,6,4,0,4,4,0,4
arising,7,5,1,6,5,1,6
aristocracies,13,7,0,7,6,0,6
aristocracy,11,3,0,3,3,1,4
aristocracy's,13,7,0,7,6,0,6
aristocrat,10,3,1,4,3,1,4
aristocrat's,12,2,1,3,3,1,4
aristocratic,12,2,0,2,2,0,2
aristocratically,16,2,0,2,2,0,2
aristocrats,11,3,2,5,3,1,4
arithmetic,10,3,1,4,3,1,4
arithmetic's,12,4,0,4,3,0,3
arithmetical,12,3,1,4,2,1,3
arithmetically,14,1,1,2,1,1,2
ark,3,3,4,7,3,6,9
ark's,5,5,3,8,5,3,8
arks,4,3,8,11,3,10,13
arm,3,2,5,7,2,7,9
arm's,5,4,4,8,4,4,8
armada,6,2,2,4,2,2,4
armada's,8,4,1,5,4,1,5
armadas,7,2,3,5,2,2,4
armadillo,9,2,3,5,2,2,4
armadillo's,11,3,1,4,3,1,4
armadillos,10,4,1,5,3,2,5
armament,8,5,2,7,5,2,7
armament's,10,4,0,4,4,0,4
armaments,9,5,1,6,5,0,5
armature,8,2,2,4,2,2,4
armature's,10,5,1,6,5,0,5
armatures,9,4,1,5,4,1,5
armband,7,2,3,5,2,3,5
armband's,9,4,3,7,3,3,6
armbands,8,3,3,6,2,5,7
armchair,8,2,2,4,2,2,4
armchair's,10,3,2,5,3,2,5
armchairs,9,2,3,5,2,3,5
armed,5,4,3,7,4,3,7
armful,6,6,4,10,6,4,10
armful's,8,5,3,8,4,3,7
armfuls,7,3,4,7,3,3,6
armhole,7,4,2,6,5,2,7
armhole's,9,6,1,7,6,1,7
armholes,8,5,1,6,4,2,6
armies,6,4,2,6,4,2,6
arming,6,4,4,8,4,4,8
armistice,9,5,0,5,4,0,4
armistice's,11,6,1,7,5,1,6
armistices,10,4,0,4,3,1,4
armlet,6,4,2,6,4,2,6
armlet's,8,6,0,6,6,0,6
armlets,7,5,1,6,5,1,6
armor,5,3,4,7,3,4,7
armor's,7,5,3,8,5,3,8
armored,7,2,1,3,2,1,3
armorer,7,2,1,3,2,1,3
armorer's,9,4,0,4,3,0,3
armorers,8,3,1,4,3,0,3
armories,8,5,0,5,5,0,5
armoring,8,4,3,7,4,3,7
armors,6,4,4,8,4,4,8
armory,6,3,3,6,3,3,6
armory's,8,5,2,7,5,2,7
armpit,6,4,2,6,2,4,6
armpit's,8,6,2,8,3,4,7
armpits,7,4,4,8,3,3,6
armrest,7,5,1,6,5,1,6
armrest's,9,5,1,6,5,0,5
armrests,8,4,2,6,4,1,5
arms,4,3,5,8,3,5,8
armsful,7,2,2,4,2,2,4
army,4,4,4,8,4,5,9
army's,6,4,3,7,4,3,7
aroma,5,2,3,5,2,3,5
aroma's,7,4,2,6,4,2,6
aromas,6,3,3,6,3,3,6
aromatherapy,12,4,2,6,2,2,4
aromatherapy's,14,6,0,6,3,1,4
aromatic,8,2,2,4,2,2,4
aromatic's,10,5,1,6,5,1,6
aromatics,9,5,2,7,3,2,5
arose,5,5,1,6,5,1,6
around,6,5,4,9,5,4,9
arousal,7,4,1,5,4,1,5
arousal's,9,2,2,4,5,0,5
arouse,6,4,1,5,4,2,6
aroused,7,7,0,7,7,0,7
arouses,7,6,1,7,6,1,7
arousing,8,6,2,8,6,2,8
arpeggio,8,3,2,5,3,2,5
arpeggio's,10,5,1,6,5,1,6
arpeggios,9,4,2,6,4,2,6
arraign,7,3,2,5,2,2,4
arraigned,9,3,1,4,3,4,7
arraigning,10,3,2,5,3,2,5
arraignment,11,5,1,6,3,1,4
arraignment's,13,6,0,6,4,0,4
arraignments,12,3,0,3,3,0,3
arraigns,8,3,2,5,3,3,6
arrange,7,3,2,5,3,1,4
arranged,8,3,3,6,2,1,3
arrangement,11,5,3,8,6,1,7
arrangement's,13,7,1,8,8,0,8
arrangements,12,6,1,7,7,0,7
arranger,8,2,2,4,2,1,3
arranger's,10,3,0,3,3,0,3
arrangers,9,3,1,4,3,1,4
arranges,8,4,3,7,5,2,7
arranging,9,4,2,6,4,2,6
arrant,6,2,2,4,2,2,4
array,5,2,4,6,2,4,6
array's,7,4,2,6,4,2,6
arrayed,7,3,1,4,3,1,4
arraying,8,4,3,7,4,3,7
arrays,6,3,3,6,3,3,6
arrears,7,4,3,7,3,3,6
arrears's,9,4,1,5,3,1,4
arrest,6,4,1,5,4,1,5
arrest's,8,5,1,6,5,0,5
arrested,8,5,1,6,5,0,5
arresting,9,7,0,7,5,0,5
arrests,7,4,2,6,4,2,6
arrival,7,3,2,5,2,2,4
arrival's,9,4,1,5,4,1,5
arrivals,8,3,2,5,3,1,4
arrive,6,4,0,4,3,1,4
arrived,7,3,1,4,3,1,4
arrives,7,5,0,5,5,0,5
arriving,8,5,2,7,5,2,7
arrogance,9,5,2,7,5,2,7
arrogance's,11,7,1,8,7,1,8
arrogant,8,2,4,6,3,4,7
arrogantly,10,2,3,5,3,3,6
arrogate,8,4,2,6,4,2,6
arrogated,9,6,1,7,6,2,8
arrogates,9,6,1,7,6,1,7
arrogating,10,6,2,8,5,2,7
arrow,5,3,3,6,3,3,6
arrow's,7,5,2,7,5,2,7
arrowhead,9,2,2,4,2,2,4
arrowhead's,11,4,1,5,3,1,4
arrowheads,10,3,0,3,3,0,3
arrowroot,9,2,3,5,2,3,5
arrowroot's,11,3,1,4,3,1,4
arrows,6,4,2,6,4,2,6
arroyo,6,2,3,5,2,3,5
arroyo's,8,3,2,5,3,2,5
arroyos,7,4,2,6,4,1,5
arsenal,7,3,2,5,3,0,3
arsenal's,9,3,1,4,3,0,3
arsenals,8,2,2,4,2,2,4
arsenic,7,3,0,3,4,0,4
arsenic's,9,3,1,4,4,0,4
arson,5,3,2,5,3,2,5
arson's,7,4,2,6,4,3,7
arsonist,8,2,1,3,3,0,3
arsonist's,10,2,0,2,2,0,2
arsonists,9,2,1,3,2,1,3
art,3,3,2,5,3,4,7
art's,5,5,1,6,5,1,6
artefact,8,3,2,5,3,2,5
artefact's,10,4,0,4,3,0,3
artefacts,9,4,0,4,4,0,4
arterial,8,2,2,4,2,2,4
arteries,8,4,0,4,4,0,4
arteriosclerosis,16,1,0,1,1,0,1
arteriosclerosis's,18,1,0,1,1,0,1
artery,6,3,1,4,3,1,4
artery's,8,5,0,5,4,0,4
artful,6,5,5,10,5,5,10
artfully,8,3,4,7,2,4,6
artfulness,10,7,1,8,7,1,8
artfulness's,12,8,1,9,8,1,9
arthritic,9,3,2,5,2,2,4
arthritic's,11,3,2,5,3,2,5
arthritics,10,3,1,4,3,1,4
arthritis,9,3,1,4,3,1,4
arthritis's,11,3,0,3,3,0,3
arthropod,9,2,3,5,2,3,5
arthropod's,11,6,1,7,4,1,5
arthropods,10,3,2,5,3,2,5
artichoke,9,4,1,5,4,1,5
artichoke's,11,6,0,6,5,0,5
artichokes,10,5,0,5,5,0,5
article,7,4,2,6,5,0,5
article's,9,5,1,6,5,1,6
articles,8,7,0,7,6,0,6
articulate,10,5,1,6,3,1,4
articulated,11,3,1,4,4,1,5
articulately,12,2,1,3,2,1,3
articulateness,14,6,0,6,3,0,3
articulateness's,16,6,0,6,3,0,3
articulates,11,4,0,4,4,0,4
articulating,12,3,1,4,8,1,9
articulation,12,3,1,4,8,1,9
articulation's,14,5,0,5,4,0,4
articulations,13,4,0,4,3,1,4
artier,6,3,1,4,3,1,4
artiest,7,4,0,4,4,0,4
artifact,8,2,2,4,2,2,4
artifact's,10,3,1,4,3,1,4
artifacts,9,3,2,5,3,2,5
artifice,8,4,1,5,4,1,5
artifice's,10,5,0,5,6,0,6
artificer,9,3,2,5,3,2,5
artificer's,11,5,0,5,4,0,4
artificers,10,4,1,5,6,0,6
artifices,9,4,1,5,4,1,5
artificial,10,2,3,5,2,3,5
artificiality,13,1,1,2,1,1,2
artificiality's,15,4,0,4,2,0,2
artificially,12,2,1,3,2,1,3
artillery,9,3,2,5,2,2,4
artillery's,11,5,1,6,4,1,5
artisan,7,3,2,5,3,2,5
artisan's,9,3,0,3,4,1,5
artisans,8,2,2,4,3,2,5
artist,6,4,1,5,4,1,5
artist's,8,4,1,5,4,1,5
artiste,7,3,0,3,5,0,5
artiste's,9,5,1,6,4,1,5
artistes,8,3,2,5,3,1,4
artistic,8,6,1,7,6,1,7
artistically,12,5,0,5,3,0,3
artistry,8,5,1,6,4,1,5
artistry's,10,3,2,5,4,1,5
artists,7,2,2,4,2,2,4
artless,7,3,2,5,3,2,5
artlessly,9,3,0,3,3,0,3
artlessness,11,5,1,6,5,1,6
artlessness's,13,6,1,7,6,1,7
arts,4,3,5,8,3,5,8
artsier,7,4,1,5,4,1,5
artsiest,8,5,0,5,5,0,5
artsy,5,3,2,5,3,2,5
artwork,7,2,4,6,2,4,6
artwork's,9,4,3,7,3,3,6
artworks,8,4,1,5,4,1,5
arty,4,3,5,8,3,6,9
as,2,2,1,3,2,1,3
asbestos,8,1,0,1,1,0,1
asbestos's,10,1,0,1,1,0,1
ascend,6,6,0,6,6,0,6
ascendancy,10,2,1,3,2,1,3
ascendancy's,12,3,0,3,3,0,3
ascendant,9,3,0,3,3,0,3
ascendant's,11,3,0,3,3,0,3
ascendants,10,3,0,3,3,0,3
ascended,8,3,1,4,3,1,4
ascendency,10,2,1,3,2,1,3
ascendency's,12,3,0,3,3,0,3
ascendent,9,3,0,3,4,0,4
ascendent's,11,3,0,3,3,0,3
ascendents,10,3,0,3,3,1,4
ascending,9,4,1,5,4,0,4
ascends,7,6,1,7,6,1,7
ascension,9,2,0,2,2,0,2
ascension's,11,2,0,2,2,0,2
ascensions,10,3,0,3,3,0,3
ascent,6,5,1,6,5,1,6
ascent's,8,4,1,5,4,0,4
ascents,7,5,2,7,5,2,7
ascertain,9,3,0,3,3,0,3
ascertainable,13,2,0,2,2,0,2
ascertained,11,2,0,2,2,0,2
ascertaining,12,2,0,2,2,0,2
ascertains,10,3,0,3,3,0,3
ascetic,7,4,0,4,3,0,3
ascetic's,9,3,0,3,3,0,3
asceticism,10,1,0,1,1,0,1
asceticism's,12,2,0,2,2,0,2
ascetics,8,3,1,4,4,0,4
ascot,5,3,1,4,3,1,4
ascot's,7,4,1,5,4,1,5
ascots,6,3,1,4,3,1,4
ascribable,10,3,0,3,3,0,3
ascribe,7,3,1,4,6,1,7
ascribed,8,3,0,3,3,0,3
ascribes,8,3,1,4,3,0,3
ascribing,9,4,1,5,3,0,3
ascription,10,4,0,4,4,0,4
ascription's,12,3,0,3,3,0,3
aseptic,7,4,0,4,3,0,3
asexual,7,4,0,4,3,0,3
asexually,9,3,0,3,2,1,3
ash,3,3,1,4,3,1,4
ash's,5,4,0,4,4,0,4
ashamed,7,3,1,4,3,0,3
ashamedly,9,2,0,2,2,0,2
ashcan,6,2,2,4,2,2,4
ashcan's,8,5,0,5,5,0,5
ashcans,7,4,0,4,4,1,5
ashed,5,5,1,6,5,1,6
ashen,5,4,1,5,4,1,5
ashes,5,3,1,4,3,1,4
ashier,6,5,1,6,5,1,6
ashiest,7,2,0,2,2,0,2
ashing,6,6,1,7,6,1,7
ashore,6,3,4,7,2,4,6
ashram,6,3,2,5,3,2,5
ashram's,8,4,1,5,4,1,5
ashrams,7,3,1,4,3,2,5
ashtray,7,2,1,3,3,1,4
ashtray's,9,3,0,3,3,0,3
ashtrays,8,2,1,3,3,0,3
ashy,4,3,1,4,2,1,3
aside,5,3,0,3,3,0,3
aside's,7,4,0,4,3,1,4
asides,6,3,1,4,3,1,4
asinine,7,3,0,3,3,0,3
asininities,11,5,0,5,4,0,4
asininity,9,3,0,3,3,0,3
asininity's,11,5,0,5,4,0,4
ask,3,3,2,5,3,2,5
askance,7,3,1,4,4,1,5
asked,5,4,2,6,4,2,6
askew,5,4,2,6,4,2,6
asking,6,5,2,7,5,2,7
asks,4,3,1,4,3,2,5
aslant,6,2,2,4,2,2,4
asleep,6,2,2,4,2,2,4
asocial,7,3,1,4,2,2,4
asp,3,2,3,5,2,3,5
asp's,5,3,1,4,3,1,4
asparagus,9,2,0,2,2,0,2
asparagus's,11,2,0,2,2,0,2
aspartame,9,2,0,2,2,0,2
aspartame's,11,2,0,2,2,0,2
aspect,6,4,0,4,4,0,4
aspect's,8,5,1,6,4,0,4
aspects,7,4,1,5,4,1,5
aspen,5,5,0,5,5,0,5
aspen's,7,5,0,5,5,0,5
aspens,6,4,1,5,4,1,5
asperities,10,5,0,5,3,0,3
asperity,8,4,0,4,5,0,5
asperity's,10,5,0,5,5,0,5
aspersion,9,2,0,2,2,0,2
aspersion's,11,2,0,2,2,0,2
aspersions,10,3,0,3,3,0,3
asphalt,7,2,0,2,2,1,3
asphalt's,9,2,0,2,2,0,2
asphalted,9,2,0,2,2,0,2
asphalting,10,2,0,2,2,0,2
asphalts,8,2,1,3,3,0,3
asphyxia,8,2,0,2,2,1,3
asphyxia's,10,2,0,2,2,0,2
asphyxiate,10,2,0,2,2,0,2
asphyxiated,11,2,0,2,2,0,2
asphyxiates,11,3,0,3,3,0,3
asphyxiating,12,4,0,4,9,0,9
asphyxiation,12,4,0,4,9,0,9
asphyxiation's,14,2,0,2,2,0,2
asphyxiations,13,2,0,2,2,1,3
aspic,5,2,2,4,2,2,4
aspic's,7,3,2,5,3,2,5
aspics,6,3,1,4,3,1,4
aspirant,8,4,0,4,2,1,3
aspirant's,10,3,0,3,3,0,3
aspirants,9,3,0,3,3,0,3
aspirate,8,4,0,4,2,0,2
aspirate's,10,3,0,3,3,0,3
aspirated,9,3,0,3,3,0,3
aspirates,9,3,0,3,3,0,3
aspirating,10,3,0,3,7,0,7
aspiration,10,3,0,3,7,0,7
aspiration's,12,2,0,2,2,0,2
aspirations,11,3,0,3,3,0,3
aspire,6,5,1,6,4,3,7
aspired,7,3,0,3,4,0,4
aspires,7,3,1,4,3,0,3
aspirin,7,3,0,3,3,1,4
aspirin's,9,3,0,3,3,0,3
aspiring,8,3,1,4,3,1,4
aspirins,8,3,1,4,3,1,4
asps,4,2,2,4,2,3,5
ass,3,2,1,3,2,1,3
ass's,5,3,0,3,3,0,3
assail,6,2,1,3,2,1,3
assailable,10,2,0,2,2,0,2
assailant,9,2,0,2,2,0,2
assailant's,11,2,0,2,2,0,2
assailants,10,2,0,2,2,0,2
assailed,8,3,0,3,3,0,3
assailing,9,3,1,4,4,0,4
assails,7,2,1,3,2,2,4
assassin,8,2,0,2,2,0,2
assassin's,10,3,0,3,2,0,2
assassinate,11,1,0,1,1,0,1
assassinated,12,1,0,1,1,0,1
assassinates,12,2,0,2,2,0,2
assassinating,13,2,0,2,4,0,4
assassination,13,2,0,2,4,0,4
assassination's,15,1,0,1,1,0,1
assassinations,14,1,0,1,1,0,1
assassins,9,2,0,2,2,0,2
assault,7,3,0,3,2,1,3
assault's,9,2,0,2,2,0,2
assaulted,9,7,0,7,7,1,8
assaulter,9,6,1,7,6,2,8
assaulting,10,2,0,2,2,0,2
assaults,8,2,1,3,2,1,3
assay,5,2,2,4,2,2,4
assay's,7,3,2,5,3,3,6
assayed,7,2,1,3,3,0,3
assaying,8,3,0,3,3,0,3
assays,6,1,1,2,1,1,2
assemblage,10,3,0,3,3,0,3
assemblage's,12,2,0,2,2,0,2
assemblages,11,3,0,3,3,0,3
assemble,8,3,0,3,3,0,3
assembled,9,7,0,7,7,0,7
assembler,9,6,1,7,6,1,7
assembler's,11,4,0,4,3,0,3
assemblers,10,3,0,3,3,0,3
assembles,9,3,0,3,3,0,3
assemblies,10,3,0,3,3,0,3
assembling,10,4,0,4,4,0,4
assembly,8,3,0,3,3,0,3
assembly's,10,4,0,4,4,0,4
assemblyman,11,2,0,2,2,0,2
assemblyman's,13,3,0,3,2,0,2
assemblymen,11,3,0,3,3,0,3
assemblywoman,13,7,0,7,3,0,3
assemblywoman's,15,1,0,1,1,0,1
assemblywomen,13,7,0,7,3,0,3
assent,6,5,0,5,5,0,5
assent's,8,2,0,2,2,0,2
assented,8,6,0,6,6,0,6
assenting,9,5,0,5,4,0,4
assents,7,5,0,5,5,0,5
assert,6,4,1,5,4,1,5
asserted,8,5,1,6,5,1,6
asserting,9,5,0,5,4,0,4
assertion,9,5,0,5,4,0,4
assertion's,11,2,1,3,3,0,3
assertions,10,3,1,4,3,1,4
assertive,9,3,0,3,3,0,3
assertively,11,3,0,3,3,0,3
assertiveness,13,1,0,1,1,0,1
assertiveness's,15,1,0,1,1,0,1
asserts,7,4,1,5,4,1,5
asses,5,2,1,3,2,1,3
assess,6,2,0,2,2,0,2
assessed,8,3,0,3,3,0,3
assesses,8,1,0,1,1,0,1
assessing,9,1,0,1,1,0,1
assessment,10,1,0,1,1,0,1
assessment's,12,2,0,2,2,0,2
assessments,11,1,0,1,1,0,1
assessor,8,3,0,3,3,0,3
assessor's,10,3,0,3,2,0,2
assessors,9,2,0,2,2,0,2
asset,5,2,0,2,2,0,2
asset's,7,4,0,4,4,0,4
assets,6,2,0,2,2,0,2
asseverate,10,3,0,3,3,0,3
asseverated,11,4,0,4,3,0,3
asseverates,11,3,0,3,3,0,3
asseverating,12,6,0,6,2,0,2
asshole,7,3,0,3,6,1,7
asshole's,9,3,0,3,3,0,3
assholes,8,3,0,3,3,0,3
assiduous,9,2,1,3,2,1,3
assiduously,11,1,0,1,1,0,1
assiduousness,13,1,0,1,1,0,1
assiduousness's,15,1,0,1,1,0,1
assign,6,3,1,4,3,1,4
assign's,8,2,1,3,2,1,3
assignable,10,3,0,3,3,0,3
assignation,11,3,0,3,3,0,3
assignation's,13,2,0,2,3,0,3
assignations,12,3,0,3,3,0,3
assigned,8,5,0,5,5,0,5
assigning,9,3,1,4,3,1,4
assignment,10,4,0,4,3,0,3
assignment's,12,4,0,4,3,0,3
assignments,11,4,0,4,4,0,4
assigns,7,3,1,4,3,1,4
assimilate,10,3,0,3,3,0,3
assimilated,11,4,0,4,3,0,3
assimilates,11,3,0,3,3,0,3
assimilating,12,6,0,6,7,0,7
assimilation,12,3,0,3,7,0,7
assimilation's,14,3,0,3,3,0,3
assist,6,3,1,4,2,1,3
assist's,8,4,0,4,2,0,2
assistance,10,1,0,1,1,0,1
assistance's,12,1,0,1,1,0,1
assistant,9,2,0,2,2,0,2
assistant's,11,1,0,1,1,0,1
assistants,10,1,0,1,1,0,1
assisted,8,1,0,1,1,0,1
assisting,9,2,0,2,2,0,2
assists,7,1,0,1,1,1,2
assize,6,3,3,6,3,5,8
assize's,8,4,0,4,4,0,4
assizes,7,3,1,4,3,1,4
associate,9,2,0,2,2,0,2
associate's,11,2,0,2,2,0,2
associated,10,3,0,3,3,0,3
associates,10,3,1,4,3,1,4
associating,11,7,0,7,7,0,7
association,11,3,0,3,4,0,4
association's,13,3,0,3,3,0,3
associations,12,3,0,3,3,0,3
associative,11,6,1,7,6,1,7
assonance,9,5,0,5,3,0,3
assonance's,11,6,0,6,3,0,3
assort,6,2,2,4,2,2,4
assorted,8,4,1,5,4,1,5
assorting,9,3,1,4,3,1,4
assortment,10,4,0,4,4,0,4
assortment's,12,4,0,4,3,0,3
assortments,11,4,0,4,4,0,4
assorts,7,2,2,4,2,2,4
assuage,7,2,0,2,2,2,4
assuaged,8,2,0,2,2,0,2
assuages,8,3,0,3,3,0,3
assuaging,9,2,0,2,2,0,2
assume,6,4,2,6,5,1,6
assumed,7,6,0,6,6,0,6
assumes,7,5,0,5,5,0,5
assuming,8,7,1,8,7,1,8
assumption,10,4,0,4,3,0,3
assumption's,12,3,0,3,3,0,3
assumptions,11,3,1,4,2,1,3
assurance,9,5,0,5,3,0,3
assurance's,11,6,0,6,3,0,3
assurances,10,2,0,2,2,0,2
assure,6,4,3,7,4,2,6
assured,7,5,1,6,5,1,6
assured's,9,3,0,3,3,0,3
assuredly,9,3,0,3,3,0,3
assureds,8,3,1,4,3,1,4
assures,7,4,1,5,4,1,5
assuring,8,6,2,8,6,2,8
aster,5,3,3,6,3,3,6
aster's,7,4,1,5,4,1,5
asterisk,8,5,0,5,5,0,5
asterisk's,10,3,0,3,5,0,5
asterisked,10,5,0,5,2,0,2
asterisking,11,2,0,2,3,0,3
asterisks,9,3,0,3,3,0,3
astern,6,3,2,5,3,2,5
asteroid,8,4,0,4,4,0,4
asteroid's,10,3,0,3,5,0,5
asteroids,9,3,0,3,3,0,3
asters,6,3,2,5,3,2,5
asthma,6,2,1,3,2,1,3
asthma's,8,3,0,3,3,0,3
asthmatic,9,2,1,3,3,0,3
asthmatic's,11,3,0,3,3,0,3
asthmatics,10,3,0,3,3,0,3
astigmatic,10,3,0,3,3,0,3
astigmatism,11,1,0,1,1,0,1
astigmatism's,13,1,0,1,1,0,1
astigmatisms,12,2,0,2,2,0,2
astir,5,3,2,5,3,2,5
astonish,8,4,1,5,4,1,5
astonished,10,5,0,5,2,0,2
astonishes,10,3,0,3,5,0,5
astonishing,11,2,0,2,3,0,3
astonishingly,13,2,0,2,2,0,2
astonishment,12,1,0,1,1,0,1
astonishment's,14,1,0,1,1,0,1
astound,7,3,1,4,2,2,4
astounded,9,4,0,4,4,0,4
astounding,10,4,0,4,4,0,4
astoundingly,12,2,0,2,2,0,2
astounds,8,2,2,4,4,2,6
astrakhan,9,2,0,2,2,0,2
astrakhan's,11,2,0,2,2,0,2
astral,6,5,1,6,5,1,6
astray,6,4,2,6,4,2,6
astride,7,4,0,4,5,2,7
astringency,11,2,0,2,2,0,2
astringency's,13,2,0,2,2,0,2
astringent,10,3,0,3,3,0,3
astringent's,12,3,0,3,3,0,3
astringents,11,3,0,3,3,0,3
astrologer,10,7,0,7,7,0,7
astrologer's,12,2,1,3,2,1,3
astrologers,11,7,0,7,7,0,7
astrological,12,4,0,4,4,0,4
astrology,9,7,0,7,3,1,4
astrology's,11,8,0,8,8,0,8
astronaut,9,3,0,3,3,0,3
astronaut's,11,3,0,3,3,0,3
astronautics,12,4,0,4,4,0,4
astronautics's,14,2,0,2,2,0,2
astronauts,10,3,0,3,3,0,3
astronomer,10,6,1,7,6,1,7
astronomer's,12,3,0,3,3,0,3
astronomers,11,6,1,7,6,1,7
astronomic,10,5,0,5,5,0,5
astronomical,12,5,0,5,4,0,4
astronomically,14,3,0,3,4,0,4
astronomy,9,6,1,7,4,0,4
astronomy's,11,7,1,8,7,1,8
astrophysicist,14,1,0,1,1,0,1
astrophysicist's,16,1,0,1,1,0,1
astrophysicists,15,1,0,1,1,0,1
astrophysics,12,2,0,2,2,0,2
astrophysics's,14,1,0,1,1,0,1
astute,6,4,2,6,4,1,5
astutely,8,2,2,4,2,0,2
astuteness,10,3,0,3,2,0,2
astuteness's,12,3,0,3,2,0,2
astuter,7,3,1,4,5,0,5
astutest,8,3,0,3,1,1,2
asunder,7,3,1,4,4,1,5
asylum,6,2,2,4,2,2,4
asylum's,8,4,1,5,3,3,6
asylums,7,2,2,4,2,2,4
asymmetric,10,4,0,4,4,0,4
asymmetrical,12,5,0,5,2,1,3
asymmetrically,14,3,0,3,5,0,5
asymmetry,9,3,0,3,3,1,4
asymmetry's,11,3,0,3,3,0,3
asymptotic,10,3,0,3,3,0,3
asymptotically,14,3,0,3,5,0,5
asynchronous,12,3,0,3,3,0,3
asynchronously,14,2,0,2,2,0,2
at,2,2,9,11,2,9,11
atavism,7,3,2,5,3,2,5
atavism's,9,5,0,5,4,1,5
atavistic,9,4,1,5,3,1,4
ate,3,3,6,9,3,6,9
atelier,7,4,2,6,4,0,4
atelier's,9,6,0,6,6,0,6
ateliers,8,5,0,5,5,0,5
atheism,7,3,0,3,4,0,4
atheism's,9,5,0,5,3,0,3
atheist,7,3,0,3,4,0,4
atheist's,9,4,0,4,3,0,3
atheistic,9,3,0,3,3,0,3
atheists,8,2,1,3,2,1,3
atherosclerosis,15,1,0,1,1,0,1
atherosclerosis's,17,2,0,2,2,0,2
athlete,7,2,3,5,2,1,3
athlete's,9,4,2,6,6,1,7
athletes,8,4,2,6,4,1,5
athletic,8,3,3,6,3,1,4
athletically,12,3,1,4,3,1,4
athletics,9,5,2,7,3,2,5
athletics's,11,6,0,6,5,1,6
atlas,5,3,1,4,3,1,4
atlas's,7,4,1,5,4,1,5
atlases,7,4,2,6,3,2,5
atmosphere,10,4,0,4,3,0,3
atmosphere's,12,4,0,4,3,0,3
atmospheres,11,4,0,4,3,0,3
atmospheric,11,3,0,3,3,0,3
atmospherically,15,2,0,2,2,0,2
atoll,5,3,2,5,3,2,5
atoll's,7,5,1,6,4,2,6
atolls,6,3,4,7,3,4,7
atom,4,3,4,7,3,5,8
atom's,6,4,3,7,4,3,7
atomic,6,3,2,5,3,2,5
atomizer,8,4,3,7,4,2,6
atomizer's,10,6,1,7,6,1,7
atomizers,9,4,2,6,5,2,7
atoms,5,4,3,7,4,3,7
atonal,6,2,2,4,2,2,4
atonality,9,3,2,5,3,2,5
atonality's,11,3,1,4,3,1,4
atone,5,4,5,9,4,5,9
atoned,6,5,3,8,5,3,8
atonement,9,4,1,5,3,1,4
atonement's,11,5,0,5,4,0,4
atones,6,3,4,7,4,4,8
atoning,7,4,2,6,3,2,5
atop,4,3,7,10,3,7,10
atria,5,3,2,5,3,2,5
atrium,6,3,3,6,3,3,6
atrium's,8,5,2,7,5,2,7
atriums,7,3,3,6,3,6,9
atrocious,9,4,2,6,4,2,6
atrociously,11,9,0,9,9,0,9
atrociousness,13,6,0,6,5,0,5
atrociousness's,15,4,0,4,5,0,5
atrocities,10,4,0,4,4,0,4
atrocity,8,2,4,6,2,4,6
atrocity's,10,4,1,5,4,1,5
atrophied,9,4,1,5,4,1,5
atrophies,9,5,0,5,5,0,5
atrophy,7,2,4,6,2,4,6
atrophy's,9,5,2,7,3,3,6
atrophying,10,4,2,6,4,2,6
attach,6,4,4,8,4,4,8
attached,8,6,1,7,6,3,9
attaching,9,7,3,10,7,3,10
attachment,10,3,1,4,4,1,5
attachment's,12,5,0,5,5,0,5
attachments,11,4,1,5,4,1,5
attaché,7,1,5,6,2,4,6
attaché's,9,3,3,6,4,2,6
attachés,8,2,3,5,3,2,5
attack,6,3,5,8,3,5,8
attack's,8,3,3,6,3,3,6
attacked,8,5,2,7,5,4,9
attacker,8,3,3,6,3,3,6
attacker's,10,6,2,8,5,2,7
attackers,9,4,3,7,4,3,7
attacking,9,6,4,10,6,4,10
attacks,7,2,4,6,4,3,7
attain,6,2,5,7,2,5,7
attainable,10,2,1,3,3,1,4
attained,8,4,2,6,5,2,7
attaining,9,4,2,6,4,2,6
attainment,10,3,1,4,4,1,5
attainment's,12,5,0,5,5,0,5
attainments,11,4,1,5,4,1,5
attains,7,3,3,6,3,4,7
attar,5,2,5,7,3,4,7
attar's,7,5,2,7,5,2,7
attempt,7,2,3,5,3,3,6
attempt's,9,4,2,6,4,1,5
attempted,9,3,3,6,3,3,6
attempting,10,3,1,4,3,1,4
attempts,8,3,2,5,4,0,4
attend,6,3,1,4,3,1,4
attendance,10,4,1,5,4,1,5
attendance's,12,3,0,3,5,0,5
attendances,11,3,0,3,4,1,5
attendant,9,2,2,4,2,2,4
attendant's,11,5,0,5,4,1,5
attendants,10,3,2,5,5,0,5
attended,8,3,3,6,3,3,6
attender,8,5,1,6,5,1,6
attending,9,5,1,6,4,1,5
attends,7,3,1,4,4,1,5
attention,9,3,1,4,3,1,4
attention's,11,5,0,5,4,1,5
attentions,10,3,2,5,5,0,5
attentive,9,2,1,3,2,1,3
attentively,11,6,1,7,2,1,3
attentiveness,13,3,0,3,3,0,3
attentiveness's,15,3,0,3,3,0,3
attenuate,9,2,1,3,2,1,3
attenuated,10,3,2,5,3,2,5
attenuates,10,4,2,6,3,0,3
attenuating,11,5,1,6,4,1,5
attenuation,11,5,1,6,4,1,5
attenuation's,13,3,0,3,4,0,4
attest,6,3,0,3,3,0,3
attestation,11,3,0,3,3,0,3
attestation's,13,3,0,3,3,0,3
attestations,12,3,0,3,3,0,3
attested,8,3,0,3,3,0,3
attesting,9,3,0,3,3,0,3
attests,7,3,1,4,3,1,4
attic,5,3,5,8,3,3,6
attic's,7,5,3,8,5,2,7
attics,6,4,3,7,4,3,7
attire,6,4,2,6,5,1,6
attire's,8,6,2,8,4,1,5
attired,7,4,3,7,4,3,7
attires,7,5,1,6,6,0,6
attiring,8,5,3,8,6,2,8
attitude,8,4,1,5,3,1,4
attitude's,10,6,0,6,4,0,4
attitudes,9,5,0,5,5,0,5
attitudinize,12,2,1,3,2,1,3
attitudinized,13,1,1,2,1,1,2
attitudinizes,13,2,0,2,3,0,3
attitudinizing,14,1,1,2,1,1,2
attorney,8,3,2,5,3,2,5
attorney's,10,5,0,5,4,0,4
attorneys,9,4,1,5,4,1,5
attract,7,2,3,5,2,3,5
attracted,9,4,1,5,3,3,6
attracting,10,4,3,7,5,2,7
attraction,10,3,2,5,4,2,6
attraction's,12,2,1,3,3,1,4
attractions,11,3,1,4,3,1,4
attractive,10,4,2,6,4,1,5
attractively,12,7,1,8,3,1,4
attractiveness,14,5,0,5,3,0,3
attractiveness's,16,5,0,5,3,0,3
attracts,8,3,2,5,3,2,5
attributable,12,5,1,6,3,1,4
attribute,9,4,1,5,4,1,5
attribute's,11,6,0,6,4,0,4
attributed,10,4,1,5,4,1,5
attributes,10,5,0,5,5,0,5
attributing,11,5,2,7,4,2,6
attribution,11,3,1,4,3,2,5
attribution's,13,9,0,9,4,1,5
attributions,12,3,1,4,3,1,4
attributive,11,2,2,4,3,1,4
attributive's,13,8,1,9,3,0,3
attributively,13,2,1,3,2,1,3
attributives,12,4,0,4,4,0,4
attrition,9,4,2,6,4,2,6
attrition's,11,5,1,6,4,1,5
attune,6,3,5,8,4,4,8
attuned,7,3,3,6,3,3,6
attunes,7,4,4,8,5,3,8
attuning,8,4,3,7,4,3,7
atwitter,8,4,2,6,4,1,5
atypical,8,4,2,6,2,3,5
atypically,10,3,2,5,3,2,5
auburn,6,3,5,8,3,5,8
auburn's,8,5,4,9,5,4,9
auction,7,3,2,5,3,2,5
auction's,9,4,1,5,4,1,5
auctioned,9,4,1,5,6,1,7
auctioneer,10,2,1,3,2,1,3
auctioneer's,12,3,0,3,3,0,3
auctioneers,11,4,0,4,3,1,4
auctioning,10,5,2,7,5,2,7
auctions,8,4,1,5,4,1,5
audacious,9,5,1,6,4,1,5
audaciously,11,8,0,8,6,0,6
audaciousness,13,7,0,7,4,0,4
audaciousness's,15,8,0,8,4,0,4
audacity,8,3,3,6,3,3,6
audacity's,10,3,2,5,4,1,5
audibility,10,2,3,5,2,3,5
audibility's,12,3,1,4,3,1,4
audible,7,6,1,7,4,1,5
audible's,9,8,0,8,8,0,8
audibles,8,5,1,6,5,1,6
audibly,7,3,3,6,2,4,6
audience,8,5,3,8,5,3,8
audience's,10,7,2,9,7,3,10
audiences,9,6,1,7,6,2,8
audio,5,3,2,5,3,2,5
audio's,7,4,2,6,5,1,6
audiophile,10,5,1,6,3,1,4
audiophile's,12,6,0,6,3,1,4
audiophiles,11,4,0,4,4,0,4
audios,6,4,2,6,4,2,6
audiovisual,11,2,1,3,2,1,3
audit,5,3,3,6,4,3,7
audit's,7,5,3,8,5,2,7
audited,7,3,2,5,3,2,5
auditing,8,5,3,8,5,4,9
audition,8,6,2,8,5,2,7
audition's,10,8,1,9,5,1,6
auditioned,10,3,1,4,3,1,4
auditioning,11,5,1,6,2,2,4
auditions,9,7,1,8,6,1,7
auditor,7,4,2,6,3,2,5
auditor's,9,6,1,7,5,1,6
auditoria,9,2,2,4,2,2,4
auditorium,10,1,3,4,1,3,4
auditorium's,12,3,1,4,2,2,4
auditoriums,11,4,1,5,5,1,6
auditors,8,5,2,7,5,2,7
auditory,8,4,3,7,3,3,6
audits,6,5,3,8,5,3,8
auger,5,4,5,9,4,5,9
auger's,7,6,3,9,6,4,10
augers,6,5,4,9,5,4,9
aught,5,2,4,6,2,4,6
aught's,7,4,3,7,3,3,6
aughts,6,3,4,7,3,4,7
augment,7,5,3,8,5,3,8
augmentation,12,6,1,7,5,1,6
augmentation's,14,9,0,9,5,0,5
augmentations,13,3,0,3,4,0,4
augmented,9,4,2,6,3,4,7
augmenting,10,3,1,4,4,1,5
augments,8,6,2,8,6,2,8
augur,5,2,4,6,2,4,6
augur's,7,4,3,7,4,3,7
augured,7,4,1,5,4,2,6
auguries,8,5,0,5,5,0,5
auguring,8,3,2,5,3,2,5
augurs,6,3,4,7,3,4,7
augury,6,2,5,7,2,5,7
augury's,8,4,4,8,4,4,8
august,6,3,3,6,3,3,6
auguster,8,5,1,6,5,1,6
augustest,9,4,0,4,4,0,4
auk,3,2,9,11,2,9,11
auk's,5,4,7,11,4,7,11
auks,4,3,6,9,3,7,10
aunt,4,2,5,7,2,5,7
aunt's,6,4,3,7,4,3,7
aunts,5,3,3,6,3,3,6
aura,4,2,1,3,2,4,6
aura's,6,4,3,7,4,3,7
aurae,5,3,1,4,3,1,4
aural,5,3,4,7,3,3,6
aurally,7,2,3,5,2,3,5
auras,5,3,2,5,3,3,6
aureola,7,3,1,4,3,1,4
aureola's,9,4,0,4,4,0,4
aureolas,8,4,1,5,4,1,5
aureole,7,2,2,4,3,2,5
aureole's,9,4,1,5,3,1,4
aureoles,8,3,1,4,3,1,4
auricle,7,5,2,7,4,1,5
auricle's,9,7,1,8,7,1,8
auricles,8,7,0,7,6,0,6
auspice,7,5,2,7,4,1,5
auspice's,9,7,1,8,7,1,8
auspices,8,6,0,6,4,0,4
auspicious,10,3,2,5,3,1,4
auspiciously,12,5,0,5,2,0,2
auspiciousness,14,4,0,4,3,0,3
auspiciousness's,16,5,0,5,3,0,3
austere,7,3,1,4,2,2,4
austerely,9,5,0,5,5,0,5
austerer,8,3,1,4,3,0,3
austerest,9,3,0,3,3,0,3
austerities,11,3,0,3,4,0,4
austerity,9,7,1,8,7,0,7
austerity's,11,8,0,8,8,0,8
authentic,9,4,1,5,4,1,5
authentically,13,4,1,5,3,1,4
authenticate,12,2,1,3,2,1,3
authenticated,13,4,1,5,2,2,4
authenticates,13,2,0,2,3,0,3
authenticating,14,2,1,3,4,1,5
authentication,14,2,1,3,4,1,5
authentication's,16,2,0,2,3,0,3
authentications,15,2,0,2,3,0,3
authenticity,12,2,1,3,2,1,3
authenticity's,14,2,0,2,3,0,3
author,6,3,4,7,2,4,6
author's,8,5,2,7,5,2,7
authored,8,6,2,8,4,2,6
authoring,9,6,2,8,6,2,8
authoritarian,13,2,1,3,2,1,3
authoritarian's,15,4,0,4,3,0,3
authoritarianism,16,4,0,4,2,0,2
authoritarianism's,18,3,0,3,2,0,2
authoritarians,14,4,0,4,3,0,3
authoritative,13,2,1,3,3,1,4
authoritatively,15,1,1,2,1,1,2
authoritativeness,17,1,0,1,1,0,1
authoritativeness's,19,1,0,1,1,0,1
authorities,11,5,0,5,5,0,5
authority,9,2,3,5,2,3,5
authority's,11,3,1,4,3,1,4
authorization,13,4,1,5,3,1,4
authorization's,15,4,0,4,4,0,4
authorizations,14,4,0,4,4,0,4
authorize,9,5,1,6,7,1,8
authorized,10,5,1,6,4,1,5
authorizes,10,6,0,6,8,0,8
authorizing,11,7,2,9,4,2,6
authors,7,4,3,7,4,2,6
authorship,10,4,0,4,3,1,4
authorship's,12,5,0,5,4,1,5
autism,6,4,1,5,4,1,5
autism's,8,4,1,5,4,1,5
autistic,8,5,2,7,5,2,7
auto,4,2,5,7,2,5,7
auto's,6,4,4,8,4,4,8
autobiographical,16,1,1,2,1,1,2
autobiographies,15,3,0,3,2,0,2
autobiography,13,2,1,3,1,2,3
autobiography's,15,3,0,3,3,0,3
autocracies,11,5,0,5,6,0,6
autocracy,9,3,3,6,2,3,5
autocracy's,11,8,2,10,7,1,8
autocrat,8,3,3,6,3,3,6
autocrat's,10,4,2,6,4,2,6
autocratic,10,2,2,4,3,2,5
autocratically,14,2,1,3,2,1,3
autocrats,9,4,2,6,2,3,5
autograph,9,2,4,6,1,4,5
autograph's,11,7,3,10,6,2,8
autographed,11,2,2,4,2,2,4
autographing,12,4,1,5,4,1,5
autographs,10,3,2,5,4,2,6
autoimmune,10,4,1,5,3,1,4
automata,8,1,3,4,1,3,4
automate,8,3,2,5,3,2,5
automated,9,4,2,6,4,2,6
automates,9,5,1,6,4,1,5
automatic,9,4,2,6,4,2,6
automatic's,11,5,1,6,5,1,6
automatically,13,2,1,3,2,1,3
automatics,10,5,1,6,4,1,5
automating,10,5,2,7,5,2,7
automation,10,4,2,6,5,2,7
automation's,12,5,1,6,4,1,5
automaton,9,1,3,4,1,3,4
automaton's,11,2,2,4,5,1,6
automatons,10,5,1,6,4,1,5
automobile,10,6,1,7,5,1,6
automobile's,12,6,0,6,5,0,5
automobiled,11,3,1,4,3,1,4
automobiles,11,6,0,6,4,1,5
automobiling,12,4,1,5,4,1,5
automotive,10,6,1,7,5,1,6
autonomous,10,3,2,5,3,2,5
autonomously,12,2,0,2,2,0,2
autonomy,8,5,4,9,5,4,9
autonomy's,10,7,3,10,7,3,10
autopilot,9,2,2,4,3,2,5
autopilot's,11,4,1,5,3,2,5
autopilots,10,4,1,5,4,1,5
autopsied,9,5,1,6,5,1,6
autopsies,9,4,1,5,4,0,4
autopsy,7,3,2,5,3,2,5
autopsy's,9,4,2,6,4,2,6
autopsying,10,4,0,4,3,1,4
autos,5,4,4,8,4,4,8
autoworker,10,2,2,4,2,2,4
autoworker's,12,3,0,3,3,0,3
autoworkers,11,3,1,4,5,0,5
autumn,6,4,4,8,4,4,8
autumn's,8,6,3,9,6,3,9
autumnal,8,1,4,5,1,4,5
autumns,7,3,3,6,3,4,7
auxiliaries,11,6,0,6,4,0,4
auxiliary,9,2,2,4,2,2,4
auxiliary's,11,3,1,4,4,1,5
avail,5,3,4,7,3,4,7
avail's,7,3,3,6,3,3,6
availability,12,4,1,5,2,1,3
availability's,14,3,0,3,3,0,3
available,9,3,1,4,3,1,4
availed,7,4,2,6,4,5,9
availing,8,5,2,7,5,2,7
avails,6,2,5,7,3,3,6
avalanche,9,2,1,3,2,1,3
avalanche's,11,4,0,4,3,0,3
avalanches,10,3,0,3,3,1,4
avarice,7,2,2,4,2,1,3
avarice's,9,4,1,5,4,1,5
avaricious,10,2,2,4,3,1,4
avariciously,12,7,0,7,7,0,7
avast,5,2,2,4,2,2,4
avatar,6,2,2,4,2,2,4
avatar's,8,4,1,5,3,1,4
avatars,7,2,2,4,2,2,4
avenge,6,5,2,7,5,3,8
avenged,7,5,2,7,2,5,7
avenger,7,3,3,6,3,4,7
avenger's,9,5,2,7,5,2,7
avengers,8,4,1,5,4,1,5
avenges,7,6,1,7,6,2,8
avenging,8,4,1,5,4,1,5
avenue,6,4,3,7,4,4,8
avenue's,8,4,2,6,3,3,6
avenues,7,5,2,7,5,3,8
aver,4,2,7,9,2,4,6
average,7,3,1,4,3,0,3
average's,9,6,0,6,5,0,5
averaged,8,3,1,4,3,1,4
averages,8,4,0,4,4,0,4
averaging,9,6,1,7,3,1,4
averred,7,4,3,7,2,0,2
averring,8,5,1,6,5,1,6
avers,5,3,4,7,3,4,7
averse,6,3,1,4,3,1,4
aversion,8,3,0,3,3,0,3
aversion's,10,2,1,3,4,0,4
aversions,9,4,0,4,3,2,5
avert,5,3,4,7,3,4,7
averted,7,5,2,7,5,2,7
averting,8,7,2,9,7,2,9
averts,6,5,2,7,5,2,7
avian,5,2,5,7,2,6,8
aviaries,8,5,1,6,5,1,6
aviary,6,4,4,8,4,4,8
aviary's,8,4,3,7,4,3,7
aviation,8,5,2,7,4,2,6
aviation's,10,3,1,4,3,1,4
aviator,7,2,3,5,2,3,5
aviator's,9,3,1,4,3,1,4
aviators,8,3,2,5,4,2,6
aviatrices,10,8,0,8,8,0,8
aviatrix,8,3,2,5,2,2,4
aviatrix's,10,3,1,4,3,1,4
aviatrixes,10,7,1,8,7,1,8
avid,4,3,6,9,3,6,9
avidity,7,5,5,10,5,4,9
avidity's,9,7,3,10,7,3,10
avidly,6,5,3,8,5,3,8
avionics,8,5,2,7,4,2,6
avionics's,10,4,0,4,2,2,4
avocado,7,2,4,6,2,4,6
avocado's,9,4,3,7,3,3,6
avocadoes,9,3,1,4,3,1,4
avocados,8,3,2,5,3,2,5
avocation,9,5,3,8,5,3,8
avocation's,11,7,2,9,7,2,9
avocations,10,5,1,6,5,1,6
avoid,5,2,6,8,2,6,8
avoidable,9,6,2,8,4,2,6
avoidably,9,6,2,8,4,2,6
avoidance,9,5,1,6,4,3,7
avoidance's,11,7,0,7,6,2,8
avoided,7,4,2,6,4,2,6
avoiding,8,5,3,8,5,4,9
avoids,6,4,2,6,4,2,6
avoirdupois,11,3,1,4,3,1,4
avoirdupois's,13,3,0,3,3,0,3
avow,4,3,3,6,3,3,6
avowal,6,2,5,7,2,5,7
avowal's,8,3,3,6,3,3,6
avowals,7,2,4,6,3,5,8
avowed,6,4,4,8,4,4,8
avowedly,8,5,3,8,3,3,6
avowing,7,4,4,8,4,4,8
avows,5,3,4,7,3,4,7
avuncular,9,2,3,5,2,3,5
await,5,2,5,7,2,5,7
awaited,7,4,4,8,5,3,8
awaiting,8,4,3,7,4,3,7
awaits,6,3,3,6,2,5,7
awake,5,4,2,6,4,2,6
awaked,6,3,3,6,3,3,6
awaken,6,3,5,8,3,5,8
awakened,8,4,3,7,4,3,7
awakening,9,5,1,6,5,1,6
awakening's,11,5,1,6,4,0,4
awakenings,10,5,3,8,3,1,4
awakens,7,4,3,7,4,3,7
awakes,6,3,4,7,3,5,8
awaking,7,4,4,8,4,4,8
award,5,2,4,6,2,4,6
award's,7,4,3,7,4,3,7
awarded,7,4,1,5,4,1,5
awarding,8,5,3,8,5,3,8
awards,6,3,4,7,3,2,5
aware,5,3,3,6,3,3,6
awareness,9,4,0,4,4,0,4
awareness's,11,5,0,5,5,0,5
awash,5,3,2,5,3,2,5
away,4,1,6,7,1,7,8
awe,3,3,7,10,3,7,10
awe's,5,5,7,12,5,7,12
awed,4,4,5,9,4,5,9
aweigh,6,4,2,6,3,3,6
awes,4,4,5,9,4,7,11
awesome,7,2,1,3,2,2,4
awesomely,9,2,1,3,3,0,3
awestricken,11,3,0,3,3,0,3
awestruck,9,3,1,4,4,0,4
awful,5,3,7,10,3,7,10
awfuller,8,5,3,8,3,2,5
awfullest,9,4,1,5,4,1,5
awfully,7,2,5,7,3,4,7
awfulness,9,4,2,6,4,2,6
awfulness's,11,5,2,7,5,2,7
awhile,6,4,1,5,4,3,7
awing,5,5,5,10,5,5,10
awkward,7,3,4,7,4,3,7
awkwarder,9,4,1,5,4,1,5
awkwardest,10,4,1,5,4,1,5
awkwardly,9,1,3,4,1,3,4
awkwardness,11,5,0,5,4,1,5
awkwardness's,13,6,0,6,5,1,6
awl,3,2,6,8,2,5,7
awl's,5,4,3,7,4,3,7
awls,4,3,4,7,3,4,7
awning,6,3,2,5,3,2,5
awning's,8,4,3,7,4,3,7
awnings,7,3,5,8,4,5,9
awoke,5,3,6,9,3,6,9
awoken,6,3,6,9,3,6,9
awol,4,2,8,10,2,8,10
awry,4,3,4,7,3,5,8
ax,2,2,10,12,2,10,12
ax's,4,4,7,11,4,7,11
axe,3,3,8,11,3,8,11
axe's,5,5,8,13,5,8,13
axed,4,3,6,9,3,6,9
axes,4,4,6,10,4,8,12
axial,5,2,5,7,2,4,6
axing,5,4,6,10,4,6,10
axiom,5,2,6,8,2,6,8
axiom's,7,5,5,10,4,5,9
axiomatic,9,2,2,4,2,2,4
axiomatically,13,6,1,7,2,1,3
axioms,6,3,6,9,3,6,9
axis,4,3,3,6,3,3,6
axis's,6,4,3,7,4,3,7
axle,4,3,3,6,3,2,5
axle's,6,5,3,8,5,3,8
axles,5,4,4,8,4,3,7
axon,4,3,4,7,3,4,7
axon's,6,5,3,8,5,3,8
axons,5,4,2,6,4,2,6
ay,2,1,11,12,1,11,12
ay's,4,3,8,11,3,8,11
ayatollah,9,1,3,4,1,3,4
ayatollah's,11,4,1,5,3,1,4
ayatollahs,10,3,2,5,2,2,4
aye,3,2,9,11,2,9,11
aye's,5,4,9,13,4,9,13
ayes,4,3,7,10,3,9,12
azalea,6,3,6,9,3,6,9
azalea's,8,5,4,9,5,4,9
azaleas,7,3,4,7,3,4,7
azimuth,7,2,3,5,2,3,5
azimuth's,9,3,2,5,4,2,6
azimuths,8,3,2,5,3,2,5
azure,5,3,5,8,3,6,9
azure's,7,5,1,6,5,1,6
azures,6,5,2,7,5,2,7
b,1,1,1,2,1,1,2
baa,3,1,0,1,1,0,1
baa's,5,2,1,3,2,1,3
baaed,5,3,1,4,3,1,4
baaing,6,1,3,4,1,3,4
baas,4,2,1,3,2,2,4
babble,6,4,1,5,4,1,5
babble's,8,6,1,7,6,1,7
babbled,7,5,5,10,5,3,8
babbler,7,4,2,6,4,2,6
babbler's,9,6,0,6,6,0,6
babblers,8,5,1,6,5,0,5
babbles,7,5,1,6,5,1,6
babbling,8,6,2,8,6,2,8
babe,4,3,12,15,3,11,14
babe's,6,5,11,16,5,9,14
babel,5,4,3,7,4,3,7
babel's,7,6,1,7,6,1,7
babels,6,5,3,8,5,3,8
babes,5,4,13,17,4,9,13
babied,6,4,8,12,4,7,11
babier,6,5,4,9,5,2,7
babies,6,5,4,9,5,3,8
babiest,7,6,3,9,6,3,9
baboon,6,4,3,7,4,2,6
baboon's,8,6,2,8,6,1,7
baboons,7,5,3,8,5,2,7
babushka,8,2,2,4,2,2,4
babushka's,10,2,1,3,2,1,3
babushkas,9,2,2,4,2,0,2
baby,4,3,12,15,2,10,12
baby's,6,4,10,14,4,8,12
babyhood,8,3,4,7,3,4,7
babyhood's,10,5,2,7,5,2,7
babying,7,5,9,14,5,6,11
babyish,7,5,5,10,5,4,9
babysat,7,3,2,5,3,2,5
babysit,7,2,2,4,2,2,4
babysits,8,2,2,4,3,2,5
babysitter,10,4,1,5,4,0,4
babysitter's,12,6,0,6,3,1,4
babysitters,11,5,1,6,3,2,5
babysitting,11,3,1,4,3,1,4
baccalaureate,13,1,2,3,1,2,3
baccalaureate's,15,3,1,4,2,1,3
baccalaureates,14,3,0,3,2,1,3
bacchanal,9,2,3,5,3,3,6
bacchanal's,11,5,1,6,5,1,6
bacchanalian,12,3,1,4,3,1,4
bacchanalian's,14,3,2,5,3,1,4
bacchanalians,13,2,3,5,5,1,6
bacchanals,10,3,1,4,3,1,4
bachelor,8,3,1,4,3,1,4
bachelor's,10,4,0,4,4,1,5
bachelors,9,4,1,5,5,1,6
bacilli,7,3,2,5,2,3,5
bacillus,8,4,3,7,4,3,7
bacillus's,10,3,1,4,3,1,4
back,4,4,8,12,4,8,12
back's,6,6,6,12,6,7,13
backache,8,2,3,5,2,3,5
backache's,10,5,2,7,4,1,5
backaches,9,5,1,6,5,1,6
backbit,7,3,3,6,3,5,8
backbite,8,5,1,6,5,2,7
backbiter,9,4,2,6,4,3,7
backbiter's,11,6,1,7,6,1,7
backbiters,10,5,1,6,5,0,5
backbites,9,7,0,7,6,1,7
backbiting,10,5,2,7,4,2,6
backbitten,10,3,3,6,2,3,5
backboard,9,3,3,6,3,3,6
backboard's,11,6,1,7,5,1,6
backboards,10,3,2,5,3,3,6
backbone,8,4,2,6,4,2,6
backbone's,10,6,1,7,4,2,6
backbones,9,5,1,6,5,1,6
backbreaking,12,5,1,6,5,1,6
backdate,8,3,2,5,3,2,5
backdated,9,5,1,6,5,1,6
backdates,9,4,1,5,4,1,5
backdating,10,5,2,7,5,2,7
backdrop,8,3,3,6,3,4,7
backdrop's,10,5,2,7,4,1,5
backdrops,9,5,2,7,5,2,7
backed,6,6,5,11,4,7,11
backer,6,6,7,13,6,7,13
backer's,8,8,5,13,6,6,12
backers,7,7,4,11,5,7,12
backfield,9,4,2,6,3,3,6
backfield's,11,6,1,7,4,2,6
backfields,10,4,2,6,4,2,6
backfire,8,5,1,6,5,2,7
backfire's,10,7,0,7,5,0,5
backfired,9,4,2,6,5,1,6
backfires,9,7,0,7,6,1,7
backfiring,10,5,2,7,4,2,6
backgammon,10,2,3,5,2,3,5
backgammon's,12,3,2,5,3,2,5
background,10,3,3,6,2,3,5
background's,12,9,1,10,3,2,5
backgrounds,11,5,1,6,5,1,6
backhand,8,4,5,9,3,5,8
backhand's,10,7,2,9,5,3,8
backhanded,10,3,2,5,3,2,5
backhanding,11,5,1,6,3,3,6
backhands,9,5,4,9,3,4,7
backhoe,7,3,2,5,3,1,4
backhoe's,9,5,1,6,5,1,6
backhoes,8,4,1,5,4,1,5
backing,7,7,5,12,5,6,11
backing's,9,7,4,11,9,4,13
backings,8,6,4,10,5,7,12
backlash,8,7,2,9,7,2,9
backlash's,10,8,2,10,8,2,10
backlashes,10,4,2,6,3,0,3
backless,8,3,3,6,4,4,8
backlog,7,5,5,10,2,4,6
backlog's,9,7,4,11,5,3,8
backlogged,10,7,1,8,5,1,6
backlogging,11,5,1,6,4,2,6
backlogs,8,4,3,7,4,4,8
backpack,8,2,5,7,1,6,7
backpack's,10,3,4,7,3,4,7
backpacked,10,4,1,5,7,2,9
backpacker,10,4,2,6,6,3,9
backpacker's,12,6,0,6,5,0,5
backpackers,11,5,1,6,4,1,5
backpacking,11,5,1,6,5,3,8
backpacks,9,3,4,7,2,5,7
backpedal,9,2,3,5,3,1,4
backpedaled,11,2,2,4,2,1,3
backpedaling,12,4,2,6,5,1,6
backpedalled,12,2,2,4,2,2,4
backpedalling,13,4,2,6,2,2,4
backpedals,10,4,2,6,4,2,6
backrest,8,5,2,7,4,3,7
backrest's,10,4,2,6,6,0,6
backrests,9,5,1,6,5,1,6
backs,5,5,6,11,5,7,12
backside,8,5,0,5,5,0,5
backside's,10,6,0,6,6,0,6
backsides,9,5,0,5,4,0,4
backslapper,11,3,0,3,4,0,4
backslapper's,13,3,2,5,4,0,4
backslappers,12,3,0,3,4,0,4
backslash,9,1,1,2,1,1,2
backslash's,11,8,0,8,8,0,8
backslashes,11,7,1,8,7,1,8
backslid,8,4,1,5,4,1,5
backslidden,11,4,0,4,3,1,4
backslide,9,5,0,5,4,0,4
backslider,10,3,0,3,4,0,4
backslider's,12,6,0,6,4,0,4
backsliders,11,5,1,6,4,1,5
backslides,10,4,0,4,5,1,6
backsliding,11,4,1,5,4,1,5
backspace,9,4,0,4,4,0,4
backspace's,11,5,2,7,5,1,6
backspaced,10,4,0,4,4,0,4
backspaces,10,4,0,4,4,2,6
backspacing,11,4,1,5,4,1,5
backspin,8,4,2,6,4,2,6
backspin's,10,6,1,7,5,1,6
backstabbing,12,4,1,5,3,1,4
backstage,9,4,1,5,4,0,4
backstage's,11,4,3,7,5,1,6
backstairs,10,3,2,5,3,2,5
backstop,8,3,2,5,3,2,5
backstop's,10,3,2,5,3,2,5
backstopped,11,8,0,8,4,2,6
backstopping,12,6,0,6,6,0,6
backstops,9,4,2,6,4,2,6
backstories,11,5,0,5,4,0,4
backstory,9,5,2,7,3,2,5
backstretch,11,3,0,3,3,0,3
backstretch's,13,4,0,4,3,0,3
backstretches,13,2,1,3,2,0,2
backstroke,10,3,0,3,3,0,3
backstroke's,12,5,0,5,4,0,4
backstroked,11,5,0,5,4,0,4
backstrokes,11,5,0,5,4,0,4
backstroking,12,5,0,5,4,0,4
backtrack,9,2,3,5,2,4,6
backtracked,11,4,2,6,3,2,5
backtracking,12,6,1,7,4,2,6
backtracks,10,4,2,6,3,2,5
backup,6,3,7,10,3,7,10
backup's,8,5,6,11,5,6,11
backups,7,4,5,9,4,5,9
backward,8,7,3,10,7,4,11
backwardness,12,4,1,5,4,1,5
backwardness's,14,5,1,6,4,1,5
backwards,9,8,2,10,8,3,11
backwash,8,6,3,9,6,3,9
backwash's,10,7,3,10,7,3,10
backwater,9,4,3,7,4,3,7
backwater's,11,6,0,6,6,0,6
backwaters,10,5,1,6,5,0,5
backwoods,9,4,3,7,5,3,8
backwoods's,11,2,2,4,2,2,4
backyard,8,6,4,10,6,5,11
backyard's,10,6,3,9,6,3,9
backyards,9,7,3,10,7,4,11
bacon,5,5,3,8,5,3,8
bacon's,7,7,2,9,7,2,9
bacteria,8,3,3,6,3,1,4
bacteria's,10,4,1,5,4,1,5
bacterial,9,3,2,5,4,2,6
bacterias,9,4,2,6,5,1,6
bacteriological,15,1,1,2,1,1,2
bacteriologist,14,2,0,2,2,0,2
bacteriologist's,16,3,0,3,2,0,2
bacteriologists,15,2,0,2,2,0,2
bacteriology,12,3,1,4,3,1,4
bacteriology's,14,3,0,3,3,1,4
bacterium,9,3,2,5,4,2,6
bacterium's,11,6,1,7,4,1,5
bad,3,3,9,12,3,6,9
bad's,5,5,8,13,5,7,12
badder,6,4,6,10,5,2,7
baddest,7,6,1,7,6,1,7
bade,4,4,7,11,4,8,12
badge,5,5,4,9,5,4,9
badge's,7,5,5,10,5,5,10
badger,6,6,6,12,6,2,8
badger's,8,8,4,12,8,4,12
badgered,8,5,1,6,5,1,6
badgering,9,7,1,8,7,1,8
badgers,7,5,5,10,7,4,11
badges,6,6,3,9,6,4,10
badinage,8,5,2,7,3,3,6
badinage's,10,7,0,7,7,1,8
badlands,8,3,3,6,3,3,6
badlands's,10,4,2,6,3,2,5
badly,5,5,5,10,5,5,10
badminton,9,3,2,5,3,2,5
badminton's,11,5,1,6,4,1,5
badmouth,8,3,4,7,3,4,7
badmouthed,10,3,1,4,3,1,4
badmouthing,11,5,1,6,5,2,7
badmouths,9,4,3,7,4,3,7
badness,7,6,0,6,6,0,6
badness's,9,7,0,7,7,0,7
baffle,6,5,2,7,5,2,7
baffle's,8,7,2,9,7,3,10
baffled,7,5,5,10,5,4,9
bafflement,10,6,1,7,5,1,6
bafflement's,12,8,0,8,6,0,6
baffles,7,6,1,7,6,1,7
baffling,8,7,2,9,6,3,9
bag,3,3,5,8,3,5,8
bag's,5,5,5,10,5,5,10
bagatelle,9,2,2,4,2,2,4
bagatelle's,11,4,1,5,4,2,6
bagatelles,10,3,1,4,3,1,4
bagel,5,4,3,7,4,3,7
bagel's,7,6,1,7,6,1,7
bagels,6,5,3,8,5,3,8
baggage,7,3,2,5,3,0,3
baggage's,9,5,0,5,5,0,5
bagged,6,5,6,11,5,3,8
baggier,7,5,2,7,6,4,10
baggiest,8,7,2,9,7,3,10
bagginess,9,7,3,10,6,1,7
bagginess's,11,8,3,11,7,1,8
bagging,7,5,2,7,5,2,7
baggy,5,3,7,10,4,6,10
bagpipe,7,4,3,7,4,3,7
bagpipe's,9,6,3,9,6,2,8
bagpipes,8,5,2,7,5,2,7
bags,4,4,4,8,4,4,8
bah,3,2,10,12,2,10,12
bail,4,4,3,7,4,3,7
bail's,6,6,2,8,6,2,8
bailed,6,6,1,7,6,1,7
bailiff,7,2,3,5,2,5,7
bailiffs,8,4,4,8,5,3,8
bailing,7,6,2,8,6,2,8
bailiwick,9,3,2,5,2,3,5
bailiwick's,11,3,2,5,3,2,5
bailiwicks,10,3,3,6,3,2,5
bailout,7,4,2,6,5,4,9
bailout's,9,7,3,10,7,3,10
bailouts,8,6,2,8,6,2,8
bails,5,5,3,8,5,2,7
bait,4,4,6,10,4,6,10
bait's,6,6,5,11,6,4,10
baited,6,6,4,10,6,4,10
baiting,7,6,3,9,6,3,9
baits,5,5,5,10,5,5,10
baize,5,5,4,9,5,4,9
baize's,7,5,6,11,4,7,11
bake,4,4,10,14,4,9,13
bake's,6,6,6,12,6,6,12
baked,5,5,8,13,5,8,13
baker,5,5,4,9,5,4,9
baker's,7,7,0,7,7,1,8
bakeries,8,5,0,5,5,0,5
bakers,6,6,5,11,6,5,11
bakery,6,5,2,7,4,4,8
bakery's,8,5,2,7,6,2,8
bakes,5,5,7,12,5,6,11
baking,6,6,10,16,6,10,16
balalaika,9,2,3,5,2,3,5
balalaika's,11,3,2,5,3,1,4
balalaikas,10,2,1,3,2,1,3
balance,7,3,2,5,4,1,5
balance's,9,5,1,6,5,1,6
balanced,8,4,1,5,4,3,7
balances,8,7,1,8,7,1,8
balancing,9,4,2,6,3,3,6
balconies,9,6,0,6,6,0,6
balcony,7,4,5,9,3,4,7
balcony's,9,4,3,7,4,3,7
bald,4,3,7,10,3,7,10
balded,6,4,2,6,4,2,6
balder,6,6,3,9,6,2,8
balderdash,10,3,1,4,2,1,3
balderdash's,12,4,1,5,3,1,4
baldest,7,6,1,7,6,1,7
balding,7,5,6,11,5,6,11
baldly,6,4,4,8,4,4,8
baldness,8,6,1,7,7,1,8
baldness's,10,7,1,8,8,1,9
balds,5,4,6,10,4,5,9
bale,4,4,6,10,4,5,9
bale's,6,6,5,11,6,5,11
baled,5,5,9,14,5,9,14
baleen,6,4,1,5,4,1,5
baleen's,8,6,0,6,6,0,6
baleful,7,3,1,4,3,1,4
balefully,9,3,2,5,6,2,8
bales,5,5,2,7,5,3,8
baling,6,6,5,11,6,5,11
balk,4,4,2,6,4,2,6
balk's,6,6,1,7,6,1,7
balked,6,6,2,8,6,2,8
balkier,7,6,5,11,7,5,12
balkiest,8,8,1,9,8,4,12
balking,7,7,2,9,7,3,10
balks,5,5,3,8,5,2,7
balky,5,5,6,11,5,7,12
ball,4,3,2,5,3,2,5
ball's,6,5,1,6,5,1,6
ballad,6,2,4,6,2,4,6
ballad's,8,4,3,7,4,3,7
balladeer,9,4,1,5,3,1,4
balladeer's,11,5,0,5,5,0,5
balladeers,10,5,0,5,4,0,4
ballads,7,3,4,7,3,4,7
ballast,7,4,2,6,3,2,5
ballast's,9,4,2,6,4,2,6
ballasted,9,6,1,7,5,1,6
ballasting,10,7,0,7,5,2,7
ballasts,8,4,3,7,3,2,5
balled,6,5,1,6,5,1,6
ballerina,9,4,2,6,4,2,6
ballerina's,11,7,0,7,5,0,5
ballerinas,10,5,0,5,3,0,3
ballet,6,5,4,9,5,4,9
ballet's,8,7,2,9,7,2,9
ballets,7,6,2,8,6,2,8
balling,7,6,2,8,6,2,8
ballistic,9,4,1,5,3,1,4
ballistics,10,2,1,3,3,1,4
ballistics's,12,2,0,2,2,0,2
balloon,7,4,5,9,4,3,7
balloon's,9,6,2,8,6,2,8
ballooned,9,6,1,7,6,2,8
ballooning,10,6,2,8,6,2,8
balloonist,10,4,0,4,4,0,4
balloonist's,12,5,0,5,5,0,5
balloonists,11,5,0,5,5,0,5
balloons,8,5,3,8,4,3,7
ballot,6,4,5,9,4,5,9
ballot's,8,6,4,10,6,4,10
balloted,8,6,3,9,6,4,10
balloting,9,7,3,10,6,4,10
ballots,7,5,5,10,5,5,10
ballpark,8,4,5,9,4,4,8
ballpark's,10,6,3,9,6,2,8
ballparks,9,6,3,9,6,2,8
ballplayer,10,3,3,6,3,2,5
ballplayer's,12,5,1,6,5,0,5
ballplayers,11,4,2,6,5,0,5
ballpoint,9,4,3,7,3,3,6
ballpoint's,11,4,1,5,4,1,5
ballpoints,10,3,2,5,3,2,5
ballroom,8,6,3,9,5,3,8
ballroom's,10,8,1,9,7,1,8
ballrooms,9,7,2,9,5,2,7
balls,5,4,4,8,4,3,7
ballsier,8,5,0,5,5,1,6
ballsiest,9,5,1,6,5,1,6
ballsy,6,2,3,5,2,3,5
ballyhoo,8,2,3,5,2,3,5
ballyhoo's,10,4,1,5,4,1,5
ballyhooed,10,4,1,5,4,1,5
ballyhooing,11,5,1,6,4,2,6
ballyhoos,9,3,2,5,3,2,5
balm,4,4,3,7,4,3,7
balm's,6,6,2,8,6,2,8
balmier,7,7,3,10,6,6,12
balmiest,8,7,2,9,7,5,12
balminess,9,6,4,10,7,3,10
balminess's,11,7,4,11,8,3,11
balms,5,5,4,9,5,3,8
balmy,5,4,7,11,4,8,12
baloney,7,5,4,9,4,4,8
baloney's,9,6,1,7,6,2,8
balsa,5,2,2,4,2,2,4
balsa's,7,3,2,5,3,2,5
balsam,6,3,2,5,3,1,4
balsam's,8,4,2,6,4,1,5
balsams,7,2,3,5,2,3,5
balsas,6,2,5,7,2,4,6
baluster,8,6,1,7,6,1,7
baluster's,10,6,1,7,7,1,8
balusters,9,6,1,7,5,2,7
balustrade,10,4,0,4,4,0,4
balustrade's,12,4,0,4,5,0,5
balustrades,11,4,0,4,4,0,4
bamboo,6,2,6,8,2,6,8
bamboo's,8,5,2,7,4,5,9
bamboos,7,4,2,6,3,3,6
bamboozle,9,3,2,5,2,3,5
bamboozled,10,4,1,5,4,1,5
bamboozles,10,4,1,5,4,1,5
bamboozling,11,5,1,6,4,2,6
ban,3,3,9,12,3,9,12
ban's,5,5,10,15,5,10,15
banal,5,4,2,6,4,2,6
banalities,10,6,0,6,5,1,6
banality,8,5,2,7,5,2,7
banality's,10,6,2,8,6,2,8
banana,6,2,3,5,2,3,5
banana's,8,4,2,6,4,2,6
bananas,7,3,3,6,3,1,4
band,4,4,7,11,4,7,11
band's,6,6,6,12,6,6,12
bandage,7,4,2,6,4,2,6
bandage's,9,7,0,7,6,1,7
bandaged,8,5,2,7,5,3,8
bandages,8,6,1,7,6,1,7
bandaging,9,3,2,5,3,2,5
bandana,7,2,4,6,2,2,4
bandana's,9,4,2,6,4,1,5
bandanas,8,3,1,4,3,1,4
bandanna,8,1,5,6,2,3,5
bandanna's,10,3,1,4,3,1,4
bandannas,9,2,1,3,2,1,3
banded,6,5,1,6,5,1,6
bandied,7,6,3,9,6,3,9
bandier,7,7,1,8,7,2,9
bandies,7,7,1,8,7,1,8
bandiest,8,8,0,8,8,2,10
banding,7,6,3,9,6,3,9
bandit,6,4,4,8,4,4,8
bandit's,8,5,2,7,5,3,8
banditry,8,2,4,6,3,3,6
banditry's,10,5,2,7,4,2,6
bandits,7,4,3,7,4,3,7
banditti,8,2,2,4,2,2,4
bandoleer,9,4,1,5,3,1,4
bandoleer's,11,5,0,5,4,0,4
bandoleers,10,5,0,5,4,0,4
bandolier,9,5,1,6,5,1,6
bandolier's,11,7,1,8,7,1,8
bandoliers,10,5,1,6,5,0,5
bands,5,5,6,11,5,6,11
bandstand,9,6,2,8,6,3,9
bandstand's,11,7,1,8,7,2,9
bandstands,10,6,1,7,6,1,7
bandwagon,9,1,4,5,1,4,5
bandwagon's,11,3,2,5,4,2,6
bandwagons,10,2,3,5,2,3,5
bandwidth,9,3,2,5,4,2,6
bandy,5,4,6,10,4,6,10
bandying,8,7,2,9,7,2,9
bane,4,4,7,11,4,8,12
bane's,6,6,6,12,6,6,12
baneful,7,6,1,7,6,1,7
banes,5,5,4,9,5,4,9
bang,4,4,8,12,4,7,11
bang's,6,6,6,12,6,6,12
banged,6,6,3,9,6,3,9
banging,7,5,2,7,5,2,7
bangle,6,4,3,7,4,3,7
bangle's,8,6,3,9,6,4,10
bangles,7,6,2,8,5,3,8
bangs,5,5,5,10,5,4,9
bani,4,3,9,12,3,9,12
banish,6,6,3,9,6,3,9
banished,8,8,1,9,8,1,9
banishes,8,6,3,9,6,2,8
banishing,9,7,1,8,7,1,8
banishment,10,8,0,8,8,0,8
banishment's,12,9,0,9,9,0,9
banister,8,8,0,8,8,0,8
banister's,10,9,0,9,9,0,9
banisters,9,8,0,8,8,1,9
banjo,5,4,5,9,4,5,9
banjo's,7,6,4,10,6,4,10
banjoes,7,6,3,9,6,3,9
banjoist,8,4,2,6,4,2,6
banjoist's,10,5,0,5,4,1,5
banjoists,9,3,2,5,4,3,7
banjos,6,4,4,8,3,6,9
bank,4,4,6,10,4,7,11
bank's,6,6,6,12,6,6,12
bankbook,8,3,4,7,3,4,7
bankbook's,10,5,2,7,5,2,7
bankbooks,9,4,2,6,4,2,6
banked,6,6,4,10,6,4,10
banker,6,6,5,11,6,5,11
banker's,8,7,4,11,7,4,11
bankers,7,7,3,10,7,4,11
banking,7,6,4,10,6,4,10
banking's,9,7,2,9,7,2,9
banknote,8,4,2,6,4,2,6
banknote's,10,6,1,7,4,2,6
banknotes,9,5,1,6,5,1,6
bankroll,8,5,4,9,6,3,9
bankroll's,10,7,2,9,8,1,9
bankrolled,10,7,1,8,5,1,6
bankrolling,11,8,1,9,5,3,8
bankrolls,9,5,2,7,4,2,6
bankrupt,8,5,4,9,2,5,7
bankrupt's,10,7,3,10,3,4,7
bankruptcies,12,4,0,4,3,1,4
bankruptcy,10,2,4,6,2,3,5
bankruptcy's,12,3,2,5,3,2,5
bankrupted,10,5,2,7,5,2,7
bankrupting,11,7,2,9,4,2,6
bankrupts,9,5,4,9,4,5,9
banks,5,5,4,9,5,5,10
banned,6,5,3,8,5,4,9
banner,6,5,2,7,5,3,8
banner's,8,7,1,8,7,1,8
banners,7,6,1,7,6,2,8
banning,7,5,3,8,5,3,8
bannister,9,5,0,5,5,0,5
bannister's,11,6,0,6,5,0,5
bannisters,10,5,0,5,5,0,5
banns,5,3,4,7,3,4,7
banns's,7,3,6,9,4,2,6
banquet,7,3,4,7,3,4,7
banquet's,9,5,2,7,4,2,6
banqueted,9,3,2,5,2,2,4
banqueting,10,7,1,8,4,2,6
banquets,8,5,2,7,5,3,8
bans,4,4,7,11,4,7,11
banshee,7,2,1,3,3,1,4
banshee's,9,3,1,4,3,1,4
banshees,8,3,0,3,2,1,3
bantam,6,3,3,6,3,3,6
bantam's,8,5,2,7,5,2,7
bantams,7,4,2,6,4,2,6
bantamweight,12,2,1,3,2,1,3
bantamweight's,14,5,0,5,3,0,3
bantamweights,13,4,0,4,3,0,3
banter,6,5,4,9,5,4,9
banter's,8,7,2,9,7,2,9
bantered,8,7,1,8,7,1,8
bantering,9,8,1,9,8,1,9
banters,7,7,1,8,7,2,9
banyan,6,3,2,5,2,3,5
banyan's,8,5,1,6,4,2,6
banyans,7,4,2,6,3,3,6
baobab,6,1,8,9,2,7,9
baobab's,8,3,7,10,4,6,10
baobabs,7,3,6,9,3,5,8
baptism,7,3,2,5,3,2,5
baptism's,9,5,1,6,4,1,5
baptismal,9,3,1,4,3,1,4
baptisms,8,2,2,4,4,2,6
baptist,7,4,2,6,4,2,6
baptisteries,12,2,0,2,2,0,2
baptistery,10,3,1,4,4,0,4
baptistery's,12,5,0,5,4,0,4
baptistries,11,4,0,4,3,0,3
baptistry,9,3,2,5,3,2,5
baptistry's,11,4,1,5,4,1,5
baptists,8,4,2,6,4,2,6
baptize,7,4,3,7,4,3,7
baptized,8,5,2,7,4,3,7
baptizes,8,5,2,7,5,2,7
baptizing,9,3,4,7,3,4,7
bar,3,3,8,11,3,7,10
bar's,5,4,9,13,5,10,15
barb,4,3,8,11,3,8,11
barb's,6,5,6,11,5,6,11
barbacoa,8,2,3,5,1,5,6
barbarian,9,4,3,7,5,3,8
barbarian's,11,6,2,8,5,1,6
barbarians,10,5,2,7,6,2,8
barbaric,8,3,2,5,3,3,6
barbarism,9,5,2,7,4,2,6
barbarism's,11,6,1,7,4,2,6
barbarisms,10,3,2,5,4,2,6
barbarities,11,5,0,5,5,0,5
barbarity,9,2,4,6,5,3,8
barbarity's,11,6,2,8,7,2,9
barbarous,9,3,2,5,4,2,6
barbarously,11,6,1,7,5,1,6
barbecue,8,3,2,5,6,3,9
barbecue's,10,6,0,6,8,0,8
barbecued,9,5,1,6,7,1,8
barbecues,9,7,1,8,7,0,7
barbecuing,10,7,1,8,9,2,11
barbed,6,5,2,7,5,0,5
barbell,7,5,2,7,5,1,6
barbell's,9,7,1,8,7,0,7
barbells,8,4,2,6,4,2,6
barbeque,8,2,3,5,5,4,9
barbeque's,10,5,1,6,7,1,8
barbequed,9,5,2,7,6,2,8
barbeques,9,6,2,8,6,1,7
barbequing,10,7,2,9,8,3,11
barber,6,4,0,4,4,0,4
barber's,8,6,0,6,6,0,6
barbered,8,5,1,6,4,1,5
barbering,9,6,1,7,6,1,7
barberries,10,3,0,3,3,0,3
barberry,8,4,2,6,3,1,4
barberry's,10,6,1,7,4,1,5
barbers,7,5,0,5,5,0,5
barbershop,10,4,1,5,2,2,4
barbershop's,12,5,1,6,2,2,4
barbershops,11,3,1,4,3,1,4
barbing,7,6,6,12,6,5,11
barbiturate,11,3,1,4,3,1,4
barbiturate's,13,4,0,4,5,0,5
barbiturates,12,4,0,4,5,0,5
barbs,5,4,4,8,4,4,8
bard,4,4,8,12,4,8,12
bard's,6,6,6,12,6,6,12
bards,5,5,4,9,5,4,9
bare,4,4,4,8,4,3,7
bareback,8,3,3,6,2,4,6
bared,5,5,2,7,5,2,7
barefaced,9,5,1,6,4,1,5
barefoot,8,3,2,5,4,2,6
barefooted,10,3,2,5,3,2,5
barehanded,10,3,1,4,3,1,4
bareheaded,10,2,1,3,2,1,3
barely,6,5,2,7,5,2,7
bareness,8,5,1,6,5,1,6
bareness's,10,6,1,7,6,1,7
barer,5,4,2,6,4,2,6
bares,5,5,2,7,5,1,6
barest,6,4,3,7,4,3,7
barf,4,4,8,12,4,8,12
barf's,6,6,6,12,6,6,12
barfed,6,6,2,8,6,0,6
barfing,7,7,6,13,7,5,12
barfs,5,5,5,10,5,5,10
bargain,7,5,2,7,3,2,5
bargain's,9,5,1,6,5,1,6
bargained,9,4,2,6,6,1,7
bargainer,9,4,2,6,3,3,6
bargaining,10,4,2,6,4,2,6
bargains,8,6,2,8,6,2,8
barge,5,4,5,9,4,5,9
barge's,7,7,2,9,7,2,9
barged,6,5,3,8,6,1,7
barges,6,5,4,9,5,4,9
barging,7,5,4,9,5,2,7
baring,6,6,3,9,6,3,9
barista,7,4,1,5,3,1,4
barista's,9,5,0,5,4,0,4
baristas,8,2,2,4,3,2,5
baritone,8,4,1,5,4,1,5
baritone's,10,6,0,6,6,0,6
baritones,9,5,0,5,5,0,5
barium,6,3,4,7,3,4,7
barium's,8,7,4,11,6,4,10
bark,4,4,6,10,4,6,10
bark's,6,6,5,11,6,5,11
barked,6,6,0,6,5,2,7
barker,6,5,0,5,5,0,5
barker's,8,7,0,7,7,0,7
barkers,7,6,0,6,6,0,6
barking,7,6,7,13,6,6,12
barks,5,5,5,10,5,6,11
barley,6,6,5,11,6,5,11
barley's,8,8,3,11,8,3,11
barmaid,7,4,3,7,4,3,7
barmaid's,9,6,2,8,6,2,8
barmaids,8,5,3,8,5,3,8
barman,6,4,3,7,4,3,7
barn,4,3,9,12,3,9,12
barn's,6,5,7,12,5,7,12
barnacle,8,4,1,5,4,1,5
barnacle's,10,6,1,7,5,0,5
barnacles,9,5,1,6,5,1,6
barns,5,4,6,10,4,7,11
barnstorm,9,5,2,7,3,2,5
barnstormed,11,7,1,8,3,0,3
barnstorming,12,5,0,5,4,0,4
barnstorms,10,3,3,6,3,3,6
barnyard,8,5,3,8,5,4,9
barnyard's,10,5,1,6,7,2,9
barnyards,9,6,2,8,6,3,9
barometer,9,4,2,6,3,1,4
barometer's,11,6,0,6,5,0,5
barometers,10,5,0,5,4,0,4
barometric,10,2,2,4,2,2,4
baron,5,5,4,9,5,4,9
baron's,7,6,3,9,5,4,9
baroness,8,5,3,8,5,4,9
baroness's,10,6,3,9,6,4,10
baronesses,10,5,0,5,5,0,5
baronet,7,4,3,7,4,3,7
baronet's,9,6,1,7,6,1,7
baronets,8,6,1,7,6,1,7
baronial,8,3,2,5,3,2,5
barons,6,5,3,8,4,4,8
baroque,7,5,3,8,5,3,8
baroque's,9,7,2,9,5,3,8
barrack,7,3,3,6,3,2,5
barrack's,9,5,1,6,5,1,6
barracks,8,4,2,6,4,2,6
barracuda,9,2,3,5,2,3,5
barracuda's,11,3,1,4,3,1,4
barracudas,10,3,1,4,3,1,4
barrage,7,4,1,5,5,1,6
barrage's,9,6,1,7,7,0,7
barraged,8,5,2,7,5,1,6
barrages,8,5,2,7,4,2,6
barraging,9,5,2,7,5,2,7
barred,6,5,1,6,5,1,6
barrel,6,5,2,7,5,2,7
barrel's,8,7,2,9,7,2,9
barreled,8,3,1,4,3,1,4
barreling,9,5,1,6,5,1,6
barrelled,9,4,1,5,3,1,4
barrelling,10,6,1,7,6,1,7
barrels,7,6,0,6,6,0,6
barren,6,4,2,6,4,2,6
barren's,8,6,2,8,6,2,8
barrener,8,2,2,4,2,2,4
barrenest,9,4,1,5,4,1,5
barrenness,10,4,0,4,4,0,4
barrenness's,12,5,0,5,4,0,4
barrens,7,5,1,6,5,1,6
barrette,8,2,2,4,3,3,6
barrette's,10,4,0,4,3,0,3
barrettes,9,3,1,4,3,0,3
barricade,9,3,2,5,2,3,5
barricade's,11,6,0,6,4,0,4
barricaded,10,4,2,6,4,1,5
barricades,10,4,1,5,4,1,5
barricading,11,6,1,7,3,3,6
barrier,7,5,2,7,5,2,7
barrier's,9,6,1,7,6,1,7
barriers,8,6,1,7,6,0,6
barring,7,6,3,9,6,3,9
barrings,8,6,3,9,6,3,9
barrio,6,3,3,6,3,3,6
barrio's,8,6,2,8,5,2,7
barrios,7,4,2,6,4,2,6
barrister,9,3,0,3,3,0,3
barrister's,11,4,0,4,3,0,3
barristers,10,4,0,4,3,0,3
barroom,7,3,3,6,3,4,7
barroom's,9,5,2,7,5,2,7
barrooms,8,4,2,6,4,2,6
barrow,6,5,5,10,5,5,10
barrow's,8,7,3,10,7,4,11
barrows,7,6,2,8,6,2,8
bars,4,4,5,9,3,8,11
bartender,9,4,1,5,3,1,4
bartender's,11,5,0,5,4,0,4
bartenders,10,5,1,6,4,0,4
barter,6,4,1,5,4,1,5
barter's,8,6,1,7,6,1,7
bartered,8,5,1,6,4,1,5
bartering,9,7,1,8,7,1,8
barters,7,5,1,6,5,1,6
basal,5,4,2,6,4,2,6
basalt,6,2,2,4,2,2,4
basalt's,8,2,2,4,2,1,3
base,4,4,3,7,3,11,14
base's,6,5,2,7,5,2,7
baseball,8,3,1,4,4,0,4
baseball's,10,4,2,6,5,1,6
baseballs,9,4,1,5,4,0,4
baseboard,9,3,1,4,3,1,4
baseboard's,11,4,0,4,3,1,4
baseboards,10,5,0,5,5,0,5
based,5,5,2,7,5,3,8
baseless,8,5,0,5,5,0,5
baseline,8,6,1,7,6,1,7
baseline's,10,7,1,8,7,1,8
baselines,9,6,1,7,6,1,7
basely,6,4,1,5,4,1,5
baseman,7,3,2,5,3,0,3
baseman's,9,4,1,5,4,0,4
basemen,7,3,1,4,5,2,7
basement,8,7,0,7,7,0,7
basement's,10,8,0,8,8,0,8
basements,9,7,0,7,7,0,7
baseness,8,4,1,5,4,1,5
baseness's,10,2,0,2,2,0,2
baser,5,4,3,7,4,4,8
bases,5,4,1,5,4,1,5
basest,6,4,0,4,4,0,4
bash,4,4,2,6,4,3,7
bash's,6,5,3,8,5,3,8
bashed,6,6,4,10,6,5,11
bashes,6,5,2,7,5,2,7
bashful,7,5,3,8,3,3,6
bashfully,9,3,2,5,3,2,5
bashfulness,11,7,0,7,7,0,7
bashfulness's,13,8,0,8,8,0,8
bashing,7,7,1,8,7,2,9
bashing's,9,8,1,9,8,1,9
basic,5,5,2,7,5,2,7
basic's,7,6,2,8,6,2,8
basically,9,6,1,7,4,1,5
basics,6,5,2,7,2,3,5
basil,5,5,1,6,5,1,6
basil's,7,6,1,7,6,1,7
basilica,8,2,2,4,2,2,4
basilica's,10,4,1,5,3,1,4
basilicas,9,2,1,3,3,1,4
basin,5,4,3,7,4,3,7
basin's,7,5,3,8,5,3,8
basing,6,6,3,9,6,3,9
basins,6,4,3,7,3,3,6
basis,5,4,4,8,4,4,8
basis's,7,5,0,5,5,1,6
bask,4,4,4,8,4,4,8
basked,6,6,5,11,6,6,12
basket,6,6,2,8,6,2,8
basket's,8,7,1,8,7,1,8
basketball,10,3,1,4,4,1,5
basketball's,12,3,1,4,4,1,5
basketballs,11,3,0,3,3,0,3
baskets,7,6,0,6,6,0,6
basking,7,7,2,9,7,3,10
basks,5,4,3,7,4,3,7
bass,4,3,0,3,3,1,4
bass's,6,4,1,5,4,1,5
basses,6,4,3,7,4,3,7
bassi,5,4,1,5,4,2,6
bassinet,8,3,1,4,3,1,4
bassinet's,10,4,1,5,4,1,5
bassinets,9,3,2,5,5,1,6
bassist,7,1,0,1,1,1,2
bassist's,9,1,0,1,1,0,1
bassists,8,1,0,1,1,0,1
basso,5,3,2,5,3,3,6
basso's,7,5,1,6,5,1,6
bassoon,7,3,1,4,3,2,5
bassoon's,9,4,1,5,3,0,3
bassoonist,10,1,0,1,1,0,1
bassoonist's,12,1,0,1,1,0,1
bassoonists,11,2,0,2,2,0,2
bassoons,8,3,1,4,3,1,4
bassos,6,4,2,6,4,2,6
bast,4,4,2,6,4,2,6
bast's,6,5,2,7,5,2,7
bastard,7,2,3,5,2,3,5
bastard's,9,3,2,5,3,3,6
bastardize,10,3,1,4,3,1,4
bastardized,11,4,0,4,3,0,3
bastardizes,11,3,0,3,3,0,3
bastardizing,12,7,0,7,5,0,5
bastards,8,2,3,5,2,2,4
baste,5,5,0,5,5,0,5
basted,6,6,2,8,6,2,8
bastes,6,5,3,8,5,3,8
basting,7,7,0,7,7,1,8
bastion,7,6,0,6,6,1,7
bastion's,9,7,1,8,7,1,8
bastions,8,6,1,7,4,2,6
bat,3,3,4,7,3,3,6
bat's,5,5,4,9,5,4,9
batch,5,5,5,10,5,5,10
batch's,7,7,3,10,7,3,10
batched,7,7,3,10,7,3,10
batches,7,7,3,10,7,3,10
batching,8,8,5,13,8,5,13
bate,4,4,6,10,4,5,9
bated,5,5,6,11,5,6,11
bates,5,5,0,5,5,0,5
bath,4,4,5,9,4,5,9
bath's,6,6,5,11,6,4,10
bathe,5,3,5,8,3,5,8
bathe's,7,5,6,11,5,6,11
bathed,6,4,2,6,4,2,6
bather,6,6,4,10,6,4,10
bather's,8,8,3,11,8,3,11
bathers,7,7,1,8,7,1,8
bathes,6,4,6,10,4,6,10
bathhouse,9,5,0,5,5,0,5
bathhouse's,11,6,1,7,5,0,5
bathhouses,10,4,1,5,5,0,5
bathing,7,5,4,9,5,4,9
bathmat,7,3,5,8,3,4,7
bathmat's,9,5,4,9,5,3,8
bathmats,8,4,2,6,4,2,6
bathos,6,6,3,9,6,3,9
bathos's,8,7,3,10,7,4,11
bathrobe,8,4,2,6,4,2,6
bathrobe's,10,6,1,7,7,0,7
bathrobes,9,5,1,6,5,1,6
bathroom,8,5,4,9,4,4,8
bathroom's,10,7,2,9,6,2,8
bathrooms,9,6,3,9,4,4,8
baths,5,5,5,10,5,5,10
bathtub,7,3,4,7,2,6,8
bathtub's,9,5,4,9,5,4,9
bathtubs,8,4,5,9,4,4,8
batik,5,3,6,9,3,6,9
batik's,7,6,4,10,6,4,10
batiks,6,4,6,10,4,6,10
bating,6,6,4,10,6,4,10
baton,5,4,5,9,4,5,9
baton's,7,6,3,9,6,3,9
batons,6,5,3,8,5,3,8
bats,4,4,1,5,4,2,6
batsman,7,5,3,8,5,3,8
batsman's,9,6,3,9,6,3,9
batsmen,7,4,2,6,4,2,6
battalion,9,4,2,6,4,2,6
battalion's,11,4,1,5,5,1,6
battalions,10,5,2,7,4,2,6
batted,6,5,2,7,5,2,7
batten,6,5,5,10,5,5,10
batten's,8,5,3,8,5,3,8
battened,8,6,2,8,6,2,8
battening,9,7,2,9,7,2,9
battens,7,6,2,8,6,2,8
batter,6,5,1,6,5,1,6
batter's,8,7,0,7,7,0,7
battered,8,6,2,8,6,2,8
batteries,9,7,0,7,7,0,7
battering,9,8,1,9,8,1,9
batters,7,6,0,6,6,2,8
battery,7,5,3,8,6,1,7
battery's,9,7,0,7,8,0,8
battier,7,6,4,10,6,3,9
battiest,8,6,0,6,6,0,6
batting,7,6,4,10,6,4,10
batting's,9,8,5,13,8,2,10
battle,6,5,1,6,5,1,6
battle's,8,7,1,8,7,1,8
battled,7,6,3,9,6,3,9
battlefield,11,2,1,3,2,1,3
battlefield's,13,3,0,3,3,0,3
battlefields,12,2,1,3,2,1,3
battleground,12,4,2,6,2,2,4
battleground's,14,2,0,2,3,1,4
battlegrounds,13,3,0,3,4,0,4
battlement,10,5,1,6,4,1,5
battlement's,12,7,0,7,3,0,3
battlements,11,3,0,3,3,0,3
battles,7,5,3,8,6,2,8
battleship,10,5,0,5,3,1,4
battleship's,12,6,0,6,3,1,4
battleships,11,3,1,4,4,0,4
battling,8,6,3,9,7,2,9
batty,5,4,5,9,4,5,9
bauble,6,4,1,5,4,1,5
bauble's,8,6,1,7,5,1,6
baubles,7,5,1,6,5,1,6
baud,4,3,9,12,3,9,12
baud's,6,4,8,12,4,8,12
bauds,5,3,8,11,3,8,11
bauxite,7,4,5,9,3,5,8
bauxite's,9,5,4,9,5,4,9
bawdier,7,5,6,11,5,6,11
bawdiest,8,6,3,9,6,5,11
bawdily,7,6,5,11,6,4,10
bawdiness,9,7,2,9,6,4,10
bawdiness's,11,8,2,10,7,4,11
bawdy,5,4,5,9,4,5,9
bawl,4,4,4,8,4,4,8
bawl's,6,6,3,9,6,3,9
bawled,6,5,2,7,5,2,7
bawling,7,6,3,9,6,3,9
bawls,5,5,5,10,5,4,9
bay,3,3,9,12,3,10,13
bay's,5,5,9,14,5,9,14
bayberries,10,5,0,5,4,0,4
bayberry,8,3,1,4,3,1,4
bayberry's,10,5,0,5,4,1,5
bayed,5,4,10,14,4,10,14
baying,6,5,12,17,5,11,16
bayonet,7,3,3,6,3,4,7
bayonet's,9,5,2,7,5,2,7
bayoneted,9,5,2,7,4,2,6
bayoneting,10,5,1,6,6,1,7
bayonets,8,4,3,7,4,4,8
bayonetted,10,3,2,5,3,2,5
bayonetting,11,4,1,5,2,1,3
bayou,5,3,3,6,3,3,6
bayou's,7,5,4,9,5,4,9
bayous,6,4,4,8,4,4,8
bays,4,4,4,8,4,5,9
bazaar,6,1,4,5,1,4,5
bazaar's,8,3,3,6,3,3,6
bazaars,7,2,2,4,2,1,3
bazillion,9,7,2,9,7,2,9
bazillions,10,8,2,10,8,1,9
bazooka,7,2,3,5,2,3,5
bazooka's,9,4,2,6,4,2,6
bazookas,8,3,2,5,3,2,5
be,2,2,9,11,2,9,11
beach,5,5,2,7,5,5,10
beach's,7,7,0,7,7,4,11
beachcomber,11,4,2,6,3,1,4
beachcomber's,13,3,1,4,4,0,4
beachcombers,12,5,0,5,4,0,4
beached,7,5,4,9,5,3,8
beaches,7,6,4,10,6,5,11
beachhead,9,1,3,4,1,3,4
beachhead's,11,4,1,5,3,1,4
beachheads,10,3,2,5,3,2,5
beaching,8,6,4,10,6,5,11
beacon,6,6,2,8,6,2,8
beacon's,8,8,1,9,8,0,8
beacons,7,7,2,9,7,2,9
bead,4,3,5,8,3,7,10
bead's,6,6,4,10,5,4,9
beaded,6,4,3,7,4,2,6
beadier,7,6,1,7,6,0,6
beadiest,8,7,0,7,7,0,7
beading,7,7,4,11,7,4,11
beads,5,5,4,9,5,4,9
beady,5,4,5,9,4,6,10
beagle,6,4,2,6,3,5,8
beagle's,8,6,2,8,6,4,10
beagles,7,4,3,7,4,3,7
beak,4,4,6,10,4,7,11
beak's,6,6,5,11,6,6,12
beaked,6,5,3,8,5,6,11
beaker,6,5,5,10,5,5,10
beaker's,8,5,5,10,6,5,11
beakers,7,6,2,8,6,2,8
beaks,5,5,5,10,5,5,10
beam,4,3,7,10,3,8,11
beam's,6,6,6,12,5,7,12
beamed,6,5,4,9,4,7,11
beaming,7,5,7,12,5,6,11
beams,5,5,6,11,5,6,11
bean,4,4,4,8,4,3,7
bean's,6,6,2,8,6,4,10
beanbag,7,3,2,5,2,2,4
beanbag's,9,5,0,5,4,1,5
beanbags,8,4,2,6,4,2,6
beaned,6,4,5,9,5,4,9
beaning,7,6,1,7,6,1,7
beans,5,5,7,12,5,7,12
bear,4,4,1,5,4,2,6
bear's,6,6,1,7,6,1,7
bearable,8,4,1,5,3,1,4
beard,5,5,2,7,5,2,7
beard's,7,6,2,8,6,1,7
bearded,7,4,1,5,4,0,4
bearding,8,7,2,9,7,2,9
beards,6,5,2,7,5,2,7
bearer,6,4,0,4,4,1,5
bearer's,8,6,0,6,6,0,6
bearers,7,5,0,5,5,0,5
bearing,7,7,2,9,7,2,9
bearing's,9,9,1,10,8,2,10
bearings,8,8,2,10,8,2,10
bearish,7,4,0,4,4,1,5
bears,5,5,1,6,5,1,6
bearskin,8,4,0,4,3,0,3
bearskin's,10,6,0,6,6,0,6
bearskins,9,6,0,6,4,1,5
beast,5,5,0,5,5,0,5
beast's,7,6,0,6,6,0,6
beastlier,9,4,0,4,3,1,4
beastliest,10,4,0,4,2,0,2
beastliness,11,2,0,2,2,0,2
beastliness's,13,3,0,3,2,0,2
beastly,7,4,1,5,4,1,5
beastly's,9,2,1,3,2,1,3
beasts,6,5,1,6,5,1,6
beat,4,4,2,6,4,4,8
beat's,6,5,7,12,6,3,9
beaten,6,4,4,8,4,4,8
beater,6,5,1,6,5,2,7
beater's,8,7,1,8,7,2,9
beaters,7,6,0,6,6,0,6
beatific,8,3,1,4,2,2,4
beatification,13,8,1,9,8,1,9
beatification's,15,10,0,10,10,0,10
beatifications,14,9,0,9,9,0,9
beatified,9,3,2,5,3,2,5
beatifies,9,5,1,6,3,1,4
beatify,7,3,4,7,2,5,7
beatifying,10,7,2,9,7,2,9
beating,7,7,3,10,7,3,10
beating's,9,7,2,9,7,3,10
beatings,8,7,3,10,7,3,10
beatitude,9,3,1,4,2,3,5
beatitude's,11,5,0,5,4,2,6
beatitudes,10,4,1,5,4,0,4
beatnik,7,5,2,7,3,1,4
beatnik's,9,7,1,8,6,1,7
beatniks,8,4,2,6,4,2,6
beats,5,5,5,10,5,4,9
beau,4,4,5,9,4,6,10
beau's,6,6,3,9,6,5,11
beaus,5,4,8,12,4,8,12
beauteous,9,3,1,4,5,2,7
beauteously,11,5,0,5,3,0,3
beautician,10,4,1,5,4,1,5
beautician's,12,4,0,4,4,0,4
beauticians,11,5,0,5,5,0,5
beauties,8,6,2,8,6,2,8
beautification,14,4,1,5,2,1,3
beautification's,16,6,0,6,3,0,3
beautified,10,3,2,5,4,3,7
beautifier,10,3,2,5,3,2,5
beautifier's,12,5,0,5,4,0,4
beautifiers,11,4,1,5,4,0,4
beautifies,10,4,1,5,4,0,4
beautiful,9,4,1,5,4,1,5
beautifully,11,3,1,4,4,1,5
beautify,8,4,2,6,3,3,6
beautifying,11,5,1,6,4,1,5
beauty,6,5,4,9,5,4,9
beauty's,8,7,3,10,7,3,10
beaux,5,2,6,8,3,7,10
beaver,6,4,6,10,4,6,10
beaver's,8,6,4,10,6,4,10
beavered,8,4,2,6,3,3,6
beavering,9,6,2,8,4,3,7
beavers,7,5,3,8,5,3,8
bebop,5,3,6,9,2,6,8
bebop's,7,5,5,10,4,5,9
bebops,6,4,4,8,3,5,8
becalm,6,5,4,9,5,4,9
becalmed,8,4,3,7,3,2,5
becalming,9,5,3,8,5,3,8
becalms,7,5,3,8,5,3,8
became,6,4,2,6,5,6,11
because,7,2,1,3,2,4,6
beck,4,4,7,11,4,7,11
beck's,6,6,4,10,5,4,9
beckon,6,4,4,8,4,4,8
beckoned,8,5,2,7,4,3,7
beckoning,9,8,1,9,8,1,9
beckons,7,5,2,7,4,4,8
becks,5,5,6,11,3,8,11
become,6,4,5,9,4,7,11
becomes,7,4,3,7,2,7,9
becoming,8,5,5,10,5,6,11
becomingly,10,7,1,8,6,2,8
bed,3,3,7,10,3,7,10
bed's,5,5,4,9,5,4,9
bedazzle,8,3,2,5,3,2,5
bedazzled,9,3,1,4,3,1,4
bedazzles,9,4,2,6,4,2,6
bedazzling,10,5,2,7,5,2,7
bedbug,6,2,6,8,2,6,8
bedbug's,8,6,5,11,4,6,10
bedbugs,7,5,4,9,5,4,9
bedclothes,10,5,2,7,3,2,5
bedclothes's,12,2,1,3,2,1,3
bedded,6,3,1,4,3,0,3
bedder,6,4,1,5,4,0,4
bedding,7,6,4,10,6,4,10
bedding's,9,7,3,10,8,1,9
bedeck,6,2,2,4,2,2,4
bedecked,8,2,1,3,2,1,3
bedecking,9,5,2,7,5,3,8
bedecks,7,3,2,5,3,2,5
bedevil,7,2,3,5,2,3,5
bedeviled,9,4,1,5,4,1,5
bedeviling,10,4,1,5,4,1,5
bedevilled,10,3,1,4,3,1,4
bedevilling,11,4,2,6,3,1,4
bedevilment,11,2,2,4,2,1,3
bedevilment's,13,6,0,6,3,0,3
bedevils,8,4,2,6,3,2,5
bedfellow,9,2,3,5,2,3,5
bedfellow's,11,3,2,5,3,2,5
bedfellows,10,2,2,4,3,1,4
bedlam,6,4,4,8,4,4,8
bedlam's,8,6,3,9,6,3,9
bedlams,7,5,3,8,5,3,8
bedpan,6,4,3,7,4,3,7
bedpan's,8,6,2,8,6,1,7
bedpans,7,6,3,9,6,3,9
bedraggle,9,3,2,5,3,1,4
bedraggled,10,2,1,3,2,1,3
bedraggles,10,4,0,4,4,1,5
bedraggling,11,3,1,4,3,1,4
bedridden,9,2,1,3,2,1,3
bedrock,7,6,3,9,5,4,9
bedrock's,9,8,2,10,7,1,8
bedrocks,8,7,1,8,6,2,8
bedroll,7,5,4,9,6,3,9
bedroll's,9,7,3,10,8,0,8
bedrolls,8,6,2,8,7,1,8
bedroom,7,5,3,8,5,2,7
bedroom's,9,7,2,9,7,0,7
bedrooms,8,6,1,7,6,1,7
beds,4,4,4,8,4,3,7
bedside,7,4,0,4,2,4,6
bedside's,9,4,1,5,4,1,5
bedsides,8,4,0,4,4,0,4
bedsore,7,3,2,5,3,1,4
bedsore's,9,4,1,5,4,1,5
bedsores,8,4,0,4,4,0,4
bedspread,9,3,0,3,2,1,3
bedspread's,11,2,0,2,2,0,2
bedspreads,10,3,1,4,3,0,3
bedstead,8,4,0,4,3,0,3
bedstead's,10,5,0,5,3,0,3
bedsteads,9,2,1,3,2,1,3
bedtime,7,2,4,6,3,3,6
bedtime's,9,4,3,7,4,3,7
bedtimes,8,6,2,8,6,2,8
bee,3,2,4,6,2,4,6
bee's,5,4,6,10,4,6,10
beech,5,4,2,6,4,2,6
beech's,7,6,0,6,6,1,7
beeches,7,5,0,5,5,1,6
beechnut,8,2,1,3,2,1,3
beechnut's,10,4,0,4,3,0,3
beechnuts,9,2,1,3,2,1,3
beef,4,3,7,10,3,6,9
beef's,6,4,5,9,4,5,9
beefburger,10,2,1,3,2,1,3
beefed,6,3,4,7,3,4,7
beefier,7,4,3,7,4,1,5
beefiest,8,5,1,6,5,1,6
beefing,7,4,6,10,5,5,10
beefs,5,2,7,9,2,7,9
beefsteak,9,2,0,2,2,0,2
beefsteak's,11,2,0,2,2,0,2
beefsteaks,10,2,0,2,2,0,2
beefy,5,3,2,5,3,2,5
beehive,7,4,1,5,4,1,5
beehive's,9,6,0,6,6,0,6
beehives,8,5,0,5,5,0,5
beekeeper,9,1,1,2,1,1,2
beekeeper's,11,2,0,2,2,0,2
beekeepers,10,2,0,2,2,0,2
beekeeping,10,1,1,2,1,1,2
beekeeping's,12,2,0,2,2,0,2
beeline,7,3,2,5,3,2,5
beeline's,9,5,1,6,5,1,6
beelines,8,4,1,5,4,1,5
been,4,2,8,10,2,7,9
beep,4,3,3,6,3,2,5
beep's,6,5,2,7,5,2,7
beeped,6,4,1,5,4,0,4
beeper,6,4,1,5,4,1,5
beeper's,8,6,0,6,6,0,6
beepers,7,5,0,5,5,0,5
beeping,7,6,1,7,6,0,6
beeps,5,4,1,5,4,1,5
beer,4,3,2,5,3,3,6
beer's,6,5,1,6,5,1,6
beers,5,4,5,9,4,5,9
bees,4,3,3,6,3,2,5
beeswax,7,2,0,2,2,1,3
beeswax's,9,2,0,2,2,0,2
beet,4,3,6,9,3,5,8
beet's,6,5,4,9,5,4,9
beetle,6,3,0,3,3,0,3
beetle's,8,5,0,5,3,0,3
beetled,7,3,2,5,3,2,5
beetles,7,4,1,5,4,2,6
beetling,8,5,1,6,2,1,3
beets,5,4,4,8,4,4,8
beeves,6,4,3,7,4,3,7
befall,6,2,4,6,2,4,6
befallen,8,4,3,7,2,4,6
befalling,9,7,2,9,7,2,9
befalls,7,3,3,6,3,3,6
befell,6,2,5,7,2,5,7
befit,5,4,5,9,3,5,8
befits,6,5,4,9,5,5,10
befitted,8,3,4,7,3,4,7
befitting,9,7,1,8,7,1,8
befog,5,4,6,10,2,7,9
befogged,8,5,2,7,5,3,8
befogging,9,5,1,6,5,1,6
befogs,6,4,4,8,4,6,10
before,6,3,4,7,4,2,6
beforehand,10,3,1,4,2,1,3
befoul,6,2,4,6,2,4,6
befouled,8,5,3,8,5,2,7
befouling,9,5,2,7,5,2,7
befouls,7,5,3,8,5,3,8
befriend,8,2,1,3,2,1,3
befriended,10,2,1,3,2,1,3
befriending,11,2,1,3,3,1,4
befriends,9,3,2,5,3,1,4
befuddle,8,2,4,6,2,4,6
befuddled,9,2,1,3,2,1,3
befuddles,9,3,3,6,3,3,6
befuddling,10,5,2,7,5,2,7
beg,3,3,8,11,3,8,11
began,5,5,3,8,5,4,9
begat,5,3,5,8,5,4,9
beget,5,2,5,7,2,5,7
begets,6,2,4,6,3,3,6
begetting,9,3,1,4,4,1,5
beggar,6,3,4,7,3,4,7
beggar's,8,5,3,8,5,3,8
beggared,8,3,2,5,3,2,5
beggaring,9,4,1,5,4,1,5
beggarly,8,4,3,7,4,2,6
beggars,7,4,3,7,4,3,7
begged,6,3,7,10,3,7,10
begging,7,5,1,6,5,1,6
begin,5,4,3,7,5,3,8
beginner,8,3,3,6,3,2,5
beginner's,10,5,0,5,4,0,4
beginners,9,4,2,6,4,1,5
beginning,9,3,1,4,3,1,4
beginning's,11,5,0,5,4,0,4
beginnings,10,3,3,6,4,1,5
begins,6,4,4,8,5,3,8
begone,6,3,6,9,2,4,6
begonia,7,5,2,7,5,1,6
begonia's,9,7,1,8,7,1,8
begonias,8,6,2,8,6,2,8
begot,5,4,6,10,4,5,9
begotten,8,3,4,7,3,3,6
begrudge,8,2,4,6,2,3,5
begrudged,9,3,1,4,3,1,4
begrudges,9,3,3,6,3,3,6
begrudging,10,4,1,5,4,1,5
begrudgingly,12,3,1,4,2,2,4
begs,4,4,2,6,4,1,5
beguile,7,4,3,7,3,3,6
beguiled,8,6,3,9,5,2,7
beguiles,8,4,2,6,4,2,6
beguiling,9,4,1,5,4,1,5
beguilingly,11,2,2,4,2,1,3
begun,5,3,7,10,4,5,9
behalf,6,4,5,9,4,5,9
behalf's,8,4,3,7,4,3,7
behalves,8,4,1,5,4,1,5
behave,6,3,5,8,2,7,9
behaved,7,3,4,7,3,3,6
behaves,7,5,5,10,3,5,8
behaving,8,7,4,11,6,5,11
behavior,8,3,3,6,3,3,6
behavior's,10,6,1,7,5,1,6
behavioral,10,4,1,5,4,1,5
behead,6,5,3,8,3,2,5
beheaded,8,2,1,3,2,1,3
beheading,9,5,2,7,5,3,8
beheads,7,5,2,7,4,3,7
beheld,6,4,4,8,3,3,6
behemoth,8,2,3,5,2,3,5
behemoth's,10,4,2,6,3,2,5
behemoths,9,2,3,5,2,3,5
behest,6,3,2,5,4,1,5
behest's,8,4,2,6,4,1,5
behests,7,2,3,5,3,2,5
behind,6,3,4,7,3,4,7
behind's,8,5,2,7,6,1,7
behinds,7,4,2,6,4,2,6
behold,6,3,5,8,3,5,8
beholden,8,3,2,5,3,2,5
beholder,8,6,1,7,6,2,8
beholder's,10,6,1,7,5,1,6
beholders,9,7,1,8,7,0,7
beholding,9,6,2,8,6,2,8
beholds,7,4,4,8,4,4,8
behoove,7,1,5,6,1,5,6
behooved,8,4,2,6,4,3,7
behooves,8,3,3,6,3,3,6
behooving,9,4,4,8,4,4,8
beige,5,3,5,8,2,7,9
beige's,7,5,4,9,4,6,10
being,5,4,4,8,4,5,9
being's,7,6,3,9,6,4,10
beings,6,5,2,7,5,2,7
belabor,7,3,2,5,3,2,5
belabored,9,3,1,4,3,1,4
belaboring,10,5,1,6,5,1,6
belabors,8,4,1,5,4,1,5
belated,7,6,2,8,6,1,7
belatedly,9,2,1,3,2,1,3
belay,5,5,1,6,4,3,7
belayed,7,5,3,8,5,2,7
belaying,8,7,3,10,7,3,10
belays,6,6,1,7,4,5,9
belch,5,5,8,13,4,4,8
belch's,7,6,4,10,6,3,9
belched,7,5,3,8,5,2,7
belches,7,6,2,8,6,2,8
belching,8,6,4,10,6,4,10
beleaguer,9,3,2,5,2,2,4
beleaguered,11,1,2,3,1,1,2
beleaguering,12,4,1,5,4,1,5
beleaguers,10,4,1,5,4,0,4
belfries,8,5,0,5,5,1,6
belfry,6,4,3,7,4,3,7
belfry's,8,6,2,8,5,2,7
belie,5,3,5,8,3,2,5
belied,6,3,3,6,5,1,6
belief,6,2,5,7,2,5,7
belief's,8,4,2,6,4,3,7
beliefs,7,4,3,7,4,3,7
belies,6,3,4,7,4,2,6
believable,10,1,2,3,1,2,3
believe,7,5,1,6,5,1,6
believed,8,3,2,5,3,2,5
believer,8,3,2,5,3,2,5
believer's,10,3,0,3,3,0,3
believers,9,3,1,4,3,1,4
believes,8,3,1,4,3,1,4
believing,9,7,1,8,7,1,8
belittle,8,2,3,5,2,3,5
belittled,9,4,2,6,4,2,6
belittles,9,4,0,4,4,0,4
belittling,10,5,1,6,3,1,4
bell,4,3,2,5,3,1,4
bell's,6,5,2,7,5,1,6
belladonna,10,2,2,4,2,2,4
belladonna's,12,3,0,3,3,1,4
bellboy,7,4,3,7,3,3,6
bellboy's,9,6,2,8,5,2,7
bellboys,8,5,3,8,4,3,7
belle,5,2,7,9,2,2,4
belle's,7,4,5,9,4,2,6
belled,6,4,1,5,4,1,5
belles,6,3,5,8,3,3,6
bellhop,7,4,3,7,3,4,7
bellhop's,9,6,2,8,5,3,8
bellhops,8,5,3,8,4,3,7
bellicose,9,4,0,4,4,0,4
bellicosity,11,3,0,3,3,0,3
bellicosity's,13,2,0,2,2,0,2
bellied,7,5,2,7,5,1,6
bellies,7,5,1,6,5,2,7
belligerence,12,2,1,3,2,1,3
belligerence's,14,2,1,3,3,0,3
belligerency,12,2,1,3,2,1,3
belligerency's,14,2,1,3,3,0,3
belligerent,11,5,1,6,2,1,3
belligerent's,13,6,0,6,3,0,3
belligerently,13,2,1,3,2,1,3
belligerents,12,5,0,5,4,0,4
belling,7,6,1,7,6,1,7
bellow,6,5,3,8,5,3,8
bellow's,8,7,2,9,7,2,9
bellowed,8,4,3,7,6,2,8
bellowing,9,8,2,10,8,2,10
bellows,7,6,3,9,6,3,9
bells,5,4,5,9,4,4,8
bellwether,10,2,1,3,2,1,3
bellwether's,12,3,0,3,3,0,3
bellwethers,11,3,1,4,3,0,3
belly,5,4,7,11,4,4,8
belly's,7,6,4,10,6,3,9
bellyache,9,3,1,4,3,2,5
bellyache's,11,5,0,5,5,1,6
bellyached,10,3,2,5,4,3,7
bellyaches,10,4,1,5,4,1,5
bellyaching,11,5,2,7,5,2,7
bellybutton,11,2,2,4,2,2,4
bellybutton's,13,2,0,2,3,1,4
bellybuttons,12,3,2,5,3,2,5
bellyful,8,2,4,6,2,4,6
bellyful's,10,4,3,7,3,3,6
bellyfuls,9,3,4,7,3,3,6
bellying,8,7,3,10,7,3,10
belong,6,5,4,9,5,4,9
belonged,8,5,2,7,4,2,6
belonging,9,5,1,6,5,1,6
belonging's,11,5,0,5,4,0,4
belongings,10,4,2,6,4,1,5
belongs,7,4,4,8,4,4,8
beloved,7,4,4,8,4,3,7
beloved's,9,5,1,6,3,3,6
beloveds,8,3,2,5,3,2,5
below,5,3,7,10,3,6,9
belt,4,4,3,7,4,2,6
belt's,6,6,3,9,6,2,8
belted,6,5,1,6,5,1,6
belting,7,7,1,8,7,1,8
belts,5,5,4,9,5,3,8
beltway,7,3,4,7,2,5,7
beltway's,9,5,2,7,4,4,8
beltways,8,4,3,7,4,3,7
belying,7,7,2,9,7,2,9
bemoan,6,4,2,6,4,2,6
bemoaned,8,4,4,8,4,4,8
bemoaning,9,5,1,6,5,1,6
bemoans,7,4,2,6,4,2,6
bemuse,6,3,4,7,2,5,7
bemused,7,3,1,4,2,5,7
bemuses,7,4,3,7,4,3,7
bemusing,8,7,1,8,7,1,8
bench,5,4,9,13,5,3,8
bench's,7,7,2,9,7,2,9
benched,7,4,3,7,4,2,6
benches,7,5,5,10,6,4,10
benching,8,5,1,6,5,2,7
benchmark,9,3,2,5,3,2,5
benchmark's,11,4,1,5,4,1,5
benchmarks,10,3,3,6,4,1,5
bend,4,4,4,8,4,4,8
bend's,6,6,2,8,6,4,10
bender,6,5,1,6,5,0,5
bending,7,6,1,7,6,1,7
bends,5,5,2,7,5,3,8
beneath,7,4,2,6,4,2,6
benediction,11,2,1,3,3,1,4
benediction's,13,5,0,5,4,0,4
benedictions,12,8,0,8,4,0,4
benefaction,11,5,1,6,4,1,5
benefaction's,13,6,0,6,5,0,5
benefactions,12,8,0,8,5,0,5
benefactor,10,4,1,5,4,1,5
benefactor's,12,5,0,5,5,0,5
benefactors,11,4,0,4,4,0,4
benefactress,12,2,0,2,2,0,2
benefactress's,14,2,0,2,2,0,2
benefactresses,14,2,0,2,2,0,2
benefice,8,2,4,6,1,4,5
benefice's,10,4,2,6,3,3,6
beneficence,11,2,2,4,3,1,4
beneficence's,13,3,1,4,4,0,4
beneficent,10,5,1,6,5,1,6
beneficently,12,2,1,3,2,1,3
benefices,9,3,2,5,3,2,5
beneficial,10,3,1,4,3,1,4
beneficially,12,4,1,5,4,1,5
beneficiaries,13,2,1,3,3,0,3
beneficiary,11,2,1,3,2,1,3
beneficiary's,13,2,1,3,3,0,3
benefit,7,4,2,6,4,2,6
benefit's,9,5,2,7,5,2,7
benefited,9,3,2,5,3,2,5
benefiting,10,5,1,6,4,1,5
benefits,8,4,2,6,5,2,7
benefitted,10,3,1,4,3,1,4
benefitting,11,5,1,6,3,1,4
benevolence,11,1,2,3,3,1,4
benevolence's,13,3,1,4,4,0,4
benevolences,12,2,0,2,2,0,2
benevolent,10,4,2,6,4,2,6
benevolently,12,1,2,3,1,2,3
benighted,9,4,2,6,4,2,6
benign,6,2,5,7,3,4,7
benignly,8,4,1,5,4,1,5
bent,4,4,4,8,4,4,8
bent's,6,6,3,9,6,4,10
bents,5,5,4,9,5,4,9
benumb,6,3,4,7,3,3,6
benumbed,8,3,2,5,3,3,6
benumbing,9,4,1,5,4,1,5
benumbs,7,4,3,7,4,3,7
benzene,7,2,2,4,2,0,2
benzene's,9,4,0,4,3,0,3
bequeath,8,2,3,5,2,3,5
bequeathed,10,1,2,3,1,2,3
bequeathing,11,5,2,7,1,2,3
bequeaths,9,3,2,5,4,2,6
bequest,7,6,2,8,6,2,8
bequest's,9,7,1,8,7,0,7
bequests,8,6,1,7,6,1,7
berate,6,4,2,6,4,1,5
berated,7,5,1,6,5,0,5
berates,7,5,1,6,4,1,5
berating,8,7,1,8,6,1,7
bereave,7,2,2,4,2,1,3
bereaved,8,3,1,4,3,1,4
bereavement,11,1,2,3,1,1,2
bereavement's,13,3,0,3,2,0,2
bereavements,12,2,0,2,2,0,2
bereaves,8,4,0,4,3,0,3
bereaving,9,5,1,6,5,1,6
bereft,6,3,4,7,3,4,7
beret,5,2,3,5,2,3,5
beret's,7,4,2,6,4,2,6
berets,6,3,1,4,3,1,4
berg,4,4,4,8,4,3,7
berg's,6,6,3,9,6,3,9
bergs,5,5,4,9,5,4,9
beriberi,8,2,1,3,2,1,3
beriberi's,10,4,2,6,4,2,6
berm,4,3,6,9,3,5,8
berm's,6,5,5,10,5,5,10
berms,5,4,5,9,4,5,9
berried,7,5,1,6,5,0,5
berries,7,5,0,5,5,1,6
berry,5,4,2,6,4,1,5
berry's,7,6,1,7,6,0,6
berrying,8,7,1,8,7,1,8
berserk,7,3,0,3,3,0,3
berth,5,3,4,7,3,3,6
berth's,7,5,3,8,5,2,7
berthed,7,4,1,5,4,0,4
berthing,8,6,1,7,7,2,9
berths,6,5,5,10,5,2,7
beryl,5,3,2,5,3,1,4
beryl's,7,5,1,6,5,0,5
beryllium,9,3,3,6,3,2,5
beryllium's,11,5,1,6,4,2,6
beryls,6,2,6,8,4,3,7
beseech,7,2,1,3,2,0,2
beseeched,9,2,0,2,2,0,2
beseeches,9,2,0,2,2,0,2
beseeching,10,5,0,5,4,0,4
beset,5,4,0,4,4,0,4
besets,6,2,1,3,4,0,4
besetting,9,5,1,6,2,1,3
beside,6,5,2,7,5,2,7
besides,7,2,2,4,3,1,4
besiege,7,3,0,3,2,2,4
besieged,8,3,1,4,3,1,4
besieger,8,2,1,3,2,1,3
besieger's,10,2,0,2,2,0,2
besiegers,9,2,0,2,2,0,2
besieges,8,2,0,2,2,0,2
besieging,9,4,0,4,3,1,4
besmirch,8,4,0,4,4,0,4
besmirched,10,3,1,4,3,1,4
besmirches,10,4,0,4,4,0,4
besmirching,11,2,1,3,2,1,3
besom,5,5,1,6,3,2,5
besom's,7,4,2,6,4,2,6
besoms,6,5,1,6,3,2,5
besot,5,4,2,6,3,1,4
besots,6,4,2,6,3,1,4
besotted,8,4,0,4,4,0,4
besotting,9,3,0,3,3,0,3
besought,8,5,1,6,4,2,6
bespeak,7,4,2,6,3,2,5
bespeaking,10,6,1,7,6,1,7
bespeaks,8,2,3,5,2,3,5
bespoke,7,3,2,5,2,4,6
bespoken,8,4,1,5,2,2,4
best,4,4,1,5,4,0,4
best's,6,5,0,5,5,0,5
bested,6,5,2,7,5,0,5
bestial,7,5,1,6,5,1,6
bestiality,10,2,1,3,2,1,3
bestiality's,12,2,0,2,2,0,2
bestiaries,10,3,0,3,3,0,3
bestiary,8,5,1,6,5,1,6
bestiary's,10,5,0,5,4,0,4
besting,7,7,2,9,7,0,7
bestir,6,4,1,5,4,1,5
bestirred,9,5,0,5,5,0,5
bestirring,10,5,1,6,5,1,6
bestirs,7,5,0,5,5,0,5
bestow,6,4,1,5,4,1,5
bestowal,8,4,1,5,4,1,5
bestowal's,10,5,1,6,7,0,7
bestowals,9,4,1,5,4,1,5
bestowed,8,6,0,6,4,1,5
bestowing,9,8,0,8,7,1,8
bestows,7,4,1,5,4,1,5
bestrid,7,4,2,6,4,0,4
bestridden,10,3,0,3,4,0,4
bestride,8,7,0,7,7,0,7
bestrides,9,4,0,4,4,0,4
bestriding,10,6,0,6,5,0,5
bestrode,8,6,1,7,6,1,7
bests,5,4,1,5,4,1,5
bestseller,10,2,0,2,2,0,2
bestseller's,12,2,0,2,2,0,2
bestsellers,11,2,0,2,2,0,2
bet,3,3,5,8,3,3,6
bet's,5,5,4,9,5,5,10
beta,4,4,4,8,4,4,8
beta's,6,6,4,10,6,4,10
betake,6,5,1,6,2,4,6
betaken,7,6,3,9,6,4,10
betakes,7,4,6,10,3,5,8
betaking,8,6,5,11,6,4,10
betas,5,4,2,6,4,2,6
betcha,6,3,4,7,3,4,7
bethink,7,7,2,9,7,2,9
bethinking,10,8,1,9,8,1,9
bethinks,8,8,3,11,8,3,11
bethought,9,7,3,10,7,3,10
betide,6,4,3,7,4,3,7
betided,7,3,2,5,3,1,4
betides,7,3,2,5,3,1,4
betiding,8,5,2,7,5,2,7
betoken,7,5,4,9,5,5,10
betokened,9,3,3,6,3,3,6
betokening,10,5,1,6,2,2,4
betokens,8,4,3,7,4,3,7
betook,6,2,6,8,3,5,8
betray,6,4,1,5,4,1,5
betrayal,8,6,2,8,4,2,6
betrayal's,10,8,0,8,4,0,4
betrayals,9,3,2,5,3,2,5
betrayed,8,3,1,4,3,1,4
betrayer,8,3,2,5,3,2,5
betrayer's,10,3,0,3,3,0,3
betrayers,9,3,1,4,3,0,3
betraying,9,8,1,9,8,1,9
betrays,7,5,1,6,6,1,7
betroth,7,4,4,8,4,2,6
betrothal,9,4,2,6,3,2,5
betrothal's,11,5,1,6,4,1,5
betrothals,10,3,1,4,4,1,5
betrothed,9,4,1,5,4,1,5
betrothed's,11,3,0,3,3,0,3
betrothing,10,6,1,7,6,1,7
betroths,8,4,2,6,4,2,6
bets,4,4,6,10,4,6,10
betted,6,4,2,6,4,0,4
better,6,4,0,4,4,1,5
better's,8,6,1,7,6,2,8
bettered,8,5,1,6,5,1,6
bettering,9,7,2,9,7,2,9
betterment,10,3,1,4,2,1,3
betterment's,12,5,0,5,3,0,3
betters,7,5,0,5,5,0,5
betting,7,6,3,9,6,3,9
bettor,6,4,1,5,4,1,5
bettor's,8,6,0,6,6,1,7
bettors,7,5,1,6,5,1,6
between,7,2,3,5,1,3,4
betwixt,7,3,4,7,2,5,7
bevel,5,2,5,7,2,5,7
bevel's,7,4,3,7,4,3,7
beveled,7,4,2,6,4,1,5
beveling,8,6,2,8,6,2,8
bevelled,8,4,2,6,4,2,6
bevelling,9,6,3,9,6,2,8
bevels,6,3,3,6,3,3,6
beverage,8,6,1,7,6,2,8
beverage's,10,8,0,8,8,0,8
beverages,9,7,0,7,7,0,7
bevies,6,5,2,7,3,3,6
bevy,4,2,9,11,2,8,10
bevy's,6,4,8,12,4,6,10
bewail,6,5,3,8,5,3,8
bewailed,8,5,4,9,4,3,7
bewailing,9,7,2,9,7,2,9
bewails,7,4,4,8,4,4,8
beware,6,3,3,6,3,3,6
bewared,7,4,1,5,3,1,4
bewares,7,5,1,6,5,2,7
bewaring,8,5,1,6,5,1,6
bewilder,8,5,2,7,5,3,8
bewildered,10,4,1,5,2,1,3
bewildering,11,6,2,8,4,1,5
bewilderment,12,2,1,3,2,1,3
bewilderment's,14,3,0,3,3,0,3
bewilders,9,6,2,8,6,1,7
bewitch,7,4,3,7,2,5,7
bewitched,9,4,2,6,4,2,6
bewitches,9,5,0,5,5,0,5
bewitching,10,5,1,6,3,1,4
beyond,6,4,4,8,4,4,8
biannual,8,3,2,5,3,2,5
biannually,10,3,2,5,4,2,6
bias,4,3,4,7,3,4,7
bias's,6,4,2,6,4,2,6
biased,6,4,2,6,4,2,6
biases,6,3,5,8,3,5,8
biasing,7,3,1,4,3,1,4
biassed,7,5,1,6,5,1,6
biassing,8,2,0,2,2,1,3
biathlon,8,2,2,4,2,2,4
biathlon's,10,7,1,8,6,1,7
biathlons,9,6,2,8,5,2,7
bib,3,2,8,10,2,6,8
bib's,5,4,7,11,4,5,9
bible,5,4,3,7,4,3,7
bible's,7,6,3,9,5,1,6
bibles,6,5,4,9,4,3,7
biblical,8,3,2,5,2,2,4
bibliographer,13,1,1,2,1,1,2
bibliographer's,15,4,1,5,2,0,2
bibliographers,14,3,1,4,4,0,4
bibliographic,13,1,1,2,1,1,2
bibliographical,15,1,1,2,1,1,2
bibliographies,14,3,1,4,2,0,2
bibliography,12,1,1,2,1,1,2
bibliography's,14,3,2,5,4,0,4
bibliophile,11,1,2,3,2,2,4
bibliophile's,13,4,1,5,4,0,4
bibliophiles,12,5,0,5,4,0,4
bibs,4,3,8,11,3,6,9
bibulous,8,4,3,7,4,3,7
bicameral,9,4,1,5,3,1,4
bicentennial,12,2,1,3,2,1,3
bicentennial's,14,3,0,3,3,0,3
bicentennials,13,3,0,3,3,0,3
bicep,5,2,7,9,2,7,9
bicep's,7,5,6,11,6,6,12
biceps,6,5,4,9,5,4,9
biceps's,8,3,2,5,3,2,5
bicepses,8,5,0,5,5,0,5
bicker,6,6,4,10,6,4,10
bicker's,8,8,5,13,8,7,15
bickered,8,5,4,9,4,5,9
bickering,9,8,3,11,6,3,9
bickers,7,7,4,11,7,4,11
bicuspid,8,3,1,4,3,1,4
bicuspid's,10,3,2,5,3,2,5
bicuspids,9,2,0,2,2,3,5
bicycle,7,4,3,7,4,3,7
bicycle's,9,6,2,8,5,2,7
bicycled,8,4,3,7,5,2,7
bicycles,8,5,2,7,4,3,7
bicycling,9,4,2,6,4,2,6
bicyclist,9,4,1,5,4,1,5
bicyclist's,11,5,0,5,4,1,5
bicyclists,10,5,0,5,5,1,6
bid,3,3,6,9,3,6,9
bid's,5,4,8,12,5,6,11
bidden,6,5,2,7,5,2,7
bidder,6,4,7,11,4,8,12
bidder's,8,7,4,11,7,6,13
bidders,7,5,5,10,5,5,10
biddies,7,5,0,5,5,0,5
bidding,7,4,6,10,5,6,11
bidding's,9,5,5,10,5,5,10
biddy,5,4,4,8,4,7,11
biddy's,7,6,3,9,6,4,10
bide,4,4,7,11,4,7,11
bided,5,4,2,6,4,2,6
bides,5,5,6,11,5,6,11
bidet,5,3,5,8,3,5,8
bidet's,7,6,5,11,6,5,11
bidets,6,4,5,9,4,5,9
biding,6,5,6,11,5,6,11
bidirectional,13,1,1,2,1,1,2
bids,4,4,5,9,4,5,9
biennial,8,3,1,4,3,1,4
biennial's,10,4,1,5,4,1,5
biennially,10,3,1,4,3,1,4
biennials,9,4,2,6,4,1,5
bier,4,4,3,7,4,3,7
bier's,6,6,1,7,6,1,7
biers,5,5,3,8,5,3,8
bifocal,7,5,3,8,5,2,7
bifocals,8,4,1,5,4,1,5
bifocals's,10,5,0,5,3,1,4
bifurcate,9,5,1,6,5,1,6
bifurcated,10,6,1,7,6,1,7
bifurcates,10,6,0,6,5,0,5
bifurcating,11,6,1,7,9,2,11
bifurcation,11,4,1,5,9,2,11
bifurcation's,13,6,0,6,4,1,5
bifurcations,12,7,1,8,3,1,4
big,3,2,9,11,3,7,10
bigamist,8,5,1,6,4,1,5
bigamist's,10,6,0,6,5,1,6
bigamists,9,5,1,6,4,1,5
bigamous,8,4,2,6,4,2,6
bigamy,6,3,5,8,3,6,9
bigamy's,8,5,5,10,6,4,10
bigger,6,5,5,10,5,5,10
biggest,7,5,3,8,5,2,7
biggie,6,3,5,8,3,5,8
biggie's,8,5,5,10,5,5,10
biggies,7,4,5,9,4,6,10
bighearted,10,4,1,5,3,1,4
bighorn,7,4,5,9,2,6,8
bighorn's,9,6,4,10,6,4,10
bighorns,8,4,5,9,4,2,6
bight,5,5,5,10,5,5,10
bight's,7,7,4,11,7,4,11
bights,6,6,4,10,6,4,10
bigmouth,8,3,3,6,3,3,6
bigmouth's,10,4,2,6,4,2,6
bigmouths,9,4,3,7,4,3,7
bigness,7,5,2,7,5,2,7
bigness's,9,6,2,8,6,2,8
bigot,5,4,6,10,4,6,10
bigot's,7,6,5,11,6,5,11
bigoted,7,6,3,9,6,3,9
bigotries,9,5,0,5,5,0,5
bigotry,7,4,3,7,3,3,6
bigotry's,9,6,2,8,5,2,7
bigots,6,5,4,9,5,4,9
bigwig,6,1,6,7,2,5,7
bigwig's,8,3,6,9,3,6,9
bigwigs,7,2,7,9,3,6,9
bike,4,4,8,12,4,8,12
bike's,6,6,7,13,6,6,12
biked,5,5,5,10,4,7,11
biker,5,5,9,14,5,9,14
biker's,7,7,6,13,7,6,13
bikers,6,6,7,13,5,7,12
bikes,5,5,7,12,4,9,13
biking,6,5,6,11,5,6,11
bikini,6,3,4,7,3,4,7
bikini's,8,5,4,9,5,4,9
bikinis,7,2,4,6,2,3,5
bilateral,9,4,1,5,3,1,4
bilaterally,11,2,1,3,2,2,4
bile,4,4,4,8,4,4,8
bile's,6,6,6,12,6,6,12
bilge,5,3,6,9,3,6,9
bilge's,7,5,3,8,5,3,8
bilges,6,4,5,9,4,3,7
bilingual,9,2,3,5,2,2,4
bilingual's,11,3,2,5,3,2,5
bilinguals,10,3,1,4,3,1,4
bilious,7,5,3,8,5,3,8
bilk,4,3,6,9,3,6,9
bilked,6,6,5,11,6,5,11
bilking,7,6,3,9,6,4,10
bilks,5,5,5,10,5,5,10
bill,4,3,4,7,3,4,7
bill's,6,5,3,8,5,3,8
billboard,9,3,2,5,3,2,5
billboard's,11,8,1,9,4,1,5
billboards,10,7,2,9,5,1,6
billed,6,5,4,9,5,4,9
billet,6,5,5,10,5,5,10
billet's,8,7,3,10,7,3,10
billeted,8,6,2,8,5,2,7
billeting,9,7,2,9,7,2,9
billets,7,6,4,10,6,4,10
billfold,8,4,4,8,3,3,6
billfold's,10,4,3,7,3,2,5
billfolds,9,3,3,6,4,2,6
billiards,9,3,3,6,4,3,7
billiards's,11,3,0,3,3,0,3
billies,7,5,2,7,5,2,7
billing,7,5,2,7,5,3,8
billing's,9,7,3,10,7,3,10
billings,8,6,3,9,6,3,9
billion,7,5,2,7,5,3,8
billion's,9,7,2,9,7,2,9
billionaire,11,8,1,9,8,1,9
billionaire's,13,10,1,11,10,0,10
billionaires,12,9,0,9,9,0,9
billions,8,6,2,8,6,2,8
billionth,9,7,2,9,2,3,5
billionth's,11,9,2,11,9,2,11
billionths,10,8,3,11,8,2,10
billow,6,5,4,9,5,3,8
billow's,8,7,3,10,7,4,11
billowed,8,7,2,9,7,2,9
billowing,9,7,3,10,7,3,10
billows,7,6,5,11,6,3,9
billowy,7,5,3,8,4,3,7
bills,5,4,5,9,4,5,9
billy,5,4,6,10,4,4,8
billy's,7,6,4,10,6,3,9
bimbo,5,3,5,8,3,4,7
bimbo's,7,5,4,9,5,6,11
bimboes,7,4,4,8,4,4,8
bimbos,6,5,4,9,4,4,8
bimonthlies,11,4,0,4,4,0,4
bimonthly,9,2,3,5,2,3,5
bimonthly's,11,3,3,6,2,3,5
bin,3,3,8,11,2,8,10
bin's,5,5,5,10,4,7,11
binaries,8,5,0,5,5,0,5
binary,6,4,4,8,4,4,8
binary's,8,6,3,9,6,3,9
bind,4,4,6,10,4,7,11
bind's,6,6,5,11,6,5,11
binder,6,6,1,7,6,2,8
binder's,8,8,4,12,8,4,12
binderies,9,4,0,4,4,0,4
binders,7,7,3,10,7,3,10
bindery,7,6,4,10,4,2,6
bindery's,9,6,2,8,5,1,6
binding,7,5,3,8,5,4,9
binding's,9,7,3,10,7,3,10
bindings,8,6,3,9,6,3,9
binds,5,5,5,10,5,6,11
binge,5,5,5,10,5,5,10
binge's,7,7,5,12,7,5,12
binged,6,6,3,9,6,3,9
bingeing,8,5,2,7,5,3,8
binges,6,6,3,9,6,2,8
binging,7,4,2,6,4,3,7
bingo,5,5,4,9,3,3,6
bingo's,7,7,3,10,7,3,10
binnacle,8,4,1,5,4,1,5
binnacle's,10,9,0,9,9,0,9
binnacles,9,8,0,8,8,0,8
binned,6,5,3,8,5,3,8
binning,7,4,2,6,4,3,7
binocular,9,3,2,5,3,2,5
binocular's,11,4,1,5,4,1,5
binoculars,10,4,1,5,4,1,5
binomial,8,3,3,6,3,2,5
binomial's,10,4,1,5,4,1,5
binomials,9,5,1,6,5,1,6
bins,4,4,6,10,3,6,9
biochemical,11,2,1,3,2,2,4
biochemical's,13,4,1,5,4,0,4
biochemicals,12,4,1,5,4,0,4
biochemist,10,3,0,3,3,0,3
biochemist's,12,4,0,4,3,0,3
biochemistry,12,2,0,2,2,0,2
biochemistry's,14,3,0,3,2,0,2
biochemists,11,3,0,3,3,0,3
biodegradable,13,2,1,3,2,1,3
biodiversity,12,2,0,2,2,0,2
biodiversity's,14,3,0,3,2,0,2
biofeedback,11,2,1,3,1,1,2
biofeedback's,13,2,1,3,2,0,2
biographer,10,3,2,5,3,2,5
biographer's,12,5,0,5,3,1,4
biographers,11,4,1,5,4,1,5
biographical,12,3,1,4,2,1,3
biographies,11,4,0,4,4,0,4
biography,9,4,2,6,2,3,5
biography's,11,3,1,4,3,1,4
biological,10,3,2,5,2,2,4
biologically,12,4,1,5,2,1,3
biologist,9,4,1,5,4,1,5
biologist's,11,5,0,5,4,1,5
biologists,10,5,0,5,4,2,6
biology,7,2,3,5,2,3,5
biology's,9,3,3,6,3,3,6
biomedical,10,3,3,6,3,3,6
bionic,6,3,3,6,3,6,9
biophysicist,12,1,0,1,1,0,1
biophysicist's,14,1,0,1,1,0,1
biophysicists,13,2,0,2,2,0,2
biophysics,10,2,2,4,2,1,3
biophysics's,12,8,0,8,3,0,3
biopsied,8,4,3,7,4,2,6
biopsies,8,3,2,5,3,1,4
biopsy,6,3,1,4,3,2,5
biopsy's,8,4,0,4,3,1,4
biopsying,9,3,1,4,3,1,4
biorhythm,9,2,3,5,2,3,5
biorhythm's,11,3,2,5,3,2,5
biorhythms,10,2,3,5,2,3,5
biosphere,9,6,0,6,6,0,6
biosphere's,11,4,0,4,6,0,6
biospheres,10,6,0,6,6,0,6
biotechnology,13,2,1,3,2,1,3
biotechnology's,15,3,0,3,3,0,3
bipartisan,10,2,2,4,2,2,4
bipartite,9,4,1,5,4,1,5
biped,5,5,7,12,5,5,10
biped's,7,5,6,11,6,6,12
bipedal,7,3,2,5,3,2,5
bipeds,6,5,4,9,5,4,9
biplane,7,3,4,7,4,3,7
biplane's,9,6,3,9,6,3,9
biplanes,8,5,1,6,5,1,6
bipolar,7,5,2,7,4,2,6
biracial,8,2,4,6,2,4,6
birch,5,3,8,11,3,8,11
birch's,7,6,6,12,6,6,12
birched,7,6,2,8,6,2,8
birches,7,5,3,8,5,3,8
birching,8,3,6,9,7,4,11
bird,4,4,6,10,4,8,12
bird's,6,5,7,12,5,7,12
birdbath,8,3,3,6,4,3,7
birdbath's,10,5,3,8,6,3,9
birdbaths,9,4,3,7,4,2,6
birdbrained,11,2,1,3,3,1,4
birdcage,8,3,2,5,3,2,5
birdcages,9,5,0,5,5,0,5
birded,6,5,2,7,5,2,7
birdhouse,9,7,0,7,7,0,7
birdhouse's,11,4,0,4,8,0,8
birdhouses,10,5,1,6,7,0,7
birdie,6,3,3,6,3,4,7
birdie's,8,5,3,8,5,2,7
birdied,7,3,2,5,4,1,5
birdieing,9,3,2,5,2,3,5
birdies,7,4,0,4,4,0,4
birding,7,5,4,9,5,6,11
birds,5,5,6,11,5,8,13
birdseed,8,2,0,2,2,0,2
birdseed's,10,2,0,2,2,0,2
birdwatcher,11,4,1,5,3,1,4
birdwatcher's,13,5,0,5,4,0,4
birdwatchers,12,3,1,4,4,0,4
biretta,7,4,1,5,4,2,6
biretta's,9,6,0,6,5,0,5
birettas,8,5,1,6,3,1,4
birth,5,5,6,11,5,6,11
birth's,7,7,4,11,7,5,12
birthday,8,3,2,5,3,2,5
birthday's,10,5,1,6,5,2,7
birthdays,9,4,2,6,4,2,6
birthed,7,4,3,7,4,3,7
birther,7,3,1,4,3,1,4
birther's,9,7,1,8,7,1,8
birthers,8,6,1,7,6,0,6
birthing,8,6,3,9,4,7,11
birthmark,9,4,3,7,3,3,6
birthmark's,11,5,1,6,4,2,6
birthmarks,10,5,3,8,5,2,7
birthplace,10,4,1,5,2,2,4
birthplace's,12,6,0,6,4,0,4
birthplaces,11,5,0,5,3,1,4
birthrate,9,4,1,5,4,1,5
birthrate's,11,5,1,6,5,1,6
birthrates,10,5,0,5,4,0,4
birthright,10,1,3,4,1,3,4
birthright's,12,2,3,5,2,2,4
birthrights,11,3,3,6,3,3,6
births,6,6,4,10,6,4,10
birthstone,10,4,0,4,4,0,4
birthstone's,12,5,0,5,4,0,4
birthstones,11,4,0,4,4,0,4
biscuit,7,2,1,3,2,2,4
biscuit's,9,3,2,5,3,1,4
biscuits,8,3,1,4,3,2,5
bisect,6,3,2,5,3,2,5
bisected,8,4,1,5,4,1,5
bisecting,9,6,0,6,7,0,7
bisection,9,6,0,6,7,0,7
bisection's,11,5,0,5,3,0,3
bisections,10,4,0,4,4,0,4
bisector,8,3,1,4,3,1,4
bisector's,10,3,0,3,3,0,3
bisectors,9,3,1,4,3,2,5
bisects,7,3,3,6,2,4,6
bisexual,8,3,0,3,3,0,3
bisexual's,10,5,1,6,5,1,6
bisexuality,11,4,1,5,3,1,4
bisexuality's,13,5,0,5,3,0,3
bisexuals,9,3,1,4,3,1,4
bishop,6,4,2,6,4,2,6
bishop's,8,5,2,7,5,2,7
bishopric,9,3,1,4,4,1,5
bishopric's,11,3,1,4,3,1,4
bishoprics,10,4,2,6,4,1,5
bishops,7,4,3,7,4,3,7
bismuth,7,4,4,8,4,4,8
bismuth's,9,3,3,6,4,2,6
bison,5,4,3,7,4,3,7
bison's,7,5,3,8,4,2,6
bisons,6,4,2,6,4,3,7
bisque,6,5,2,7,5,2,7
bisque's,8,6,1,7,6,1,7
bistro,6,3,2,5,3,2,5
bistro's,8,3,2,5,3,2,5
bistros,7,3,3,6,3,2,5
bit,3,3,5,8,3,5,8
bit's,5,5,5,10,5,5,10
bitch,5,5,7,12,5,7,12
bitch's,7,7,6,13,7,6,13
bitched,7,7,4,11,7,4,11
bitches,7,7,1,8,7,1,8
bitchier,8,4,3,7,3,3,6
bitchiest,9,4,0,4,4,0,4
bitching,8,7,3,10,6,5,11
bitchy,6,3,5,8,3,5,8
bitcoin,7,2,4,6,2,4,6
bitcoin's,9,5,2,7,5,2,7
bitcoins,8,3,4,7,4,2,6
bite,4,4,8,12,4,8,12
bite's,6,6,2,8,5,9,14
bites,5,5,3,8,5,3,8
biting,6,5,7,12,4,10,14
bitingly,8,3,2,5,3,2,5
bitmap,6,3,4,7,3,4,7
bits,4,4,4,8,4,4,8
bitten,6,5,4,9,5,4,9
bitter,6,5,1,6,5,0,5
bitter's,8,7,2,9,7,2,9
bitterer,8,3,3,6,4,2,6
bitterest,9,4,0,4,4,0,4
bitterly,8,5,2,7,6,3,9
bittern,7,5,2,7,5,2,7
bittern's,9,5,2,7,7,1,8
bitterness,10,3,1,4,5,1,6
bitterness's,12,4,1,5,6,1,7
bitterns,8,4,2,6,3,2,5
bitters,7,6,2,8,6,0,6
bitters's,9,7,0,7,7,0,7
bittersweet,11,2,1,3,2,0,2
bittersweet's,13,2,0,2,2,0,2
bittersweets,12,2,1,3,2,0,2
bitumen,7,5,4,9,5,3,8
bitumen's,9,7,2,9,7,1,8
bituminous,10,4,2,6,4,2,6
bivalve,7,5,1,6,4,0,4
bivalve's,9,6,2,8,6,2,8
bivalves,8,5,0,5,5,1,6
bivouac,7,3,4,7,3,4,7
bivouac's,9,5,3,8,5,3,8
bivouacked,10,4,1,5,6,3,9
bivouacking,11,4,2,6,3,3,6
bivouacs,8,4,1,5,4,1,5
biweeklies,10,2,0,2,2,0,2
biweekly,8,2,1,3,1,2,3
biweekly's,10,2,0,2,2,0,2
bizarre,7,4,2,6,4,2,6
bizarrely,9,2,2,4,2,2,4
blab,4,3,7,10,3,6,9
blab's,6,5,6,11,5,5,10
blabbed,7,5,5,10,5,4,9
blabbermouth,12,4,2,6,2,3,5
blabbermouth's,14,3,0,3,3,1,4
blabbermouths,13,4,0,4,4,0,4
blabbing,8,5,6,11,5,3,8
blabs,5,4,7,11,4,5,9
black,5,5,3,8,5,3,8
black's,7,7,2,9,7,2,9
blackball,9,2,3,5,2,3,5
blackball's,11,4,1,5,3,1,4
blackballed,11,4,2,6,3,1,4
blackballing,12,6,2,8,5,2,7
blackballs,10,5,1,6,4,1,5
blackberries,12,3,0,3,3,0,3
blackberry,10,3,2,5,2,2,4
blackberry's,12,5,1,6,3,1,4
blackberrying,13,4,1,5,2,2,4
blackbird,9,2,3,5,2,3,5
blackbird's,11,7,2,9,5,1,6
blackbirds,10,3,2,5,3,3,6
blackboard,10,3,3,6,2,3,5
blackboard's,12,7,1,8,3,2,5
blackboards,11,6,1,7,4,1,5
blackcurrant,12,1,3,4,1,3,4
blacked,7,7,2,9,7,2,9
blacken,7,5,3,8,4,5,9
blackened,9,6,3,9,6,3,9
blackening,10,7,1,8,6,2,8
blackens,8,6,2,8,5,5,10
blacker,7,7,4,11,7,5,12
blackest,8,8,2,10,8,2,10
blackguard,10,1,4,5,2,3,5
blackguard's,12,7,1,8,3,2,5
blackguards,11,6,1,7,4,1,5
blackhead,9,2,2,4,3,3,6
blackhead's,11,4,1,5,4,2,6
blackheads,10,3,2,5,3,2,5
blacking,8,6,4,10,5,4,9
blackish,8,8,1,9,8,1,9
blackjack,9,3,3,6,3,3,6
blackjack's,11,5,1,6,4,1,5
blackjacked,11,4,2,6,4,1,5
blackjacking,12,4,2,6,4,2,6
blackjacks,10,3,1,4,3,1,4
blacklist,9,3,2,5,3,2,5
blacklist's,11,5,0,5,3,2,5
blacklisted,11,4,1,5,4,1,5
blacklisting,12,5,1,6,2,1,3
blacklists,10,4,0,4,4,2,6
blackmail,9,3,2,5,3,2,5
blackmail's,11,4,1,5,3,1,4
blackmailed,11,9,1,10,9,1,10
blackmailer,11,8,2,10,8,2,10
blackmailer's,13,4,1,5,4,0,4
blackmailers,12,4,1,5,4,0,4
blackmailing,12,4,1,5,4,1,5
blackmails,10,5,1,6,4,1,5
blackness,9,5,2,7,4,4,8
blackness's,11,6,2,8,5,4,9
blackout,8,2,4,6,2,4,6
blackout's,10,4,2,6,3,2,5
blackouts,9,5,2,7,5,2,7
blacks,6,6,3,9,6,3,9
blacksmith,10,6,2,8,3,1,4
blacksmith's,12,4,1,5,3,1,4
blacksmiths,11,3,1,4,3,1,4
blackthorn,10,2,3,5,3,3,6
blackthorn's,12,6,1,7,3,2,5
blackthorns,11,4,2,6,3,3,6
blacktop,8,3,3,6,3,3,6
blacktop's,10,6,1,7,4,2,6
blacktopped,11,4,2,6,2,3,5
blacktopping,12,6,2,8,5,2,7
blacktops,9,4,2,6,5,1,6
bladder,7,6,5,11,6,4,10
bladder's,9,7,2,9,7,1,8
bladders,8,6,2,8,6,2,8
blade,5,5,3,8,5,3,8
blade's,7,7,2,9,7,2,9
blades,6,6,1,7,6,1,7
blah,4,3,7,10,3,6,9
blah's,6,5,6,11,5,5,10
blame,5,5,4,9,5,4,9
blame's,7,7,3,10,7,3,10
blamed,6,6,4,10,6,4,10
blameless,9,3,1,4,3,1,4
blamelessly,11,5,0,5,3,0,3
blamer,6,6,2,8,6,2,8
blames,6,6,3,9,6,4,10
blameworthy,11,3,2,5,3,2,5
blaming,7,7,5,12,7,5,12
blanch,6,4,4,8,4,4,8
blanched,8,5,2,7,6,3,9
blanches,8,5,2,7,4,2,6
blanching,9,8,2,10,8,2,10
blancmange,10,3,1,4,2,2,4
bland,5,3,7,10,5,6,11
blander,7,6,5,11,6,4,10
blandest,8,6,3,9,6,3,9
blandishment,12,4,0,4,4,0,4
blandishment's,14,5,0,5,3,0,3
blandishments,13,3,0,3,3,0,3
blandly,7,6,4,10,6,4,10
blandness,9,7,0,7,7,0,7
blandness's,11,8,0,8,8,0,8
blank,5,5,4,9,5,5,10
blank's,7,7,4,11,7,4,11
blanked,7,5,5,10,7,6,13
blanker,7,6,5,11,6,6,12
blankest,8,7,3,10,7,3,10
blanket,7,5,3,8,3,3,6
blanket's,9,8,1,9,5,2,7
blanketed,9,3,2,5,2,2,4
blanketing,10,4,2,6,4,2,6
blankets,8,6,2,8,7,2,9
blanking,8,7,3,10,7,3,10
blankly,7,5,5,10,5,5,10
blankness,9,6,1,7,6,1,7
blankness's,11,7,1,8,7,1,8
blanks,6,6,4,10,6,4,10
blare,5,5,2,7,5,2,7
blare's,7,7,1,8,7,1,8
blared,6,6,1,7,6,1,7
blares,6,6,0,6,6,0,6
blaring,7,7,2,9,7,2,9
blarney,7,4,3,7,3,3,6
blarney's,9,5,1,6,5,1,6
blarneyed,9,4,1,5,4,1,5
blarneying,10,7,1,8,5,1,6
blarneys,8,5,2,7,4,2,6
blaspheme,9,5,1,6,5,1,6
blasphemed,10,9,0,9,3,0,3
blasphemer,10,8,1,9,2,1,3
blasphemer's,12,2,0,2,2,0,2
blasphemers,11,4,0,4,6,0,6
blasphemes,10,5,1,6,5,1,6
blasphemies,11,3,0,3,2,1,3
blaspheming,11,5,1,6,3,0,3
blasphemous,11,2,1,3,9,0,9
blasphemously,13,4,0,4,2,0,2
blasphemy,9,3,0,3,3,0,3
blasphemy's,11,4,0,4,8,1,9
blast,5,3,3,6,3,3,6
blast's,7,4,2,6,4,2,6
blasted,7,4,2,6,4,2,6
blaster,7,7,1,8,7,1,8
blaster's,9,8,1,9,8,1,9
blasters,8,7,0,7,7,0,7
blasting,8,7,2,9,7,2,9
blastoff,8,3,2,5,3,2,5
blastoff's,10,4,1,5,4,2,6
blastoffs,9,3,3,6,2,3,5
blasts,6,3,4,7,3,4,7
blasé,5,4,3,7,4,3,7
blatant,7,3,4,7,2,5,7
blatantly,9,3,3,6,2,3,5
blaze,5,4,5,9,4,5,9
blaze's,7,6,4,10,6,4,10
blazed,6,5,5,10,5,5,10
blazer,6,5,3,8,5,3,8
blazer's,8,6,1,7,6,1,7
blazers,7,5,1,6,5,3,8
blazes,6,6,4,10,5,5,10
blazing,7,6,6,12,6,6,12
blazon,6,5,3,8,5,3,8
blazon's,8,7,2,9,7,3,10
blazoned,8,5,2,7,6,3,9
blazoning,9,6,2,8,6,2,8
blazons,7,6,3,9,6,3,9
bleach,6,2,2,4,2,2,4
bleach's,8,4,1,5,5,1,6
bleached,8,7,2,9,7,2,9
bleacher,8,5,1,6,5,1,6
bleacher's,10,7,0,7,7,0,7
bleachers,9,6,0,6,6,0,6
bleaches,8,3,2,5,3,3,6
bleaching,9,4,2,6,4,2,6
bleak,5,4,4,8,4,4,8
bleaker,7,4,3,7,5,1,6
bleakest,8,4,1,5,3,2,5
bleakly,7,5,3,8,5,3,8
bleakness,9,5,1,6,5,1,6
bleakness's,11,6,1,7,6,1,7
blearier,8,2,1,3,2,1,3
bleariest,9,5,0,5,4,0,4
blearily,8,3,2,5,3,2,5
bleary,6,3,2,5,3,2,5
bleat,5,5,1,6,5,1,6
bleat's,7,7,1,8,7,1,8
bleated,7,6,2,8,6,1,7
bleating,8,8,2,10,8,2,10
bleats,6,6,2,8,6,2,8
bled,4,4,5,9,4,5,9
bleed,5,4,4,8,4,4,8
bleeder,7,4,1,5,4,1,5
bleeder's,9,5,1,6,4,2,6
bleeders,8,3,1,4,3,1,4
bleeding,8,7,3,10,7,3,10
bleeding's,10,7,0,7,7,0,7
bleeds,6,5,2,7,5,2,7
bleep,5,3,5,8,3,5,8
bleep's,7,5,3,8,4,4,8
bleeped,7,3,3,6,3,3,6
bleeping,8,6,4,10,6,4,10
bleeps,6,4,3,7,4,3,7
blemish,7,6,1,7,6,1,7
blemish's,9,7,3,10,7,1,8
blemished,9,5,0,5,4,0,4
blemishes,9,4,1,5,3,0,3
blemishing,10,6,1,7,4,0,4
blench,6,4,3,7,4,3,7
blenched,8,6,3,9,6,3,9
blenches,8,6,1,7,6,2,8
blenching,9,7,2,9,7,2,9
blend,5,5,3,8,5,2,7
blend's,7,5,2,7,5,1,6
blended,7,4,2,6,4,1,5
blender,7,5,1,6,6,1,7
blender's,9,5,1,6,5,1,6
blenders,8,4,1,5,4,1,5
blending,8,6,2,8,6,2,8
blends,6,4,3,7,4,3,7
blent,5,4,4,8,4,3,7
bless,5,3,2,5,3,2,5
blessed,7,4,0,4,4,2,6
blessedly,9,2,2,4,2,2,4
blessedness,11,1,0,1,1,0,1
blessedness's,13,1,0,1,1,0,1
blesses,7,3,1,4,3,2,5
blessing,8,6,1,7,6,2,8
blessing's,10,2,2,4,2,2,4
blessings,9,5,1,6,5,1,6
blest,5,4,2,6,4,2,6
blew,4,4,6,10,4,6,10
blight,6,6,4,10,6,4,10
blight's,8,8,4,12,8,4,12
blighted,8,8,3,11,8,3,11
blighting,9,7,3,10,7,3,10
blights,7,7,4,11,7,4,11
blimp,5,3,8,11,3,8,11
blimp's,7,5,7,12,5,7,12
blimps,6,3,7,10,4,6,10
blind,5,5,5,10,5,5,10
blind's,7,7,4,11,7,4,11
blinded,7,2,4,6,2,4,6
blinder,7,7,1,8,7,2,9
blinder's,9,7,2,9,9,1,10
blinders,8,8,2,10,8,2,10
blindest,8,6,0,6,6,0,6
blindfold,9,4,2,6,4,2,6
blindfold's,11,5,2,7,4,2,6
blindfolded,11,3,1,4,3,2,5
blindfolding,12,2,1,3,2,1,3
blindfolds,10,5,2,7,5,2,7
blinding,8,3,4,7,3,4,7
blindingly,10,2,2,4,2,2,4
blindly,7,2,3,5,2,3,5
blindness,9,6,2,8,6,2,8
blindness's,11,7,2,9,7,2,9
blinds,6,6,6,12,6,5,11
blindside,9,3,1,4,3,1,4
blindsided,10,3,0,3,4,0,4
blindsides,10,3,1,4,3,1,4
blindsiding,11,2,1,3,2,1,3
bling,5,5,6,11,5,6,11
blink,5,4,7,11,4,7,11
blink's,7,6,5,11,6,5,11
blinked,7,5,7,12,6,7,13
blinker,7,6,2,8,6,3,9
blinker's,9,6,3,9,6,3,9
blinkered,9,5,3,8,5,2,7
blinkering,10,4,1,5,3,1,4
blinkers,8,6,3,9,5,4,9
blinking,8,6,3,9,6,3,9
blinks,6,5,7,12,5,6,11
blintz,6,5,3,8,5,3,8
blintz's,8,4,5,9,4,5,9
blintze,7,3,2,5,4,1,5
blintze's,9,5,1,6,5,1,6
blintzes,8,4,1,5,4,1,5
blip,4,4,7,11,4,7,11
blip's,6,6,6,12,6,6,12
blips,5,5,6,11,5,6,11
bliss,5,2,4,6,2,4,6
bliss's,7,3,4,7,4,3,7
blissful,8,3,0,3,2,1,3
blissfully,10,2,1,3,2,1,3
blissfulness,12,1,0,1,1,0,1
blissfulness's,14,1,0,1,1,0,1
blister,7,7,2,9,7,2,9
blister's,9,8,2,10,8,2,10
blistered,9,7,1,8,7,1,8
blistering,10,7,0,7,7,0,7
blisters,8,7,1,8,7,1,8
blithe,6,3,1,4,4,1,5
blithely,8,4,2,6,3,3,6
blither,7,5,2,7,5,1,6
blithest,8,4,0,4,4,0,4
blitz,5,5,6,11,5,6,11
blitz's,7,7,5,12,7,5,12
blitzed,7,5,6,11,5,4,9
blitzes,7,4,2,6,4,1,5
blitzing,8,5,4,9,5,4,9
blizzard,8,4,3,7,4,3,7
blizzard's,10,5,2,7,6,2,8
blizzards,9,3,3,6,5,2,7
bloat,5,5,2,7,5,3,8
bloated,7,7,3,10,6,4,10
bloating,8,8,3,11,8,2,10
bloats,6,6,2,8,6,3,9
blob,4,3,3,6,3,3,6
blob's,6,5,3,8,5,3,8
blobbed,7,5,5,10,4,5,9
blobbing,8,6,5,11,6,5,11
blobs,5,4,3,7,4,3,7
bloc,4,4,3,7,4,3,7
bloc's,6,6,3,9,6,3,9
block,5,4,5,9,4,5,9
block's,7,6,4,10,6,4,10
blockade,8,8,2,10,8,2,10
blockade's,10,10,1,11,10,1,11
blockaded,9,4,1,5,4,1,5
blockades,9,9,1,10,9,1,10
blockading,10,5,2,7,5,2,7
blockage,8,7,3,10,7,3,10
blockage's,10,9,2,11,9,2,11
blockages,9,8,2,10,8,2,10
blockbuster,11,2,1,3,2,1,3
blockbuster's,13,3,0,3,3,0,3
blockbusters,12,2,0,2,4,0,4
blocked,7,6,3,9,6,3,9
blockhead,9,3,2,5,3,3,6
blockhead's,11,5,1,6,4,2,6
blockheads,10,4,2,6,4,2,6
blockhouse,10,1,3,4,3,1,4
blockhouse's,12,5,2,7,3,1,4
blockhouses,11,3,1,4,3,1,4
blocking,8,8,2,10,8,4,12
blocks,6,6,4,10,6,4,10
blocs,5,5,3,8,5,3,8
blog,4,4,4,8,4,4,8
blog's,6,6,4,10,6,4,10
blogged,7,6,5,11,5,5,10
blogger,7,6,2,8,6,2,8
blogger's,9,8,0,8,8,0,8
bloggers,8,7,1,8,6,1,7
blogging,8,6,2,8,6,2,8
blogs,5,5,4,9,5,4,9
blond,5,3,6,9,4,6,10
blond's,7,5,5,10,4,5,9
blonde,6,3,5,8,3,4,7
blonde's,8,6,3,9,5,4,9
blonder,7,6,3,9,5,4,9
blondes,7,4,3,7,4,3,7
blondest,8,6,3,9,5,3,8
blondness,9,5,1,6,5,1,6
blondness's,11,6,1,7,6,1,7
blonds,6,4,5,9,4,5,9
blood,5,4,5,9,3,5,8
blood's,7,6,4,10,5,4,9
bloodbath,9,2,3,5,2,3,5
bloodbath's,11,3,4,7,4,2,6
bloodbaths,10,3,2,5,3,1,4
bloodcurdling,13,5,1,6,2,1,3
blooded,7,5,2,7,5,2,7
bloodhound,10,3,3,6,1,4,5
bloodhound's,12,2,2,4,2,3,5
bloodhounds,11,2,2,4,2,2,4
bloodied,8,5,1,6,2,2,4
bloodier,8,5,1,6,6,1,7
bloodies,8,6,1,7,6,1,7
bloodiest,9,7,1,8,7,1,8
blooding,8,7,2,9,7,2,9
bloodless,9,4,1,5,4,1,5
bloodlessly,11,4,0,4,3,0,3
bloodmobile,11,3,2,5,3,2,5
bloodmobile's,13,3,1,4,4,1,5
bloodmobiles,12,4,0,4,4,0,4
bloods,6,5,4,9,5,4,9
bloodshed,9,3,1,4,3,1,4
bloodshed's,11,5,1,6,3,1,4
bloodshot,9,2,3,5,2,3,5
bloodstain,10,4,0,4,3,1,4
bloodstain's,12,3,1,4,2,1,3
bloodstained,12,4,0,4,4,0,4
bloodstains,11,2,1,3,2,1,3
bloodstream,11,3,0,3,3,0,3
bloodstream's,13,4,0,4,3,0,3
bloodstreams,12,3,0,3,3,0,3
bloodsucker,11,3,0,3,3,0,3
bloodsucker's,13,4,0,4,3,0,3
bloodsuckers,12,3,1,4,3,0,3
bloodthirstier,14,2,0,2,2,0,2
bloodthirstiest,15,1,0,1,1,0,1
bloodthirstiness,16,1,0,1,1,0,1
bloodthirstiness's,18,1,0,1,1,0,1
bloodthirsty,12,2,0,2,2,0,2
bloody,6,4,4,8,4,4,8
bloodying,9,4,2,6,4,2,6
bloom,5,4,4,8,4,4,8
bloom's,7,6,3,9,6,3,9
bloomed,7,4,5,9,5,5,10
bloomer,7,6,2,8,6,2,8
bloomer's,9,8,0,8,8,0,8
bloomers,8,7,1,8,7,1,8
blooming,8,6,3,9,6,3,9
blooms,6,4,5,9,4,5,9
blooper,7,5,3,8,5,3,8
blooper's,9,7,1,8,7,1,8
bloopers,8,6,2,8,6,2,8
blossom,7,2,1,3,2,1,3
blossom's,9,2,2,4,2,1,3
blossomed,9,2,2,4,2,2,4
blossoming,10,4,1,5,3,1,4
blossoms,8,2,2,4,2,2,4
blot,4,4,5,9,4,5,9
blot's,6,6,5,11,6,5,11
blotch,6,3,6,9,4,6,10
blotch's,8,4,4,8,3,5,8
blotched,8,5,3,8,5,4,9
blotches,8,6,2,8,6,2,8
blotchier,9,4,3,7,4,3,7
blotchiest,10,4,0,4,4,0,4
blotching,9,4,3,7,4,3,7
blotchy,7,2,5,7,2,5,7
blots,5,5,5,10,5,5,10
blotted,7,5,6,11,5,4,9
blotter,7,5,4,9,6,3,9
blotter's,9,7,1,8,7,1,8
blotters,8,6,2,8,7,1,8
blotting,8,7,3,10,7,2,9
blouse,6,4,3,7,4,3,7
blouse's,8,5,2,7,6,1,7
bloused,7,5,1,6,4,3,7
blouses,7,4,2,6,3,2,5
blousing,8,5,2,7,5,2,7
blow,4,3,6,9,3,6,9
blow's,6,5,6,11,5,6,11
blower,6,6,2,8,6,2,8
blower's,8,8,2,10,8,2,10
blowers,7,7,2,9,7,2,9
blowgun,7,3,4,7,3,4,7
blowgun's,9,5,3,8,5,3,8
blowguns,8,4,3,7,4,3,7
blowing,7,7,3,10,7,3,10
blown,5,3,6,9,4,6,10
blowout,7,2,4,6,2,4,6
blowout's,9,6,2,8,6,2,8
blowouts,8,3,3,6,3,3,6
blows,5,4,6,10,4,6,10
blowsier,8,6,0,6,5,0,5
blowsiest,9,6,1,7,6,1,7
blowsy,6,2,3,5,2,3,5
blowtorch,9,1,4,5,1,4,5
blowtorch's,11,2,2,4,2,2,4
blowtorches,11,3,1,4,4,1,5
blowup,6,5,5,10,3,5,8
blowup's,8,4,3,7,4,3,7
blowups,7,3,5,8,4,5,9
blowzier,8,6,2,8,5,3,8
blowziest,9,8,1,9,6,2,8
blowzy,6,4,6,10,3,7,10
blubber,7,4,2,6,4,2,6
blubber's,9,6,0,6,6,0,6
blubbered,9,6,3,9,5,2,7
blubbering,10,8,2,10,6,2,8
blubbers,8,5,1,6,5,1,6
bludgeon,8,2,2,4,2,4,6
bludgeon's,10,5,1,6,5,1,6
bludgeoned,10,2,2,4,2,2,4
bludgeoning,11,3,1,4,2,1,3
bludgeons,9,3,2,5,3,1,4
blue,4,4,3,7,4,3,7
blue's,6,6,3,9,6,3,9
bluebell,8,2,3,5,2,2,4
bluebell's,10,4,2,6,4,0,4
bluebells,9,3,2,5,3,2,5
blueberries,11,2,1,3,2,1,3
blueberry,9,5,1,6,4,1,5
blueberry's,11,4,0,4,4,0,4
bluebird,8,3,3,6,3,3,6
bluebird's,10,4,2,6,3,2,5
bluebirds,9,3,2,5,4,2,6
bluebottle,10,2,2,4,2,2,4
bluebottle's,12,3,1,4,3,1,4
bluebottles,11,3,1,4,2,2,4
blued,5,5,4,9,5,4,9
bluefish,8,3,1,4,3,1,4
bluefish's,10,6,3,9,2,1,3
bluefishes,10,3,1,4,3,0,3
bluegrass,9,5,0,5,4,0,4
bluegrass's,11,6,0,6,5,0,5
blueing,7,7,3,10,7,2,9
blueing's,9,4,3,7,4,2,6
bluejacket,10,3,2,5,3,2,5
bluejacket's,12,4,1,5,3,1,4
bluejackets,11,2,2,4,2,2,4
bluejay,7,3,2,5,3,1,4
bluejay's,9,4,1,5,4,0,4
bluejays,8,4,1,5,4,1,5
bluenose,8,3,0,3,3,0,3
bluenose's,10,3,1,4,2,0,2
bluenoses,9,3,0,3,3,0,3
blueprint,9,4,2,6,4,2,6
blueprint's,11,5,0,5,5,0,5
blueprinted,11,4,1,5,3,1,4
blueprinting,12,6,1,7,4,1,5
blueprints,10,4,1,5,4,2,6
bluer,5,3,5,8,3,5,8
blues,5,5,3,8,5,3,8
bluest,6,5,2,7,5,2,7
bluestocking,12,6,0,6,6,0,6
bluestocking's,14,3,0,3,3,0,3
bluestockings,13,3,1,4,4,0,4
bluff,5,4,7,11,3,6,9
bluff's,7,5,7,12,4,7,11
bluffed,7,5,5,10,4,7,11
bluffer,7,5,5,10,6,3,9
bluffer's,9,8,2,10,8,2,10
bluffers,8,5,4,9,6,3,9
bluffest,8,6,2,8,6,2,8
bluffing,8,6,4,10,6,4,10
bluffs,6,4,6,10,5,5,10
bluing,6,6,4,10,6,4,10
bluing's,8,4,4,8,7,4,11
bluish,6,4,2,6,4,2,6
blunder,7,7,3,10,7,4,11
blunder's,9,7,3,10,8,2,10
blunderbuss,11,2,0,2,2,0,2
blunderbuss's,13,3,0,3,2,0,2
blunderbusses,13,3,0,3,2,0,2
blundered,9,7,1,8,7,1,8
blunderer,9,7,1,8,7,1,8
blunderer's,11,9,1,10,9,1,10
blunderers,10,8,0,8,8,0,8
blundering,10,9,1,10,9,1,10
blunders,8,7,3,10,7,3,10
blunt,5,3,8,11,3,9,12
blunted,7,5,6,11,5,5,10
blunter,7,6,4,10,6,5,11
bluntest,8,6,1,7,6,1,7
blunting,8,5,4,9,5,4,9
bluntly,7,3,5,8,2,5,7
bluntness,9,5,3,8,5,3,8
bluntness's,11,6,3,9,6,3,9
blunts,6,6,5,11,6,6,12
blur,4,2,5,7,2,5,7
blur's,6,4,4,8,4,4,8
blurb,5,4,5,9,3,5,8
blurb's,7,5,4,9,4,8,12
blurbs,6,4,5,9,4,5,9
blurred,7,3,2,5,3,2,5
blurrier,8,2,2,4,2,1,3
blurriest,9,6,1,7,6,0,6
blurring,8,7,3,10,7,3,10
blurry,6,5,5,10,5,6,11
blurs,5,3,6,9,3,6,9
blurt,5,4,5,9,3,5,8
blurted,7,6,3,9,6,3,9
blurting,8,7,3,10,7,3,10
blurts,6,5,6,11,5,7,12
blush,5,5,4,9,5,5,10
blush's,7,6,4,10,6,4,10
blushed,7,7,3,10,7,3,10
blusher,7,7,1,8,7,1,8
blusher's,9,7,1,8,7,1,8
blushers,8,6,1,7,6,1,7
blushes,7,6,2,8,6,1,7
blushing,8,8,3,11,8,3,11
bluster,7,6,3,9,6,3,9
bluster's,9,7,3,10,7,3,10
blustered,9,8,0,8,8,0,8
blustering,10,10,0,10,10,0,10
blusters,8,6,2,8,6,2,8
blustery,8,4,1,5,4,1,5
bo's'n,6,4,1,5,4,2,6
bo's'n's,8,2,1,3,2,1,3
bo's'ns,7,2,0,2,2,1,3
bo'sun,6,4,1,5,4,2,6
bo'sun's,8,2,1,3,2,1,3
bo'suns,7,2,0,2,2,1,3
boa,3,2,3,5,2,3,5
boa's,5,4,5,9,3,6,9
boar,4,3,3,6,3,3,6
boar's,6,5,2,7,5,2,7
board,5,4,4,8,4,4,8
board's,7,6,3,9,6,3,9
boarded,7,6,1,7,6,1,7
boarder,7,4,2,6,4,2,6
boarder's,9,6,1,7,6,1,7
boarders,8,5,2,7,5,1,6
boarding,8,8,3,11,8,3,11
boardinghouse,13,4,0,4,3,0,3
boardinghouse's,15,5,0,5,3,0,3
boardinghouses,14,4,0,4,3,0,3
boardroom,9,2,3,5,2,3,5
boardroom's,11,6,3,9,3,2,5
boardrooms,10,4,2,6,3,1,4
boards,6,4,4,8,4,4,8
boardwalk,9,2,3,5,2,3,5
boardwalk's,11,4,1,5,3,1,4
boardwalks,10,5,2,7,5,2,7
boars,5,4,2,6,4,2,6
boas,4,4,3,7,4,3,7
boast,5,5,2,7,5,2,7
boast's,7,6,1,7,6,1,7
boasted,7,7,1,8,7,1,8
boaster,7,7,0,7,7,0,7
boaster's,9,8,0,8,8,0,8
boasters,8,6,1,7,6,1,7
boastful,8,3,2,5,3,2,5
boastfully,10,2,2,4,2,2,4
boastfulness,12,5,0,5,3,0,3
boastfulness's,14,6,0,6,3,0,3
boasting,8,8,1,9,8,1,9
boasts,6,5,2,7,5,2,7
boat,4,4,5,9,4,4,8
boat's,6,6,4,10,6,3,9
boated,6,6,3,9,6,3,9
boater,6,5,4,9,5,4,9
boater's,8,7,2,9,7,2,9
boaters,7,6,2,8,6,1,7
boating,7,7,4,11,7,4,11
boatman,7,3,5,8,4,4,8
boatman's,9,5,2,7,4,3,7
boatmen,7,5,4,9,4,3,7
boats,5,5,3,8,5,3,8
boatswain,9,3,1,4,3,1,4
boatswain's,11,3,1,4,3,1,4
boatswains,10,3,2,5,2,3,5
bob,3,2,2,4,2,2,4
bob's,5,4,3,7,4,3,7
bobbed,6,4,4,8,4,3,7
bobbies,7,5,3,8,5,2,7
bobbin,6,4,4,8,4,3,7
bobbin's,8,6,3,9,6,2,8
bobbing,7,5,6,11,5,5,10
bobbins,7,5,3,8,5,3,8
bobble,6,4,2,6,4,2,6
bobble's,8,6,3,9,6,2,8
bobbled,7,5,3,8,5,4,9
bobbles,7,5,3,8,5,2,7
bobbling,8,6,4,10,6,3,9
bobby,5,3,6,9,3,5,8
bobby's,7,5,5,10,5,4,9
bobcat,6,5,3,8,3,4,7
bobcat's,8,7,2,9,5,3,8
bobcats,7,6,3,9,5,3,8
bobolink,8,3,3,6,3,3,6
bobolink's,10,4,2,6,6,2,8
bobolinks,9,5,2,7,4,2,6
bobs,4,3,2,5,3,2,5
bobsled,7,4,3,7,4,3,7
bobsled's,9,5,1,6,4,1,5
bobsledded,10,3,0,3,3,0,3
bobsledding,11,7,1,8,7,0,7
bobsleds,8,3,2,5,3,2,5
bobtail,7,4,3,7,4,3,7
bobtail's,9,6,2,8,7,1,8
bobtails,8,4,4,8,4,4,8
bobwhite,8,7,2,9,5,2,7
bobwhite's,10,9,1,10,6,2,8
bobwhites,9,8,1,9,6,0,6
bode,4,4,6,10,4,6,10
boded,5,4,3,7,4,3,7
bodega,6,3,3,6,3,3,6
bodega's,8,5,2,7,5,3,8
bodegas,7,4,2,6,3,2,5
bodes,5,5,5,10,5,7,12
bodice,6,5,3,8,4,3,7
bodice's,8,7,1,8,6,3,9
bodices,7,6,2,8,6,2,8
bodies,6,5,2,7,5,1,6
bodily,6,5,4,9,5,4,9
boding,6,6,5,11,6,5,11
bodkin,6,4,4,8,4,3,7
bodkin's,8,6,3,9,6,2,8
bodkins,7,5,3,8,5,3,8
body,4,3,9,12,3,9,12
body's,6,5,8,13,6,7,13
bodybuilding,12,3,2,5,3,2,5
bodybuilding's,14,3,3,6,3,0,3
bodyguard,9,5,4,9,4,3,7
bodyguard's,11,5,1,6,4,2,6
bodyguards,10,4,2,6,4,1,5
bodywork,8,3,4,7,2,5,7
bodywork's,10,5,2,7,3,3,6
bog,3,3,2,5,3,2,5
bog's,5,5,3,8,5,3,8
bogey,5,5,6,11,5,6,11
bogey's,7,7,4,11,7,5,12
bogeyed,7,2,5,7,5,4,9
bogeying,8,6,1,7,4,2,6
bogeyman,8,5,1,6,4,2,6
bogeyman's,10,7,0,7,6,1,7
bogeymen,8,2,3,5,2,3,5
bogeys,6,6,3,9,6,3,9
bogged,6,5,4,9,5,3,8
boggier,7,6,3,9,6,2,8
boggiest,8,7,3,10,7,3,10
bogging,7,5,3,8,5,3,8
boggle,6,5,2,7,5,2,7
boggled,7,6,3,9,6,2,8
boggles,7,6,3,9,6,2,8
boggling,8,6,2,8,6,2,8
boggy,5,4,6,10,4,5,9
bogie,5,5,5,10,5,5,10
bogie's,7,7,4,11,7,4,11
bogied,6,5,4,9,5,3,8
bogies,6,6,4,10,6,3,9
bogs,4,4,2,6,4,2,6
bogus,5,3,8,11,3,8,11
bogy,4,4,9,13,4,9,13
bogy's,6,6,8,14,5,8,13
bohemian,8,4,1,5,4,1,5
bohemian's,10,6,0,6,6,0,6
bohemians,9,9,0,9,9,0,9
boil,4,4,5,9,4,4,8
boil's,6,6,4,10,6,3,9
boiled,6,6,2,8,6,2,8
boiler,6,6,1,7,6,1,7
boiler's,8,8,2,10,8,4,12
boilerplate,11,2,1,3,2,1,3
boilerplate's,13,4,0,4,5,0,5
boilers,7,7,1,8,7,1,8
boiling,7,6,3,9,6,3,9
boilings,8,3,2,5,3,2,5
boils,5,5,4,9,5,4,9
boisterous,10,3,1,4,4,0,4
boisterously,12,3,0,3,2,0,2
boisterousness,14,1,0,1,1,0,1
boisterousness's,16,1,0,1,1,0,1
bola,4,4,5,9,4,3,7
bola's,6,6,3,9,6,3,9
bolas,5,3,6,9,4,5,9
bold,4,4,5,9,4,4,8
bolder,6,6,3,9,6,3,9
boldest,7,7,3,10,7,2,9
boldface,8,6,3,9,4,2,6
boldface's,10,7,1,8,8,1,9
boldly,6,5,5,10,5,5,10
boldness,8,7,2,9,6,2,8
boldness's,10,8,2,10,7,2,9
bole,4,4,5,9,4,5,9
bole's,6,6,4,10,6,4,10
bolero,6,3,4,7,3,3,6
bolero's,8,5,1,6,4,1,5
boleros,7,3,3,6,4,4,8
boles,5,5,3,8,5,3,8
boll,4,3,5,8,3,4,7
boll's,6,5,4,9,5,3,8
bolls,5,4,3,7,4,3,7
bologna,7,3,3,6,3,2,5
bologna's,9,4,1,5,6,1,7
boloney,7,5,4,9,4,4,8
boloney's,9,5,2,7,6,2,8
bolster,7,6,1,7,6,1,7
bolster's,9,7,1,8,7,1,8
bolstered,9,8,0,8,8,0,8
bolstering,10,10,0,10,10,0,10
bolsters,8,7,0,7,7,0,7
bolt,4,4,6,10,4,5,9
bolt's,6,6,5,11,6,4,10
bolted,6,6,2,8,6,2,8
bolting,7,7,3,10,7,3,10
bolts,5,5,3,8,5,3,8
bomb,4,3,11,14,2,11,13
bomb's,6,5,9,14,4,7,11
bombard,7,4,5,9,4,3,7
bombarded,9,5,1,6,5,1,6
bombardier,10,3,1,4,3,1,4
bombardier's,12,5,0,5,4,0,4
bombardiers,11,5,1,6,4,0,4
bombarding,10,6,2,8,6,2,8
bombardment,11,5,2,7,4,1,5
bombardment's,13,5,0,5,5,0,5
bombardments,12,7,0,7,5,0,5
bombards,8,6,2,8,5,2,7
bombast,7,5,2,7,4,2,6
bombast's,9,6,2,8,5,3,8
bombastic,9,7,1,8,5,1,6
bombed,6,4,4,8,4,3,7
bomber,6,5,7,12,4,7,11
bomber's,8,6,7,13,6,6,12
bombers,7,5,6,11,5,4,9
bombing,7,5,6,11,5,5,10
bombings,8,6,4,10,6,5,11
bombs,5,3,8,11,3,8,11
bombshell,9,3,1,4,3,0,3
bombshell's,11,4,0,4,3,1,4
bombshells,10,2,2,4,4,1,5
bonanza,7,2,3,5,2,2,4
bonanza's,9,4,1,5,3,1,4
bonanzas,8,3,1,4,3,1,4
bonbon,6,2,5,7,3,4,7
bonbon's,8,4,3,7,5,2,7
bonbons,7,3,3,6,3,2,5
bond,4,4,7,11,4,7,11
bond's,6,6,7,13,6,7,13
bondage,7,5,3,8,3,4,7
bondage's,9,7,2,9,7,2,9
bonded,6,3,4,7,4,3,7
bonding,7,4,5,9,4,5,9
bonding's,9,6,2,8,5,2,7
bonds,5,5,5,10,5,7,12
bondsman,8,5,2,7,4,2,6
bondsman's,10,5,2,7,6,2,8
bondsmen,8,5,1,6,4,1,5
bone,4,4,3,7,4,3,7
bone's,6,6,6,12,6,6,12
boned,5,5,6,11,5,5,10
bonehead,8,4,1,5,4,1,5
bonehead's,10,8,0,8,4,1,5
boneheads,9,3,1,4,3,1,4
boneless,8,6,0,6,6,0,6
boner,5,5,5,10,5,5,10
boner's,7,7,3,10,7,3,10
boners,6,6,3,9,6,3,9
bones,5,5,4,9,5,7,12
boney,5,5,5,10,5,5,10
boneyer,7,4,3,7,3,3,6
boneyest,8,5,0,5,5,0,5
bonfire,7,4,3,7,4,2,6
bonfire's,9,6,2,8,6,2,8
bonfires,8,5,1,6,5,1,6
bong,4,4,9,13,4,9,13
bong's,6,6,7,13,6,7,13
bonged,6,5,4,9,5,3,8
bonging,7,5,3,8,5,4,9
bongo,5,3,5,8,3,7,10
bongo's,7,5,4,9,5,4,9
bongoes,7,5,3,8,5,2,7
bongos,6,4,3,7,3,3,6
bongs,5,5,6,11,5,5,10
bonier,6,6,1,7,6,1,7
boniest,7,6,3,9,6,3,9
boning,6,5,3,8,5,3,8
bonito,6,2,4,6,3,3,6
bonito's,8,4,3,7,6,2,8
bonitoes,8,4,2,6,5,1,6
bonitos,7,3,4,7,3,3,6
bonkers,7,6,4,10,5,4,9
bonnet,6,4,4,8,4,4,8
bonnet's,8,6,2,8,6,2,8
bonnets,7,5,6,11,5,6,11
bonnie,6,5,1,6,5,0,5
bonnier,7,5,4,9,5,3,8
bonniest,8,6,4,10,6,4,10
bonny,5,3,7,10,3,6,9
bonsai,6,4,2,6,3,2,5
bonsai's,8,5,2,7,4,2,6
bonus,5,4,7,11,4,8,12
bonus's,7,5,5,10,5,5,10
bonuses,7,5,1,6,5,1,6
bony,4,4,9,13,4,9,13
boo,3,2,1,3,2,1,3
boo's,5,4,9,13,4,7,11
boob,4,2,10,12,2,9,11
boob's,6,4,10,14,4,9,13
boobed,6,4,3,7,4,3,7
boobies,7,5,0,5,5,0,5
boobing,7,5,8,13,5,8,13
boobs,5,3,9,12,3,7,10
booby,5,3,4,7,3,4,7
booby's,7,5,3,8,5,3,8
boodle,6,5,2,7,5,2,7
boodle's,8,7,3,10,7,2,9
boodles,7,6,3,9,6,2,8
booed,5,4,2,6,4,2,6
boogie,6,5,2,7,5,2,7
boogie's,8,7,0,7,7,2,9
boogied,7,4,5,9,4,5,9
boogieing,9,3,2,5,2,2,4
boogies,7,6,0,6,6,0,6
booing,6,5,3,8,5,3,8
book,4,3,5,8,3,5,8
book's,6,5,5,10,5,4,9
bookcase,8,3,0,3,3,0,3
bookcase's,10,4,1,5,3,0,3
bookcases,9,3,0,3,3,0,3
booked,6,5,3,8,5,3,8
bookend,7,3,3,6,3,3,6
bookend's,9,5,2,7,5,3,8
bookends,8,4,3,7,4,3,7
bookie,6,5,0,5,5,0,5
bookie's,8,7,1,8,7,3,10
bookies,7,6,1,7,6,1,7
booking,7,6,6,12,6,6,12
booking's,9,8,2,10,8,2,10
bookings,8,6,3,9,6,3,9
bookish,7,5,2,7,5,2,7
bookkeeper,10,4,1,5,2,1,3
bookkeeper's,12,3,0,3,3,0,3
bookkeepers,11,3,0,3,3,0,3
bookkeeping,11,5,2,7,2,1,3
bookkeeping's,13,2,1,3,2,0,2
booklet,7,3,5,8,3,5,8
booklet's,9,6,2,8,7,2,9
booklets,8,5,4,9,5,3,8
bookmaker,9,3,3,6,3,3,6
bookmaker's,11,6,0,6,6,0,6
bookmakers,10,5,1,6,5,1,6
bookmaking,10,5,2,7,5,2,7
bookmaking's,12,4,1,5,4,1,5
bookmark,8,3,5,8,3,5,8
bookmark's,10,4,3,7,5,3,8
bookmarked,10,4,1,5,5,1,6
bookmarking,11,7,1,8,5,2,7
bookmarks,9,4,3,7,3,3,6
bookmobile,10,3,2,5,3,2,5
bookmobile's,12,6,1,7,4,1,5
bookmobiles,11,5,1,6,4,1,5
books,5,4,3,7,4,3,7
bookseller,10,3,0,3,3,0,3
bookseller's,12,2,0,2,2,0,2
booksellers,11,2,0,2,2,0,2
bookshelf,9,3,1,4,3,0,3
bookshelf's,11,4,0,4,3,1,4
bookshelves,11,3,0,3,3,0,3
bookshop,8,4,3,7,4,3,7
bookshop's,10,5,3,8,5,3,8
bookshops,9,4,3,7,4,2,6
bookstore,9,5,2,7,4,2,6
bookstore's,11,4,2,6,5,1,6
bookstores,10,5,1,6,4,1,5
bookworm,8,6,4,10,6,4,10
bookworm's,10,8,2,10,8,2,10
bookworms,9,7,2,9,7,2,9
boom,4,3,2,5,3,2,5
boom's,6,5,5,10,5,5,10
boomed,6,5,4,9,5,4,9
boomerang,9,3,2,5,3,2,5
boomerang's,11,5,2,7,4,1,5
boomeranged,11,3,2,5,2,1,3
boomeranging,12,4,1,5,4,1,5
boomerangs,10,5,1,6,6,1,7
booming,7,6,4,10,6,5,11
booms,5,4,2,6,4,2,6
boon,4,3,7,10,3,7,10
boon's,6,5,8,13,5,7,12
boondocks,9,2,4,6,2,4,6
boondocks's,11,2,2,4,2,2,4
boondoggle,10,2,3,5,2,3,5
boondoggle's,12,4,1,5,3,1,4
boondoggled,11,2,3,5,2,2,4
boondoggles,11,4,1,5,3,1,4
boondoggling,12,3,1,4,3,1,4
boons,5,4,10,14,4,8,12
boor,4,2,10,12,3,9,12
boor's,6,4,10,14,4,9,13
boorish,7,5,2,7,5,2,7
boorishly,9,6,1,7,6,1,7
boors,5,3,11,14,3,9,12
boos,4,3,9,12,2,10,12
boost,5,4,2,6,4,2,6
boost's,7,4,3,7,5,2,7
boosted,7,5,1,6,5,1,6
booster,7,5,1,6,5,1,6
booster's,9,6,1,7,6,1,7
boosters,8,5,1,6,5,1,6
boosting,8,7,1,8,7,1,8
boosts,6,4,2,6,4,2,6
boot,4,3,4,7,3,4,7
boot's,6,5,7,12,5,5,10
bootblack,9,3,3,6,3,3,6
bootblack's,11,6,3,9,5,2,7
bootblacks,10,3,2,5,4,1,5
booted,6,5,5,10,5,5,10
bootee,6,2,1,3,2,1,3
bootee's,8,4,1,5,4,0,4
bootees,7,3,0,3,3,0,3
booth,5,3,4,7,3,4,7
booth's,7,5,3,8,5,3,8
booths,6,2,3,5,2,3,5
bootie,6,4,3,7,4,3,7
bootie's,8,6,2,8,6,4,10
booties,7,5,2,7,5,2,7
booting,7,6,3,9,6,3,9
bootleg,7,3,6,9,4,4,8
bootleg's,9,5,2,7,7,2,9
bootlegged,10,3,3,6,3,3,6
bootlegger,10,3,1,4,3,1,4
bootlegger's,12,6,1,7,5,0,5
bootleggers,11,5,1,6,5,0,5
bootlegging,11,4,1,5,3,1,4
bootlegs,8,4,3,7,4,2,6
bootless,8,5,2,7,6,1,7
boots,5,4,4,8,4,4,8
bootstrap,9,3,2,5,3,2,5
bootstrap's,11,4,1,5,3,2,5
bootstraps,10,3,1,4,3,1,4
booty,5,4,4,8,4,4,8
booty's,7,5,3,8,5,3,8
booze,5,3,4,7,3,4,7
booze's,7,5,4,9,5,4,9
boozed,6,4,6,10,4,6,10
boozer,6,4,5,9,4,5,9
boozer's,8,6,4,10,6,4,10
boozers,7,5,3,8,5,3,8
boozes,6,4,4,8,4,4,8
boozier,7,6,3,9,6,2,8
booziest,8,7,2,9,7,1,8
boozing,7,5,8,13,5,8,13
boozy,5,3,5,8,3,5,8
bop,3,3,3,6,3,3,6
bop's,5,5,4,9,5,4,9
bopped,6,4,5,9,5,4,9
bopping,7,6,5,11,6,4,10
bops,4,4,3,7,4,3,7
borax,5,2,7,9,2,7,9
borax's,7,5,5,10,4,6,10
bordello,8,3,2,5,3,2,5
bordello's,10,5,1,6,5,1,6
bordellos,9,4,1,5,4,2,6
border,6,4,3,7,4,3,7
border's,8,6,3,9,6,3,9
bordered,8,4,1,5,4,1,5
bordering,9,6,2,8,6,2,8
borderland,10,3,2,5,4,1,5
borderland's,12,6,0,6,4,0,4
borderlands,11,4,1,5,6,0,6
borderline,10,3,2,5,3,1,4
borderline's,12,5,1,6,5,0,5
borderlines,11,4,1,5,3,0,3
borders,7,5,1,6,5,1,6
bore,4,4,3,7,4,3,7
bore's,6,6,4,10,6,4,10
bored,5,5,2,7,5,6,11
boredom,7,3,2,5,3,3,6
boredom's,9,4,2,6,4,2,6
borer,5,3,3,6,3,3,6
borer's,7,4,1,5,4,1,5
borers,6,3,1,4,3,1,4
bores,5,5,4,9,5,5,10
boring,6,6,6,12,6,7,13
boringly,8,7,3,10,7,3,10
born,4,4,3,7,4,4,8
borne,5,4,6,10,4,6,10
boron,5,4,3,7,4,3,7
boron's,7,6,2,8,6,2,8
borough,7,2,4,6,2,4,6
borough's,9,5,3,8,4,3,7
boroughs,8,3,3,6,3,4,7
borrow,6,3,7,10,3,6,9
borrowed,8,4,3,7,4,2,6
borrower,8,4,2,6,3,1,4
borrower's,10,3,0,3,3,0,3
borrowers,9,3,1,4,3,1,4
borrowing,9,5,3,8,5,3,8
borrows,7,3,6,9,5,3,8
borsch,6,4,2,6,2,3,5
borsch's,8,3,2,5,3,3,6
borscht,7,3,3,6,3,3,6
borscht's,9,3,3,6,2,3,5
bos'n,5,5,3,8,5,3,8
bos'n's,7,2,1,3,2,2,4
bos'ns,6,2,1,3,2,1,3
bosh,4,4,3,7,4,3,7
bosh's,6,5,4,9,5,4,9
bosom,5,2,3,5,2,3,5
bosom's,7,3,2,5,3,3,6
bosoms,6,2,4,6,2,3,5
boss,4,3,4,7,3,4,7
boss's,6,4,5,9,4,5,9
bossed,6,5,3,8,4,5,9
bosses,6,4,4,8,4,4,8
bossier,7,6,0,6,6,0,6
bossiest,8,6,1,7,6,1,7
bossily,7,5,2,7,5,2,7
bossiness,9,5,0,5,5,0,5
bossiness's,11,6,0,6,6,0,6
bossing,7,6,2,8,6,2,8
bossy,5,3,2,5,3,2,5
bosun,5,4,4,8,4,4,8
bosun's,7,4,3,7,4,4,8
bosuns,6,2,4,6,4,3,7
botanical,9,2,2,4,4,2,6
botanist,8,4,1,5,4,1,5
botanist's,10,5,0,5,5,1,6
botanists,9,4,2,6,4,1,5
botany,6,3,4,7,5,2,7
botany's,8,5,3,8,5,3,8
botch,5,3,7,10,4,5,9
botch's,7,6,6,12,6,4,10
botched,7,7,5,12,7,5,12
botches,7,7,3,10,7,3,10
botching,8,7,5,12,7,5,12
both,4,4,8,12,4,8,12
bother,6,6,5,11,6,3,9
bother's,8,8,4,12,8,4,12
bothered,8,7,2,9,7,2,9
bothering,9,9,1,10,9,1,10
bothers,7,7,4,11,7,2,9
bothersome,10,4,1,5,3,0,3
botnet,6,2,6,8,2,6,8
botnet's,8,4,4,8,4,4,8
botnets,7,4,2,6,4,2,6
bottle,6,4,3,7,4,3,7
bottle's,8,6,3,9,6,2,8
bottled,7,5,4,9,5,4,9
bottleneck,10,5,1,6,3,1,4
bottleneck's,12,7,0,7,3,0,3
bottlenecks,11,3,0,3,3,0,3
bottles,7,5,4,9,5,3,8
bottling,8,6,4,10,6,3,9
bottom,6,2,5,7,2,7,9
bottom's,8,4,3,7,4,5,9
bottomed,8,3,4,7,5,5,10
bottoming,9,4,4,8,5,3,8
bottomless,10,4,1,5,4,1,5
bottoms,7,4,4,8,4,4,8
botulism,8,6,2,8,4,2,6
botulism's,10,7,0,7,5,2,7
boudoir,7,3,3,6,3,3,6
boudoir's,9,4,3,7,4,3,7
boudoirs,8,3,4,7,3,4,7
bouffant,8,5,4,9,2,5,7
bouffant's,10,7,2,9,6,2,8
bouffants,9,6,2,8,6,2,8
bough,5,5,5,10,5,6,11
bough's,7,7,4,11,7,5,12
boughs,6,6,4,10,6,4,10
bought,6,6,5,11,6,5,11
bouillabaisse,13,1,0,1,1,0,1
bouillabaisse's,15,2,0,2,2,0,2
bouillabaisses,14,2,0,2,2,0,2
bouillon,8,2,3,5,2,3,5
bouillon's,10,4,2,6,3,2,5
bouillons,9,4,2,6,3,2,5
boulder,7,6,2,8,7,2,9
boulder's,9,8,0,8,8,0,8
boulders,8,6,1,7,6,0,6
boulevard,9,4,3,7,3,2,5
boulevard's,11,6,0,6,4,1,5
boulevards,10,5,0,5,3,2,5
bounce,6,6,3,9,6,3,9
bounce's,8,8,3,11,8,4,12
bounced,7,7,4,11,7,4,11
bouncer,7,6,5,11,6,5,11
bouncer's,9,5,2,7,9,2,11
bouncers,8,7,2,9,8,1,9
bounces,7,7,3,10,7,3,10
bouncier,8,4,3,7,4,2,6
bounciest,9,6,0,6,6,1,7
bouncing,8,7,3,10,7,3,10
bouncy,6,4,5,9,6,5,11
bound,5,5,5,10,5,5,10
bound's,7,7,4,11,7,3,10
boundaries,10,5,0,5,5,0,5
boundary,8,5,3,8,4,4,8
boundary's,10,6,2,8,6,3,9
bounded,7,6,2,8,6,2,8
bounden,7,3,2,5,2,3,5
bounder,7,7,4,11,7,4,11
bounder's,9,9,3,12,8,3,11
bounders,8,8,3,11,7,2,9
bounding,8,7,2,9,7,2,9
boundless,9,4,1,5,4,1,5
bounds,6,6,3,9,6,3,9
bounteous,9,6,1,7,4,1,5
bounties,8,8,2,10,8,2,10
bountiful,9,4,2,6,3,3,6
bountifully,11,2,3,5,2,3,5
bounty,6,4,6,10,5,6,11
bounty's,8,8,3,11,8,3,11
bouquet,7,3,5,8,3,5,8
bouquet's,9,5,4,9,4,3,7
bouquets,8,4,4,8,5,3,8
bourbon,7,2,5,7,3,4,7
bourbon's,9,5,2,7,5,2,7
bourgeois,9,3,4,7,5,1,6
bourgeois's,11,3,1,4,3,1,4
bourgeoisie,11,3,0,3,3,0,3
bourgeoisie's,13,3,0,3,3,0,3
bout,4,4,7,11,4,7,11
bout's,6,6,6,12,6,6,12
boutique,8,4,3,7,4,4,8
boutique's,10,4,2,6,4,3,7
boutiques,9,5,1,6,4,2,6
boutonnière,11,3,1,4,3,2,5
boutonnière's,13,4,0,4,5,0,5
boutonnières,12,4,0,4,3,1,4
bouts,5,5,7,12,5,7,12
bovine,6,4,4,8,4,3,7
bovine's,8,7,2,9,5,3,8
bovines,7,4,3,7,4,3,7
bow,3,3,4,7,3,4,7
bow's,5,5,5,10,5,5,10
bowdlerize,10,2,2,4,2,2,4
bowdlerized,11,3,1,4,3,1,4
bowdlerizes,11,3,1,4,3,1,4
bowdlerizing,12,3,2,5,3,2,5
bowed,5,5,3,8,5,2,7
bowel,5,5,4,9,5,4,9
bowel's,7,7,2,9,7,2,9
bowels,6,6,2,8,6,2,8
bower,5,5,3,8,5,3,8
bower's,7,7,4,11,7,4,11
bowers,6,6,1,7,6,1,7
bowing,6,6,4,10,6,3,9
bowl,4,4,4,8,4,3,7
bowl's,6,6,3,9,6,2,8
bowlder,7,3,3,6,6,3,9
bowlder's,9,6,1,7,6,1,7
bowlders,8,5,2,7,5,1,6
bowled,6,6,3,9,6,3,9
bowlegged,9,3,3,6,3,3,6
bowler,6,6,5,11,6,6,12
bowler's,8,8,2,10,8,4,12
bowlers,7,6,2,8,6,2,8
bowling,7,7,4,11,7,4,11
bowling's,9,9,3,12,9,3,12
bowls,5,5,3,8,5,3,8
bowman,6,5,2,7,5,2,7
bowman's,8,7,1,8,7,1,8
bowmen,6,3,6,9,3,7,10
bows,4,4,4,8,4,4,8
bowsprit,8,4,1,5,3,1,4
bowsprit's,10,3,2,5,4,1,5
bowsprits,9,3,2,5,3,2,5
bowstring,9,7,1,8,6,1,7
bowstring's,11,5,1,6,4,1,5
bowstrings,10,7,2,9,4,1,5
box,3,3,5,8,3,5,8
box's,5,5,6,11,5,6,11
boxcar,6,3,4,7,3,4,7
boxcar's,8,5,3,8,5,3,8
boxcars,7,5,2,7,5,3,8
boxed,5,5,9,14,4,7,11
boxer,5,4,9,13,4,9,13
boxer's,7,6,5,11,6,5,11
boxers,6,4,7,11,4,7,11
boxes,5,5,10,15,5,9,14
boxing,6,6,10,16,6,10,16
boxing's,8,7,3,10,7,3,10
boxwood,7,4,4,8,4,4,8
boxwood's,9,6,2,8,6,2,8
boy,3,2,6,8,2,6,8
boy's,5,4,7,11,4,7,11
boycott,7,3,4,7,3,4,7
boycott's,9,5,2,7,5,2,7
boycotted,9,4,3,7,4,2,6
boycotting,10,5,3,8,5,3,8
boycotts,8,3,3,6,3,3,6
boyfriend,9,3,2,5,2,3,5
boyfriend's,11,6,1,7,4,1,5
boyfriends,10,4,0,4,3,1,4
boyhood,7,3,5,8,3,5,8
boyhood's,9,5,3,8,5,3,8
boyhoods,8,4,2,6,3,2,5
boyish,6,5,4,9,5,4,9
boyishly,8,3,1,4,3,2,5
boyishness,10,7,1,8,7,1,8
boyishness's,12,8,1,9,8,1,9
boys,4,3,5,8,3,5,8
boysenberries,13,3,0,3,3,0,3
boysenberry,11,3,1,4,2,0,2
boysenberry's,13,3,0,3,3,0,3
bozo,4,2,6,8,2,6,8
bozo's,6,4,4,8,4,5,9
bozos,5,3,2,5,3,2,5
bra,3,2,4,6,2,4,6
bra's,5,5,1,6,5,1,6
brace,5,5,2,7,5,2,7
brace's,7,7,1,8,7,1,8
braced,6,6,0,6,6,0,6
bracelet,8,5,2,7,5,2,7
bracelet's,10,4,0,4,3,0,3
bracelets,9,4,0,4,5,0,5
braces,6,6,1,7,6,1,7
bracing,7,7,2,9,7,2,9
bracken,7,4,4,8,4,4,8
bracken's,9,6,2,8,5,2,7
bracket,7,4,2,6,4,2,6
bracket's,9,6,0,6,6,0,6
bracketed,9,5,1,6,5,1,6
bracketing,10,7,1,8,6,1,7
brackets,8,5,1,6,5,1,6
brackish,8,7,2,9,7,2,9
bract,5,4,4,8,4,4,8
bract's,7,5,3,8,5,3,8
bracts,6,4,4,8,5,3,8
brad,4,4,1,5,4,1,5
brad's,6,6,1,7,6,1,7
brads,5,5,2,7,5,2,7
brag,4,4,4,8,4,4,8
brag's,6,6,4,10,6,4,10
braggart,8,2,3,5,2,3,5
braggart's,10,4,2,6,4,1,5
braggarts,9,4,2,6,4,2,6
bragged,7,4,3,7,6,4,10
bragger,7,5,4,9,5,3,8
bragger's,9,7,4,11,7,4,11
braggers,8,6,3,9,6,2,8
bragging,8,6,3,9,6,3,9
brags,5,5,3,8,5,3,8
braid,5,4,5,9,4,6,10
braid's,7,6,3,9,6,4,10
braided,7,6,1,7,6,1,7
braiding,8,5,3,8,5,3,8
braids,6,5,6,11,5,6,11
braille,7,4,1,5,3,0,3
braille's,9,6,0,6,6,0,6
brain,5,5,2,7,5,3,8
brain's,7,7,2,9,7,2,9
brainchild,10,4,2,6,3,2,5
brainchild's,12,6,1,7,3,1,4
brainchildren,13,2,1,3,2,1,3
brainchildren's,15,6,1,7,2,0,2
brained,7,6,5,11,6,5,11
brainier,8,6,2,8,6,1,7
brainiest,9,8,0,8,8,0,8
braining,8,6,2,8,6,2,8
brainless,9,3,0,3,3,0,3
brains,6,6,2,8,6,3,9
brainstorm,10,4,0,4,3,1,4
brainstorm's,12,4,1,5,3,1,4
brainstormed,12,4,0,4,4,0,4
brainstorming,13,2,0,2,2,0,2
brainstorming's,15,2,0,2,1,1,2
brainstorms,11,2,1,3,2,1,3
brainteaser,11,2,1,3,2,1,3
brainteaser's,13,3,0,3,3,0,3
brainteasers,12,3,1,4,3,0,3
brainwash,9,4,1,5,3,1,4
brainwashed,11,4,0,4,4,0,4
brainwashes,11,5,1,6,4,0,4
brainwashing,12,2,1,3,2,1,3
brainwashing's,14,2,1,3,2,1,3
brainy,6,6,2,8,6,2,8
braise,6,6,1,7,6,2,8
braised,7,7,1,8,6,1,7
braises,7,6,2,8,6,0,6
braising,8,7,1,8,7,1,8
brake,5,5,5,10,5,5,10
brake's,7,7,4,11,7,4,11
braked,6,6,3,9,6,3,9
brakeman,8,3,1,4,2,1,3
brakeman's,10,4,0,4,4,0,4
brakemen,8,4,3,7,4,3,7
brakes,6,6,3,9,6,3,9
braking,7,7,3,10,7,3,10
bramble,7,6,2,8,5,2,7
bramble's,9,8,1,9,7,2,9
brambles,8,7,2,9,6,3,9
bran,4,4,2,6,4,2,6
bran's,6,6,2,8,6,2,8
branch,6,4,4,8,4,3,7
branch's,8,6,2,8,6,2,8
branched,8,5,2,7,7,1,8
branches,8,5,2,7,5,2,7
branching,9,7,3,10,7,3,10
brand,5,5,4,9,5,4,9
brand's,7,7,3,10,7,3,10
branded,7,5,2,7,5,2,7
brandied,8,4,2,6,6,1,7
brandies,8,6,0,6,6,0,6
branding,8,5,5,10,5,5,10
brandish,8,5,2,7,4,3,7
brandished,10,5,0,5,4,0,4
brandishes,10,6,2,8,5,1,6
brandishing,11,5,0,5,3,1,4
brands,6,6,3,9,6,5,11
brandy,6,5,2,7,6,2,8
brandy's,8,8,1,9,8,1,9
brandying,9,6,3,9,6,3,9
bras,4,4,5,9,4,5,9
brash,5,5,1,6,5,1,6
brasher,7,5,1,6,5,1,6
brashest,8,5,1,6,4,2,6
brashly,7,5,2,7,2,3,5
brashness,9,5,1,6,5,1,6
brashness's,11,6,1,7,6,1,7
brass,5,4,2,6,4,2,6
brass's,7,4,3,7,4,3,7
brasses,7,5,1,6,5,0,5
brassier,8,5,1,6,6,0,6
brassiere,9,3,0,3,3,0,3
brassiere's,11,4,0,4,3,0,3
brassieres,10,2,1,3,2,1,3
brassiest,9,7,0,7,7,0,7
brassy,6,5,1,6,5,1,6
brat,4,3,6,9,3,6,9
brat's,6,5,5,10,5,5,10
brats,5,5,4,9,5,4,9
brattier,8,6,5,11,4,3,7
brattiest,9,6,0,6,6,0,6
bratty,6,4,4,8,5,3,8
bravado,7,2,5,7,2,4,6
bravado's,9,6,1,7,6,2,8
brave,5,4,6,10,4,6,10
brave's,7,6,5,11,6,5,11
braved,6,5,4,9,5,4,9
bravely,7,7,3,10,7,2,9
braver,6,4,4,8,4,4,8
bravery,7,5,1,6,5,1,6
bravery's,9,7,0,7,7,0,7
braves,6,5,4,9,5,4,9
bravest,7,7,1,8,7,1,8
braving,7,7,4,11,7,4,11
bravo,5,4,8,12,4,8,12
bravo's,7,6,6,12,6,7,13
bravos,6,5,5,10,5,5,10
bravura,7,2,3,5,2,2,4
bravura's,9,3,1,4,3,1,4
bravuras,8,3,1,4,3,1,4
brawl,5,3,9,12,3,9,12
brawl's,7,5,7,12,5,8,13
brawled,7,5,6,11,5,6,11
brawler,7,4,5,9,4,4,8
brawler's,9,6,5,11,6,5,11
brawlers,8,6,4,10,6,3,9
brawling,8,8,2,10,6,3,9
brawls,6,4,7,11,4,7,11
brawn,5,5,3,8,5,4,9
brawn's,7,7,3,10,7,3,10
brawnier,8,5,6,11,4,5,9
brawniest,9,6,3,9,6,3,9
brawniness,10,5,0,5,4,0,4
brawniness's,12,6,0,6,5,0,5
brawny,6,5,3,8,5,3,8
bray,4,4,3,7,4,3,7
bray's,6,6,3,9,6,3,9
brayed,6,6,1,7,6,1,7
braying,7,6,5,11,6,5,11
brays,5,4,5,9,4,5,9
brazen,6,3,4,7,3,4,7
brazened,8,3,2,5,3,2,5
brazening,9,5,1,6,5,1,6
brazenly,8,7,1,8,7,1,8
brazenness,10,4,0,4,4,0,4
brazenness's,12,5,0,5,4,0,4
brazens,7,3,4,7,3,4,7
brazier,7,6,2,8,6,2,8
brazier's,9,7,2,9,7,4,11
braziers,8,5,5,10,5,4,9
breach,6,6,2,8,6,2,8
breach's,8,5,3,8,4,4,8
breached,8,7,1,8,7,1,8
breaches,8,7,2,9,7,2,9
breaching,9,9,1,10,9,1,10
bread,5,5,2,7,5,2,7
bread's,7,7,0,7,7,0,7
breadbasket,11,3,0,3,4,0,4
breadbasket's,13,2,0,2,2,0,2
breadbaskets,12,3,0,3,2,0,2
breaded,7,2,3,5,4,0,4
breadfruit,10,3,1,4,3,1,4
breadfruit's,12,4,0,4,3,0,3
breadfruits,11,3,1,4,3,0,3
breading,8,8,1,9,8,1,9
breads,6,6,1,7,6,1,7
breadth,7,5,2,7,5,2,7
breadth's,9,7,1,8,7,1,8
breadths,8,4,2,6,6,2,8
breadwinner,11,3,1,4,2,1,3
breadwinner's,13,3,1,4,3,0,3
breadwinners,12,3,0,3,3,0,3
break,5,5,3,8,5,3,8
break's,7,7,1,8,7,1,8
breakable,9,4,1,5,4,1,5
breakable's,11,5,1,6,3,1,4
breakables,10,3,1,4,4,1,5
breakage,8,4,2,6,4,2,6
breakage's,10,5,0,5,5,0,5
breakages,9,4,0,4,4,0,4
breakdown,9,4,1,5,4,1,5
breakdown's,11,6,0,6,9,0,9
breakdowns,10,5,1,6,5,1,6
breaker,7,4,2,6,4,1,5
breaker's,9,5,1,6,5,1,6
breakers,8,4,1,5,4,1,5
breakfast,9,5,0,5,4,0,4
breakfast's,11,3,1,4,4,0,4
breakfasted,11,3,0,3,4,0,4
breakfasting,12,2,0,2,2,0,2
breakfasts,10,3,1,4,3,0,3
breaking,8,8,2,10,8,2,10
breakneck,9,2,1,3,2,2,4
breakpoints,11,9,1,10,8,1,9
breaks,6,6,2,8,6,2,8
breakthrough,12,3,2,5,2,2,4
breakthrough's,14,3,0,3,3,1,4
breakthroughs,13,4,0,4,3,1,4
breakup,7,3,3,6,3,3,6
breakup's,9,5,2,7,6,2,8
breakups,8,3,3,6,5,3,8
breakwater,10,1,2,3,1,2,3
breakwater's,12,2,1,3,3,0,3
breakwaters,11,3,1,4,3,1,4
breast,6,3,1,4,3,1,4
breast's,8,5,1,6,4,0,4
breastbone,10,2,0,2,2,0,2
breastbone's,12,2,0,2,2,0,2
breastbones,11,2,0,2,2,0,2
breasted,8,3,0,3,3,0,3
breasting,9,2,1,3,2,1,3
breastplate,11,3,0,3,3,0,3
breastplate's,13,4,0,4,2,0,2
breastplates,12,3,0,3,3,0,3
breasts,7,3,1,4,3,1,4
breaststroke,12,2,0,2,2,0,2
breaststroke's,14,1,0,1,1,0,1
breaststrokes,13,1,0,1,1,0,1
breastwork,10,4,0,4,3,0,3
breastwork's,12,3,0,3,3,0,3
breastworks,11,5,0,5,4,0,4
breath,6,6,3,9,6,1,7
breath's,8,8,0,8,8,0,8
breathable,10,3,2,5,3,2,5
breathe,7,6,1,7,6,0,6
breathed,8,7,2,9,7,2,9
breather,8,5,2,7,5,2,7
breather's,10,7,0,7,7,0,7
breathers,9,6,0,6,6,0,6
breathes,8,7,0,7,7,0,7
breathier,9,6,1,7,6,1,7
breathiest,10,4,0,4,4,0,4
breathing,9,9,2,11,8,2,10
breathing's,11,6,0,6,5,0,5
breathless,10,4,0,4,4,0,4
breathlessly,12,2,0,2,2,0,2
breathlessness,14,4,0,4,2,0,2
breathlessness's,16,3,0,3,2,0,2
breaths,7,7,1,8,7,1,8
breathtaking,12,6,1,7,6,1,7
breathtakingly,14,5,1,6,2,1,3
breathy,7,6,2,8,6,2,8
bred,4,3,6,9,3,5,8
breech,6,1,2,3,1,2,3
breech's,8,4,1,5,3,2,5
breeches,8,4,0,4,3,0,3
breed,5,4,3,7,4,3,7
breed's,7,4,2,6,4,2,6
breeder,7,3,1,4,3,0,3
breeder's,9,5,0,5,5,0,5
breeders,8,4,0,4,4,0,4
breeding,8,7,2,9,7,2,9
breeding's,10,8,1,9,8,1,9
breeds,6,4,2,6,4,2,6
breeze,6,4,1,5,4,1,5
breeze's,8,6,1,7,6,1,7
breezed,7,4,2,6,4,1,5
breezes,7,5,0,5,5,1,6
breezier,8,4,1,5,4,1,5
breeziest,9,6,0,6,6,0,6
breezily,8,6,2,8,6,2,8
breeziness,10,6,0,6,6,0,6
breeziness's,12,7,0,7,7,0,7
breezing,8,6,3,9,6,3,9
breezy,6,4,1,5,4,1,5
brethren,8,3,1,4,2,2,4
breviaries,10,3,0,3,3,0,3
breviary,8,4,2,6,2,3,5
breviary's,10,5,0,5,5,0,5
brevity,7,4,3,7,4,3,7
brevity's,9,6,2,8,6,2,8
brew,4,4,3,7,4,3,7
brew's,6,6,2,8,6,2,8
brewed,6,5,1,6,5,1,6
brewer,6,3,1,4,3,1,4
brewer's,8,3,0,3,3,0,3
breweries,9,3,1,4,3,1,4
brewers,7,4,1,5,4,0,4
brewery,7,2,1,3,2,1,3
brewery's,9,4,0,4,3,1,4
brewing,7,7,1,8,7,1,8
brews,5,5,1,6,5,1,6
briar,5,4,3,7,4,3,7
briar's,7,6,2,8,6,2,8
briars,6,5,3,8,5,3,8
bribe,5,4,4,8,4,4,8
bribe's,7,6,2,8,6,2,8
bribed,6,5,3,8,5,3,8
bribery,7,4,2,6,4,2,6
bribery's,9,6,1,7,6,1,7
bribes,6,5,3,8,5,2,7
bribing,7,5,5,10,5,5,10
brick,5,5,5,10,5,5,10
brick's,7,7,4,11,7,4,11
brickbat,8,4,2,6,3,3,6
brickbat's,10,6,1,7,5,2,7
brickbats,9,4,2,6,4,2,6
bricked,7,7,2,9,5,5,10
bricking,8,7,3,10,7,4,11
bricklayer,10,3,2,5,3,2,5
bricklayer's,12,4,0,4,4,0,4
bricklayers,11,4,1,5,3,1,4
bricklaying,11,4,1,5,3,2,5
bricklaying's,13,4,2,6,3,1,4
bricks,6,6,4,10,6,5,11
bridal,6,5,4,9,5,4,9
bridal's,8,6,4,10,6,4,10
bridals,7,5,4,9,5,4,9
bride,5,5,5,10,5,5,10
bride's,7,7,3,10,7,3,10
bridegroom,10,3,2,5,3,2,5
bridegroom's,12,5,1,6,4,1,5
bridegrooms,11,3,3,6,4,1,5
brides,6,5,3,8,5,2,7
bridesmaid,10,3,1,4,3,1,4
bridesmaid's,12,4,1,5,3,1,4
bridesmaids,11,3,1,4,3,1,4
bridge,6,6,0,6,6,1,7
bridge's,8,8,0,8,8,0,8
bridged,7,5,1,6,5,1,6
bridgehead,10,2,2,4,2,2,4
bridgehead's,12,4,1,5,3,1,4
bridgeheads,11,3,1,4,3,1,4
bridges,7,7,0,7,7,0,7
bridgework,10,7,3,10,7,3,10
bridgework's,12,9,1,10,9,2,11
bridging,8,3,2,5,3,2,5
bridle,6,5,2,7,5,3,8
bridle's,8,7,2,9,5,4,9
bridled,7,5,2,7,5,2,7
bridles,7,6,2,8,5,3,8
bridling,8,5,4,9,5,4,9
brief,5,3,4,7,3,4,7
brief's,7,5,2,7,5,2,7
briefcase,9,3,0,3,3,0,3
briefcase's,11,5,0,5,3,0,3
briefcases,10,3,0,3,3,0,3
briefed,7,5,1,6,5,0,5
briefer,7,3,2,5,3,1,4
briefest,8,4,1,5,4,1,5
briefing,8,4,2,6,4,2,6
briefing's,10,4,2,6,3,2,5
briefings,9,5,2,7,3,2,5
briefly,7,6,3,9,6,2,8
briefness,9,4,0,4,4,0,4
briefness's,11,5,0,5,5,0,5
briefs,6,6,1,7,6,1,7
brier,5,4,2,6,4,2,6
brier's,7,6,0,6,6,0,6
briers,6,5,1,6,5,1,6
brig,4,4,4,8,4,4,8
brig's,6,6,3,9,6,3,9
brigade,7,4,2,6,4,2,6
brigade's,9,5,1,6,5,1,6
brigades,8,4,2,6,5,2,7
brigand,7,2,4,6,3,3,6
brigand's,9,5,2,7,5,3,8
brigandage,10,3,1,4,3,1,4
brigandage's,12,5,0,5,4,0,4
brigands,8,3,2,5,3,2,5
brigantine,10,4,1,5,4,1,5
brigantine's,12,5,0,5,4,0,4
brigantines,11,4,0,4,4,0,4
bright,6,6,3,9,6,3,9
brighten,8,8,2,10,8,2,10
brightened,10,9,1,10,9,1,10
brightening,11,8,1,9,8,1,9
brightens,9,9,1,10,9,1,10
brighter,8,5,2,7,5,1,6
brightest,9,6,0,6,4,1,5
brightly,8,6,4,10,6,4,10
brightness,10,4,0,4,4,0,4
brightness's,12,5,0,5,5,0,5
brigs,5,5,4,9,5,4,9
brilliance,10,3,1,4,3,1,4
brilliance's,12,5,0,5,4,0,4
brilliancy,10,5,2,7,4,3,7
brilliancy's,12,3,2,5,6,2,8
brilliant,9,3,2,5,3,2,5
brilliant's,11,4,1,5,3,1,4
brilliantly,11,2,1,3,2,2,4
brilliants,10,3,3,6,3,2,5
brim,4,4,6,10,3,6,9
brim's,6,5,5,10,5,5,10
brimful,7,2,3,5,2,3,5
brimfull,8,3,4,7,3,4,7
brimmed,7,5,6,11,5,7,12
brimming,8,5,5,10,6,5,11
brims,5,4,6,10,4,6,10
brimstone,9,3,1,4,4,1,5
brimstone's,11,6,1,7,5,1,6
brindled,8,3,1,4,6,1,7
brine,5,4,6,10,4,6,10
brine's,7,6,4,10,6,4,10
bring,5,5,6,11,5,6,11
bringing,8,5,2,7,5,2,7
brings,6,6,5,11,6,6,12
brinier,7,4,2,6,4,2,6
briniest,8,6,1,7,6,1,7
brink,5,5,7,12,5,7,12
brink's,7,7,5,12,7,6,13
brinkmanship,12,2,0,2,2,0,2
brinkmanship's,14,3,0,3,2,0,2
brinks,6,6,5,11,6,7,13
brinksmanship,13,2,0,2,2,0,2
brinksmanship's,15,2,0,2,2,0,2
briny,5,4,8,12,4,8,12
briquet,7,3,4,7,3,4,7
briquet's,9,5,3,8,5,3,8
briquets,8,4,4,8,4,4,8
briquette,9,5,3,8,5,3,8
briquette's,11,7,2,9,7,1,8
briquettes,10,3,1,4,7,0,7
brisk,5,5,3,8,5,3,8
brisked,7,7,1,8,7,1,8
brisker,7,5,0,5,5,0,5
briskest,8,7,0,7,6,0,6
brisket,7,4,1,5,4,1,5
brisket's,9,5,0,5,4,0,4
briskets,8,3,1,4,3,1,4
brisking,8,7,1,8,7,2,9
briskly,7,4,2,6,4,2,6
briskness,9,7,0,7,7,0,7
briskness's,11,8,0,8,8,0,8
brisks,6,5,3,8,5,4,9
bristle,7,7,1,8,7,1,8
bristle's,9,8,1,9,8,0,8
bristled,8,4,0,4,4,0,4
bristles,8,6,0,6,6,0,6
bristlier,9,3,1,4,3,2,5
bristliest,10,2,0,2,4,0,4
bristling,9,7,1,8,7,1,8
bristly,7,7,1,8,7,1,8
britches,8,4,1,5,4,1,5
britches's,10,3,0,3,3,1,4
brittle,7,5,4,9,5,1,6
brittle's,9,7,3,10,7,3,10
brittleness,11,4,0,4,3,0,3
brittleness's,13,4,0,4,3,0,3
brittler,8,4,2,6,5,1,6
brittlest,9,4,0,4,4,0,4
broach,6,2,3,5,2,3,5
broach's,8,4,2,6,4,1,5
broached,8,4,2,6,7,1,8
broaches,8,4,1,5,4,1,5
broaching,9,7,2,9,6,2,8
broad,5,4,3,7,4,3,7
broad's,7,6,2,8,6,2,8
broadband,9,1,4,5,2,3,5
broadband's,11,3,2,5,4,1,5
broadcast,9,2,2,4,2,2,4
broadcast's,11,3,2,5,2,2,4
broadcasted,11,5,0,5,4,0,4
broadcaster,11,3,0,3,3,0,3
broadcaster's,13,3,0,3,3,0,3
broadcasters,12,2,0,2,4,0,4
broadcasting,12,5,1,6,2,1,3
broadcasts,10,2,3,5,2,2,4
broadcloth,10,2,3,5,2,3,5
broadcloth's,12,6,1,7,3,2,5
broaden,7,5,1,6,4,1,5
broadened,9,3,1,4,3,1,4
broadening,10,5,1,6,5,1,6
broadens,8,4,2,6,5,2,7
broader,7,5,3,8,5,4,9
broadest,8,5,2,7,5,2,7
broadloom,9,4,3,7,3,3,6
broadloom's,11,6,1,7,4,1,5
broadly,7,2,3,5,2,3,5
broadness,9,6,1,7,6,1,7
broadness's,11,7,1,8,7,1,8
broads,6,5,3,8,5,3,8
broadside,9,4,0,4,4,0,4
broadside's,11,3,0,3,3,0,3
broadsided,10,3,1,4,4,0,4
broadsides,10,3,0,3,3,0,3
broadsiding,11,3,1,4,3,1,4
broadsword,10,2,3,5,2,2,4
broadsword's,12,3,2,5,2,2,4
broadswords,11,2,2,4,2,2,4
brocade,7,4,4,8,4,1,5
brocade's,9,6,1,7,5,2,7
brocaded,8,5,1,6,5,1,6
brocades,8,6,1,7,6,1,7
brocading,9,7,2,9,6,2,8
broccoli,8,1,3,4,1,3,4
broccoli's,10,6,2,8,5,2,7
brochure,8,4,3,7,3,3,6
brochure's,10,4,2,6,4,1,5
brochures,9,5,2,7,4,2,6
brogan,6,4,3,7,4,3,7
brogan's,8,6,2,8,6,2,8
brogans,7,5,3,8,5,3,8
brogue,6,5,3,8,5,3,8
brogue's,8,6,4,10,6,1,7
brogues,7,5,3,8,6,3,9
broil,5,3,7,10,3,7,10
broil's,7,5,6,11,5,6,11
broiled,7,5,5,10,6,5,11
broiler,7,3,2,5,3,2,5
broiler's,9,6,1,7,6,2,8
broilers,8,5,3,8,5,2,7
broiling,8,5,3,8,5,3,8
broils,6,4,7,11,4,7,11
broke,5,4,6,10,4,4,8
broken,6,5,4,9,5,3,8
brokenhearted,13,1,2,3,1,2,3
broker,6,4,2,6,4,2,6
broker's,8,6,2,8,6,3,9
brokerage,9,4,1,5,3,1,4
brokerage's,11,4,0,4,4,0,4
brokerages,10,5,0,5,4,1,5
brokered,8,4,1,5,4,1,5
brokering,9,6,1,7,6,1,7
brokers,7,5,2,7,5,2,7
bromide,7,7,2,9,7,1,8
bromide's,9,9,1,10,9,1,10
bromides,8,7,1,8,7,1,8
bromine,7,6,3,9,6,2,8
bromine's,9,8,2,10,8,2,10
bronchi,7,2,3,5,1,4,5
bronchial,9,3,2,5,3,2,5
bronchitis,10,3,2,5,3,2,5
bronchitis's,12,4,0,4,4,0,4
broncho,7,2,5,7,2,5,7
broncho's,9,4,3,7,4,3,7
bronchos,8,2,2,4,2,2,4
bronchus,8,3,4,7,4,4,8
bronchus's,10,3,3,6,2,3,5
bronco,6,1,5,6,1,5,6
bronco's,8,3,4,7,2,4,6
broncos,7,4,3,7,3,3,6
brontosaur,10,2,2,4,2,2,4
brontosaur's,12,3,1,4,5,1,6
brontosauri,11,2,0,2,2,1,3
brontosaurs,11,2,2,4,2,1,3
brontosaurus,12,2,2,4,5,1,6
brontosaurus's,14,9,0,9,9,0,9
brontosauruses,14,8,1,9,8,1,9
bronze,6,5,3,8,5,3,8
bronze's,8,7,4,11,7,3,10
bronzed,7,6,4,10,6,2,8
bronzes,7,4,4,8,5,4,9
bronzing,8,6,4,10,6,4,10
brooch,6,1,5,6,1,5,6
brooch's,8,4,2,6,4,2,6
brooches,8,3,2,5,3,2,5
brood,5,4,3,7,4,3,7
brood's,7,6,2,8,6,2,8
brooded,7,4,2,6,4,2,6
brooder,7,4,2,6,4,2,6
brooder's,9,6,2,8,6,1,7
brooders,8,5,2,7,5,1,6
brooding,8,7,4,11,7,4,11
broods,6,5,4,9,5,4,9
brook,5,4,4,8,4,4,8
brook's,7,6,3,9,6,3,9
brooked,7,5,4,9,6,1,7
brooking,8,6,5,11,6,5,11
brooks,6,5,3,8,5,3,8
broom,5,3,5,8,3,5,8
broom's,7,5,4,9,5,4,9
brooms,6,4,5,9,4,5,9
broomstick,10,3,2,5,4,1,5
broomstick's,12,5,1,6,4,1,5
broomsticks,11,3,1,4,3,1,4
broth,5,5,4,9,5,4,9
broth's,7,7,3,10,7,3,10
brothel,7,4,3,7,4,3,7
brothel's,9,6,1,7,6,1,7
brothels,8,4,1,5,4,1,5
brother,7,5,4,9,4,3,7
brother's,9,5,0,5,5,0,5
brotherhood,11,3,2,5,1,3,4
brotherhood's,13,3,0,3,3,1,4
brotherhoods,12,4,0,4,3,1,4
brotherliness,13,3,0,3,2,0,2
brotherliness's,15,3,0,3,2,0,2
brotherly,9,2,1,3,3,2,5
brothers,8,4,1,5,4,0,4
broths,6,6,4,10,6,4,10
brought,7,7,4,11,7,4,11
brouhaha,8,2,3,5,2,3,5
brouhaha's,10,5,1,6,4,1,5
brouhahas,9,2,1,3,2,1,3
brow,4,4,5,9,3,7,10
brow's,6,5,7,12,5,7,12
browbeat,8,3,2,5,3,1,4
browbeaten,10,4,1,5,3,1,4
browbeating,11,8,1,9,5,1,6
browbeats,9,3,2,5,5,0,5
brown,5,5,3,8,5,3,8
brown's,7,7,2,9,7,2,9
browned,7,6,4,10,7,2,9
browner,7,4,5,9,4,5,9
brownest,8,5,3,8,6,4,10
brownie,7,4,2,6,5,1,6
brownie's,9,6,1,7,7,1,8
brownies,8,6,1,7,6,1,7
browning,8,7,2,9,7,2,9
brownish,8,7,2,9,5,2,7
brownout,8,2,4,6,2,4,6
brownout's,10,5,3,8,4,3,7
brownouts,9,3,3,6,3,3,6
browns,6,6,3,9,6,3,9
brownstone,10,3,0,3,3,0,3
brownstone's,12,4,0,4,3,0,3
brownstones,11,4,0,4,3,1,4
brows,5,5,4,9,5,4,9
browse,6,4,4,8,4,4,8
browse's,8,7,1,8,7,1,8
browsed,7,4,2,6,5,2,7
browser,7,3,2,5,3,1,4
browser's,9,4,2,6,4,2,6
browsers,8,3,2,5,3,1,4
browses,7,6,3,9,6,2,8
browsing,8,8,1,9,8,1,9
brr,3,1,8,9,2,7,9
bruin,5,4,5,9,4,5,9
bruin's,7,6,4,10,6,4,10
bruins,6,5,4,9,5,5,10
bruise,6,5,2,7,5,2,7
bruise's,8,6,1,7,6,1,7
bruised,7,7,0,7,7,0,7
bruiser,7,6,1,7,6,0,6
bruiser's,9,7,1,8,7,1,8
bruisers,8,6,1,7,6,0,6
bruises,7,6,1,7,6,1,7
bruising,8,6,2,8,6,2,8
brunch,6,2,6,8,2,5,7
brunch's,8,6,4,10,3,4,7
brunched,8,4,4,8,6,2,8
brunches,8,4,3,7,4,3,7
brunching,9,6,3,9,6,3,9
brunet,6,5,4,9,2,5,7
brunet's,8,7,2,9,6,1,7
brunets,7,5,2,7,5,2,7
brunette,8,2,2,4,4,1,5
brunette's,10,5,0,5,3,1,4
brunettes,9,3,1,4,4,0,4
brunt,5,5,5,10,5,5,10
brunt's,7,7,4,11,7,5,12
brush,5,5,5,10,5,6,11
brush's,7,6,5,11,6,5,11
brushed,7,7,2,9,7,2,9
brushes,7,5,3,8,5,2,7
brushing,8,7,4,11,7,4,11
brushwood,9,2,3,5,2,3,5
brushwood's,11,3,1,4,2,1,3
brusk,5,2,6,8,2,6,8
brusker,7,4,2,6,4,2,6
bruskest,8,6,1,7,3,2,5
bruskly,7,2,4,6,2,4,6
bruskness,9,6,1,7,6,1,7
bruskness's,11,7,1,8,7,1,8
brusque,7,3,2,5,2,3,5
brusquely,9,4,0,4,4,0,4
brusqueness,11,4,0,4,3,0,3
brusqueness's,13,4,0,4,3,0,3
brusquer,8,4,1,5,4,1,5
brusquest,9,2,1,3,2,1,3
brutal,6,4,3,7,4,3,7
brutalities,11,4,0,4,4,0,4
brutality,9,6,3,9,4,3,7
brutality's,11,4,2,6,4,2,6
brutalize,9,4,1,5,4,1,5
brutalized,10,7,1,8,4,1,5
brutalizes,10,7,0,7,6,0,6
brutalizing,11,5,1,6,6,2,8
brutally,8,6,4,10,6,3,9
brute,5,3,6,9,3,6,9
brute's,7,5,5,10,5,5,10
brutes,6,5,3,8,5,3,8
brutish,7,6,1,7,6,2,8
brutishly,9,8,1,9,8,1,9
bubble,6,4,3,7,4,3,7
bubble's,8,6,2,8,5,3,8
bubbled,7,4,4,8,4,5,9
bubbles,7,5,2,7,5,3,8
bubblier,8,5,2,7,5,1,6
bubbliest,9,7,0,7,6,0,6
bubbling,8,6,5,11,5,4,9
bubbly,6,4,5,9,3,5,8
bubbly's,8,4,5,9,3,4,7
buccaneer,9,4,1,5,3,1,4
buccaneer's,11,5,0,5,4,0,4
buccaneered,11,3,2,5,3,1,4
buccaneering,12,4,1,5,4,1,5
buccaneers,10,5,0,5,4,0,4
buck,4,4,8,12,4,9,13
buck's,6,6,5,11,6,8,14
buckboard,9,2,3,5,2,3,5
buckboard's,11,7,2,9,4,2,6
buckboards,10,6,3,9,4,2,6
bucked,6,6,8,14,6,10,16
bucket,6,5,6,11,5,6,11
bucket's,8,7,4,11,7,4,11
bucketed,8,6,3,9,5,4,9
bucketful,9,3,2,5,3,3,6
bucketful's,11,7,2,9,4,2,6
bucketfuls,10,6,2,8,4,3,7
bucketing,9,8,3,11,7,4,11
buckets,7,6,4,10,6,4,10
buckeye,7,2,3,5,3,3,6
buckeye's,9,5,3,8,5,3,8
buckeyes,8,4,2,6,4,0,4
bucking,7,7,5,12,5,12,17
buckle,6,5,4,9,5,4,9
buckle's,8,6,3,9,7,4,11
buckled,7,6,4,10,4,5,9
buckler,7,6,2,8,6,2,8
buckler's,9,8,0,8,8,0,8
bucklers,8,7,1,8,7,0,7
buckles,7,6,3,9,6,4,10
buckling,8,6,5,11,5,4,9
buckram,7,3,4,7,2,6,8
buckram's,9,5,3,8,5,5,10
bucks,5,5,8,13,5,10,15
bucksaw,7,3,1,4,2,3,5
bucksaw's,9,4,2,6,3,2,5
bucksaws,8,2,2,4,2,2,4
buckshot,8,2,3,5,2,3,5
buckshot's,10,2,3,5,2,3,5
buckskin,8,5,2,7,5,2,7
buckskin's,10,3,3,6,3,3,6
buckskins,9,5,1,6,5,3,8
buckteeth,9,1,1,2,1,1,2
bucktooth,9,1,4,5,1,4,5
bucktooth's,11,2,2,4,2,2,4
bucktoothed,11,2,3,5,2,2,4
buckwheat,9,3,2,5,1,4,5
buckwheat's,11,5,1,6,2,3,5
buckyball,9,2,4,6,2,4,6
buckyball's,11,4,3,7,5,2,7
buckyballs,10,3,4,7,4,3,7
bucolic,7,3,3,6,3,3,6
bucolic's,9,5,2,7,5,2,7
bucolics,8,3,3,6,4,3,7
bud,3,3,4,7,3,4,7
bud's,5,5,4,9,5,4,9
budded,6,2,4,6,2,4,6
buddies,7,6,2,8,6,4,10
budding,7,6,8,14,6,8,14
buddings,8,7,4,11,7,3,10
buddy,5,4,6,10,4,10,14
buddy's,7,6,4,10,6,6,12
budge,5,5,4,9,5,4,9
budged,6,5,1,6,5,1,6
budgerigar,10,2,2,4,2,2,4
budgerigar's,12,4,1,5,4,1,5
budgerigars,11,4,2,6,3,1,4
budges,6,6,1,7,6,2,8
budget,6,4,3,7,4,3,7
budget's,8,5,5,10,6,6,12
budgetary,9,3,2,5,2,3,5
budgeted,8,4,2,6,4,2,6
budgeting,9,6,2,8,6,2,8
budgets,7,5,5,10,5,5,10
budgie,6,4,3,7,4,4,8
budgie's,8,6,3,9,6,5,11
budgies,7,6,2,8,6,4,10
budging,7,6,2,8,6,3,9
buds,4,4,4,8,4,4,8
buff,4,3,10,13,3,9,12
buff's,6,5,9,14,5,8,13
buffalo,7,4,3,7,3,3,6
buffalo's,9,5,2,7,5,1,6
buffaloed,9,4,2,6,4,2,6
buffaloes,9,4,1,5,4,1,5
buffaloing,10,5,2,7,5,2,7
buffalos,8,3,3,6,3,3,6
buffed,6,5,9,14,5,8,13
buffer,6,5,6,11,5,6,11
buffer's,8,7,7,14,7,7,14
buffered,8,5,4,9,5,4,9
buffering,9,7,4,11,6,4,10
buffers,7,6,6,12,6,6,12
buffet,6,3,7,10,3,7,10
buffet's,8,4,6,10,4,6,10
buffeted,8,5,4,9,6,3,9
buffeting,9,7,4,11,8,3,11
buffets,7,5,6,11,4,7,11
buffing,7,6,9,15,6,5,11
buffoon,7,3,4,7,2,4,6
buffoon's,9,5,2,7,5,2,7
buffoonery,10,2,1,3,2,3,5
buffoonery's,12,4,0,4,3,2,5
buffoons,8,4,2,6,3,3,6
buffs,5,4,10,14,4,7,11
bug,3,3,5,8,3,5,8
bug's,5,5,5,10,5,5,10
bugaboo,7,2,3,5,2,3,5
bugaboo's,9,4,2,6,3,2,5
bugaboos,8,3,3,6,3,3,6
bugbear,7,5,1,6,5,1,6
bugbear's,9,6,2,8,5,0,5
bugbears,8,5,3,8,5,3,8
bugged,6,5,10,15,5,9,14
bugger,6,5,8,13,5,9,14
bugger's,8,7,5,12,7,5,12
buggers,7,6,3,9,6,5,11
buggier,7,6,6,12,6,5,11
buggies,7,6,3,9,6,5,11
buggiest,8,6,6,12,6,4,10
bugging,7,5,4,9,5,4,9
buggy,5,4,8,12,3,11,14
buggy's,7,6,6,12,6,8,14
bugle,5,3,4,7,3,4,7
bugle's,7,5,4,9,5,2,7
bugled,6,4,5,9,4,4,8
bugler,6,5,8,13,4,7,11
bugler's,8,7,5,12,7,5,12
buglers,7,6,3,9,6,5,11
bugles,6,4,6,10,4,7,11
bugling,7,4,2,6,3,3,6
bugs,4,4,5,9,4,5,9
build,5,5,5,10,5,5,10
build's,7,7,3,10,7,3,10
builder,7,7,1,8,7,2,9
builder's,9,9,0,9,9,0,9
builders,8,8,1,9,8,0,8
building,8,6,3,9,6,3,9
building's,10,8,3,11,8,4,12
buildings,9,5,3,8,5,4,9
builds,6,6,5,11,6,4,10
buildup,7,3,3,6,3,3,6
buildup's,9,3,4,7,3,4,7
buildups,8,4,4,8,3,4,7
built,5,5,4,9,5,4,9
builtin,7,3,2,5,2,4,6
bulb,4,3,7,10,3,5,8
bulb's,6,5,8,13,5,5,10
bulbous,7,4,4,8,4,3,7
bulbs,5,4,5,9,4,5,9
bulge,5,4,5,9,4,5,9
bulge's,7,5,3,8,5,4,9
bulged,6,6,5,11,6,5,11
bulges,6,5,5,10,5,6,11
bulgier,7,6,6,12,6,5,11
bulgiest,8,8,3,11,8,3,11
bulging,7,5,3,8,5,4,9
bulgy,5,5,5,10,5,6,11
bulimia,7,4,3,7,2,3,5
bulimia's,9,3,2,5,3,2,5
bulimic,7,3,3,6,2,4,6
bulimic's,9,4,3,7,3,3,6
bulimics,8,2,3,5,2,3,5
bulk,4,3,7,10,3,5,8
bulk's,6,6,7,13,5,5,10
bulked,6,5,6,11,5,6,11
bulkhead,8,3,2,5,3,2,5
bulkhead's,10,5,1,6,5,1,6
bulkheads,9,3,3,6,4,2,6
bulkier,7,6,4,10,5,6,11
bulkiest,8,7,4,11,7,4,11
bulkiness,9,6,2,8,6,2,8
bulkiness's,11,7,2,9,7,2,9
bulking,7,7,4,11,7,4,11
bulks,5,4,5,9,4,5,9
bulky,5,4,6,10,4,7,11
bull,4,3,8,11,3,7,10
bull's,6,5,8,13,5,7,12
bulldog,7,3,4,7,3,4,7
bulldog's,9,5,3,8,6,3,9
bulldogged,10,4,1,5,3,2,5
bulldogging,11,5,1,6,4,2,6
bulldogs,8,3,4,7,3,4,7
bulldoze,8,3,3,6,3,3,6
bulldozed,9,2,2,4,2,2,4
bulldozer,9,3,1,4,3,1,4
bulldozer's,11,5,2,7,5,2,7
bulldozers,10,4,2,6,5,1,6
bulldozes,9,4,2,6,4,2,6
bulldozing,10,5,3,8,5,3,8
bulled,6,5,5,10,5,4,9
bullet,6,4,6,10,4,6,10
bullet's,8,6,4,10,6,4,10
bulletin,8,3,2,5,3,3,6
bulletin's,10,5,1,6,4,2,6
bulletined,10,4,1,5,4,2,6
bulletining,11,4,1,5,3,1,4
bulletins,9,3,3,6,4,3,7
bulletproof,11,3,2,5,3,2,5
bulletproofed,13,2,2,4,2,2,4
bulletproofing,14,2,1,3,4,1,5
bulletproofs,12,3,2,5,3,1,4
bullets,7,6,3,9,6,3,9
bullfight,9,5,3,8,6,4,10
bullfight's,11,7,3,10,7,3,10
bullfighter,11,6,2,8,2,3,5
bullfighter's,13,5,1,6,4,0,4
bullfighters,12,6,1,7,4,0,4
bullfighting,12,6,1,7,5,1,6
bullfighting's,14,4,0,4,3,1,4
bullfights,10,5,3,8,6,3,9
bullfinch,9,2,3,5,6,4,10
bullfinch's,11,7,3,10,7,3,10
bullfinches,11,8,0,8,5,0,5
bullfrog,8,3,4,7,3,4,7
bullfrog's,10,4,3,7,3,3,6
bullfrogs,9,3,3,6,3,3,6
bullheaded,10,3,2,5,2,3,5
bullhorn,8,5,4,9,4,4,8
bullhorn's,10,4,3,7,3,3,6
bullhorns,9,3,3,6,5,4,9
bullied,7,5,2,7,5,2,7
bullies,7,6,4,10,6,6,12
bulling,7,6,4,10,6,4,10
bullion,7,6,3,9,6,3,9
bullion's,9,8,2,10,8,2,10
bullish,7,5,4,9,5,4,9
bullock,7,6,4,10,5,4,9
bullock's,9,8,3,11,7,3,10
bullocks,8,7,4,11,4,4,8
bullpen,7,3,3,6,3,4,7
bullpen's,9,4,1,5,5,2,7
bullpens,8,4,2,6,4,3,7
bullring,8,4,3,7,4,3,7
bullring's,10,5,3,8,6,3,9
bullrings,9,4,3,7,3,3,6
bulls,5,4,5,9,4,5,9
bullshit,8,4,3,7,4,3,7
bullshit's,10,4,2,6,4,2,6
bullshits,9,4,2,6,4,4,8
bullshitted,11,3,1,4,5,1,6
bullshitting,12,3,0,3,3,0,3
bully,5,4,5,9,4,6,10
bully's,7,6,7,13,5,9,14
bullying,8,6,3,9,6,3,9
bulrush,7,2,4,6,2,4,6
bulrush's,9,3,4,7,3,4,7
bulrushes,9,3,2,5,3,1,4
bulwark,7,5,4,9,5,4,9
bulwark's,9,7,3,10,7,3,10
bulwarks,8,4,4,8,4,4,8
bum,3,3,6,9,3,6,9
bum's,5,5,6,11,5,6,11
bumble,6,5,3,8,5,3,8
bumblebee,9,1,1,2,1,1,2
bumblebee's,11,5,0,5,3,0,3
bumblebees,10,2,0,2,2,0,2
bumbled,7,4,3,7,4,3,7
bumbler,7,4,2,6,4,2,6
bumbler's,9,6,0,6,6,0,6
bumblers,8,5,1,6,5,0,5
bumbles,7,6,2,8,6,3,9
bumbling,8,7,3,10,7,2,9
bummed,6,5,7,12,5,7,12
bummer,6,4,6,10,4,6,10
bummer's,8,7,6,13,6,5,11
bummers,7,6,4,10,5,4,9
bummest,7,6,2,8,6,3,9
bumming,7,6,7,13,6,9,15
bump,4,4,10,14,4,10,14
bump's,6,6,9,15,6,9,15
bumped,6,6,7,13,6,7,13
bumper,6,5,4,9,5,4,9
bumper's,8,7,6,13,8,4,12
bumpers,7,6,4,10,6,4,10
bumpier,7,7,3,10,7,3,10
bumpiest,8,8,2,10,8,1,9
bumping,7,6,7,13,7,6,13
bumpkin,7,4,4,8,2,5,7
bumpkin's,9,6,4,10,3,4,7
bumpkins,8,5,3,8,5,3,8
bumps,5,5,9,14,5,9,14
bumptious,9,4,2,6,4,2,6
bumpy,5,4,9,13,5,5,10
bums,4,4,6,10,4,6,10
bun,3,3,7,10,3,7,10
bun's,5,5,7,12,5,7,12
bunch,5,5,8,13,5,8,13
bunch's,7,7,7,14,7,7,14
bunched,7,7,4,11,7,5,12
bunches,7,7,4,11,7,4,11
bunching,8,7,3,10,7,3,10
buncombe,8,3,3,6,3,3,6
buncombe's,10,5,2,7,4,1,5
bundle,6,6,3,9,6,3,9
bundle's,8,8,2,10,6,3,9
bundled,7,5,3,8,5,3,8
bundles,7,7,2,9,7,3,10
bundling,8,6,4,10,6,4,10
bung,4,4,10,14,4,10,14
bung's,6,6,11,17,6,9,15
bungalow,8,3,3,6,3,3,6
bungalow's,10,5,2,7,4,1,5
bungalows,9,3,3,6,3,3,6
bunged,6,4,10,14,4,9,13
bunghole,8,3,3,6,3,3,6
bunghole's,10,4,2,6,4,1,5
bungholes,9,4,2,6,4,2,6
bunging,7,4,4,8,5,3,8
bungle,6,5,4,9,5,4,9
bungle's,8,7,3,10,6,5,11
bungled,7,5,5,10,5,4,9
bungler,7,5,3,8,5,3,8
bungler's,9,7,1,8,7,1,8
bunglers,8,6,2,8,6,1,7
bungles,7,6,3,9,6,4,10
bungling,8,4,3,7,4,3,7
bungs,5,5,9,14,5,10,15
bunion,6,2,3,5,2,3,5
bunion's,8,6,2,8,4,2,6
bunions,7,5,3,8,5,2,7
bunk,4,4,7,11,4,7,11
bunk's,6,6,6,12,6,6,12
bunked,6,6,9,15,5,11,16
bunker,6,6,5,11,6,5,11
bunker's,8,7,4,11,7,6,13
bunkers,7,6,7,13,5,8,13
bunkhouse,9,4,0,4,4,0,4
bunkhouse's,11,5,1,6,4,0,4
bunkhouses,10,3,1,4,4,0,4
bunking,7,6,3,9,6,3,9
bunks,5,5,7,12,5,8,13
bunkum,6,2,5,7,2,5,7
bunkum's,8,4,4,8,4,4,8
bunnies,7,5,5,10,5,7,12
bunny,5,3,10,13,4,7,11
bunny's,7,5,8,13,6,4,10
buns,4,4,7,11,4,7,11
bunt,4,4,9,13,4,9,13
bunt's,6,6,8,14,6,8,14
bunted,6,6,6,12,6,6,12
bunting,7,6,4,10,6,4,10
bunting's,9,8,3,11,8,3,11
buntings,8,4,3,7,4,3,7
bunts,5,5,8,13,5,9,14
buoy,4,1,8,9,1,8,9
buoy's,6,3,7,10,3,7,10
buoyancy,8,3,3,6,2,4,6
buoyancy's,10,5,1,6,3,2,5
buoyant,7,2,3,5,3,5,8
buoyantly,9,2,3,5,2,3,5
buoyed,6,5,5,10,5,5,10
buoying,7,6,4,10,5,4,9
buoys,5,3,6,9,3,6,9
bur,3,3,8,11,3,8,11
bur's,5,5,8,13,5,8,13
burble,6,4,4,8,4,4,8
burbled,7,6,3,9,5,3,8
burbles,7,5,3,8,5,4,9
burbling,8,6,5,11,6,3,9
burden,6,5,2,7,5,2,7
burden's,8,6,4,10,6,4,10
burdened,8,4,2,6,4,2,6
burdening,9,5,2,7,4,3,7
burdens,7,4,4,8,4,4,8
burdensome,10,4,1,5,4,0,4
burdock,7,6,5,11,5,6,11
burdock's,9,8,4,12,7,5,12
bureau,6,3,3,6,3,2,5
bureau's,8,5,2,7,5,1,6
bureaucracies,13,2,1,3,3,0,3
bureaucracy,11,2,2,4,2,2,4
bureaucracy's,13,2,2,4,2,2,4
bureaucrat,10,2,1,3,2,1,3
bureaucrat's,12,3,0,3,3,0,3
bureaucratic,12,2,2,4,2,2,4
bureaucratically,16,2,1,3,2,1,3
bureaucrats,11,3,2,5,4,0,4
bureaus,7,4,3,7,4,3,7
bureaux,7,4,1,5,4,1,5
burg,4,4,7,11,4,7,11
burg's,6,6,6,12,6,6,12
burgeon,7,3,2,5,2,4,6
burgeoned,9,4,2,6,4,1,5
burgeoning,10,3,1,4,3,1,4
burgeons,8,6,3,9,3,4,7
burger,6,5,1,6,5,1,6
burger's,8,7,1,8,7,1,8
burgers,7,6,2,8,6,2,8
burgher,7,5,3,8,5,3,8
burgher's,9,6,2,8,6,2,8
burghers,8,5,2,7,5,1,6
burglar,7,3,5,8,3,5,8
burglar's,9,5,3,8,4,3,7
burglaries,10,6,0,6,5,1,6
burglarize,10,5,1,6,4,1,5
burglarized,11,5,1,6,4,1,5
burglarizes,11,7,0,7,5,0,5
burglarizing,12,3,1,4,3,1,4
burglars,8,4,4,8,4,4,8
burglary,8,4,4,8,3,4,7
burglary's,10,6,3,9,5,3,8
burgle,6,5,5,10,5,5,10
burgled,7,6,3,9,5,3,8
burgles,7,5,4,9,5,5,10
burgling,8,5,2,7,4,3,7
burgs,5,5,8,13,5,8,13
burial,6,5,4,9,5,4,9
burial's,8,7,3,10,7,3,10
burials,7,5,3,8,5,2,7
buried,6,6,3,9,6,3,9
buries,6,6,3,9,6,3,9
burka,5,4,5,9,4,5,9
burka's,7,6,4,10,6,4,10
burkas,6,4,4,8,4,4,8
burlap,6,5,4,9,5,4,9
burlap's,8,7,3,10,7,3,10
burlesque,9,4,0,4,4,0,4
burlesque's,11,4,0,4,3,0,3
burlesqued,10,3,1,4,3,0,3
burlesques,10,3,0,3,3,1,4
burlesquing,11,6,0,6,4,0,4
burlier,7,6,3,9,6,3,9
burliest,8,8,3,11,8,3,11
burliness,9,8,2,10,8,2,10
burliness's,11,9,2,11,9,2,11
burly,5,4,5,9,5,6,11
burn,4,4,8,12,4,8,12
burn's,6,6,7,13,6,7,13
burned,6,6,4,10,6,4,10
burner,6,4,2,6,4,2,6
burner's,8,6,2,8,6,2,8
burners,7,5,3,8,5,3,8
burning,7,6,4,10,6,4,10
burnish,7,7,2,9,6,3,9
burnish's,9,6,3,9,6,4,10
burnished,9,9,1,10,9,1,10
burnishes,9,8,2,10,8,1,9
burnishing,10,8,0,8,8,1,9
burnoose,8,3,0,3,3,0,3
burnoose's,10,4,1,5,3,0,3
burnooses,9,3,0,3,3,0,3
burnous,7,4,4,8,4,3,7
burnous's,9,3,4,7,2,4,6
burnouses,9,3,1,4,4,0,4
burnout,7,4,4,8,3,5,8
burnout's,9,6,3,9,5,4,9
burnouts,8,5,3,8,5,2,7
burns,5,5,6,11,5,6,11
burnt,5,1,7,8,1,7,8
burp,4,4,9,13,4,9,13
burp's,6,5,8,13,5,8,13
burped,6,5,5,10,5,5,10
burping,7,7,6,13,5,7,12
burps,5,4,9,13,4,9,13
burr,4,3,5,8,3,6,9
burr's,6,5,4,9,5,4,9
burred,6,5,1,6,5,1,6
burring,7,6,6,12,6,7,13
burrito,7,2,4,6,2,4,6
burrito's,9,4,2,6,4,2,6
burritos,8,2,2,4,2,2,4
burro,5,3,6,9,3,6,9
burro's,7,4,5,9,6,3,9
burros,6,3,4,7,3,4,7
burrow,6,5,6,11,5,6,11
burrow's,8,7,5,12,7,4,11
burrowed,8,7,3,10,7,2,9
burrowing,9,8,3,11,8,2,10
burrows,7,6,4,10,5,4,9
burrs,5,4,6,10,4,6,10
burs,4,4,8,12,4,8,12
bursar,6,3,2,5,3,1,4
bursar's,8,4,2,6,4,1,5
bursars,7,3,2,5,3,2,5
bursitis,8,2,4,6,2,4,6
bursitis's,10,2,0,2,3,0,3
burst,5,5,4,9,5,4,9
burst's,7,5,3,8,5,4,9
bursted,7,6,0,6,6,0,6
bursting,8,6,3,9,6,3,9
bursts,6,4,3,7,4,3,7
bury,4,3,10,13,3,10,13
burying,7,6,7,13,6,7,13
bus,3,3,9,12,3,9,12
bus's,5,4,5,9,4,5,9
busbies,7,5,1,6,4,1,5
busboy,6,3,4,7,3,4,7
busboy's,8,4,4,8,4,4,8
busboys,7,2,4,6,2,4,6
busby,5,3,5,8,4,4,8
busby's,7,5,4,9,5,5,10
bused,5,5,3,8,5,3,8
buses,5,4,2,6,4,2,6
bush,4,4,4,8,4,4,8
bush's,6,5,2,7,5,2,7
bushed,6,6,4,10,6,5,11
bushel,6,3,4,7,3,4,7
bushel's,8,4,3,7,4,3,7
busheled,8,3,2,5,3,2,5
busheling,9,7,1,8,2,2,4
bushelled,9,4,0,4,5,0,5
bushelling,10,6,0,6,6,0,6
bushels,7,3,3,6,3,3,6
bushes,6,5,3,8,5,3,8
bushier,7,7,1,8,7,0,7
bushiest,8,7,0,7,7,0,7
bushiness,9,7,0,7,7,0,7
bushiness's,11,8,0,8,8,0,8
bushing,7,7,2,9,7,2,9
bushing's,9,6,3,9,6,2,8
bushings,8,5,2,7,5,3,8
bushman,7,3,3,6,3,3,6
bushman's,9,6,2,8,2,3,5
bushmen,7,4,2,6,4,3,7
bushwhack,9,3,2,5,4,2,6
bushwhacked,11,10,1,11,10,1,11
bushwhacker,11,9,2,11,9,2,11
bushwhacker's,13,2,1,3,2,1,3
bushwhackers,12,3,1,4,3,1,4
bushwhacking,12,6,0,6,2,1,3
bushwhacks,10,2,3,5,3,2,5
bushy,5,5,3,8,5,3,8
busied,6,4,3,7,4,3,7
busier,6,5,3,8,5,3,8
busies,6,3,5,8,3,5,8
busiest,7,4,1,5,4,1,5
busily,6,5,2,7,5,2,7
business,8,6,0,6,6,0,6
business's,10,7,0,7,7,0,7
businesses,10,3,0,3,3,0,3
businesslike,12,1,0,1,1,0,1
businessman,11,5,0,5,4,0,4
businessman's,13,1,0,1,1,0,1
businessmen,11,5,0,5,4,0,4
businesswoman,13,7,0,7,3,0,3
businesswoman's,15,1,0,1,1,0,1
businesswomen,13,7,0,7,3,0,3
busing,6,6,2,8,6,2,8
busing's,8,7,1,8,7,2,9
buss,4,3,4,7,3,4,7
buss's,6,4,4,8,4,4,8
bussed,6,5,4,9,5,5,10
busses,6,4,3,7,4,3,7
bussing,7,6,1,7,6,1,7
bussing's,9,3,2,5,2,2,4
bust,4,4,5,9,4,5,9
bust's,6,5,3,8,5,3,8
busted,6,6,5,11,6,6,12
buster,6,6,4,10,6,4,10
buster's,8,7,1,8,7,1,8
busters,7,6,2,8,6,2,8
busting,7,7,1,8,7,3,10
bustle,6,4,6,10,4,6,10
bustle's,8,7,0,7,7,0,7
bustled,7,7,1,8,7,1,8
bustles,7,6,0,6,6,0,6
bustling,8,8,1,9,8,1,9
busts,5,4,1,5,4,1,5
busy,4,3,7,10,3,7,10
busybodies,10,4,0,4,4,0,4
busybody,8,4,3,7,4,3,7
busybody's,10,4,3,7,3,3,6
busying,7,5,3,8,5,4,9
busyness,8,5,1,6,5,1,6
busyness's,10,6,1,7,6,1,7
busywork,8,4,3,7,4,3,7
busywork's,10,4,3,7,3,3,6
but,3,3,10,13,3,10,13
butane,6,4,2,6,4,2,6
butane's,8,6,3,9,6,4,10
butch,5,4,9,13,4,9,13
butch's,7,6,8,14,6,8,14
butcher,7,4,5,9,5,5,10
butcher's,9,8,3,11,8,1,9
butchered,9,4,2,6,4,1,5
butcheries,10,7,0,7,6,0,6
butchering,10,6,2,8,6,1,7
butchers,8,7,3,10,7,3,10
butchery,8,6,2,8,3,4,7
butchery's,10,5,3,8,9,3,12
butches,7,5,5,10,5,5,10
butler,6,5,3,8,5,3,8
butler's,8,7,3,10,7,3,10
butlers,7,6,5,11,5,2,7
buts,4,4,9,13,4,9,13
butt,4,3,12,15,3,12,15
butt's,6,5,7,12,5,10,15
butte,5,3,7,10,3,7,10
butte's,7,4,6,10,4,6,10
butted,6,5,6,11,5,6,11
butter,6,5,3,8,5,3,8
butter's,8,7,3,10,7,3,10
buttercup,9,5,2,7,4,2,6
buttercup's,11,7,1,8,5,1,6
buttercups,10,3,3,6,5,1,6
buttered,8,6,1,7,6,1,7
butterfat,9,2,2,4,3,2,5
butterfat's,11,7,1,8,4,1,5
butterfingers,13,3,0,3,4,0,4
butterfingers's,15,2,0,2,2,0,2
butterflied,11,2,2,4,2,2,4
butterflies,11,3,0,3,4,0,4
butterfly,9,5,2,7,4,2,6
butterfly's,11,7,1,8,5,1,6
butterflying,12,6,1,7,5,1,6
butterier,9,4,1,5,4,1,5
butteries,9,6,1,7,6,1,7
butteriest,10,3,0,3,4,0,4
buttering,9,8,2,10,8,2,10
buttermilk,10,3,2,5,3,2,5
buttermilk's,12,5,1,6,4,2,6
butternut,9,3,1,4,3,1,4
butternut's,11,7,1,8,4,0,4
butternuts,10,4,0,4,4,1,5
butters,7,6,5,11,6,1,7
butterscotch,12,3,0,3,2,1,3
butterscotch's,14,3,0,3,2,1,3
buttery,7,5,3,8,5,2,7
buttery's,9,6,2,8,7,1,8
buttes,6,3,7,10,3,7,10
butting,7,6,10,16,6,10,16
buttock,7,5,6,11,6,5,11
buttock's,9,7,5,12,8,4,12
buttocks,8,6,5,11,3,5,8
button,6,5,5,10,5,5,10
button's,8,7,4,11,7,3,10
buttoned,8,4,4,8,4,4,8
buttonhole,10,2,3,5,2,3,5
buttonhole's,12,4,1,5,3,1,4
buttonholed,11,2,3,5,2,2,4
buttonholes,11,4,1,5,3,1,4
buttonholing,12,3,2,5,3,2,5
buttoning,9,4,3,7,4,3,7
buttons,7,3,5,8,3,5,8
buttress,8,5,2,7,5,2,7
buttress's,10,6,1,7,6,1,7
buttressed,10,5,0,5,4,0,4
buttresses,10,5,0,5,5,0,5
buttressing,11,6,0,6,6,0,6
butts,5,4,11,15,4,11,15
buxom,5,2,6,8,2,6,8
buy,3,2,11,13,2,11,13
buy's,5,4,9,13,4,9,13
buyer,5,4,5,9,4,5,9
buyer's,7,6,3,9,6,3,9
buyers,6,5,4,9,5,4,9
buying,6,5,5,10,5,5,10
buyout,6,4,4,8,4,4,8
buyout's,8,6,2,8,6,2,8
buyouts,7,5,3,8,5,3,8
buys,4,3,10,13,3,10,13
buzz,4,1,14,15,1,14,15
buzz's,6,3,13,16,3,13,16
buzzard,7,4,5,9,4,3,7
buzzard's,9,6,2,8,6,2,8
buzzards,8,6,3,9,5,2,7
buzzed,6,3,12,15,3,12,15
buzzer,6,4,9,13,4,10,14
buzzer's,8,6,8,14,6,8,14
buzzers,7,5,8,13,6,7,13
buzzes,6,5,6,11,5,5,10
buzzing,7,5,11,16,6,11,17
buzzkill,8,3,5,8,4,5,9
buzzkill's,10,6,3,9,4,3,7
buzzkills,9,5,3,8,4,3,7
buzzword,8,4,5,9,3,5,8
buzzword's,10,5,3,8,5,4,9
buzzwords,9,3,4,7,4,4,8
by,2,1,14,15,1,14,15
by's,4,2,13,15,2,13,15
bye,3,3,4,7,3,4,7
bye's,5,5,4,9,5,4,9
byelaw,6,3,3,6,3,3,6
byelaw's,8,5,2,7,4,2,6
byelaws,7,3,3,6,3,3,6
byes,4,4,4,8,4,4,8
bygone,6,5,3,8,3,3,6
bygone's,8,5,4,9,7,4,11
bygones,7,6,3,9,6,3,9
bylaw,5,3,7,10,3,7,10
bylaw's,7,5,6,11,5,6,11
bylaws,6,3,6,9,3,6,9
byline,6,2,5,7,3,4,7
byline's,8,6,3,9,4,3,7
bylines,7,4,3,7,4,3,7
bypass,6,3,1,4,3,1,4
bypass's,8,4,1,5,1,2,3
bypassed,8,4,0,4,3,0,3
bypasses,8,3,1,4,3,1,4
bypassing,9,5,1,6,4,1,5
bypast,6,3,3,6,3,3,6
byplay,6,2,5,7,2,5,7
byplay's,8,4,4,8,4,4,8
byproduct,9,1,4,5,1,4,5
byproduct's,11,3,3,6,2,3,5
byproducts,10,3,3,6,3,3,6
bystander,9,4,0,4,4,0,4
bystander's,11,6,0,6,4,0,4
bystanders,10,5,1,6,4,1,5
byte,4,3,5,8,3,5,8
byte's,6,5,5,10,5,5,10
bytes,5,4,6,10,4,6,10
byway,5,2,5,7,2,5,7
byway's,7,4,4,8,4,4,8
byways,6,3,5,8,3,5,8
byword,6,2,5,7,2,5,7
byword's,8,5,3,8,5,3,8
bywords,7,3,5,8,3,5,8
c,1,1,2,3,1,2,3
cab,3,2,11,13,2,11,13
cab's,5,5,8,13,5,11,16
cabal,5,3,4,7,3,5,8
cabal's,7,4,4,8,4,4,8
cabals,6,5,2,7,5,2,7
cabana,6,2,4,6,2,4,6
cabana's,8,4,3,7,4,3,7
cabanas,7,3,4,7,3,2,5
cabaret,7,3,2,5,3,2,5
cabaret's,9,5,0,5,5,0,5
cabarets,8,4,1,5,4,0,4
cabbage,7,4,2,6,4,1,5
cabbage's,9,6,0,6,6,0,6
cabbages,8,5,3,8,4,3,7
cabbed,6,4,6,10,5,7,12
cabbie,6,5,4,9,4,4,8
cabbie's,8,7,4,11,7,5,12
cabbies,7,5,5,10,5,5,10
cabbing,7,5,6,11,6,6,12
cabby,5,4,6,10,4,6,10
cabby's,7,6,6,12,5,7,12
cabin,5,4,7,11,4,7,11
cabin's,7,6,5,11,6,5,11
cabinet,7,4,4,8,4,3,7
cabinet's,9,4,3,7,6,1,7
cabinetmaker,12,3,1,4,3,1,4
cabinetmaker's,14,3,0,3,4,0,4
cabinetmakers,13,4,0,4,3,0,3
cabinets,8,5,2,7,4,3,7
cabins,6,4,6,10,4,6,10
cable,5,5,4,9,5,3,8
cable's,7,7,3,10,7,3,10
cablecast,9,3,1,4,3,1,4
cablecast's,11,4,1,5,3,1,4
cablecasted,11,3,0,3,3,0,3
cablecasting,12,5,0,5,3,0,3
cablecasts,10,4,1,5,4,0,4
cabled,6,6,2,8,6,2,8
cablegram,9,2,3,5,5,2,7
cablegram's,11,6,0,6,6,1,7
cablegrams,10,3,1,4,6,0,6
cables,6,6,2,8,6,3,9
cabling,7,7,3,10,7,3,10
caboodle,8,3,2,5,3,2,5
caboodle's,10,5,1,6,4,2,6
caboose,7,5,0,5,5,2,7
caboose's,9,6,1,7,5,1,6
cabooses,8,5,1,6,5,2,7
cabs,4,4,11,15,4,6,10
cacao,5,2,7,9,3,7,10
cacao's,7,4,6,10,5,6,11
cacaos,6,3,2,5,3,2,5
cache,5,3,6,9,3,6,9
cache's,7,4,7,11,5,6,11
cached,6,4,5,9,4,10,14
caches,6,4,7,11,4,7,11
cachet,6,3,5,8,3,6,9
cachet's,8,5,3,8,5,4,9
cachets,7,4,3,7,4,3,7
caching,7,5,5,10,5,10,15
cackle,6,4,3,7,4,5,9
cackle's,8,6,6,12,7,7,14
cackled,7,5,4,9,5,5,10
cackles,7,5,5,10,5,6,11
cackling,8,6,4,10,5,6,11
cacophonies,11,4,0,4,4,0,4
cacophonous,11,3,1,4,3,1,4
cacophony,9,2,3,5,2,3,5
cacophony's,11,3,1,4,3,1,4
cacti,5,2,7,9,3,6,9
cactus,6,4,4,8,4,4,8
cactus's,8,4,2,6,5,1,6
cactuses,8,4,0,4,4,0,4
cad,3,3,10,13,3,7,10
cad's,5,5,10,15,5,8,13
cadaver,7,3,4,7,3,4,7
cadaver's,9,6,3,9,6,4,10
cadaverous,10,5,1,6,5,1,6
cadavers,8,4,4,8,4,3,7
caddie,6,4,5,9,4,7,11
caddie's,8,6,5,11,6,6,12
caddied,7,4,3,7,4,3,7
caddies,7,6,3,9,6,1,7
caddish,7,6,3,9,6,3,9
caddy,5,4,5,9,4,5,9
caddy's,7,5,7,12,6,6,12
caddying,8,4,6,10,4,5,9
cadence,7,3,1,4,3,0,3
cadence's,9,6,0,6,4,2,6
cadences,8,3,3,6,4,2,6
cadenza,7,2,3,5,2,3,5
cadenza's,9,4,2,6,4,2,6
cadenzas,8,4,2,6,4,1,5
cadet,5,3,5,8,3,5,8
cadet's,7,6,4,10,6,4,10
cadets,6,4,6,10,4,6,10
cadge,5,4,5,9,4,5,9
cadged,6,4,2,6,4,2,6
cadger,6,5,7,12,5,3,8
cadger's,8,7,5,12,7,5,12
cadgers,7,5,4,9,6,5,11
cadges,6,5,4,9,5,5,10
cadging,7,5,3,8,4,3,7
cadmium,7,4,3,7,4,5,9
cadmium's,9,6,3,9,6,3,9
cadre,5,4,6,10,4,6,10
cadre's,7,6,0,6,6,0,6
cadres,6,6,0,6,6,0,6
cads,4,4,5,9,4,8,12
caducei,7,3,2,5,3,2,5
caduceus,8,3,4,7,3,4,7
caduceus's,10,4,2,6,3,1,4
caesarean,9,3,0,3,3,0,3
caesarean's,11,3,0,3,3,0,3
caesareans,10,3,0,3,3,0,3
caesarian,9,5,0,5,4,0,4
caesarian's,11,4,0,4,4,0,4
caesarians,10,3,1,4,3,1,4
caesura,7,3,0,3,3,0,3
caesura's,9,3,1,4,3,0,3
caesurae,8,3,0,3,3,0,3
caesuras,8,3,1,4,3,0,3
cafeteria,9,2,2,4,1,3,4
cafeteria's,11,4,0,4,4,0,4
cafeterias,10,3,1,4,3,1,4
caffeinated,11,3,1,4,2,1,3
caffeine,8,3,2,5,3,2,5
caffeine's,10,4,1,5,4,2,6
caftan,6,5,5,10,5,3,8
caftan's,8,7,4,11,7,2,9
caftans,7,6,2,8,6,2,8
café,4,3,8,11,3,8,11
café's,6,4,6,10,4,6,10
cafés,5,3,7,10,3,9,12
cage,4,4,5,9,4,3,7
cage's,6,6,3,9,6,3,9
caged,5,5,5,10,5,5,10
cages,5,5,5,10,5,4,9
cagey,5,3,8,11,3,8,11
cageyness,9,5,1,6,5,1,6
cageyness's,11,6,1,7,6,1,7
cagier,6,5,2,7,5,3,8
cagiest,7,6,0,6,6,0,6
cagily,6,5,4,9,5,4,9
caginess,8,6,1,7,6,1,7
caginess's,10,7,1,8,7,1,8
caging,6,5,2,7,5,2,7
cagy,4,2,9,11,2,9,11
cahoot,6,2,6,8,2,6,8
cahoot's,8,4,2,6,4,5,9
cahoots,7,3,3,6,3,3,6
cairn,5,3,6,9,3,6,9
cairn's,7,6,3,9,6,3,9
cairns,6,4,3,7,3,4,7
caisson,7,2,1,3,2,1,3
caisson's,9,5,0,5,2,1,3
caissons,8,2,1,3,2,1,3
cajole,6,5,4,9,5,6,11
cajoled,7,6,4,10,6,5,11
cajolery,8,4,2,6,4,2,6
cajolery's,10,6,0,6,6,1,7
cajoles,7,5,5,10,5,6,11
cajoling,8,8,4,12,8,6,14
cake,4,4,6,10,4,5,9
cake's,6,6,7,13,6,7,13
caked,5,5,6,11,5,6,11
cakes,5,5,6,11,5,7,12
caking,6,6,6,12,6,6,12
calabash,8,3,3,6,3,3,6
calabash's,10,4,3,7,4,3,7
calabashes,10,4,2,6,3,0,3
calamine,8,3,1,4,3,1,4
calamine's,10,6,0,6,6,0,6
calamities,10,6,0,6,6,0,6
calamitous,10,4,2,6,3,2,5
calamity,8,5,3,8,4,3,7
calamity's,10,7,1,8,7,1,8
calcified,9,6,2,8,5,1,6
calcifies,9,5,0,5,5,0,5
calcify,7,5,3,8,5,3,8
calcifying,10,6,2,8,7,3,10
calcine,7,6,1,7,6,0,6
calcined,8,5,3,8,6,2,8
calcines,8,4,0,4,4,0,4
calcining,9,5,2,7,5,2,7
calcite,7,5,2,7,5,1,6
calcite's,9,6,0,6,6,0,6
calcium,7,4,4,8,4,4,8
calcium's,9,5,3,8,5,3,8
calculable,10,4,1,5,3,2,5
calculate,9,4,1,5,4,1,5
calculated,10,5,1,6,5,1,6
calculates,10,5,0,5,3,2,5
calculating,11,5,1,6,5,3,8
calculation,11,3,1,4,4,2,6
calculation's,13,7,0,7,4,1,5
calculations,12,4,1,5,4,1,5
calculator,10,2,3,5,1,3,4
calculator's,12,4,1,5,2,2,4
calculators,11,3,2,5,3,2,5
calculi,7,3,2,5,3,3,6
calculus,8,3,4,7,3,4,7
calculus's,10,4,2,6,3,2,5
calculuses,10,3,1,4,4,1,5
caldron,7,5,3,8,5,2,7
caldron's,9,7,2,9,7,1,8
caldrons,8,4,4,8,4,3,7
calendar,8,3,2,5,4,1,5
calendar's,10,5,0,5,4,0,4
calendared,10,4,1,5,3,1,4
calendaring,11,5,1,6,4,1,5
calendars,9,4,1,5,5,0,5
calf,4,4,7,11,4,7,11
calf's,6,6,5,11,6,5,11
calfs,5,3,7,10,3,6,9
calfskin,8,4,1,5,4,1,5
calfskin's,10,7,1,8,5,2,7
caliber,7,7,1,8,7,1,8
caliber's,9,9,0,9,9,0,9
calibers,8,8,1,9,8,0,8
calibrate,9,7,1,8,7,1,8
calibrated,10,6,1,7,6,1,7
calibrates,10,8,0,8,8,0,8
calibrating,11,5,1,6,8,2,10
calibration,11,5,1,6,8,2,10
calibration's,13,6,0,6,5,1,6
calibrations,12,4,1,5,4,1,5
calibrator,10,4,2,6,4,2,6
calibrator's,12,4,1,5,4,1,5
calibrators,11,3,2,5,3,2,5
calico,6,4,5,9,4,4,8
calico's,8,5,3,8,6,3,9
calicoes,8,4,1,5,5,0,5
calicos,7,5,2,7,5,2,7
calif,5,4,7,11,4,7,11
calif's,7,6,5,11,6,5,11
califs,6,4,7,11,5,7,12
caliper,7,6,2,8,6,2,8
caliper's,9,8,1,9,8,1,9
calipered,9,5,1,6,5,2,7
calipering,10,4,1,5,3,1,4
calipers,8,7,2,9,7,1,8
caliph,6,4,5,9,4,4,8
caliph's,8,4,5,9,6,3,9
caliphate,9,6,2,8,6,2,8
caliphate's,11,6,0,6,3,2,5
caliphates,10,7,1,8,7,1,8
caliphs,7,4,4,8,4,6,10
calisthenic,11,3,0,3,3,0,3
calisthenics,12,4,0,4,4,0,4
calisthenics's,14,2,0,2,2,0,2
calk,4,4,3,7,4,3,7
calk's,6,6,2,8,6,2,8
calked,6,6,3,9,6,3,9
calking,7,7,3,10,7,4,11
calking's,9,8,4,12,8,4,12
calkings,8,7,4,11,6,4,10
calks,5,5,4,9,5,3,8
call,4,3,6,9,3,6,9
call's,6,5,5,10,5,5,10
callable,8,3,1,4,3,1,4
called,6,5,2,7,5,2,7
caller,6,4,4,8,4,7,11
caller's,8,6,3,9,6,3,9
callers,7,5,3,8,5,5,10
calligrapher,12,3,1,4,3,1,4
calligrapher's,14,4,1,5,3,0,3
calligraphers,13,3,2,5,4,0,4
calligraphy,11,2,2,4,2,2,4
calligraphy's,13,9,2,11,3,1,4
calling,7,6,3,9,6,3,9
calling's,9,8,4,12,8,4,12
callings,8,7,4,11,6,4,10
calliope,8,4,1,5,4,1,5
calliope's,10,5,0,5,5,1,6
calliopes,9,5,0,5,5,0,5
calliper,8,4,3,7,4,2,6
calliper's,10,6,1,7,6,1,7
callipered,10,4,1,5,4,1,5
callipering,11,4,1,5,3,1,4
callipers,9,5,1,6,5,1,6
callisthenics,13,4,0,4,3,0,3
callous,7,4,6,10,4,6,10
calloused,9,3,0,3,4,1,5
callouses,9,6,0,6,6,0,6
callousing,10,5,0,5,6,1,7
callously,9,3,0,3,4,1,5
callousness,11,6,0,6,5,0,5
callousness's,13,7,0,7,5,0,5
callow,6,5,4,9,5,4,9
callower,8,4,4,8,5,2,7
callowest,9,7,1,8,5,1,6
calls,5,4,5,9,4,4,8
callus,6,4,5,9,5,4,9
callus's,8,5,3,8,6,1,7
callused,8,5,1,6,5,1,6
calluses,8,6,1,7,6,1,7
callusing,9,5,2,7,4,2,6
calm,4,4,4,8,4,4,8
calm's,6,6,3,9,6,3,9
calmed,6,6,3,9,6,3,9
calmer,6,5,5,10,5,6,11
calmest,7,5,3,8,5,4,9
calming,7,7,4,11,7,4,11
calmly,6,3,5,8,3,5,8
calmness,8,4,4,8,4,2,6
calmness's,10,5,4,9,5,2,7
calms,5,5,5,10,5,4,9
caloric,7,5,4,9,3,3,6
calorie,7,3,1,4,3,0,3
calorie's,9,5,0,5,5,0,5
calories,8,5,1,6,7,0,7
calorific,9,2,2,4,3,2,5
calumniate,10,3,1,4,3,1,4
calumniated,11,3,1,4,4,1,5
calumniates,11,4,1,5,4,0,4
calumniating,12,2,1,3,2,1,3
calumnies,9,6,0,6,6,0,6
calumny,7,3,4,7,3,3,6
calumny's,9,5,2,7,5,2,7
calve,5,5,2,7,5,1,6
calved,6,6,1,7,6,1,7
calves,6,6,2,8,6,3,9
calving,7,7,3,10,7,2,9
calyces,7,4,1,5,5,1,6
calypso,7,3,2,5,3,2,5
calypso's,9,4,2,6,4,2,6
calypsos,8,2,4,6,2,3,5
calyx,5,2,3,5,2,3,5
calyx's,7,4,6,10,5,8,13
calyxes,7,5,1,6,5,1,6
cam,3,3,3,6,3,3,6
cam's,5,5,6,11,5,6,11
camaraderie,11,2,1,3,2,1,3
camaraderie's,13,3,1,4,3,0,3
camber,6,4,6,10,4,6,10
camber's,8,6,4,10,6,4,10
cambered,8,5,4,9,6,3,9
cambering,9,7,3,10,7,3,10
cambers,7,5,3,8,5,6,11
cambia,6,4,4,8,4,4,8
cambium,7,4,4,8,4,5,9
cambium's,9,5,4,9,6,3,9
cambiums,8,6,4,10,5,4,9
cambric,7,4,5,9,2,6,8
cambric's,9,4,4,8,4,4,8
camcorder,9,4,1,5,4,1,5
camcorder's,11,6,1,7,6,0,6
camcorders,10,6,1,7,5,0,5
came,4,4,7,11,4,6,10
camel,5,5,4,9,5,4,9
camel's,7,7,2,9,7,2,9
camellia,8,2,3,5,2,3,5
camellia's,10,6,0,6,3,1,4
camellias,9,3,0,3,3,0,3
camels,6,5,5,10,5,5,10
cameo,5,2,6,8,2,6,8
cameo's,7,5,4,9,5,4,9
cameos,6,4,3,7,4,3,7
camera,6,3,3,6,3,3,6
camera's,8,5,2,7,4,2,6
cameraman,9,3,1,4,3,1,4
cameraman's,11,5,0,5,4,0,4
cameramen,9,3,2,5,4,1,5
cameras,7,3,2,5,3,2,5
camerawoman,11,1,3,4,1,3,4
camerawoman's,13,3,1,4,4,0,4
camerawomen,11,3,2,5,2,2,4
camisole,8,4,0,4,4,0,4
camisole's,10,5,0,5,4,0,4
camisoles,9,4,1,5,5,0,5
camomile,8,5,2,7,5,2,7
camomile's,10,6,1,7,6,1,7
camomiles,9,6,0,6,7,0,7
camouflage,10,4,1,5,2,2,4
camouflage's,12,5,1,6,4,1,5
camouflaged,11,2,2,4,2,2,4
camouflages,11,4,1,5,3,1,4
camouflaging,12,4,1,5,4,1,5
camp,4,4,6,10,4,6,10
camp's,6,5,4,9,5,5,10
campaign,8,3,2,5,3,2,5
campaign's,10,3,2,5,4,3,7
campaigned,10,4,1,5,9,1,10
campaigner,10,3,2,5,8,2,10
campaigner's,12,6,0,6,5,0,5
campaigners,11,5,1,6,5,0,5
campaigning,11,4,1,5,3,2,5
campaigns,9,2,3,5,2,4,6
campanile,9,4,1,5,5,1,6
campanile's,11,5,0,5,4,0,4
campaniles,10,6,0,6,6,0,6
campanili,9,1,2,3,1,2,3
camped,6,5,5,10,6,6,12
camper,6,6,5,11,6,5,11
camper's,8,8,3,11,8,3,11
campers,7,7,2,9,7,3,10
campfire,8,4,2,6,5,2,7
campfire's,10,7,0,7,5,0,5
campfires,9,6,0,6,5,1,6
campground,10,3,3,6,2,3,5
campground's,12,9,1,10,3,2,5
campgrounds,11,5,1,6,5,1,6
camphor,7,3,4,7,3,4,7
camphor's,9,5,3,8,5,2,7
campier,7,5,3,8,5,5,10
campiest,8,6,2,8,6,4,10
camping,7,6,5,11,7,5,12
camping's,9,7,2,9,7,5,12
camps,5,4,7,11,5,6,11
campsite,8,5,0,5,5,0,5
campsite's,10,6,0,6,6,0,6
campsites,9,5,0,5,4,0,4
campus,6,6,4,10,6,5,11
campus's,8,6,3,9,7,2,9
campuses,8,5,2,7,5,2,7
campy,5,3,7,10,3,7,10
cams,4,4,8,12,4,5,9
camshaft,8,3,2,5,3,2,5
camshaft's,10,4,1,5,3,2,5
camshafts,9,2,3,5,3,2,5
can,3,3,10,13,3,10,13
can's,5,5,11,16,5,11,16
can't,5,2,6,8,2,6,8
canal,5,3,3,6,3,3,6
canal's,7,5,2,7,5,2,7
canals,6,4,3,7,4,3,7
canapé,6,3,3,6,3,3,6
canapé's,8,5,2,7,5,2,7
canapés,7,5,2,7,5,2,7
canard,6,5,2,7,5,2,7
canard's,8,7,1,8,7,1,8
canards,7,4,3,7,4,3,7
canaries,8,5,0,5,5,0,5
canary,6,4,3,7,4,3,7
canary's,8,6,2,8,6,2,8
canasta,7,2,2,4,2,2,4
canasta's,9,3,3,6,3,1,4
cancan,6,2,3,5,3,2,5
cancan's,8,4,2,6,5,1,6
cancans,7,3,3,6,4,2,6
cancel,6,4,5,9,5,4,9
cancelation,11,5,1,6,2,1,3
canceled,8,4,3,7,4,3,7
canceling,9,6,2,8,6,2,8
cancellation,12,3,1,4,4,1,5
cancellation's,14,5,0,5,4,0,4
cancellations,13,5,0,5,3,0,3
cancelled,9,4,3,7,5,2,7
cancelling,10,6,1,7,5,1,6
cancels,7,5,5,10,4,3,7
cancer,6,5,3,8,5,3,8
cancer's,8,7,1,8,7,1,8
cancerous,9,8,1,9,6,1,7
cancers,7,6,1,7,6,2,8
candelabra,10,3,1,4,3,1,4
candelabra's,12,5,0,5,4,0,4
candelabras,11,3,1,4,4,1,5
candelabrum,11,3,2,5,3,1,4
candelabrum's,13,4,1,5,4,0,4
candelabrums,12,5,1,6,4,0,4
candid,6,3,4,7,3,4,7
candidacies,11,4,0,4,4,0,4
candidacy,9,3,2,5,3,2,5
candidacy's,11,4,1,5,4,1,5
candidate,9,5,1,6,5,1,6
candidate's,11,7,0,7,4,1,5
candidates,10,6,0,6,6,0,6
candidly,8,6,2,8,5,2,7
candidness,10,4,0,4,4,0,4
candidness's,12,5,0,5,4,0,4
candied,7,5,4,9,5,4,9
candies,7,6,2,8,6,2,8
candle,6,6,3,9,6,2,8
candle's,8,8,4,12,8,4,12
candled,7,6,2,8,6,2,8
candlelight,11,3,1,4,3,1,4
candlelight's,13,4,0,4,4,0,4
candles,7,7,3,10,7,3,10
candlestick,11,3,0,3,4,0,4
candlestick's,13,3,0,3,3,0,3
candlesticks,12,3,1,4,3,0,3
candling,8,7,3,10,7,3,10
candor,6,5,3,8,5,3,8
candor's,8,6,4,10,7,2,9
candy,5,5,3,8,5,3,8
candy's,7,7,2,9,7,2,9
candying,8,6,3,9,6,3,9
cane,4,4,8,12,4,7,11
cane's,6,6,7,13,6,7,13
caned,5,5,7,12,5,7,12
canes,5,5,5,10,5,5,10
canine,6,4,1,5,4,1,5
canine's,8,6,1,7,6,3,9
canines,7,5,0,5,5,0,5
caning,6,5,2,7,5,2,7
canister,8,7,1,8,7,1,8
canister's,10,8,1,9,8,1,9
canisters,9,7,1,8,7,2,9
canker,6,5,3,8,5,3,8
canker's,8,7,1,8,7,1,8
cankered,8,7,4,11,7,6,13
cankering,9,8,2,10,8,2,10
cankerous,9,8,1,9,6,1,7
cankers,7,6,1,7,6,2,8
cannabis,8,4,4,8,3,4,7
cannabis's,10,7,1,8,4,2,6
cannabises,10,6,2,8,3,1,4
canned,6,5,4,9,5,5,10
canneries,9,6,1,7,5,1,6
cannery,7,5,2,7,5,3,8
cannery's,9,7,1,8,7,2,9
cannibal,8,5,3,8,5,3,8
cannibal's,10,7,2,9,7,2,9
cannibalism,11,2,1,3,3,0,3
cannibalism's,13,4,0,4,3,0,3
cannibalistic,13,2,1,3,2,0,2
cannibalize,11,2,1,3,3,1,4
cannibalized,12,2,1,3,2,1,3
cannibalizes,12,4,0,4,4,0,4
cannibalizing,13,2,1,3,2,1,3
cannibals,9,4,1,5,4,2,6
cannier,7,6,1,7,6,2,8
canniest,8,6,0,6,6,2,8
cannily,7,5,2,7,2,2,4
canniness,9,5,0,5,5,0,5
canniness's,11,6,0,6,6,0,6
canning,7,5,4,9,5,4,9
cannon,6,3,2,5,3,2,5
cannon's,8,5,2,7,5,1,6
cannonade,9,3,2,5,3,2,5
cannonade's,11,5,1,6,4,1,5
cannonaded,10,3,1,4,3,2,5
cannonades,10,4,1,5,4,1,5
cannonading,11,2,1,3,2,2,4
cannonball,10,2,3,5,1,3,4
cannonball's,12,3,1,4,2,2,4
cannonballs,11,3,1,4,2,3,5
cannoned,8,5,3,8,4,4,8
cannoning,9,2,2,4,2,2,4
cannons,7,5,5,10,4,4,8
cannot,6,2,2,4,2,2,4
canny,5,3,6,9,3,6,9
canoe,5,4,1,5,4,2,6
canoe's,7,6,2,8,6,2,8
canoed,6,4,5,9,4,5,9
canoeing,8,3,2,5,3,3,6
canoeist,8,3,0,3,4,1,5
canoeist's,10,6,0,6,3,0,3
canoeists,9,2,1,3,2,1,3
canoes,6,5,4,9,5,5,10
canon,5,3,3,6,3,3,6
canon's,7,4,2,6,4,2,6
canonical,9,3,3,6,2,2,4
canonization,12,2,1,3,2,1,3
canonization's,14,4,0,4,4,0,4
canonizations,13,4,0,4,3,1,4
canonize,8,6,1,7,4,1,5
canonized,9,7,1,8,4,2,6
canonizes,9,5,1,6,6,1,7
canonizing,10,2,2,4,2,2,4
canons,6,4,4,8,4,4,8
canopied,8,5,2,7,5,2,7
canopies,8,4,2,6,6,1,7
canopy,6,4,5,9,4,5,9
canopy's,8,7,1,8,5,4,9
canopying,9,5,2,7,5,2,7
cans,4,4,8,12,4,10,14
cant,4,4,8,12,4,8,12
cant's,6,6,7,13,6,7,13
cantaloup,9,3,3,6,3,3,6
cantaloup's,11,5,1,6,3,1,4
cantaloupe,10,2,1,3,2,2,4
cantaloupe's,12,4,1,5,4,1,5
cantaloupes,11,4,1,5,3,1,4
cantaloups,10,3,2,5,5,2,7
cantankerous,12,5,1,6,5,0,5
cantankerously,14,5,0,5,2,0,2
cantankerousness,16,2,0,2,2,0,2
cantankerousness's,18,2,0,2,2,0,2
cantata,7,2,4,6,2,2,4
cantata's,9,4,2,6,4,1,5
cantatas,8,3,1,4,3,1,4
canted,6,6,3,9,6,3,9
canteen,7,2,1,3,2,1,3
canteen's,9,4,0,4,4,0,4
canteens,8,3,1,4,3,1,4
canter,6,5,4,9,5,4,9
canter's,8,6,3,9,6,3,9
cantered,8,6,2,8,6,2,8
cantering,9,7,2,9,7,2,9
canters,7,6,2,8,6,3,9
canticle,8,6,1,7,5,1,6
canticle's,10,8,0,8,8,1,9
canticles,9,5,0,5,5,0,5
cantilever,10,3,1,4,3,1,4
cantilever's,12,3,1,4,3,1,4
cantilevered,12,2,1,3,2,1,3
cantilevering,13,2,1,3,2,1,3
cantilevers,11,4,0,4,4,0,4
canting,7,6,3,9,6,3,9
canto,5,4,4,8,4,4,8
canto's,7,6,3,9,6,3,9
canton,6,5,2,7,5,2,7
canton's,8,7,2,9,7,1,8
cantons,7,6,4,10,6,4,10
cantor,6,6,2,8,6,2,8
cantor's,8,8,1,9,8,1,9
cantors,7,7,2,9,7,2,9
cantos,6,4,4,8,4,4,8
cants,5,5,7,12,5,7,12
canvas,6,4,4,8,4,5,9
canvas's,8,4,3,7,4,4,8
canvasback,10,3,0,3,2,2,4
canvasback's,12,3,3,6,2,2,4
canvasbacks,11,2,2,4,2,2,4
canvased,8,3,3,6,4,1,5
canvases,8,4,1,5,4,1,5
canvasing,9,5,2,7,6,1,7
canvass,7,3,1,4,3,1,4
canvass's,9,4,1,5,3,1,4
canvassed,9,7,0,7,7,0,7
canvasser,9,6,1,7,6,1,7
canvasser's,11,2,0,2,2,0,2
canvassers,10,4,0,4,4,0,4
canvasses,9,4,0,4,4,0,4
canvassing,10,4,1,5,4,1,5
canyon,6,4,3,7,4,3,7
canyon's,8,6,3,9,6,2,8
canyons,7,5,5,10,5,5,10
cap,3,3,3,6,3,2,5
cap's,5,5,5,10,5,4,9
capabilities,12,4,0,4,4,0,4
capability,10,6,3,9,3,3,6
capability's,12,3,1,4,3,1,4
capable,7,5,1,6,5,0,5
capably,7,2,3,5,2,3,5
capacious,9,4,2,6,4,3,7
capaciously,11,9,0,9,6,0,6
capaciousness,13,6,0,6,6,0,6
capaciousness's,15,9,0,9,6,0,6
capacitance,11,3,1,4,2,1,3
capacities,10,5,1,6,6,0,6
capacitor,9,3,2,5,2,2,4
capacitor's,11,5,1,6,4,1,5
capacitors,10,4,2,6,3,2,5
capacity,8,5,3,8,4,3,7
capacity's,10,7,1,8,7,1,8
caparison,9,4,0,4,4,1,5
caparison's,11,3,1,4,3,1,4
caparisoned,11,3,0,3,3,0,3
caparisoning,12,2,1,3,2,1,3
caparisons,10,3,2,5,3,2,5
cape,4,4,8,12,4,8,12
cape's,6,6,6,12,6,7,13
caped,5,5,2,7,5,2,7
caper,5,4,6,10,5,2,7
caper's,7,7,1,8,7,0,7
capered,7,6,1,7,6,0,6
capering,8,8,1,9,8,1,9
capers,6,5,3,8,5,3,8
capes,5,5,7,12,5,7,12
capillaries,11,4,0,4,4,0,4
capillary,9,6,2,8,6,2,8
capillary's,11,4,2,6,4,2,6
capital,7,4,2,6,4,3,7
capital's,9,5,4,9,4,3,7
capitalism,10,5,0,5,4,0,4
capitalism's,12,7,0,7,4,0,4
capitalist,10,3,0,3,3,0,3
capitalist's,12,7,0,7,3,0,3
capitalistic,12,2,0,2,2,0,2
capitalists,11,3,0,3,3,0,3
capitalization,14,7,1,8,2,1,3
capitalization's,16,6,0,6,3,0,3
capitalize,10,3,1,4,3,1,4
capitalized,11,5,1,6,3,1,4
capitalizes,11,4,0,4,4,0,4
capitalizing,12,6,1,7,3,1,4
capitals,8,3,2,5,3,2,5
capitol,7,3,2,5,3,3,6
capitol's,9,7,2,9,5,3,8
capitols,8,5,2,7,5,2,7
capitulate,10,5,1,6,4,1,5
capitulated,11,4,1,5,3,1,4
capitulates,11,5,0,5,5,0,5
capitulating,12,5,1,6,8,1,9
capitulation,12,5,1,6,8,1,9
capitulation's,14,5,0,5,4,0,4
capitulations,13,5,0,5,4,1,5
caplet,6,4,4,8,4,4,8
caplet's,8,6,2,8,6,2,8
caplets,7,6,2,8,6,2,8
capon,5,4,6,10,4,6,10
capon's,7,6,2,8,6,5,11
capons,6,5,4,9,5,4,9
capped,6,5,5,10,5,6,11
capping,7,6,5,11,6,5,11
cappuccino,10,3,3,6,3,3,6
cappuccino's,12,4,1,5,3,1,4
cappuccinos,11,3,1,4,3,1,4
caprice,7,4,2,6,4,1,5
caprice's,9,6,1,7,6,1,7
caprices,8,5,0,5,5,0,5
capricious,10,5,2,7,5,1,6
capriciously,12,7,0,7,6,0,6
capriciousness,14,5,0,5,4,0,4
capriciousness's,16,5,0,5,4,0,4
caps,4,4,0,4,4,1,5
capsize,7,5,1,6,6,1,7
capsized,8,6,1,7,7,2,9
capsizes,8,4,2,6,5,1,6
capsizing,9,3,1,4,3,1,4
capstan,7,3,3,6,2,3,5
capstan's,9,4,3,7,3,3,6
capstans,8,3,2,5,3,2,5
capsule,7,3,2,5,2,4,6
capsule's,9,5,2,7,3,3,6
capsuled,8,6,2,8,6,3,9
capsules,8,5,1,6,3,2,5
capsuling,9,5,2,7,5,2,7
captain,7,4,3,7,2,4,6
captain's,9,4,3,7,4,3,7
captaincies,11,3,0,3,3,0,3
captaincy,9,3,2,5,2,2,4
captaincy's,11,5,1,6,3,1,4
captained,9,5,1,6,5,2,7
captaining,10,4,2,6,4,2,6
captains,8,4,4,8,3,4,7
caption,7,7,2,9,7,3,10
caption's,9,9,1,10,9,2,11
captioned,9,9,1,10,9,1,10
captioning,10,8,2,10,8,2,10
captions,8,6,3,9,6,3,9
captious,8,7,2,9,7,2,9
captivate,9,3,1,4,3,1,4
captivated,10,4,1,5,4,1,5
captivates,10,4,0,4,5,0,5
captivating,11,5,1,6,4,2,6
captivation,11,5,1,6,4,2,6
captivation's,13,3,0,3,5,1,6
captive,7,5,2,7,5,2,7
captive's,9,7,1,8,7,1,8
captives,8,5,2,7,5,2,7
captivities,11,3,0,3,3,0,3
captivity,9,4,3,7,3,3,6
captivity's,11,4,2,6,4,2,6
captor,6,4,4,8,4,4,8
captor's,8,7,2,9,6,3,9
captors,7,6,3,9,6,3,9
capture,7,5,4,9,4,2,6
capture's,9,7,3,10,5,2,7
captured,8,4,3,7,6,1,7
captures,8,7,2,9,5,2,7
capturing,9,5,3,8,5,3,8
car,3,3,9,12,3,8,11
car's,5,5,11,16,5,11,16
caracul,7,5,3,8,3,4,7
caracul's,9,7,1,8,5,3,8
carafe,6,4,2,6,4,3,7
carafe's,8,6,2,8,6,1,7
carafes,7,5,2,7,4,2,6
caramel,7,4,2,6,3,3,6
caramel's,9,5,1,6,5,1,6
caramels,8,4,2,6,4,2,6
carapace,8,2,1,3,2,1,3
carapace's,10,4,1,5,3,0,3
carapaces,9,3,1,4,3,1,4
carat,5,4,4,8,4,4,8
carat's,7,6,2,8,6,2,8
carats,6,3,3,6,3,3,6
caravan,7,2,5,7,2,4,6
caravan's,9,4,3,7,4,3,7
caravans,8,5,2,7,5,3,8
caraway,7,3,5,8,3,4,7
caraway's,9,5,3,8,5,3,8
caraways,8,4,3,7,4,4,8
carbide,7,4,3,7,4,2,6
carbide's,9,6,2,8,6,2,8
carbides,8,8,1,9,5,2,7
carbine,7,6,2,8,6,1,7
carbine's,9,8,1,9,8,1,9
carbines,8,7,2,9,8,0,8
carbohydrate,12,3,2,5,2,2,4
carbohydrate's,14,3,0,3,3,1,4
carbohydrates,13,3,0,3,3,1,4
carbon,6,5,5,10,5,5,10
carbon's,8,7,4,11,7,4,11
carbonate,9,4,2,6,4,2,6
carbonate's,11,7,1,8,6,0,6
carbonated,10,6,1,7,6,1,7
carbonates,10,5,1,6,5,1,6
carbonating,11,5,1,6,3,2,5
carbonation,11,3,1,4,3,2,5
carbonation's,13,6,0,6,4,1,5
carbons,7,7,2,9,7,2,9
carboy,6,4,6,10,3,5,8
carboy's,8,5,4,9,5,4,9
carboys,7,5,4,9,5,4,9
carbs,5,5,4,9,5,4,9
carbuncle,9,2,3,5,3,2,5
carbuncle's,11,5,1,6,5,0,5
carbuncles,10,4,1,5,4,1,5
carburetor,10,4,1,5,3,1,4
carburetor's,12,6,0,6,4,0,4
carburetors,11,3,2,5,3,1,4
carcass,7,3,1,4,3,1,4
carcass's,9,4,1,5,3,1,4
carcasses,9,4,0,4,4,0,4
carcinogen,10,4,2,6,3,2,5
carcinogen's,12,5,0,5,5,0,5
carcinogenic,12,1,1,2,1,1,2
carcinogenic's,14,3,1,4,3,0,3
carcinogenics,13,3,1,4,3,1,4
carcinogens,11,3,1,4,5,0,5
carcinoma,9,2,2,4,2,2,4
carcinoma's,11,3,1,4,4,1,5
carcinomas,10,3,1,4,3,1,4
carcinomata,11,2,2,4,2,2,4
card,4,4,9,13,4,9,13
card's,6,6,7,13,6,7,13
cardboard,9,2,3,5,3,3,6
cardboard's,11,5,1,6,5,1,6
carded,6,5,1,6,5,1,6
cardiac,7,3,4,7,3,3,6
cardigan,8,4,3,7,4,3,7
cardigan's,10,6,2,8,6,2,8
cardigans,9,6,1,7,6,1,7
cardinal,8,4,2,6,4,2,6
cardinal's,10,6,1,7,4,1,5
cardinals,9,5,2,7,5,2,7
carding,7,7,5,12,7,5,12
cardio,6,4,6,10,3,6,9
cardiogram,10,3,2,5,3,2,5
cardiogram's,12,4,2,6,4,1,5
cardiograms,11,3,1,4,3,1,4
cardiologist,12,6,0,6,5,0,5
cardiologist's,14,4,0,4,3,0,3
cardiologists,13,4,0,4,3,0,3
cardiology,10,2,3,5,2,3,5
cardiology's,12,3,1,4,5,1,6
cardiopulmonary,15,2,1,3,2,1,3
cardiovascular,14,2,0,2,2,0,2
cards,5,5,5,10,5,8,13
cardsharp,9,3,3,6,2,4,6
cardsharp's,11,4,3,7,3,3,6
cardsharps,10,4,2,6,3,2,5
care,4,4,5,9,4,4,8
care's,6,6,3,9,6,3,9
cared,5,5,3,8,5,3,8
careen,6,4,2,6,4,2,6
careened,8,4,1,5,3,1,4
careening,9,3,1,4,3,1,4
careens,7,5,1,6,5,1,6
career,6,2,0,2,2,0,2
career's,8,5,1,6,4,1,5
careered,8,4,1,5,3,1,4
careering,9,3,1,4,2,1,3
careers,7,3,1,4,3,1,4
carefree,8,2,1,3,2,1,3
careful,7,6,2,8,6,2,8
carefuller,10,3,1,4,3,1,4
carefullest,11,3,1,4,2,1,3
carefully,9,7,2,9,7,2,9
carefulness,11,8,0,8,8,0,8
carefulness's,13,9,0,9,9,0,9
caregiver,9,3,1,4,3,1,4
caregiver's,11,5,0,5,5,0,5
caregivers,10,5,1,6,3,1,4
careless,8,4,2,6,4,2,6
carelessly,10,6,0,6,6,0,6
carelessness,12,6,0,6,6,0,6
carelessness's,14,7,0,7,7,0,7
cares,5,5,3,8,5,2,7
caress,6,3,0,3,3,0,3
caress's,8,4,0,4,4,0,4
caressed,8,4,0,4,3,0,3
caresses,8,3,0,3,3,0,3
caressing,9,6,0,6,4,0,4
caret,5,4,4,8,4,4,8
caret's,7,6,1,7,6,1,7
caretaker,9,2,2,4,3,1,4
caretaker's,11,4,1,5,5,0,5
caretakers,10,5,1,6,4,0,4
carets,6,5,1,6,5,1,6
careworn,8,6,1,7,6,1,7
carfare,7,5,1,6,5,1,6
carfare's,9,6,1,7,6,1,7
cargo,5,5,5,10,5,5,10
cargo's,7,7,3,10,7,3,10
cargoes,7,4,2,6,4,2,6
cargos,6,5,3,8,5,3,8
caribou,7,3,4,7,3,5,8
caribou's,9,6,3,9,6,3,9
caribous,8,5,3,8,4,3,7
caricature,10,4,1,5,3,1,4
caricature's,12,5,0,5,4,0,4
caricatured,11,3,1,4,3,1,4
caricatures,11,4,0,4,4,0,4
caricaturing,12,3,1,4,2,1,3
caricaturist,12,3,0,3,3,0,3
caricaturist's,14,4,0,4,3,0,3
caricaturists,13,2,1,3,2,1,3
caries,6,6,2,8,6,2,8
caries's,8,6,1,7,6,1,7
carillon,8,5,2,7,3,2,5
carillon's,10,6,1,7,5,1,6
carillons,9,4,2,6,4,2,6
caring,6,6,4,10,6,4,10
caring's,8,8,3,11,8,2,10
carjack,7,3,4,7,3,4,7
carjacked,9,4,1,5,4,3,7
carjacker,9,3,3,6,4,2,6
carjacker's,11,5,0,5,4,0,4
carjackers,10,4,1,5,4,0,4
carjacking,10,5,2,7,5,2,7
carjacking's,12,2,1,3,3,1,4
carjackings,11,3,2,5,5,1,6
carjacks,8,4,4,8,4,4,8
carmine,7,7,1,8,7,0,7
carmine's,9,9,0,9,9,0,9
carmines,8,6,2,8,7,1,8
carnage,7,5,1,6,5,2,7
carnage's,9,7,1,8,7,1,8
carnal,6,3,3,6,4,3,7
carnally,8,3,3,6,3,3,6
carnation,9,6,2,8,6,2,8
carnation's,11,8,1,9,8,1,9
carnations,10,7,1,8,6,1,7
carnelian,9,4,1,5,4,1,5
carnelian's,11,7,0,7,5,0,5
carnelians,10,6,1,7,5,0,5
carnival,8,3,2,5,3,2,5
carnival's,10,5,1,6,4,1,5
carnivals,9,4,1,5,5,1,6
carnivore,9,3,2,5,4,1,5
carnivore's,11,5,1,6,4,0,4
carnivores,10,6,0,6,5,0,5
carnivorous,11,3,1,4,3,1,4
carol,5,5,4,9,5,4,9
carol's,7,7,1,8,7,1,8
caroled,7,7,2,9,7,2,9
caroler,7,4,3,7,4,3,7
caroler's,9,6,2,8,6,2,8
carolers,8,6,2,8,6,1,7
caroling,8,7,5,12,7,7,14
carolled,8,6,1,7,6,1,7
caroller,8,2,4,6,3,2,5
caroller's,10,6,1,7,5,1,6
carollers,9,4,1,5,4,1,5
carolling,9,7,2,9,7,2,9
carols,6,6,2,8,6,2,8
carom,5,4,5,9,4,5,9
carom's,7,6,2,8,6,2,8
caromed,7,5,2,7,5,2,7
caroming,8,6,3,9,6,3,9
caroms,6,5,3,8,5,3,8
carotid,7,3,3,6,2,4,6
carotid's,9,4,2,6,4,2,6
carotids,8,3,2,5,3,2,5
carousal,8,4,1,5,4,1,5
carousal's,10,2,2,4,5,1,6
carousals,9,4,2,6,4,2,6
carouse,7,4,0,4,5,3,8
carouse's,9,4,1,5,8,0,8
caroused,8,6,0,6,5,0,5
carousel,8,6,1,7,5,1,6
carousel's,10,8,0,8,6,0,6
carousels,9,6,1,7,7,1,8
carouser,8,6,1,7,3,1,4
carouser's,10,8,0,8,4,0,4
carousers,9,6,1,7,4,0,4
carouses,8,5,0,5,5,0,5
carousing,9,5,1,6,4,1,5
carp,4,4,9,13,4,9,13
carp's,6,6,8,14,5,8,13
carpal,6,4,3,7,4,3,7
carpal's,8,6,2,8,6,2,8
carpals,7,4,3,7,4,3,7
carped,6,6,1,7,6,1,7
carpel,6,6,2,8,6,2,8
carpel's,8,8,0,8,8,0,8
carpels,7,6,3,9,6,3,9
carpenter,9,4,1,5,3,1,4
carpenter's,11,5,0,5,4,0,4
carpentered,11,1,2,3,2,1,3
carpentering,12,5,1,6,4,1,5
carpenters,10,5,1,6,4,0,4
carpentry,9,5,1,6,3,2,5
carpentry's,11,4,0,4,3,1,4
carpet,6,5,4,9,5,3,8
carpet's,8,7,2,9,7,1,8
carpetbag,9,2,3,5,3,2,5
carpetbag's,11,6,1,7,3,1,4
carpetbagged,12,6,2,8,2,2,4
carpetbagger,12,6,2,8,2,2,4
carpetbagger's,14,4,0,4,3,1,4
carpetbaggers,13,4,0,4,3,0,3
carpetbagging,13,3,1,4,2,2,4
carpetbags,10,5,2,7,5,1,6
carpeted,8,5,1,6,6,1,7
carpeting,9,7,1,8,7,1,8
carpeting's,11,8,0,8,7,1,8
carpets,7,6,1,7,6,1,7
carpi,5,4,4,8,4,4,8
carping,7,7,3,10,7,3,10
carport,7,4,4,8,3,5,8
carport's,9,5,3,8,5,4,9
carports,8,4,3,7,4,3,7
carps,5,5,7,12,5,6,11
carpus,6,5,5,10,5,6,11
carpus's,8,5,3,8,6,3,9
carrel,6,4,3,7,4,3,7
carrel's,8,6,3,9,6,3,9
carrels,7,5,1,6,5,1,6
carriage,8,6,1,7,6,2,8
carriage's,10,8,1,9,8,0,8
carriages,9,5,0,5,5,0,5
carriageway,11,3,1,4,2,1,3
carried,7,6,1,7,6,1,7
carrier,7,5,1,6,5,1,6
carrier's,9,7,0,7,7,0,7
carriers,8,5,2,7,5,1,6
carries,7,6,2,8,6,2,8
carrion,7,5,3,8,5,2,7
carrion's,9,7,2,9,7,1,8
carrot,6,5,4,9,5,4,9
carrot's,8,7,2,9,7,3,10
carrots,7,6,3,9,6,3,9
carrousel,9,3,0,3,2,2,4
carrousel's,11,3,0,3,3,0,3
carrousels,10,3,1,4,5,0,5
carry,5,4,6,10,4,6,10
carry's,7,6,5,11,6,5,11
carryall,8,3,4,7,3,3,6
carryall's,10,5,2,7,5,1,6
carryalls,9,4,3,7,4,2,6
carrying,8,7,3,10,7,3,10
carryout,8,3,3,6,3,3,6
cars,4,4,6,10,4,10,14
carsick,7,3,3,6,4,3,7
carsickness,11,4,0,4,3,0,3
carsickness's,13,4,0,4,3,0,3
cart,4,4,4,8,4,4,8
cart's,6,6,3,9,6,3,9
carted,6,6,4,10,6,4,10
cartel,6,5,3,8,5,3,8
cartel's,8,7,1,8,7,1,8
cartels,7,6,1,7,6,1,7
cartilage,9,3,1,4,3,1,4
cartilage's,11,7,0,7,6,0,6
cartilages,10,4,0,4,5,0,5
cartilaginous,13,3,1,4,4,1,5
carting,7,7,7,14,7,7,14
cartographer,12,2,2,4,2,2,4
cartographer's,14,3,0,3,4,1,5
cartographers,13,4,0,4,4,1,5
cartography,11,6,3,9,2,3,5
cartography's,13,3,1,4,3,2,5
carton,6,5,3,8,5,3,8
carton's,8,7,2,9,7,2,9
cartons,7,6,3,9,6,3,9
cartoon,7,5,3,8,4,3,7
cartoon's,9,7,2,9,6,2,8
cartooned,9,7,2,9,7,3,10
cartooning,10,7,3,10,7,3,10
cartoonist,10,3,0,3,3,0,3
cartoonist's,12,4,0,4,5,0,5
cartoonists,11,5,0,5,5,0,5
cartoons,8,6,2,8,6,2,8
cartridge,9,8,1,9,8,1,9
cartridge's,11,10,0,10,10,0,10
cartridges,10,9,0,9,9,0,9
carts,5,5,2,7,5,3,8
cartwheel,9,2,1,3,2,1,3
cartwheel's,11,5,0,5,4,0,4
cartwheeled,11,2,2,4,2,1,3
cartwheeling,12,5,1,6,4,1,5
cartwheels,10,3,0,3,3,0,3
carve,5,4,6,10,4,6,10
carved,6,5,5,10,5,5,10
carver,6,5,4,9,4,6,10
carver's,8,7,2,9,7,2,9
carvers,7,4,4,8,4,4,8
carves,6,5,3,8,5,3,8
carving,7,6,8,14,6,8,14
carving's,9,7,4,11,7,4,11
carvings,8,7,3,10,7,3,10
caryatid,8,3,2,5,3,3,6
caryatid's,10,6,2,8,5,2,7
caryatides,10,3,1,4,4,1,5
caryatids,9,4,2,6,4,2,6
cascade,7,4,1,5,3,2,5
cascade's,9,5,1,6,5,1,6
cascaded,8,3,0,3,3,0,3
cascades,8,3,1,4,3,1,4
cascading,9,5,2,7,5,1,6
case,4,4,2,6,4,4,8
case's,6,5,1,6,5,1,6
cased,5,3,4,7,4,4,8
casein,6,3,2,5,3,2,5
casein's,8,4,1,5,4,1,5
caseload,8,3,0,3,3,0,3
caseload's,10,5,0,5,4,1,5
caseloads,9,3,0,3,3,0,3
casement,8,6,1,7,6,1,7
casement's,10,7,1,8,7,1,8
casements,9,6,1,7,6,1,7
cases,5,4,2,6,4,2,6
casework,8,4,0,4,4,0,4
casework's,10,4,0,4,4,0,4
caseworker,10,2,1,3,2,1,3
caseworker's,12,2,1,3,2,1,3
caseworkers,11,3,0,3,3,0,3
cash,4,4,0,4,4,1,5
cash's,6,5,1,6,5,1,6
cashback,8,2,2,4,2,2,4
cashback's,10,3,2,5,2,2,4
cashed,6,6,5,11,6,6,12
cashes,6,5,3,8,5,3,8
cashew,6,2,4,6,2,4,6
cashew's,8,3,4,7,3,4,7
cashews,7,2,4,6,2,4,6
cashier,7,5,3,8,5,2,7
cashier's,9,5,0,5,5,0,5
cashiered,9,4,0,4,4,0,4
cashiering,10,4,1,5,3,1,4
cashiers,8,4,1,5,4,1,5
cashing,7,7,2,9,7,3,10
cashmere,8,3,0,3,3,1,4
cashmere's,10,5,0,5,5,0,5
casing,6,5,4,9,5,4,9
casing's,8,5,2,7,7,2,9
casings,7,6,2,8,6,2,8
casino,6,3,2,5,3,2,5
casino's,8,4,2,6,6,3,9
casinos,7,5,3,8,5,3,8
cask,4,4,5,9,4,5,9
cask's,6,5,4,9,5,4,9
casket,6,6,3,9,6,3,9
casket's,8,7,2,9,7,2,9
caskets,7,6,1,7,6,1,7
casks,5,4,4,8,4,4,8
cassava,7,2,1,3,2,2,4
cassava's,9,3,1,4,2,0,2
cassavas,8,2,1,3,2,1,3
casserole,9,3,1,4,4,0,4
casserole's,11,2,0,2,3,1,4
casseroled,10,2,1,3,2,1,3
casseroles,10,4,0,4,4,0,4
casseroling,11,2,0,2,2,0,2
cassette,8,2,0,2,2,0,2
cassette's,10,3,0,3,3,0,3
cassettes,9,2,1,3,3,1,4
cassia,6,2,1,3,2,1,3
cassia's,8,2,1,3,2,1,3
cassias,7,2,1,3,2,1,3
cassino,7,3,2,5,3,2,5
cassino's,9,4,1,5,3,0,3
cassinos,8,3,1,4,3,1,4
cassock,7,4,1,5,4,2,6
cassock's,9,5,1,6,4,0,4
cassocks,8,4,1,5,4,1,5
cast,4,4,3,7,4,3,7
cast's,6,5,3,8,5,3,8
castanet,8,3,2,5,3,2,5
castanet's,10,3,1,4,3,1,4
castanets,9,3,2,5,3,2,5
castaway,8,3,3,6,3,3,6
castaway's,10,4,3,7,4,3,7
castaways,9,3,1,4,3,2,5
caste,5,5,1,6,5,1,6
caste's,7,6,1,7,6,1,7
caster,6,6,1,7,6,1,7
caster's,8,7,2,9,7,2,9
casters,7,6,3,9,6,3,9
castes,6,5,4,9,5,4,9
castigate,9,6,0,6,6,0,6
castigated,10,7,0,7,7,0,7
castigates,10,4,0,4,6,0,6
castigating,11,5,0,5,6,0,6
castigation,11,6,0,6,6,0,6
castigation's,13,7,0,7,5,0,5
castigator,10,6,1,7,6,1,7
castigator's,12,3,0,3,3,0,3
castigators,11,3,1,4,3,1,4
casting,7,7,1,8,7,2,9
casting's,9,6,2,8,6,2,8
castings,8,6,3,9,6,3,9
castle,6,5,4,9,4,4,8
castle's,8,4,2,6,4,2,6
castled,7,6,2,8,6,2,8
castles,7,5,1,6,2,3,5
castling,8,7,2,9,7,2,9
castoff,7,4,2,6,4,2,6
castoff's,9,5,2,7,5,2,7
castoffs,8,4,3,7,5,2,7
castor,6,6,2,8,6,2,8
castor's,8,7,2,9,6,1,7
castors,7,5,3,8,5,3,8
castrate,8,3,2,5,4,1,5
castrated,9,4,1,5,4,1,5
castrates,9,4,1,5,4,1,5
castrating,10,5,1,6,4,1,5
castration,10,4,0,4,4,0,4
castration's,12,4,0,4,4,0,4
castrations,11,4,1,5,3,1,4
casts,5,4,2,6,4,2,6
casual,6,3,3,6,3,3,6
casual's,8,4,3,7,4,2,6
casually,8,6,2,8,4,2,6
casualness,10,5,0,5,3,0,3
casualness's,12,6,0,6,3,0,3
casuals,7,3,4,7,3,4,7
casualties,10,4,0,4,3,1,4
casualty,8,6,2,8,3,2,5
casualty's,10,3,3,6,3,3,6
casuist,7,4,0,4,4,1,5
casuist's,9,5,0,5,5,0,5
casuistry,9,2,0,2,2,0,2
casuistry's,11,2,0,2,2,0,2
casuists,8,4,0,4,4,0,4
cat,3,3,5,8,3,4,7
cat's,5,5,5,10,5,5,10
cataclysm,9,2,2,4,2,2,4
cataclysm's,11,3,2,5,2,2,4
cataclysmic,11,3,1,4,3,1,4
cataclysms,10,2,3,5,2,2,4
catacomb,8,3,3,6,3,3,6
catacomb's,10,5,2,7,4,1,5
catacombs,9,4,2,6,4,2,6
catafalque,10,2,1,3,2,2,4
catafalque's,12,4,2,6,3,2,5
catafalques,11,4,1,5,3,2,5
catalepsy,9,3,0,3,3,0,3
catalepsy's,11,4,1,5,3,0,3
cataleptic,10,2,3,5,2,3,5
cataleptic's,12,4,1,5,4,0,4
cataleptics,11,3,2,5,4,0,4
catalog,7,3,3,6,3,3,6
catalog's,9,5,2,7,4,2,6
cataloged,9,7,1,8,4,2,6
cataloger,9,3,3,6,3,3,6
cataloger's,11,5,0,5,5,0,5
catalogers,10,4,1,5,3,1,4
cataloging,10,3,2,5,3,2,5
catalogs,8,3,3,6,3,3,6
catalogue,9,3,1,4,3,1,4
catalogue's,11,5,0,5,3,1,4
catalogued,10,5,1,6,9,1,10
cataloguer,10,4,2,6,8,2,10
cataloguer's,12,6,0,6,5,0,5
cataloguers,11,5,1,6,5,0,5
catalogues,10,4,0,4,4,1,5
cataloguing,11,4,1,5,4,2,6
catalpa,7,3,4,7,3,3,6
catalpa's,9,5,2,7,5,2,7
catalpas,8,3,1,4,4,2,6
catalysis,9,6,1,7,6,1,7
catalysis's,11,7,0,7,7,0,7
catalyst,8,2,2,4,2,2,4
catalyst's,10,3,2,5,2,2,4
catalysts,9,3,3,6,3,2,5
catalytic,9,4,2,6,4,2,6
catalytic's,11,4,1,5,3,1,4
catalyze,8,6,1,7,6,1,7
catalyzed,9,6,2,8,7,3,10
catalyzes,9,3,2,5,3,2,5
catalyzing,10,8,2,10,8,2,10
catamaran,9,2,3,5,2,3,5
catamaran's,11,3,1,4,3,1,4
catamarans,10,3,1,4,3,1,4
catapult,8,2,4,6,2,5,7
catapult's,10,4,3,7,4,1,5
catapulted,10,5,1,6,3,1,4
catapulting,11,5,1,6,5,3,8
catapults,9,3,3,6,4,2,6
cataract,8,1,3,4,1,3,4
cataract's,10,5,1,6,4,1,5
cataracts,9,4,2,6,3,3,6
catarrh,7,2,5,7,2,3,5
catarrh's,9,4,2,6,4,2,6
catastrophe,11,3,0,3,3,0,3
catastrophe's,13,3,0,3,2,0,2
catastrophes,12,3,0,3,3,0,3
catastrophic,12,3,0,3,3,0,3
catastrophically,16,2,0,2,2,0,2
catatonic,9,4,2,6,4,2,6
catatonic's,11,4,1,5,3,1,4
catatonics,10,3,2,5,3,2,5
catbird,7,4,3,7,4,6,10
catbird's,9,6,3,9,6,4,10
catbirds,8,5,5,10,4,5,9
catboat,7,2,6,8,2,6,8
catboat's,9,5,4,9,5,3,8
catboats,8,4,2,6,4,2,6
catcall,7,3,4,7,3,3,6
catcall's,9,5,2,7,4,2,6
catcalled,9,4,1,5,4,3,7
catcalling,10,5,2,7,5,2,7
catcalls,8,4,3,7,4,3,7
catch,5,3,5,8,3,5,8
catch's,7,6,3,9,6,3,9
catchall,8,3,4,7,3,3,6
catchall's,10,5,2,7,5,2,7
catchalls,9,4,3,7,4,2,6
catcher,7,5,3,8,5,3,8
catcher's,9,5,2,7,6,1,7
catchers,8,4,3,7,4,2,6
catches,7,4,2,6,4,2,6
catchier,8,4,3,7,4,2,6
catchiest,9,5,0,5,5,0,5
catching,8,6,4,10,6,4,10
catchings,9,6,3,9,4,4,8
catchment,9,3,1,4,3,1,4
catchphrase,11,3,0,3,2,1,3
catchup,7,3,4,7,2,6,8
catchup's,9,5,4,9,4,5,9
catchword,9,3,3,6,3,3,6
catchword's,11,8,1,9,6,1,7
catchwords,10,4,2,6,4,1,5
catchy,6,5,5,10,4,5,9
catechise,9,3,1,4,2,2,4
catechised,10,2,2,4,3,1,4
catechises,10,4,0,4,2,1,3
catechising,11,6,0,6,4,0,4
catechism,9,3,0,3,3,0,3
catechism's,11,5,0,5,5,0,5
catechisms,10,4,0,4,4,0,4
catechize,9,3,2,5,4,1,5
catechized,10,2,2,4,2,2,4
catechizes,10,5,1,6,6,0,6
catechizing,11,5,2,7,4,1,5
categorical,11,3,1,4,3,1,4
categorically,13,2,1,3,2,1,3
categories,10,6,0,6,4,0,4
categorization,14,3,1,4,2,1,3
categorization's,16,4,0,4,3,0,3
categorizations,15,2,0,2,3,0,3
categorize,10,2,1,3,2,1,3
categorized,11,3,1,4,2,1,3
categorizes,11,3,1,4,4,0,4
categorizing,12,3,1,4,3,1,4
category,8,5,2,7,5,2,7
category's,10,7,0,7,6,0,6
cater,5,5,2,7,5,3,8
catered,7,5,3,8,6,1,7
caterer,7,2,2,4,3,1,4
caterer's,9,3,0,3,3,0,3
caterers,8,3,1,4,3,0,3
catering,8,8,2,10,8,2,10
caterings,9,6,1,7,5,2,7
caterpillar,11,3,1,4,3,1,4
caterpillar's,13,3,0,3,3,1,4
caterpillars,12,3,0,3,3,0,3
caters,6,6,3,9,6,3,9
caterwaul,9,4,2,6,3,2,5
caterwaul's,11,6,1,7,5,0,5
caterwauled,11,3,2,5,4,2,6
caterwauling,12,5,1,6,6,1,7
caterwauls,10,5,1,6,5,0,5
catfish,7,5,4,9,4,7,11
catfish's,9,4,0,4,4,1,5
catfishes,9,5,2,7,5,1,6
catgut,6,3,5,8,3,5,8
catgut's,8,5,5,10,4,4,8
catharses,9,3,1,4,3,1,4
catharsis,9,3,1,4,3,1,4
catharsis's,11,4,0,4,2,0,2
cathartic,9,3,2,5,3,2,5
cathartic's,11,4,1,5,3,2,5
cathartics,10,4,2,6,3,3,6
cathedral,9,2,2,4,5,2,7
cathedral's,11,6,0,6,6,1,7
cathedrals,10,4,0,4,6,0,6
catheter,8,2,4,6,3,3,6
catheter's,10,5,1,6,5,1,6
catheters,9,4,0,4,4,0,4
cathode,7,4,3,7,4,2,6
cathode's,9,6,2,8,6,2,8
cathodes,8,5,1,6,5,1,6
catholic,8,4,3,7,3,2,5
catholicity,11,3,2,5,2,3,5
catholicity's,13,4,0,4,3,1,4
cation,6,4,3,7,4,3,7
cation's,8,6,2,8,6,2,8
cations,7,5,4,9,5,4,9
catkin,6,4,5,9,4,6,10
catkin's,8,6,4,10,6,5,11
catkins,7,5,4,9,5,4,9
catnap,6,4,3,7,3,3,6
catnap's,8,6,2,8,6,2,8
catnapped,9,5,1,6,4,3,7
catnapping,10,5,2,7,4,3,7
catnaps,7,3,2,5,3,2,5
catnip,6,3,4,7,3,4,7
catnip's,8,5,3,8,5,2,7
cats,4,4,2,6,4,3,7
catsup,6,3,4,7,3,3,6
catsup's,8,4,3,7,4,3,7
cattail,7,4,3,7,3,3,6
cattail's,9,4,3,7,4,2,6
cattails,8,3,3,6,3,3,6
cattier,7,6,5,11,6,4,10
cattiest,8,6,1,7,6,1,7
cattily,7,3,5,8,5,4,9
cattiness,9,6,2,8,6,2,8
cattiness's,11,7,2,9,7,2,9
cattle,6,5,4,9,5,3,8
cattle's,8,7,2,9,7,4,11
cattleman,9,4,2,6,4,1,5
cattleman's,11,5,0,5,4,0,4
cattlemen,9,2,2,4,4,2,6
catty,5,4,6,10,4,6,10
catwalk,7,5,4,9,5,3,8
catwalk's,9,4,2,6,3,2,5
catwalks,8,4,3,7,4,3,7
caucus,6,3,5,8,4,4,8
caucus's,8,4,2,6,5,1,6
caucused,8,4,0,4,5,1,6
caucuses,8,4,1,5,5,0,5
caucusing,9,5,2,7,4,2,6
caucussed,9,3,0,3,3,0,3
caucussing,10,4,1,5,4,1,5
caudal,6,3,4,7,3,4,7
caught,6,3,5,8,3,5,8
cauldron,8,3,3,6,3,4,7
cauldron's,10,6,1,7,5,1,6
cauldrons,9,5,2,7,5,2,7
cauliflower,11,3,1,4,4,1,5
cauliflower's,13,4,1,5,4,0,4
cauliflowers,12,5,1,6,3,1,4
caulk,5,2,7,9,2,7,9
caulk's,7,4,8,12,5,8,13
caulked,7,5,3,8,5,3,8
caulking,8,6,3,9,6,3,9
caulking's,10,7,3,10,9,2,11
caulkings,9,5,4,9,4,3,7
caulks,6,4,5,9,4,5,9
causal,6,3,3,6,3,2,5
causalities,11,4,1,5,3,0,3
causality,9,3,2,5,3,2,5
causality's,11,3,2,5,2,2,4
causally,8,2,2,4,2,2,4
causation,9,6,1,7,4,1,5
causation's,11,6,1,7,3,1,4
causative,9,3,0,3,3,0,3
cause,5,4,2,6,4,2,6
cause's,7,6,1,7,6,1,7
caused,6,6,4,10,6,5,11
causeless,9,4,0,4,4,0,4
causes,6,5,3,8,5,3,8
causeway,8,2,1,3,2,1,3
causeway's,10,3,1,4,3,1,4
causeways,9,3,1,4,2,2,4
causing,7,7,1,8,7,1,8
caustic,7,4,1,5,4,2,6
caustic's,9,5,1,6,4,1,5
caustically,11,4,0,4,3,2,5
caustics,8,4,2,6,4,3,7
cauterize,9,4,1,5,4,1,5
cauterized,10,5,1,6,7,2,9
cauterizes,10,8,0,8,7,1,8
cauterizing,11,9,1,10,8,2,10
caution,7,6,3,9,6,4,10
caution's,9,8,2,10,8,3,11
cautionary,10,3,2,5,3,2,5
cautioned,9,8,2,10,8,2,10
cautioning,10,7,3,10,7,3,10
cautions,8,7,2,9,7,2,9
cautious,8,7,2,9,7,2,9
cautiously,10,5,1,6,3,0,3
cautiousness,12,4,0,4,2,0,2
cautiousness's,14,5,0,5,2,0,2
cavalcade,9,2,1,3,2,1,3
cavalcade's,11,4,0,4,3,0,3
cavalcades,10,4,0,4,4,1,5
cavalier,8,5,3,8,5,3,8
cavalier's,10,7,0,7,6,0,6
cavaliers,9,4,1,5,4,1,5
cavalries,9,5,0,5,5,0,5
cavalry,7,2,4,6,2,2,4
cavalry's,9,4,1,5,3,1,4
cavalryman,10,2,4,6,2,3,5
cavalryman's,12,4,1,5,3,2,5
cavalrymen,10,5,2,7,3,2,5
cave,4,3,9,12,3,9,12
cave's,6,5,7,12,5,8,13
caveat,6,2,1,3,2,1,3
caveat's,8,4,0,4,4,0,4
caveats,7,6,2,8,3,2,5
caved,5,4,8,12,4,8,12
caveman,7,2,3,5,3,2,5
caveman's,9,4,2,6,5,1,6
cavemen,7,2,3,5,4,3,7
cavern,6,6,3,9,3,4,7
cavern's,8,7,2,9,5,3,8
cavernous,9,6,1,7,5,1,6
caverns,7,4,2,6,7,2,9
caves,5,4,8,12,4,8,12
caviar,6,2,5,7,2,5,7
caviar's,8,4,4,8,4,4,8
caviare,7,4,1,5,4,2,6
caviare's,9,6,1,7,6,1,7
cavil,5,4,7,11,4,7,11
cavil's,7,6,5,11,6,5,11
caviled,7,5,5,10,5,6,11
caviling,8,5,2,7,5,2,7
cavilled,8,5,2,7,5,3,8
cavilling,9,4,3,7,4,3,7
cavils,6,4,6,10,5,7,12
caving,6,5,7,12,5,7,12
cavities,8,6,0,6,6,0,6
cavity,6,2,6,8,3,5,8
cavity's,8,7,5,12,5,4,9
cavort,6,3,4,7,3,4,7
cavorted,8,6,1,7,5,2,7
cavorting,9,6,2,8,6,2,8
cavorts,7,3,4,7,3,4,7
caw,3,3,6,9,3,9,12
caw's,5,5,7,12,5,8,13
cawed,5,5,3,8,5,3,8
cawing,6,6,3,9,6,3,9
caws,4,4,10,14,4,11,15
cayenne,7,2,1,3,2,0,2
cayenne's,9,5,0,5,3,2,5
cease,5,4,0,4,4,0,4
cease's,7,5,0,5,5,1,6
ceased,6,4,4,8,3,3,6
ceasefire,9,3,0,3,3,0,3
ceaseless,9,2,1,3,2,1,3
ceaselessly,11,3,0,3,2,0,2
ceases,6,4,2,6,4,2,6
ceasing,7,7,0,7,7,0,7
cedar,5,4,3,7,3,1,4
cedar's,7,6,2,8,5,0,5
cedars,6,4,2,6,4,1,5
cede,4,1,7,8,1,6,7
ceded,5,2,2,4,2,2,4
cedes,5,3,2,5,3,2,5
cedilla,7,3,1,4,5,3,8
cedilla's,9,6,0,6,7,2,9
cedillas,8,6,3,9,6,3,9
ceding,6,5,5,10,5,5,10
ceiling,7,5,1,6,5,2,7
ceiling's,9,6,3,9,6,3,9
ceilings,8,4,2,6,4,2,6
celebrant,9,4,2,6,4,2,6
celebrant's,11,5,0,5,5,0,5
celebrants,10,6,1,7,4,0,4
celebrate,9,3,1,4,2,1,3
celebrated,10,3,1,4,3,1,4
celebrates,10,3,0,3,3,0,3
celebrating,11,5,1,6,4,1,5
celebration,11,6,1,7,4,1,5
celebration's,13,8,0,8,5,0,5
celebrations,12,4,0,4,3,0,3
celebratory,11,3,2,5,2,2,4
celebrities,11,3,0,3,3,0,3
celebrity,9,2,2,4,3,2,5
celebrity's,11,4,0,4,4,0,4
celerity,8,4,1,5,4,1,5
celerity's,10,6,0,6,6,0,6
celery,6,3,2,5,3,2,5
celery's,8,4,1,5,4,2,6
celesta,7,2,0,2,2,0,2
celesta's,9,3,1,4,4,1,5
celestas,8,2,1,3,2,1,3
celestial,9,3,0,3,3,0,3
celibacy,8,5,1,6,4,1,5
celibacy's,10,5,0,5,5,1,6
celibate,8,4,1,5,4,1,5
celibate's,10,6,0,6,6,0,6
celibates,9,5,0,5,5,0,5
cell,4,3,7,10,3,6,9
cell's,6,5,6,11,5,6,11
cellar,6,4,2,6,4,2,6
cellar's,8,6,1,7,5,2,7
cellars,7,5,2,7,5,2,7
celli,5,3,4,7,3,6,9
cellist,7,4,1,5,4,1,5
cellist's,9,5,0,5,4,0,4
cellists,8,4,1,5,4,1,5
cello,5,4,5,9,4,3,7
cello's,7,6,4,10,6,2,8
cellophane,10,3,2,5,3,2,5
cellophane's,12,3,1,4,3,1,4
cellos,6,4,4,8,5,3,8
cells,5,4,6,10,4,5,9
cellular,8,2,4,6,3,3,6
cellular's,10,5,0,5,5,0,5
cellulars,9,4,2,6,4,2,6
cellulite,9,3,3,6,3,4,7
cellulite's,11,5,2,7,4,3,7
celluloid,9,2,2,4,3,1,4
celluloid's,11,4,1,5,4,1,5
cellulose,9,4,0,4,4,0,4
cellulose's,11,4,1,5,4,1,5
cement,6,3,4,7,3,4,7
cement's,8,5,3,8,5,3,8
cemented,8,2,3,5,2,3,5
cementing,9,5,2,7,5,3,8
cements,7,4,2,6,4,2,6
cemeteries,10,3,0,3,3,0,3
cemetery,8,1,2,3,2,1,3
cemetery's,10,3,1,4,3,0,3
cenotaph,8,3,2,5,3,3,6
cenotaph's,10,5,0,5,5,1,6
cenotaphs,9,4,2,6,4,2,6
censer,6,4,4,8,4,4,8
censer's,8,5,0,5,5,0,5
censers,7,4,1,5,4,0,4
censor,6,6,0,6,6,0,6
censor's,8,3,0,3,3,0,3
censored,8,7,0,7,7,0,7
censoring,9,8,0,8,8,0,8
censorious,10,3,0,3,3,0,3
censoriously,12,3,0,3,2,0,2
censors,7,6,1,7,6,1,7
censorship,10,2,0,2,3,0,3
censorship's,12,2,0,2,3,0,3
censure,7,5,1,6,5,1,6
censure's,9,6,0,6,6,0,6
censured,8,6,1,7,6,1,7
censures,8,5,1,6,5,1,6
censuring,9,7,1,8,7,1,8
census,6,4,2,6,4,2,6
census's,8,3,0,3,3,0,3
censused,8,1,0,1,1,0,1
censuses,8,2,1,3,2,0,2
censusing,9,2,0,2,2,0,2
cent,4,4,5,9,4,5,9
cent's,6,6,4,10,6,5,11
centaur,7,3,2,5,4,3,7
centaur's,9,6,1,7,5,0,5
centaurs,8,4,1,5,3,2,5
centenarian,11,3,1,4,2,1,3
centenarian's,13,4,0,4,3,0,3
centenarians,12,3,0,3,4,0,4
centenaries,11,3,0,3,3,0,3
centenary,9,4,1,5,3,1,4
centenary's,11,4,0,4,4,0,4
centennial,10,2,1,3,2,1,3
centennial's,12,3,0,3,4,0,4
centennials,11,3,0,3,3,0,3
center,6,4,3,7,4,3,7
center's,8,6,2,8,6,2,8
centered,8,5,1,6,5,1,6
centerfold,10,4,1,5,3,1,4
centerfold's,12,5,0,5,4,0,4
centerfolds,11,5,0,5,4,0,4
centering,9,6,1,7,4,1,5
centerpiece,11,2,1,3,1,1,2
centerpiece's,13,3,0,3,2,0,2
centerpieces,12,2,0,2,2,0,2
centers,7,5,1,6,5,1,6
centigrade,10,3,1,4,3,1,4
centigram,9,3,1,4,3,1,4
centigram's,11,5,0,5,4,0,4
centigramme,11,3,1,4,2,1,3
centigramme's,13,3,0,3,4,0,4
centigrammes,12,4,0,4,3,0,3
centigrams,10,4,1,5,4,0,4
centiliter,10,3,2,5,3,2,5
centiliter's,12,5,0,5,4,0,4
centiliters,11,4,1,5,4,0,4
centime,7,4,3,7,4,2,6
centime's,9,6,1,7,6,2,8
centimes,8,5,3,8,5,3,8
centimeter,10,6,1,7,6,2,8
centimeter's,12,8,0,8,8,0,8
centimeters,11,7,0,7,7,0,7
centipede,9,2,1,3,2,1,3
centipede's,11,4,0,4,3,0,3
centipedes,10,3,0,3,3,0,3
central,7,7,2,9,7,1,8
central's,9,7,0,7,7,0,7
centralization,14,6,1,7,4,1,5
centralization's,16,6,0,6,5,0,5
centralize,10,6,1,7,6,1,7
centralized,11,9,1,10,7,1,8
centralizes,11,9,0,9,7,0,7
centralizing,12,6,1,7,3,2,5
centrally,9,7,2,9,5,2,7
centrals,8,5,1,6,5,1,6
centrifugal,11,6,1,7,3,1,4
centrifuge,10,2,2,4,2,2,4
centrifuge's,12,4,0,4,4,0,4
centrifuged,11,2,2,4,7,1,8
centrifuges,11,4,0,4,4,0,4
centrifuging,12,4,1,5,3,1,4
centripetal,11,6,1,7,2,1,3
centrist,8,4,1,5,4,0,4
centrist's,10,4,1,5,5,0,5
centrists,9,3,1,4,3,1,4
cents,5,5,5,10,5,5,10
centuries,9,5,0,5,5,0,5
centurion,9,3,1,4,3,1,4
centurion's,11,5,0,5,4,0,4
centurions,10,4,1,5,4,1,5
century,7,4,4,8,4,2,6
century's,9,6,3,9,5,2,7
cephalic,8,4,2,6,3,2,5
ceramic,7,4,2,6,5,2,7
ceramic's,9,5,2,7,6,1,7
ceramics,8,6,1,7,6,1,7
ceramics's,10,5,0,5,4,0,4
cereal,6,2,5,7,2,5,7
cereal's,8,4,2,6,4,2,6
cereals,7,3,3,6,3,3,6
cerebella,9,2,1,3,2,1,3
cerebellum,10,2,1,3,2,1,3
cerebellum's,12,4,0,4,3,0,3
cerebellums,11,3,0,3,3,0,3
cerebra,7,2,1,3,2,1,3
cerebral,8,5,1,6,5,1,6
cerebrum,8,4,2,6,4,2,6
cerebrum's,10,4,0,4,3,0,3
cerebrums,9,3,0,3,3,0,3
ceremonial,10,3,1,4,3,1,4
ceremonial's,12,2,1,3,4,0,4
ceremonially,12,2,1,3,2,1,3
ceremonials,11,3,1,4,3,1,4
ceremonies,10,5,1,6,4,2,6
ceremonious,11,2,2,4,2,2,4
ceremoniously,13,3,0,3,3,0,3
ceremony,8,3,2,5,3,2,5
ceremony's,10,5,1,6,5,1,6
cerise,6,3,1,4,3,1,4
cerise's,8,5,1,6,5,1,6
certain,7,7,1,8,7,1,8
certainly,9,7,1,8,4,1,5
certainties,11,3,0,3,3,0,3
certainty,9,7,1,8,4,1,5
certainty's,11,4,0,4,4,0,4
certifiable,11,4,1,5,3,1,4
certificate,11,4,1,5,4,1,5
certificate's,13,5,0,5,3,0,3
certificated,12,3,1,4,4,1,5
certificates,12,4,0,4,4,0,4
certificating,13,3,1,4,8,1,9
certification,13,8,1,9,8,1,9
certification's,15,10,0,10,6,0,6
certifications,14,3,0,3,5,0,5
certified,9,5,1,6,5,1,6
certifies,9,6,0,6,5,0,5
certify,7,5,2,7,5,2,7
certifying,10,8,1,9,8,1,9
certitude,9,3,2,5,4,1,5
certitude's,11,5,1,6,5,0,5
cerulean,8,2,1,3,2,1,3
cerulean's,10,5,0,5,5,1,6
cervical,8,6,1,7,5,1,6
cervices,8,5,0,5,5,0,5
cervix,6,5,3,8,5,3,8
cervix's,8,6,2,8,6,2,8
cervixes,8,5,0,5,5,0,5
cesarean,8,3,0,3,3,0,3
cesarean's,10,3,0,3,3,0,3
cesareans,9,4,0,4,4,0,4
cesarian,8,4,0,4,4,0,4
cesarian's,10,5,0,5,4,0,4
cesarians,9,3,1,4,3,1,4
cesium,6,3,3,6,3,3,6
cesium's,8,5,1,6,5,1,6
cessation,9,4,0,4,3,0,3
cessation's,11,2,0,2,4,0,4
cessations,10,4,0,4,3,0,3
cession,7,4,1,5,4,1,5
cession's,9,4,1,5,3,1,4
cessions,8,3,2,5,3,0,3
cesspool,8,2,0,2,2,0,2
cesspool's,10,4,0,4,3,0,3
cesspools,9,2,1,3,2,2,4
cetacean,8,2,2,4,2,3,5
cetacean's,10,5,0,5,5,1,6
cetaceans,9,3,1,4,3,1,4
chafe,5,3,4,7,3,4,7
chafed,6,5,4,9,5,4,9
chafes,6,4,4,8,4,5,9
chaff,5,3,6,9,4,5,9
chaff's,7,6,4,10,6,4,10
chaffed,7,5,6,11,5,6,11
chaffinch,9,1,4,5,3,2,5
chaffinch's,11,4,1,5,4,1,5
chaffinches,11,4,0,4,4,0,4
chaffing,8,7,5,12,7,5,12
chaffs,6,5,5,10,5,5,10
chafing,7,6,5,11,6,5,11
chagrin,7,6,2,8,6,2,8
chagrin's,9,5,1,6,5,2,7
chagrined,9,4,1,5,5,1,6
chagrining,10,4,2,6,4,2,6
chagrinned,10,7,1,8,4,1,5
chagrinning,11,2,1,3,2,2,4
chagrins,8,4,2,6,3,1,4
chain,5,3,5,8,3,5,8
chain's,7,5,4,9,5,4,9
chained,7,6,4,10,5,5,10
chaining,8,4,3,7,4,3,7
chains,6,5,4,9,3,4,7
chainsaw,8,2,1,3,2,1,3
chainsaw's,10,4,1,5,2,1,3
chainsawed,10,4,0,4,4,0,4
chainsawing,11,2,1,3,2,1,3
chainsaws,9,2,2,4,2,2,4
chair,5,3,3,6,3,3,6
chair's,7,5,2,7,5,2,7
chaired,7,4,3,7,4,3,7
chairing,8,5,3,8,5,3,8
chairlift,9,2,3,5,2,3,5
chairlift's,11,5,2,7,4,1,5
chairlifts,10,4,2,6,4,2,6
chairman,8,2,2,4,2,2,4
chairman's,10,6,1,7,4,1,5
chairmanship,12,2,0,2,2,0,2
chairmanship's,14,3,0,3,2,0,2
chairmen,8,3,2,5,3,2,5
chairperson,11,2,0,2,2,0,2
chairperson's,13,3,0,3,3,0,3
chairpersons,12,3,1,4,3,0,3
chairs,6,5,2,7,5,2,7
chairwoman,10,2,3,5,2,2,4
chairwoman's,12,8,1,9,8,1,9
chairwomen,10,3,2,5,3,2,5
chaise,6,4,2,6,3,3,6
chaise's,8,4,2,6,4,2,6
chaises,7,4,3,7,4,1,5
chalet,6,4,3,7,4,3,7
chalet's,8,6,1,7,6,1,7
chalets,7,5,2,7,5,2,7
chalice,7,4,2,6,4,0,4
chalice's,9,6,1,7,5,1,6
chalices,8,5,1,6,4,2,6
chalk,5,3,4,7,3,4,7
chalk's,7,5,3,8,5,3,8
chalkboard,10,3,3,6,2,3,5
chalkboard's,12,6,1,7,3,2,5
chalkboards,11,4,1,5,4,1,5
chalked,7,4,2,6,4,2,6
chalkier,8,5,2,7,5,1,6
chalkiest,9,7,3,10,7,3,10
chalking,8,5,2,7,5,2,7
chalks,6,4,3,7,4,3,7
chalky,6,2,4,6,2,4,6
challenge,9,3,1,4,3,1,4
challenge's,11,5,0,5,4,1,5
challenged,10,3,2,5,3,2,5
challenger,10,3,1,4,3,1,4
challenger's,12,6,0,6,4,1,5
challengers,11,5,2,7,4,1,5
challenges,10,3,1,4,3,1,4
challenging,11,4,1,5,3,1,4
chamber,7,5,4,9,5,4,9
chamber's,9,7,3,10,6,4,10
chamberlain,11,4,1,5,3,1,4
chamberlain's,13,5,1,6,5,0,5
chamberlains,12,6,0,6,5,0,5
chambermaid,11,4,1,5,3,2,5
chambermaid's,13,5,1,6,5,0,5
chambermaids,12,6,0,6,5,0,5
chambers,8,7,3,10,7,3,10
chambray,8,5,3,8,3,4,7
chambray's,10,6,1,7,5,2,7
chameleon,9,2,1,3,2,1,3
chameleon's,11,3,0,3,3,0,3
chameleons,10,3,1,4,2,2,4
chammies,8,7,1,8,7,1,8
chammy,6,4,5,9,4,5,9
chammy's,8,7,4,11,7,4,11
chamois,7,5,3,8,5,3,8
chamois's,9,6,2,8,6,3,9
chamoix,7,4,3,7,4,3,7
chamomile,9,4,1,5,4,1,5
chamomile's,11,6,0,6,4,1,5
chamomiles,10,5,0,5,5,0,5
champ,5,4,5,9,4,6,10
champ's,7,5,5,10,5,5,10
champagne,9,4,1,5,3,2,5
champagne's,11,6,0,6,4,0,4
champagnes,10,4,0,4,4,1,5
champed,7,6,5,11,7,4,11
champing,8,7,4,11,8,4,12
champion,8,4,2,6,4,2,6
champion's,10,4,2,6,4,2,6
championed,10,7,1,8,3,2,5
championing,11,4,1,5,3,2,5
champions,9,4,3,7,5,2,7
championship,12,4,0,4,3,0,3
championship's,14,5,0,5,3,0,3
championships,13,4,0,4,3,0,3
champs,6,4,6,10,5,6,11
chance,6,4,3,7,3,1,4
chance's,8,6,2,8,6,3,9
chanced,7,3,4,7,3,4,7
chancel,7,3,3,6,3,4,7
chancel's,9,5,1,6,5,3,8
chancelleries,13,2,1,3,3,0,3
chancellery,11,3,2,5,1,2,3
chancellery's,13,2,1,3,2,1,3
chancellor,10,3,1,4,3,1,4
chancellor's,12,4,0,4,4,0,4
chancellors,11,4,1,5,4,0,4
chancels,8,4,2,6,4,3,7
chanceries,10,4,1,5,5,0,5
chancery,8,3,3,6,4,2,6
chancery's,10,7,1,8,6,1,7
chances,7,4,2,6,4,1,5
chancier,8,4,3,7,4,2,6
chanciest,9,6,2,8,6,2,8
chancing,8,5,4,9,5,4,9
chancy,6,2,4,6,2,4,6
chandelier,10,5,1,6,5,1,6
chandelier's,12,9,0,9,4,1,5
chandeliers,11,5,2,7,4,1,5
chandler,8,4,1,5,3,2,5
chandler's,10,5,1,6,5,1,6
chandlers,9,4,2,6,4,2,6
change,6,4,3,7,5,3,8
change's,8,6,2,8,6,3,9
changeable,10,8,1,9,8,1,9
changed,7,6,4,10,6,5,11
changeling,10,3,1,4,4,1,5
changeling's,12,5,1,6,4,1,5
changelings,11,4,1,5,3,1,4
changeover,10,3,2,5,3,2,5
changeover's,12,8,1,9,4,0,4
changeovers,11,4,1,5,4,0,4
changes,7,7,2,9,5,2,7
changing,8,6,2,8,6,2,8
channel,7,4,3,7,3,3,6
channel's,9,8,1,9,4,1,5
channeled,9,5,2,7,3,2,5
channeling,10,4,1,5,3,1,4
channelled,10,5,2,7,4,2,6
channelling,11,4,1,5,3,1,4
channels,8,5,2,7,4,3,7
chant,5,4,4,8,4,4,8
chant's,7,6,4,10,6,3,9
chanted,7,4,5,9,4,4,8
chanter,7,7,3,10,7,3,10
chanter's,9,9,2,11,8,2,10
chanters,8,6,3,9,6,2,8
chantey,7,3,4,7,3,3,6
chantey's,9,5,2,7,5,2,7
chanteys,8,4,3,7,4,2,6
chanticleer,11,3,1,4,2,1,3
chanticleer's,13,4,0,4,3,0,3
chanticleers,12,3,0,3,3,0,3
chanties,8,6,2,8,5,1,6
chanting,8,5,4,9,5,4,9
chants,6,5,4,9,4,7,11
chanty,6,5,4,9,5,4,9
chanty's,8,6,5,11,4,5,9
chaos,5,3,4,7,3,4,7
chaos's,7,5,2,7,5,2,7
chaotic,7,3,2,5,3,2,5
chaotically,11,3,1,4,4,2,6
chap,4,3,7,10,2,9,11
chap's,6,5,6,11,4,7,11
chaparral,9,2,3,5,2,3,5
chaparral's,11,3,1,4,3,1,4
chaparrals,10,2,2,4,2,2,4
chapel,6,3,5,8,5,4,9
chapel's,8,5,3,8,7,2,9
chapels,7,6,4,10,5,5,10
chaperon,8,4,2,6,3,2,5
chaperon's,10,5,0,5,4,1,5
chaperone,9,5,1,6,6,1,7
chaperone's,11,5,1,6,5,1,6
chaperoned,10,4,2,6,4,2,6
chaperones,10,6,1,7,4,1,5
chaperoning,11,4,1,5,3,1,4
chaperons,9,5,1,6,4,2,6
chaplain,8,3,3,6,3,3,6
chaplain's,10,5,2,7,6,2,8
chaplaincies,12,3,0,3,3,0,3
chaplaincy,10,2,2,4,2,2,4
chaplaincy's,12,3,1,4,3,1,4
chaplains,9,3,3,6,5,1,6
chaplet,7,6,4,10,6,4,10
chaplet's,9,8,1,9,6,3,9
chaplets,8,7,3,10,7,2,9
chapped,7,6,5,11,6,4,10
chapping,8,7,4,11,7,4,11
chaps,5,4,6,10,4,7,11
chapt,5,4,5,9,4,6,10
chapter,7,6,4,10,6,4,10
chapter's,9,8,3,11,7,1,8
chapters,8,7,4,11,6,2,8
char,4,4,5,9,4,5,9
char's,6,6,4,10,6,4,10
character,9,3,2,5,2,3,5
character's,11,5,0,5,4,1,5
characteristic,14,2,0,2,2,0,2
characteristic's,16,3,0,3,1,1,2
characteristically,18,1,0,1,1,0,1
characteristics,15,2,0,2,2,0,2
characterization,16,5,1,6,2,1,3
characterization's,18,4,0,4,3,0,3
characterizations,17,1,0,1,1,0,1
characterize,12,3,2,5,2,2,4
characterized,13,2,1,3,2,1,3
characterizes,13,4,0,4,3,0,3
characterizing,14,2,1,3,2,1,3
characters,10,4,1,5,3,0,3
charade,7,3,1,4,3,0,3
charade's,9,5,0,5,5,0,5
charades,8,4,1,5,4,1,5
charbroil,9,2,2,4,2,2,4
charbroiled,11,4,1,5,3,1,4
charbroiling,12,5,1,6,5,1,6
charbroils,10,4,2,6,4,2,6
charcoal,8,2,3,5,2,3,5
charcoal's,10,3,1,4,3,1,4
charcoals,9,3,2,5,4,1,5
charge,6,4,3,7,5,2,7
charge's,8,5,3,8,6,1,7
chargeable,10,7,2,9,7,2,9
charged,7,7,1,8,7,1,8
charger,7,6,1,7,6,1,7
charger's,9,8,0,8,8,0,8
chargers,8,7,1,8,7,0,7
charges,7,6,3,9,6,2,8
charging,8,4,2,6,4,2,6
charier,7,6,2,8,6,2,8
chariest,8,7,0,7,7,2,9
charily,7,6,4,10,6,4,10
chariot,7,4,4,8,6,4,10
chariot's,9,7,1,8,5,1,6
charioteer,10,2,1,3,2,1,3
charioteer's,12,3,0,3,3,0,3
charioteers,11,3,0,3,3,0,3
chariots,8,4,3,7,7,1,8
charisma,8,4,1,5,3,1,4
charisma's,10,4,1,5,3,1,4
charismatic,11,2,1,3,2,1,3
charismatic's,13,3,1,4,3,1,4
charismatics,12,2,2,4,2,1,3
charitable,10,4,1,5,3,1,4
charitably,10,3,2,5,3,2,5
charities,9,4,2,6,6,1,7
charity,7,7,3,10,7,3,10
charity's,9,9,1,10,9,2,11
charlatan,9,1,3,4,1,3,4
charlatan's,11,2,1,3,2,1,3
charlatans,10,2,1,3,2,1,3
charm,5,5,2,7,5,2,7
charm's,7,6,2,8,6,2,8
charmed,7,7,2,9,7,2,9
charmer,7,6,3,9,6,3,9
charmer's,9,8,1,9,8,1,9
charmers,8,7,2,9,7,1,8
charming,8,8,4,12,8,4,12
charmingly,10,6,2,8,5,2,7
charms,6,6,3,9,6,3,9
charred,7,5,1,6,5,1,6
charring,8,4,3,7,4,3,7
chars,5,5,1,6,5,1,6
chart,5,5,3,8,5,3,8
chart's,7,6,1,7,6,1,7
charted,7,6,3,9,6,3,9
charter,7,5,4,9,5,4,9
charter's,9,7,2,9,7,2,9
chartered,9,6,1,7,6,1,7
chartering,10,8,1,9,8,1,9
charters,8,6,3,9,6,2,8
charting,8,7,5,12,7,5,12
chartreuse,10,4,1,5,3,1,4
chartreuse's,12,3,1,4,2,1,3
charts,6,5,4,9,5,4,9
charwoman,9,2,3,5,2,3,5
charwoman's,11,4,1,5,4,1,5
charwomen,9,5,2,7,4,2,6
chary,5,4,4,8,4,4,8
chase,5,5,1,6,5,1,6
chase's,7,6,1,7,6,1,7
chased,6,6,1,7,6,1,7
chaser,6,4,2,6,4,2,6
chaser's,8,5,1,6,5,1,6
chasers,7,4,1,5,4,1,5
chases,6,5,3,8,5,3,8
chasing,7,7,2,9,7,2,9
chasm,5,3,1,4,3,1,4
chasm's,7,4,2,6,4,2,6
chasms,6,4,4,8,4,3,7
chassis,7,1,3,4,1,3,4
chassis's,9,2,2,4,2,2,4
chaste,6,3,4,7,4,4,8
chastely,8,3,2,5,3,2,5
chasten,7,4,3,7,4,3,7
chastened,9,5,2,7,5,2,7
chastening,10,4,0,4,4,0,4
chastens,8,2,3,5,2,3,5
chaster,7,5,3,8,5,3,8
chastest,8,4,0,4,4,0,4
chastise,8,3,0,3,3,0,3
chastised,9,2,0,2,2,0,2
chastisement,12,2,0,2,2,0,2
chastisement's,14,1,0,1,1,0,1
chastisements,13,1,0,1,1,0,1
chastises,9,2,0,2,2,0,2
chastising,10,2,0,2,1,1,2
chastity,8,3,2,5,3,2,5
chastity's,10,3,2,5,3,1,4
chasuble,8,3,2,5,3,2,5
chasuble's,10,4,1,5,4,0,4
chasubles,9,2,2,4,2,2,4
chat,4,4,4,8,4,6,10
chat's,6,6,3,9,6,5,11
chateaus,8,5,2,7,6,1,7
chats,5,5,5,10,5,5,10
chatted,7,4,4,8,4,4,8
chattel,7,3,5,8,2,4,6
chattel's,9,7,2,9,6,2,8
chattels,8,3,3,6,5,2,7
chatter,7,6,3,9,6,3,9
chatter's,9,8,2,10,5,2,7
chatterbox,10,3,2,5,2,3,5
chatterbox's,12,8,0,8,5,0,5
chatterboxes,12,3,0,3,3,0,3
chattered,9,4,3,7,4,2,6
chatterer,9,5,2,7,2,2,4
chatterer's,11,7,0,7,7,0,7
chatterers,10,3,1,4,3,1,4
chattering,10,8,2,10,6,2,8
chatters,8,7,4,11,6,4,10
chattier,8,6,4,10,6,3,9
chattiest,9,5,1,6,5,1,6
chattily,8,6,3,9,5,3,8
chattiness,10,7,3,10,5,0,5
chattiness's,12,8,3,11,8,2,10
chatting,8,6,6,12,6,6,12
chatty,6,5,4,9,5,4,9
chauffeur,9,3,2,5,2,2,4
chauffeur's,11,5,1,6,3,1,4
chauffeured,11,3,2,5,2,1,3
chauffeuring,12,5,1,6,5,1,6
chauffeurs,10,3,0,3,3,0,3
chauvinism,10,4,2,6,2,2,4
chauvinism's,12,10,0,10,2,1,3
chauvinist,10,3,0,3,3,0,3
chauvinist's,12,9,1,10,3,0,3
chauvinistic,12,3,0,3,3,0,3
chauvinists,11,3,0,3,3,0,3
cheap,5,5,3,8,5,3,8
cheapen,7,5,3,8,5,3,8
cheapened,9,2,1,3,1,2,3
cheapening,10,3,1,4,3,1,4
cheapens,8,2,3,5,2,3,5
cheaper,7,6,2,8,6,2,8
cheapest,8,5,1,6,5,1,6
cheaply,7,3,3,6,3,3,6
cheapness,9,4,2,6,4,2,6
cheapness's,11,5,2,7,5,2,7
cheapskate,10,3,1,4,4,0,4
cheapskate's,12,4,0,4,4,0,4
cheapskates,11,3,0,3,3,0,3
cheat,5,4,4,8,4,4,8
cheat's,7,7,2,9,7,2,9
cheated,7,4,3,7,3,3,6
cheater,7,5,3,8,5,3,8
cheater's,9,6,1,7,6,1,7
cheaters,8,5,1,6,5,1,6
cheating,8,5,3,8,5,3,8
cheats,6,4,3,7,4,3,7
check,5,3,4,7,3,4,7
check's,7,5,3,8,5,3,8
checkbook,9,1,3,4,1,3,4
checkbook's,11,3,2,5,3,2,5
checkbooks,10,5,2,7,5,2,7
checked,7,4,4,8,3,3,6
checker,7,3,4,7,4,2,6
checker's,9,4,2,6,4,2,6
checkerboard,12,1,2,3,1,2,3
checkerboard's,14,2,1,3,2,1,3
checkerboards,13,3,1,4,3,0,3
checkered,9,1,2,3,2,1,3
checkering,10,4,1,5,4,1,5
checkers,8,3,2,5,3,2,5
checkers's,10,3,2,5,2,1,3
checking,8,4,4,8,4,4,8
checklist,9,4,1,5,3,1,4
checklist's,11,6,0,6,3,1,4
checklists,10,5,0,5,3,1,4
checkmate,9,2,3,5,2,3,5
checkmate's,11,4,1,5,2,2,4
checkmated,10,4,2,6,3,3,6
checkmates,10,2,2,4,3,1,4
checkmating,11,5,2,7,3,2,5
checkout,8,3,3,6,3,2,5
checkout's,10,5,2,7,5,2,7
checkouts,9,2,3,5,6,2,8
checkpoint,10,3,2,5,3,2,5
checkpoint's,12,4,0,4,4,1,5
checkpoints,11,8,2,10,4,1,5
checkroom,9,3,1,4,3,1,4
checkroom's,11,5,0,5,4,0,4
checkrooms,10,4,0,4,4,0,4
checks,6,4,4,8,4,4,8
checkup,7,2,4,6,2,4,6
checkup's,9,4,2,6,6,2,8
checkups,8,3,4,7,3,4,7
cheddar,7,3,1,4,3,1,4
cheddar's,9,5,0,5,4,0,4
cheek,5,4,5,9,4,5,9
cheek's,7,4,4,8,6,2,8
cheekbone,9,2,1,3,2,1,3
cheekbone's,11,2,1,3,2,1,3
cheekbones,10,3,0,3,3,0,3
cheeked,7,5,3,8,5,2,7
cheekier,8,4,1,5,4,1,5
cheekiest,9,5,1,6,5,1,6
cheekily,8,4,3,7,2,3,5
cheekiness,10,4,1,5,4,1,5
cheekiness's,12,5,1,6,5,1,6
cheeking,8,7,2,9,7,2,9
cheeks,6,5,4,9,5,4,9
cheeky,6,3,2,5,3,2,5
cheep,5,3,6,9,3,6,9
cheep's,7,4,4,8,5,3,8
cheeped,7,4,4,8,5,3,8
cheeping,8,7,3,10,7,3,10
cheeps,6,4,5,9,4,5,9
cheer,5,3,1,4,3,1,4
cheer's,7,5,0,5,5,0,5
cheered,7,4,1,5,4,1,5
cheerful,8,2,2,4,2,2,4
cheerfuller,11,2,2,4,2,1,3
cheerfullest,12,3,0,3,3,1,4
cheerfully,10,2,1,3,2,1,3
cheerfulness,12,2,0,2,2,0,2
cheerfulness's,14,2,0,2,2,0,2
cheerier,8,2,1,3,2,1,3
cheeriest,9,5,0,5,5,0,5
cheerily,8,5,2,7,3,2,5
cheeriness,10,5,0,5,5,0,5
cheeriness's,12,6,0,6,6,0,6
cheering,8,6,4,10,6,4,10
cheerleader,11,1,2,3,1,1,2
cheerleader's,13,2,1,3,2,0,2
cheerleaders,12,3,0,3,3,0,3
cheerless,9,4,0,4,2,1,3
cheerlessly,11,2,0,2,2,0,2
cheerlessness,13,4,0,4,2,0,2
cheerlessness's,15,3,0,3,2,0,2
cheers,6,4,1,5,4,1,5
cheery,6,3,1,4,3,1,4
cheese,6,2,1,3,2,1,3
cheese's,8,3,1,4,2,0,2
cheeseburger,12,2,1,3,2,1,3
cheeseburger's,14,2,1,3,2,1,3
cheeseburgers,13,2,1,3,2,0,2
cheesecake,10,2,0,2,2,0,2
cheesecake's,12,2,0,2,2,0,2
cheesecakes,11,2,0,2,2,0,2
cheesecloth,11,2,0,2,2,0,2
cheesecloth's,13,3,0,3,2,0,2
cheesed,7,2,0,2,4,4,8
cheeses,7,2,1,3,2,2,4
cheesier,8,2,0,2,2,0,2
cheesiest,9,4,0,4,2,0,2
cheesing,8,2,0,2,2,0,2
cheesy,6,3,0,3,3,0,3
cheetah,7,2,3,5,2,3,5
cheetah's,9,3,1,4,3,1,4
cheetahs,8,3,1,4,3,1,4
chef,4,2,8,10,2,8,10
chef's,6,6,4,10,6,6,12
chefs,5,3,6,9,3,6,9
chemical,8,5,1,6,4,1,5
chemical's,10,3,1,4,3,1,4
chemically,10,3,1,4,4,1,5
chemicals,9,4,2,6,4,2,6
chemise,7,4,0,4,3,2,5
chemise's,9,4,1,5,2,1,3
chemises,8,4,1,5,4,1,5
chemist,7,4,0,4,4,0,4
chemist's,9,4,2,6,5,0,5
chemistry,9,3,0,3,3,0,3
chemistry's,11,3,0,3,3,0,3
chemists,8,6,1,7,6,1,7
chemotherapy,12,2,2,4,2,2,4
chemotherapy's,14,3,0,3,2,1,3
chenille,8,2,3,5,2,3,5
chenille's,10,4,2,6,3,2,5
cherish,7,5,0,5,5,0,5
cherished,9,5,0,5,4,0,4
cherishes,9,4,1,5,3,0,3
cherishing,10,5,1,6,4,0,4
cheroot,7,3,2,5,3,2,5
cheroot's,9,4,1,5,4,0,4
cheroots,8,4,2,6,4,0,4
cherries,8,3,1,4,3,1,4
cherry,6,3,1,4,3,1,4
cherry's,8,5,0,5,5,0,5
cherub,6,3,2,5,3,3,6
cherub's,8,5,1,6,5,2,7
cherubic,8,4,2,6,4,1,5
cherubim,8,4,2,6,4,1,5
cherubims,9,4,2,6,4,1,5
cherubs,7,4,1,5,4,2,6
chervil,7,5,3,8,5,3,8
chervil's,9,7,2,9,7,1,8
chess,5,3,3,6,3,3,6
chess's,7,4,1,5,4,1,5
chessboard,10,3,0,3,3,0,3
chessboard's,12,2,0,2,2,0,2
chessboards,11,2,0,2,2,0,2
chessman,8,6,1,7,4,2,6
chessman's,10,3,1,4,3,1,4
chessmen,8,5,2,7,2,2,4
chest,5,3,3,6,3,3,6
chest's,7,4,2,6,4,2,6
chestnut,8,3,0,3,3,0,3
chestnut's,10,4,0,4,3,0,3
chestnuts,9,3,0,3,3,1,4
chests,6,5,0,5,5,0,5
chevron,7,4,1,5,4,1,5
chevron's,9,6,0,6,6,0,6
chevrons,8,4,1,5,5,0,5
chew,4,3,6,9,3,5,8
chew's,6,5,5,10,5,7,12
chewed,6,5,2,7,5,2,7
chewer,6,4,2,6,4,2,6
chewer's,8,6,0,6,6,0,6
chewers,7,5,1,6,5,0,5
chewier,7,4,3,7,4,3,7
chewiest,8,4,1,5,4,1,5
chewing,7,5,3,8,5,4,9
chews,5,4,5,9,4,5,9
chewy,5,4,5,9,4,5,9
chi,3,2,3,5,2,3,5
chiaroscuro,11,2,2,4,2,1,3
chiaroscuro's,13,2,1,3,2,1,3
chic,4,3,6,9,3,6,9
chic's,6,5,5,10,5,6,11
chicaneries,11,4,0,4,4,0,4
chicanery,9,5,1,6,4,1,5
chicanery's,11,7,0,7,4,0,4
chicer,6,5,3,8,4,3,7
chicest,7,4,1,5,4,1,5
chichi,6,2,4,6,2,3,5
chichi's,8,4,4,8,3,3,6
chichis,7,2,4,6,2,3,5
chick,5,3,6,9,3,6,9
chick's,7,5,5,10,5,5,10
chickadee,9,3,1,4,3,1,4
chickadee's,11,5,0,5,4,0,4
chickadees,10,4,0,4,4,0,4
chicken,7,3,5,8,3,5,8
chicken's,9,5,2,7,5,3,8
chickened,9,5,2,7,4,3,7
chickening,10,5,1,6,4,1,5
chickenpox,10,2,2,4,2,2,4
chickenpox's,12,3,1,4,3,2,5
chickens,8,5,3,8,4,4,8
chickpea,8,2,4,6,2,4,6
chickpea's,10,4,2,6,4,2,6
chickpeas,9,3,2,5,3,2,5
chicks,6,4,6,10,4,7,11
chickweed,9,2,3,5,1,3,4
chickweed's,11,4,1,5,3,2,5
chicle,6,3,2,5,4,1,5
chicle's,8,5,1,6,5,5,10
chicories,9,4,0,4,4,0,4
chicory,7,4,4,8,3,4,7
chicory's,9,6,2,8,6,2,8
chid,4,4,6,10,4,6,10
chidden,7,4,2,6,4,2,6
chide,5,5,5,10,5,5,10
chided,6,4,3,7,3,4,7
chides,6,5,3,8,5,3,8
chiding,7,6,5,11,6,5,11
chief,5,2,8,10,2,8,10
chief's,7,3,7,10,3,7,10
chiefer,7,3,4,7,4,2,6
chiefest,8,5,1,6,5,1,6
chiefly,7,5,4,9,5,3,8
chiefs,6,3,5,8,3,5,8
chieftain,9,3,1,4,3,1,4
chieftain's,11,5,0,5,4,1,5
chieftains,10,4,2,6,4,0,4
chiffon,7,3,5,8,3,5,8
chiffon's,9,7,2,9,5,2,7
chigger,7,6,3,9,6,3,9
chigger's,9,8,2,10,6,4,10
chiggers,8,7,4,11,6,4,10
chignon,7,3,4,7,3,4,7
chignon's,9,5,2,7,4,2,6
chignons,8,3,3,6,4,2,6
chilblain,9,2,2,4,2,2,4
chilblain's,11,5,2,7,4,2,6
chilblains,10,3,3,6,3,2,5
child,5,3,5,8,3,5,8
child's,7,4,4,8,4,4,8
childbearing,12,3,1,4,3,1,4
childbearing's,14,4,1,5,3,0,3
childbirth,10,2,2,4,2,2,4
childbirth's,12,2,3,5,3,1,4
childbirths,11,3,3,6,3,3,6
childcare,9,3,2,5,3,2,5
childcare's,11,6,0,6,6,1,7
childhood,9,2,3,5,3,2,5
childhood's,11,4,2,6,3,2,5
childhoods,10,3,2,5,3,2,5
childish,8,3,1,4,3,1,4
childishly,10,2,0,2,2,1,3
childishness,12,4,0,4,3,0,3
childishness's,14,4,0,4,3,0,3
childless,9,5,1,6,5,1,6
childlessness,13,3,0,3,4,0,4
childlessness's,15,4,0,4,4,0,4
childlike,9,4,2,6,3,2,5
childproof,10,3,3,6,3,3,6
childproofed,12,2,1,3,2,1,3
childproofing,13,2,1,3,2,1,3
childproofs,11,4,2,6,3,2,5
children,8,4,1,5,4,1,5
children's,10,5,0,5,5,0,5
chile,5,5,4,9,5,4,9
chile's,7,7,3,10,5,4,9
chiles,6,6,4,10,6,3,9
chili,5,2,4,6,2,4,6
chili's,7,4,3,7,3,3,6
chilies,7,4,1,5,4,1,5
chilis,6,2,4,6,2,4,6
chill,5,3,5,8,3,5,8
chill's,7,5,4,9,5,4,9
chilled,7,5,2,7,5,2,7
chiller,7,4,1,5,4,2,6
chiller's,9,5,0,5,5,0,5
chillers,8,4,1,5,4,0,4
chillest,8,5,0,5,5,0,5
chilli,6,2,4,6,2,3,5
chilli's,8,4,4,8,4,4,8
chillier,8,5,3,8,4,2,6
chillies,8,4,2,6,4,2,6
chilliest,9,6,0,6,6,0,6
chilliness,10,5,0,5,5,0,5
chilliness's,12,6,0,6,6,0,6
chilling,8,4,3,7,4,3,7
chillings,9,5,3,8,5,4,9
chills,6,4,5,9,4,5,9
chilly,6,4,5,9,4,5,9
chimaera,8,3,3,6,2,1,3
chimaera's,10,4,0,4,4,0,4
chimaeras,9,3,3,6,4,1,5
chime,5,5,6,11,5,6,11
chime's,7,7,5,12,7,5,12
chimed,6,4,5,9,4,5,9
chimera,7,6,3,9,6,3,9
chimera's,9,8,0,8,5,2,7
chimeras,8,4,2,6,4,2,6
chimerical,10,3,2,5,3,2,5
chimes,6,6,5,11,6,4,10
chiming,7,5,6,11,5,6,11
chimney,7,6,3,9,4,3,7
chimney's,9,8,2,10,6,1,7
chimneys,8,5,2,7,4,4,8
chimp,5,4,7,11,4,7,11
chimp's,7,6,6,12,6,6,12
chimpanzee,10,1,1,2,1,1,2
chimpanzee's,12,3,0,3,3,0,3
chimpanzees,11,2,0,2,2,0,2
chimps,6,5,6,11,4,6,10
chin,4,4,7,11,4,7,11
chin's,6,6,5,11,6,6,12
china,5,4,2,6,4,2,6
china's,7,6,1,7,6,2,8
chinchilla,10,2,2,4,2,2,4
chinchilla's,12,4,1,5,3,1,4
chinchillas,11,3,1,4,3,1,4
chink,5,3,7,10,3,7,10
chink's,7,5,6,11,5,6,11
chinked,7,6,5,11,5,6,11
chinking,8,5,4,9,5,4,9
chinks,6,4,7,11,4,7,11
chinned,7,6,5,11,5,5,10
chinning,8,5,2,7,5,2,7
chino,5,5,4,9,2,5,7
chino's,7,7,3,10,4,4,8
chinos,6,6,3,9,6,3,9
chins,5,5,6,11,5,6,11
chinstrap,9,4,1,5,4,1,5
chinstrap's,11,6,1,7,4,1,5
chinstraps,10,4,2,6,5,1,6
chintz,6,4,4,8,4,4,8
chintz's,8,5,4,9,5,4,9
chintzier,9,4,2,6,4,2,6
chintziest,10,3,0,3,3,0,3
chintzy,7,4,5,9,3,6,9
chip,4,4,8,12,3,8,11
chip's,6,6,6,12,5,7,12
chipmunk,8,2,4,6,2,4,6
chipmunk's,10,3,3,6,3,3,6
chipmunks,9,3,4,7,3,4,7
chipped,7,5,6,11,6,5,11
chipper,7,5,4,9,5,4,9
chipper's,9,7,3,10,7,3,10
chippers,8,6,5,11,7,2,9
chipping,8,4,5,9,6,5,11
chips,5,4,7,11,4,7,11
chiropodist,11,3,1,4,5,0,5
chiropodist's,13,4,0,4,5,0,5
chiropodists,12,3,0,3,6,0,6
chiropody,9,3,2,5,4,2,6
chiropody's,11,5,2,7,6,2,8
chiropractic,12,2,1,3,2,1,3
chiropractic's,14,3,0,3,3,0,3
chiropractics,13,4,0,4,3,1,4
chiropractor,12,2,1,3,2,1,3
chiropractor's,14,3,0,3,4,0,4
chiropractors,13,3,0,3,2,1,3
chirp,5,4,5,9,4,5,9
chirp's,7,6,4,10,6,4,10
chirped,7,5,3,8,5,3,8
chirping,8,5,3,8,5,3,8
chirps,6,5,4,9,5,5,10
chirrup,7,3,6,9,4,5,9
chirrup's,9,4,3,7,3,3,6
chirruped,9,6,2,8,4,1,5
chirruping,10,6,2,8,2,2,4
chirrupped,10,4,3,7,3,3,6
chirrupping,11,4,1,5,2,2,4
chirrups,8,4,4,8,3,4,7
chisel,6,2,5,7,3,4,7
chisel's,8,5,2,7,5,2,7
chiseled,8,7,1,8,7,1,8
chiseler,8,6,2,8,6,2,8
chiseler's,10,2,1,3,2,1,3
chiselers,9,2,0,2,2,0,2
chiseling,9,3,1,4,3,1,4
chiselled,9,4,1,5,7,0,7
chiseller,9,2,1,3,6,1,7
chiseller's,11,3,0,3,3,0,3
chisellers,10,3,0,3,3,0,3
chiselling,10,6,0,6,5,0,5
chisels,7,4,2,6,4,2,6
chit,4,3,9,12,4,5,9
chit's,6,5,7,12,6,4,10
chitchat,8,3,3,6,2,4,6
chitchat's,10,5,2,7,5,3,8
chitchats,9,5,3,8,6,2,8
chitchatted,11,2,2,4,3,2,5
chitchatting,12,1,2,3,1,2,3
chitin,6,2,5,7,2,3,5
chitin's,8,4,3,7,4,3,7
chitlings,9,5,3,8,5,4,9
chitlings's,11,5,0,5,3,0,3
chitlins,8,4,4,8,4,3,7
chitlins's,10,4,0,4,3,1,4
chits,5,5,4,9,5,4,9
chitterlings,12,4,1,5,3,2,5
chitterlings's,14,2,0,2,2,0,2
chivalrous,10,4,1,5,4,1,5
chivalrously,12,5,0,5,4,0,4
chivalry,8,3,2,5,3,2,5
chivalry's,10,4,3,7,3,2,5
chive,5,4,7,11,4,7,11
chive's,7,6,6,12,6,6,12
chives,6,5,6,11,5,5,10
chloride,8,8,2,10,8,2,10
chloride's,10,10,1,11,10,1,11
chlorides,9,5,1,6,5,1,6
chlorinate,10,5,1,6,3,1,4
chlorinated,11,5,1,6,5,1,6
chlorinates,11,6,0,6,5,0,5
chlorinating,12,5,1,6,3,1,4
chlorination,12,5,1,6,3,1,4
chlorination's,14,6,0,6,5,0,5
chlorine,8,7,3,10,7,3,10
chlorine's,10,9,2,11,9,2,11
chlorofluorocarbon,18,1,1,2,1,1,2
chlorofluorocarbon's,20,2,0,2,2,0,2
chlorofluorocarbons,19,0,1,1,0,1,1
chloroform,10,3,3,6,2,4,6
chloroform's,12,4,2,6,3,3,6
chloroformed,12,2,2,4,2,2,4
chloroforming,13,5,1,6,2,1,3
chloroforms,11,2,2,4,2,2,4
chlorophyll,11,2,4,6,1,4,5
chlorophyll's,13,3,3,6,2,3,5
chock,5,3,5,8,3,5,8
chock's,7,5,4,9,5,4,9
chocked,7,6,4,10,6,4,10
chocking,8,7,4,11,7,4,11
chocks,6,4,5,9,5,4,9
chocolate,9,4,2,6,4,2,6
chocolate's,11,5,0,5,5,0,5
chocolates,10,5,1,6,4,1,5
choice,6,3,2,5,3,3,6
choice's,8,5,1,6,5,3,8
choicer,7,4,2,6,4,1,5
choices,7,4,1,5,4,1,5
choicest,8,5,1,6,5,1,6
choir,5,3,4,7,3,4,7
choir's,7,5,3,8,5,3,8
choirs,6,4,3,7,4,3,7
choke,5,3,5,8,3,6,9
choke's,7,5,4,9,5,5,10
choked,6,6,4,10,6,4,10
choker,6,4,4,8,4,4,8
choker's,8,6,2,8,6,2,8
chokers,7,5,2,7,4,2,6
chokes,6,5,5,10,5,5,10
choking,7,5,6,11,6,5,11
choler,6,4,2,6,4,2,6
choler's,8,6,1,7,6,1,7
cholera,7,5,4,9,5,4,9
cholera's,9,7,1,8,5,3,8
choleric,8,3,1,4,3,2,5
cholesterol,11,2,0,2,2,0,2
cholesterol's,13,2,0,2,2,0,2
chomp,5,3,5,8,3,5,8
chomp's,7,5,4,9,5,4,9
chomped,7,5,6,11,6,5,11
chomping,8,6,5,11,7,5,12
chomps,6,4,5,9,3,5,8
choose,6,3,2,5,3,2,5
chooses,7,3,3,6,3,1,4
choosey,7,3,2,5,3,2,5
choosier,8,5,1,6,5,0,5
choosiest,9,5,0,5,5,0,5
choosing,8,3,1,4,3,1,4
choosy,6,3,2,5,3,2,5
chop,4,4,7,11,4,7,11
chop's,6,6,6,12,6,6,12
chopped,7,5,6,11,5,6,11
chopper,7,6,4,10,6,4,10
chopper's,9,8,3,11,8,2,10
choppered,9,5,2,7,5,3,8
choppering,10,7,3,10,6,3,9
choppers,8,7,5,12,6,3,9
choppier,8,5,5,10,5,4,9
choppiest,9,7,2,9,7,1,8
choppily,8,5,4,9,2,5,7
choppiness,10,6,4,10,7,4,11
choppiness's,12,7,4,11,8,3,11
chopping,8,6,5,11,6,5,11
choppy,6,2,7,9,2,6,8
chops,5,5,7,12,5,7,12
chopstick,9,3,2,5,4,2,6
chopstick's,11,4,2,6,5,1,6
chopsticks,10,4,2,6,4,2,6
choral,6,5,2,7,4,2,6
choral's,8,7,1,8,7,1,8
chorale,7,4,3,7,4,1,5
chorale's,9,7,1,8,6,2,8
chorales,8,7,1,8,7,1,8
chorals,7,4,2,6,4,2,6
chord,5,4,4,8,4,4,8
chord's,7,6,3,9,6,3,9
chords,6,6,3,9,6,3,9
chore,5,5,2,7,5,2,7
chore's,7,7,1,8,7,1,8
choreograph,11,2,2,4,2,2,4
choreographed,13,6,2,8,2,2,4
choreographer,13,6,2,8,2,2,4
choreographer's,15,2,1,3,3,1,4
choreographers,14,2,1,3,3,1,4
choreographic,13,2,1,3,2,1,3
choreographing,14,2,1,3,4,1,5
choreographs,12,3,2,5,3,1,4
choreography,12,2,2,4,2,2,4
choreography's,14,2,1,3,3,1,4
chores,6,6,1,7,6,1,7
chorister,9,3,0,3,3,0,3
chorister's,11,4,0,4,3,0,3
choristers,10,4,0,4,3,0,3
chortle,7,2,4,6,2,3,5
chortle's,9,4,3,7,6,2,8
chortled,8,4,2,6,4,1,5
chortles,8,5,2,7,5,2,7
chortling,9,5,2,7,5,2,7
chorus,6,5,4,9,5,4,9
chorus's,8,6,3,9,5,4,9
chorused,8,6,0,6,5,0,5
choruses,8,5,0,5,5,0,5
chorusing,9,5,1,6,4,1,5
chorussed,9,3,1,4,2,1,3
chorussing,10,5,1,6,5,1,6
chose,5,5,0,5,5,0,5
chosen,6,4,2,6,4,2,6
chow,4,3,8,11,3,8,11
chow's,6,5,7,12,5,7,12
chowder,7,5,5,10,4,5,9
chowder's,9,7,4,11,6,3,9
chowders,8,6,6,12,5,5,10
chowed,6,5,5,10,5,5,10
chowing,7,7,4,11,7,4,11
chows,5,4,8,12,4,8,12
christen,8,4,0,4,4,0,4
christened,10,3,0,3,3,0,3
christening,11,7,0,7,4,0,4
christening's,13,6,0,6,3,0,3
christenings,12,3,0,3,3,0,3
christens,9,4,1,5,3,2,5
chromatic,9,3,2,5,3,2,5
chrome,6,5,3,8,5,3,8
chrome's,8,7,4,11,4,4,8
chromed,7,5,2,7,5,2,7
chromes,7,6,4,10,6,2,8
chroming,8,7,4,11,7,4,11
chromium,8,2,4,6,2,4,6
chromium's,10,3,2,5,3,2,5
chromosome,10,2,1,3,3,0,3
chromosome's,12,3,2,5,2,0,2
chromosomes,11,2,0,2,2,0,2
chronic,7,3,3,6,3,3,6
chronically,11,4,2,6,5,2,7
chronicle,9,3,2,5,3,2,5
chronicle's,11,5,1,6,6,1,7
chronicled,10,4,2,6,3,2,5
chronicler,10,3,2,5,3,2,5
chronicler's,12,4,0,4,4,0,4
chroniclers,11,4,1,5,6,1,7
chronicles,10,3,1,4,4,0,4
chronicling,11,2,1,3,2,2,4
chronological,13,3,1,4,2,2,4
chronologically,15,4,1,5,3,1,4
chronologies,12,4,0,4,4,0,4
chronology,10,3,3,6,2,4,6
chronology's,12,4,2,6,3,3,6
chronometer,11,3,2,5,2,2,4
chronometer's,13,2,2,4,3,0,3
chronometers,12,3,0,3,3,0,3
chrysalides,11,3,0,3,3,0,3
chrysalis,9,2,0,2,3,2,5
chrysalis's,11,9,0,9,9,0,9
chrysalises,11,8,1,9,8,1,9
chrysanthemum,13,3,0,3,2,1,3
chrysanthemum's,15,2,0,2,2,0,2
chrysanthemums,14,2,0,2,2,1,3
chubbier,8,7,3,10,7,2,9
chubbiest,9,8,0,8,8,1,9
chubbiness,10,8,2,10,7,2,9
chubbiness's,12,9,2,11,9,4,13
chubby,6,5,7,12,5,6,11
chuck,5,3,7,10,3,7,10
chuck's,7,5,6,11,6,4,10
chucked,7,5,5,10,5,5,10
chuckhole,9,3,3,6,3,3,6
chuckhole's,11,5,2,7,4,2,6
chuckholes,10,4,2,6,4,2,6
chucking,8,6,5,11,6,5,11
chuckle,7,4,5,9,4,4,8
chuckle's,9,6,3,9,5,4,9
chuckled,8,4,4,8,3,5,8
chuckles,8,4,3,7,4,3,7
chuckling,9,6,4,10,5,4,9
chucks,6,4,7,11,4,7,11
chug,4,4,7,11,4,7,11
chug's,6,6,6,12,6,6,12
chugged,7,6,7,13,6,7,13
chugging,8,3,4,7,3,4,7
chugs,5,5,4,9,5,4,9
chum,4,3,8,11,3,8,11
chum's,6,5,7,12,5,7,12
chummed,7,5,8,13,5,8,13
chummier,8,7,4,11,7,3,10
chummiest,9,8,1,9,8,2,10
chumminess,10,7,3,10,6,5,11
chumminess's,12,8,3,11,8,5,13
chumming,8,5,6,11,5,6,11
chummy,6,5,8,13,5,5,10
chump,5,3,8,11,3,8,11
chump's,7,5,7,12,6,5,11
chumps,6,5,7,12,5,7,12
chums,5,4,6,10,4,6,10
chunk,5,4,8,12,4,8,12
chunk's,7,6,7,13,6,5,11
chunkier,8,6,5,11,6,4,10
chunkiest,9,7,2,9,7,3,10
chunkiness,10,7,0,7,7,0,7
chunkiness's,12,8,0,8,8,0,8
chunks,6,4,8,12,4,8,12
chunky,6,4,9,13,4,7,11
church,6,3,6,9,3,5,8
church's,8,4,4,8,4,4,8
churches,8,5,3,8,5,3,8
churchgoer,10,3,2,5,2,2,4
churchgoer's,12,3,0,3,3,0,3
churchgoers,11,3,1,4,3,2,5
churchman,9,1,4,5,1,4,5
churchman's,11,3,2,5,5,3,8
churchmen,9,5,2,7,4,2,6
churchyard,10,1,4,5,1,4,5
churchyard's,12,4,2,6,2,3,5
churchyards,11,3,3,6,5,3,8
churl,5,3,5,8,5,6,11
churl's,7,5,4,9,5,6,11
churlish,8,4,3,7,4,3,7
churlishly,10,5,1,6,4,1,5
churlishness,12,4,0,4,4,0,4
churlishness's,14,4,0,4,4,0,4
churls,6,3,5,8,3,5,8
churn,5,2,6,8,4,7,11
churn's,7,4,5,9,6,4,10
churned,7,6,4,10,6,4,10
churning,8,4,3,7,4,3,7
churns,6,3,6,9,3,6,9
chute,5,3,6,9,3,7,10
chute's,7,5,5,10,5,6,11
chutes,6,3,6,9,3,6,9
chutney,7,5,4,9,3,5,8
chutney's,9,7,3,10,5,3,8
chutzpa,7,1,4,5,1,4,5
chutzpa's,9,3,3,6,3,3,6
chutzpah,8,2,4,6,2,4,6
chutzpah's,10,4,3,7,4,3,7
château,7,4,3,7,4,3,7
château's,9,5,2,7,4,4,8
châteaux,8,2,4,6,4,2,6
châtelaine,10,4,1,5,3,2,5
châtelaine's,12,5,0,5,5,1,6
châtelaines,11,4,0,4,4,1,5
ciabatta,8,3,2,5,3,2,5
ciabatta's,10,3,1,4,3,1,4
ciabattas,9,2,1,3,2,1,3
cicada,6,2,4,6,3,2,5
cicada's,8,4,2,6,5,1,6
cicadae,7,2,1,3,2,0,2
cicadas,7,3,2,5,3,1,4
cicatrice,9,4,1,5,4,1,5
cicatrice's,11,5,0,5,4,0,4
cicatrices,10,4,0,4,4,0,4
cicatrix,8,3,2,5,2,2,4
cicatrix's,10,4,1,5,4,1,5
cider,5,5,2,7,5,2,7
cider's,7,6,7,13,6,7,13
ciders,6,5,6,11,5,6,11
cigar,5,4,5,9,4,5,9
cigar's,7,6,4,10,6,4,10
cigaret,7,6,2,8,6,2,8
cigaret's,9,8,0,8,8,0,8
cigarets,8,7,1,8,7,0,7
cigarette,9,4,2,6,4,2,6
cigarette's,11,6,1,7,5,0,5
cigarettes,10,5,0,5,5,0,5
cigarillo,9,2,2,4,2,2,4
cigarillo's,11,4,1,5,3,1,4
cigarillos,10,3,2,5,3,2,5
cigars,6,4,4,8,4,4,8
cilantro,8,3,2,5,4,2,6
cilantro's,10,5,1,6,4,1,5
cilia,5,3,2,5,3,2,5
cilium,6,3,4,7,3,4,7
cilium's,8,3,5,8,4,4,8
cinch,5,3,5,8,3,5,8
cinch's,7,5,5,10,5,4,9
cinched,7,4,5,9,4,5,9
cinches,7,4,2,6,4,2,6
cinching,8,4,2,6,4,2,6
cinchona,8,3,2,5,3,2,5
cinchona's,10,4,1,5,4,1,5
cinchonas,9,5,1,6,2,2,4
cincture,8,3,3,6,3,3,6
cincture's,10,5,2,7,4,2,6
cinctures,9,5,1,6,5,1,6
cinder,6,6,2,8,6,3,9
cinder's,8,8,5,13,8,5,13
cindered,8,6,1,7,6,1,7
cindering,9,7,1,8,7,1,8
cinders,7,7,4,11,7,4,11
cinema,6,2,3,5,2,3,5
cinema's,8,4,2,6,4,4,8
cinemas,7,3,3,6,5,1,6
cinematic,9,3,1,4,3,1,4
cinematographer,15,1,1,2,1,1,2
cinematographer's,17,2,0,2,2,0,2
cinematographers,16,10,0,10,3,0,3
cinematography,14,2,1,3,2,1,3
cinematography's,16,10,0,10,3,0,3
cinnabar,8,3,2,5,3,2,5
cinnabar's,10,3,1,4,3,1,4
cinnamon,8,3,2,5,4,2,6
cinnamon's,10,6,1,7,4,1,5
cipher,6,4,3,7,4,3,7
cipher's,8,6,7,13,6,4,10
ciphered,8,5,2,7,5,3,8
ciphering,9,6,1,7,6,2,8
ciphers,7,5,7,12,5,6,11
circa,5,3,4,7,3,3,6
circadian,9,4,2,6,4,2,6
circle,6,4,3,7,4,4,8
circle's,8,6,4,10,6,1,7
circled,7,3,4,7,3,4,7
circles,7,5,4,9,5,5,10
circlet,7,4,3,7,4,3,7
circlet's,9,6,1,7,5,1,6
circlets,8,5,2,7,4,3,7
circling,8,5,3,8,4,4,8
circuit,7,2,4,6,3,3,6
circuit's,9,4,4,8,3,4,7
circuited,9,3,2,5,3,2,5
circuiting,10,4,3,7,1,3,4
circuitous,10,4,2,6,4,2,6
circuitously,12,6,0,6,4,0,4
circuitry,9,2,2,4,2,3,5
circuitry's,11,5,3,8,2,4,6
circuits,8,3,4,7,2,5,7
circular,8,3,3,6,3,3,6
circular's,10,5,2,7,4,3,7
circularity,11,7,2,9,4,2,6
circularity's,13,3,0,3,3,1,4
circularize,11,6,3,9,3,1,4
circularized,12,2,1,3,2,1,3
circularizes,12,3,0,3,3,0,3
circularizing,13,1,1,2,1,1,2
circulars,9,3,3,6,3,3,6
circulate,9,5,1,6,5,1,6
circulated,10,6,1,7,6,1,7
circulates,10,6,0,6,4,0,4
circulating,11,6,1,7,8,2,10
circulation,11,4,1,5,8,2,10
circulation's,13,6,0,6,4,1,5
circulations,12,7,1,8,3,1,4
circulatory,11,3,2,5,2,2,4
circumcise,10,2,1,3,3,2,5
circumcised,11,3,1,4,3,1,4
circumcises,11,3,0,3,3,0,3
circumcising,12,7,0,7,7,0,7
circumcision,12,7,0,7,7,0,7
circumcision's,14,3,0,3,2,0,2
circumcisions,13,2,0,2,2,0,2
circumference,13,2,1,3,2,1,3
circumference's,15,2,1,3,3,0,3
circumferences,14,2,1,3,3,0,3
circumflex,10,3,2,5,2,3,5
circumflex's,12,5,0,5,5,0,5
circumflexes,12,2,0,2,2,0,2
circumlocution,14,2,1,3,2,1,3
circumlocution's,16,4,0,4,3,0,3
circumlocutions,15,3,0,3,3,0,3
circumnavigate,14,2,1,3,2,1,3
circumnavigated,15,1,1,2,1,1,2
circumnavigates,15,3,0,3,3,0,3
circumnavigating,16,2,1,3,3,1,4
circumnavigation,16,2,1,3,3,1,4
circumnavigation's,18,3,0,3,2,0,2
circumnavigations,17,1,0,1,1,0,1
circumscribe,12,3,0,3,3,0,3
circumscribed,13,2,1,3,2,0,2
circumscribes,13,3,0,3,3,0,3
circumscribing,14,2,0,2,2,0,2
circumscription,15,3,0,3,2,0,2
circumscription's,17,2,0,2,2,0,2
circumscriptions,16,2,0,2,2,0,2
circumspect,11,2,1,3,3,0,3
circumspection,14,3,0,3,3,0,3
circumspection's,16,2,0,2,2,0,2
circumstance,12,3,0,3,3,0,3
circumstance's,14,3,0,3,3,0,3
circumstanced,13,3,0,3,2,0,2
circumstances,13,3,0,3,3,0,3
circumstancing,14,3,0,3,3,0,3
circumstantial,14,3,0,3,3,0,3
circumstantially,16,2,0,2,2,0,2
circumvent,10,4,1,5,4,1,5
circumvented,12,2,1,3,2,1,3
circumventing,13,2,1,3,2,2,4
circumvention,13,2,1,3,1,2,3
circumvention's,15,3,0,3,2,0,2
circumvents,11,5,1,6,4,1,5
circus,6,4,6,10,4,6,10
circus's,8,5,2,7,5,2,7
circuses,8,5,0,5,5,0,5
cirrhosis,9,4,1,5,3,1,4
cirrhosis's,11,5,0,5,2,1,3
cirrus,6,4,6,10,4,6,10
cirrus's,8,5,2,7,6,2,8
cistern,7,5,1,6,5,0,5
cistern's,9,7,0,7,7,1,8
cisterns,8,3,2,5,3,2,5
citadel,7,2,3,5,4,2,6
citadel's,9,6,1,7,6,2,8
citadels,8,3,3,6,5,2,7
citation,8,3,2,5,3,2,5
citation's,10,4,1,5,4,1,5
citations,9,5,2,7,4,1,5
cite,4,4,9,13,4,9,13
cite's,6,6,3,9,4,12,16
cited,5,4,11,15,5,10,15
cites,5,5,4,9,5,4,9
cities,6,5,3,8,5,2,7
citing,6,4,8,12,4,11,15
citizen,7,4,4,8,4,3,7
citizen's,9,5,2,7,5,1,6
citizenry,9,4,1,5,2,3,5
citizenry's,11,4,2,6,3,2,5
citizens,8,4,3,7,4,2,6
citizenship,11,3,0,3,3,0,3
citizenship's,13,3,0,3,3,0,3
citric,6,2,4,6,3,3,6
citron,6,5,4,9,3,5,8
citron's,8,7,3,10,5,3,8
citronella,10,3,1,4,3,1,4
citronella's,12,5,0,5,4,0,4
citrons,7,6,3,9,6,2,8
citrous,7,6,4,10,5,5,10
citrus,6,5,4,9,5,4,9
citrus's,8,5,4,9,6,2,8
citruses,8,4,2,6,4,2,6
city,4,4,8,12,4,7,11
city's,6,6,5,11,6,5,11
civet,5,5,5,10,5,5,10
civet's,7,6,4,10,6,4,10
civets,6,5,5,10,5,5,10
civic,5,2,6,8,2,6,8
civics,6,3,5,8,3,6,9
civics's,8,3,3,6,2,2,4
civies,6,4,4,8,4,3,7
civil,5,3,4,7,3,4,7
civilian,8,2,2,4,2,2,4
civilian's,10,4,1,5,3,2,5
civilians,9,4,2,6,4,2,6
civilities,10,6,1,7,6,0,6
civility,8,4,3,7,4,3,7
civility's,10,7,3,10,7,3,10
civilization,12,5,1,6,4,1,5
civilization's,14,4,0,4,3,0,3
civilizations,13,3,0,3,2,1,3
civilize,8,4,2,6,4,3,7
civilized,9,5,2,7,4,2,6
civilizes,9,5,0,5,5,1,6
civilizing,10,3,2,5,3,2,5
civilly,7,2,2,4,2,3,5
civvies,7,4,6,10,4,7,11
civvies's,9,3,3,6,4,2,6
clack,5,4,3,7,3,3,6
clack's,7,5,2,7,5,2,7
clacked,7,6,2,8,6,2,8
clacking,8,6,4,10,7,4,11
clacks,6,4,3,7,4,3,7
clad,4,4,5,9,4,5,9
claim,5,2,8,10,4,3,7
claim's,7,6,2,8,6,2,8
claimant,8,4,2,6,3,2,5
claimant's,10,6,1,7,5,2,7
claimants,9,3,3,6,5,2,7
claimed,7,6,3,9,6,4,10
claiming,8,6,2,8,6,2,8
claims,6,5,3,8,5,3,8
clairvoyance,12,2,1,3,2,1,3
clairvoyance's,14,3,1,4,3,0,3
clairvoyant,11,2,2,4,2,2,4
clairvoyant's,13,4,1,5,3,1,4
clairvoyants,12,7,2,9,7,2,9
clam,4,4,6,10,4,6,10
clam's,6,6,4,10,6,4,10
clambake,8,4,1,5,4,1,5
clambake's,10,6,1,7,6,0,6
clambakes,9,4,1,5,5,1,6
clamber,7,6,2,8,6,2,8
clamber's,9,9,0,9,9,0,9
clambered,9,6,1,7,5,2,7
clambering,10,8,1,9,6,2,8
clambers,8,8,1,9,8,1,9
clammed,7,6,3,9,6,4,10
clammier,8,6,4,10,6,3,9
clammiest,9,7,3,10,7,3,10
clamminess,10,7,0,7,7,2,9
clamminess's,12,8,0,8,8,1,9
clamming,8,7,4,11,6,4,10
clammy,6,4,4,8,3,4,7
clamor,6,6,2,8,6,2,8
clamor's,8,8,1,9,8,1,9
clamored,8,8,1,9,8,1,9
clamoring,9,8,2,10,8,2,10
clamorous,9,8,2,10,8,1,9
clamors,7,7,2,9,7,2,9
clamp,5,3,4,7,4,3,7
clamp's,7,6,2,8,6,2,8
clampdown,9,4,3,7,2,4,6
clampdown's,11,6,1,7,3,3,6
clampdowns,10,5,3,8,5,1,6
clamped,7,6,3,9,7,2,9
clamping,8,7,4,11,8,4,12
clamps,6,5,3,8,5,3,8
clams,5,5,3,8,5,3,8
clan,4,4,7,11,4,7,11
clan's,6,6,5,11,6,5,11
clandestine,11,4,0,4,3,0,3
clandestinely,13,2,0,2,3,0,3
clang,5,3,5,8,5,4,9
clang's,7,7,3,10,7,3,10
clanged,7,7,4,11,7,5,12
clanging,8,5,3,8,5,3,8
clangor,7,4,3,7,4,3,7
clangor's,9,6,2,8,7,3,10
clangs,6,6,4,10,6,4,10
clank,5,4,3,7,4,5,9
clank's,7,6,4,10,6,4,10
clanked,7,6,5,11,6,6,12
clanking,8,7,4,11,7,4,11
clanks,6,5,5,10,5,5,10
clannish,8,5,2,7,6,1,7
clans,5,5,4,9,5,4,9
clap,4,4,8,12,4,8,12
clap's,6,6,6,12,6,6,12
clapboard,9,3,3,6,3,3,6
clapboard's,11,5,1,6,4,1,5
clapboarded,11,3,2,5,4,1,5
clapboarding,12,4,1,5,4,2,6
clapboards,10,4,2,6,4,1,5
clapped,7,5,5,10,6,2,8
clapper,7,6,3,9,6,4,10
clapper's,9,8,1,9,8,1,9
clappers,8,7,2,9,7,2,9
clapping,8,6,5,11,5,5,10
claps,5,5,5,10,5,5,10
claptrap,8,2,4,6,4,3,7
claptrap's,10,4,2,6,6,1,7
claret,6,4,2,6,4,2,6
claret's,8,5,1,6,5,1,6
clarets,7,4,1,5,4,1,5
clarification,13,5,1,6,5,1,6
clarification's,15,4,0,4,5,0,5
clarifications,14,6,0,6,5,0,5
clarified,9,6,1,7,7,1,8
clarifies,9,7,0,7,7,0,7
clarify,7,4,4,8,7,4,11
clarifying,10,6,2,8,6,3,9
clarinet,8,5,2,7,5,2,7
clarinet's,10,7,0,7,7,0,7
clarinetist,11,3,0,3,3,0,3
clarinetist's,13,4,0,4,3,0,3
clarinetists,12,3,0,3,3,0,3
clarinets,9,4,1,5,4,1,5
clarinettist,12,2,0,2,2,0,2
clarinettist's,14,4,0,4,3,0,3
clarinettists,13,4,0,4,3,0,3
clarion,7,4,2,6,5,5,10
clarion's,9,6,2,8,7,3,10
clarioned,9,6,1,7,5,2,7
clarioning,10,6,2,8,5,2,7
clarions,8,5,2,7,6,2,8
clarity,7,6,4,10,6,5,11
clarity's,9,8,2,10,8,3,11
clash,5,5,2,7,5,2,7
clash's,7,6,2,8,6,2,8
clashed,7,7,2,9,7,2,9
clashes,7,6,1,7,6,0,6
clashing,8,8,2,10,8,2,10
clasp,5,4,4,8,4,4,8
clasp's,7,5,3,8,5,3,8
clasped,7,4,3,7,4,3,7
clasping,8,5,3,8,5,3,8
clasps,6,3,5,8,3,4,7
class,5,3,2,5,3,2,5
class's,7,4,3,7,4,4,8
classed,7,6,0,6,6,0,6
classes,7,5,1,6,5,1,6
classic,7,3,2,5,3,2,5
classic's,9,4,2,6,3,2,5
classical,9,2,1,3,2,1,3
classical's,11,2,1,3,2,1,3
classically,11,2,1,3,2,1,3
classicism,10,6,0,6,6,0,6
classicism's,12,7,0,7,7,0,7
classicist,10,5,1,6,5,1,6
classicist's,12,6,1,7,6,1,7
classicists,11,1,0,1,1,0,1
classics,8,2,1,3,2,1,3
classier,8,5,1,6,7,0,7
classiest,9,7,1,8,7,1,8
classifiable,12,3,0,3,3,0,3
classification,14,5,0,5,2,0,2
classification's,16,5,0,5,2,0,2
classifications,15,1,0,1,1,0,1
classified,10,4,0,4,3,0,3
classified's,12,2,0,2,2,0,2
classifieds,11,2,1,3,2,1,3
classifies,10,3,1,4,3,1,4
classify,8,3,2,5,2,2,4
classifying,11,2,1,3,2,1,3
classiness,10,6,0,6,6,0,6
classiness's,12,7,0,7,7,0,7
classing,8,6,2,8,5,1,6
classless,9,5,0,5,4,0,4
classmate,9,2,1,3,2,1,3
classmate's,11,2,1,3,2,1,3
classmates,10,2,1,3,2,1,3
classroom,9,2,0,2,2,0,2
classroom's,11,2,0,2,2,0,2
classrooms,10,2,0,2,2,0,2
classy,6,5,2,7,5,2,7
clatter,7,6,4,10,6,3,9
clatter's,9,8,3,11,8,2,10
clattered,9,7,2,9,7,1,8
clattering,10,9,2,11,9,1,10
clatters,8,6,4,10,7,0,7
clause,6,5,3,8,5,3,8
clause's,8,4,2,6,5,2,7
clauses,7,4,3,7,3,2,5
claustrophobia,14,3,0,3,4,0,4
claustrophobia's,16,2,0,2,2,0,2
claustrophobic,14,3,0,3,4,0,4
clavichord,10,2,2,4,2,2,4
clavichord's,12,6,1,7,3,1,4
clavichords,11,4,2,6,3,1,4
clavicle,8,3,1,4,3,1,4
clavicle's,10,5,0,5,4,0,4
clavicles,9,5,0,5,5,0,5
claw,4,3,9,12,3,9,12
claw's,6,5,7,12,5,7,12
clawed,6,5,5,10,5,5,10
clawing,7,5,6,11,5,6,11
claws,5,4,6,10,4,6,10
clay,4,4,4,8,4,4,8
clay's,6,6,3,9,6,3,9
clayey,6,3,4,7,3,4,7
clayier,7,6,1,7,6,2,8
clayiest,8,6,1,7,6,3,9
clean,5,5,2,7,5,2,7
cleaned,7,6,1,7,6,2,8
cleaner,7,6,3,9,6,0,6
cleaner's,9,8,0,8,8,0,8
cleaners,8,7,0,7,7,0,7
cleanest,8,7,0,7,7,0,7
cleaning,8,4,1,5,4,1,5
cleaning's,10,4,1,5,4,1,5
cleanings,9,4,2,6,4,1,5
cleanlier,9,3,1,4,3,1,4
cleanliest,10,5,0,5,5,0,5
cleanliness,11,3,0,3,3,0,3
cleanliness's,13,3,0,3,3,0,3
cleanly,7,4,4,8,4,4,8
cleanness,9,3,0,3,3,0,3
cleanness's,11,4,0,4,3,0,3
cleans,6,6,3,9,6,3,9
cleanse,7,3,1,4,3,1,4
cleansed,8,2,1,3,2,1,3
cleanser,8,3,0,3,3,0,3
cleanser's,10,5,0,5,3,0,3
cleansers,9,4,1,5,3,0,3
cleanses,8,3,2,5,3,2,5
cleansing,9,4,0,4,4,0,4
cleanup,7,2,3,5,2,3,5
cleanup's,9,5,2,7,5,2,7
cleanups,8,5,2,7,5,1,6
clear,5,4,3,7,4,3,7
clear's,7,5,0,5,5,0,5
clearance,9,3,1,4,3,1,4
clearance's,11,5,1,6,3,1,4
clearances,10,3,1,4,3,2,5
cleared,7,6,2,8,4,1,5
clearer,7,2,2,4,3,1,4
clearest,8,6,1,7,6,1,7
clearing,8,5,1,6,5,1,6
clearing's,10,4,0,4,4,0,4
clearinghouse,13,4,0,4,3,0,3
clearinghouse's,15,5,0,5,3,0,3
clearinghouses,14,4,0,4,3,0,3
clearings,9,5,1,6,5,1,6
clearly,7,3,2,5,3,2,5
clearness,9,5,0,5,5,0,5
clearness's,11,6,0,6,6,0,6
clears,6,4,1,5,4,1,5
cleat,5,5,2,7,5,2,7
cleat's,7,7,2,9,7,2,9
cleats,6,6,3,9,6,3,9
cleavage,8,2,2,4,2,2,4
cleavage's,10,4,1,5,3,1,4
cleavages,9,3,1,4,3,1,4
cleave,6,2,4,6,2,3,5
cleaved,7,5,3,8,5,3,8
cleaver,7,5,4,9,5,1,6
cleaver's,9,7,1,8,7,1,8
cleavers,8,6,1,7,6,1,7
cleaves,7,4,1,5,4,2,6
cleaving,8,7,3,10,7,3,10
clef,4,4,5,9,4,5,9
clef's,6,6,3,9,6,3,9
clefs,5,5,3,8,5,3,8
cleft,5,3,4,7,4,3,7
cleft's,7,5,3,8,6,2,8
clefts,6,5,2,7,5,2,7
clematis,8,5,2,7,4,1,5
clematis's,10,6,0,6,4,0,4
clematises,10,6,0,6,2,0,2
clemency,8,2,1,3,2,2,4
clemency's,10,3,1,4,3,1,4
clement,7,2,2,4,2,2,4
clench,6,4,3,7,4,3,7
clench's,8,6,3,9,4,4,8
clenched,8,3,2,5,3,2,5
clenches,8,3,1,4,3,2,5
clenching,9,3,2,5,3,2,5
clerestories,12,2,0,2,2,0,2
clerestory,10,2,1,3,2,0,2
clerestory's,12,2,0,2,2,0,2
clergies,8,5,1,6,3,3,6
clergy,6,4,2,6,4,3,7
clergy's,8,6,1,7,6,2,8
clergyman,9,4,1,5,3,1,4
clergyman's,11,6,0,6,4,0,4
clergymen,9,2,2,4,2,2,4
clergywoman,11,3,2,5,3,2,5
clergywoman's,13,4,1,5,4,1,5
clergywomen,11,2,2,4,2,1,3
cleric,6,3,1,4,3,2,5
cleric's,8,5,0,5,4,1,5
clerical,8,5,1,6,4,1,5
clerics,7,3,3,6,4,2,6
clerk,5,3,4,7,3,4,7
clerk's,7,5,2,7,5,3,8
clerked,7,4,2,6,4,0,4
clerking,8,6,2,8,6,2,8
clerks,6,4,3,7,4,3,7
clever,6,3,3,6,3,3,6
cleverer,8,2,1,3,2,1,3
cleverest,9,2,0,2,2,0,2
cleverly,8,3,1,4,2,1,3
cleverness,10,3,0,3,3,0,3
cleverness's,12,3,0,3,3,0,3
clew,4,3,6,9,3,6,9
clew's,6,5,4,9,5,4,9
clewed,6,4,3,7,4,3,7
clewing,7,5,3,8,5,3,8
clews,5,4,4,8,4,4,8
cliché,6,2,6,8,3,4,7
cliché's,8,4,4,8,4,4,8
clichéd,7,3,3,6,3,4,7
clichés,7,3,5,8,3,5,8
click,5,3,5,8,3,5,8
click's,7,5,4,9,5,4,9
clickable,9,5,1,6,3,2,5
clicked,7,6,3,9,6,3,9
clicking,8,5,3,8,5,3,8
clicks,6,4,6,10,4,5,9
client,6,5,3,8,5,2,7
client's,8,6,2,8,6,2,8
clients,7,4,3,7,4,3,7
clientèle,9,3,2,5,3,2,5
clientèle's,11,5,1,6,5,1,6
clientèles,10,5,0,5,6,0,6
cliff,5,4,5,9,4,5,9
cliff's,7,6,4,10,6,4,10
cliffhanger,11,3,1,4,4,1,5
cliffhanger's,13,5,1,6,4,0,4
cliffhangers,12,4,1,5,4,0,4
cliffs,6,5,6,11,5,5,10
climactic,9,3,2,5,3,2,5
climate,7,4,2,6,4,0,4
climate's,9,5,2,7,5,2,7
climates,8,8,0,8,8,0,8
climatic,8,3,2,5,2,2,4
climax,6,2,5,7,2,5,7
climax's,8,4,4,8,4,4,8
climaxed,8,4,3,7,4,3,7
climaxes,8,7,1,8,7,1,8
climaxing,9,4,2,6,4,2,6
climb,5,4,6,10,4,6,10
climb's,7,5,5,10,5,5,10
climbed,7,6,4,10,5,5,10
climber,7,5,1,6,5,2,7
climber's,9,8,1,9,8,1,9
climbers,8,7,2,9,7,2,9
climbing,8,6,3,9,5,4,9
climbs,6,4,7,11,4,6,10
clime,5,4,7,11,4,7,11
clime's,7,6,4,10,6,4,10
climes,6,4,5,9,4,4,8
clinch,6,2,6,8,3,4,7
clinch's,8,5,3,8,5,3,8
clinched,8,6,3,9,4,3,7
clincher,8,4,2,6,4,1,5
clincher's,10,6,1,7,6,0,6
clinchers,9,5,2,7,5,1,6
clinches,8,5,0,5,5,0,5
clinching,9,5,2,7,5,2,7
cling,5,5,6,11,5,6,11
cling's,7,7,5,12,7,5,12
clingier,8,5,3,8,4,2,6
clingiest,9,5,0,5,5,0,5
clinging,8,5,3,8,5,3,8
clings,6,6,5,11,6,4,10
clingy,6,3,4,7,3,4,7
clinic,6,1,5,6,3,3,6
clinic's,8,5,3,8,5,3,8
clinical,8,2,2,4,2,3,5
clinically,10,4,2,6,2,2,4
clinician,9,2,2,4,2,2,4
clinician's,11,3,2,5,3,2,5
clinicians,10,3,1,4,3,1,4
clinics,7,3,4,7,4,3,7
clink,5,4,7,11,4,7,11
clink's,7,6,6,12,6,6,12
clinked,7,6,5,11,7,6,13
clinker,7,6,2,8,5,4,9
clinker's,9,7,2,9,7,3,10
clinkers,8,7,3,10,6,3,9
clinking,8,5,4,9,5,4,9
clinks,6,5,7,12,5,6,11
clip,4,4,8,12,4,8,12
clip's,6,6,7,13,6,7,13
clipboard,9,2,2,4,2,2,4
clipboard's,11,6,1,7,4,1,5
clipboards,10,5,2,7,4,1,5
clipped,7,5,6,11,6,3,9
clipper,7,5,3,8,6,3,9
clipper's,9,7,2,9,7,2,9
clippers,8,6,4,10,6,3,9
clipping,8,5,4,9,6,3,9
clipping's,10,6,3,9,7,3,10
clippings,9,5,3,8,6,3,9
clips,5,5,7,12,5,7,12
clipt,5,3,7,10,3,7,10
clique,6,3,2,5,3,2,5
clique's,8,5,1,6,5,2,7
cliques,7,4,1,5,4,2,6
cliquish,8,4,1,5,3,2,5
clit,4,4,6,10,3,6,9
clit's,6,6,5,11,5,5,10
clitoral,8,3,2,5,3,2,5
clitoris,8,3,4,7,3,4,7
clitoris's,10,8,0,8,3,1,4
clitorises,10,7,1,8,4,0,4
clits,5,4,5,9,4,5,9
cloak,5,2,4,6,3,4,7
cloak's,7,5,3,8,5,3,8
cloaked,7,6,4,10,6,5,11
cloaking,8,7,4,11,7,4,11
cloakroom,9,4,3,7,3,3,6
cloakroom's,11,6,1,7,4,1,5
cloakrooms,10,3,2,5,3,2,5
cloaks,6,3,4,7,4,4,8
clobber,7,4,2,6,4,2,6
clobber's,9,6,0,6,6,0,6
clobbered,9,6,1,7,5,2,7
clobbering,10,8,1,9,6,2,8
clobbers,8,5,1,6,5,1,6
cloche,6,4,4,8,3,5,8
cloche's,8,5,3,8,5,2,7
cloches,7,5,2,7,5,2,7
clock,5,3,4,7,3,4,7
clock's,7,5,3,8,5,3,8
clocked,7,6,4,10,6,4,10
clocking,8,6,2,8,6,4,10
clocks,6,4,4,8,4,5,9
clockwise,9,3,0,3,3,0,3
clockwork,9,2,4,6,2,4,6
clockwork's,11,3,2,5,3,2,5
clockworks,10,2,3,5,2,3,5
clod,4,4,4,8,4,4,8
clod's,6,6,4,10,6,4,10
clodhopper,10,4,1,5,2,2,4
clodhopper's,12,5,1,6,4,2,6
clodhoppers,11,4,2,6,3,2,5
clods,5,5,4,9,5,4,9
clog,4,4,5,9,4,5,9
clog's,6,6,5,11,6,5,11
clogged,7,6,5,11,6,4,10
clogging,8,6,3,9,6,3,9
clogs,5,5,5,10,5,5,10
cloister,8,5,1,6,5,1,6
cloister's,10,6,2,8,6,1,7
cloistered,10,6,0,6,5,0,5
cloistering,11,7,0,7,5,0,5
cloisters,9,5,1,6,3,1,4
clomp,5,4,5,9,4,5,9
clomped,7,6,3,9,7,3,10
clomping,8,7,3,10,6,3,9
clomps,6,5,6,11,5,6,11
clone,5,5,3,8,5,3,8
clone's,7,7,3,10,7,3,10
cloned,6,6,4,10,6,4,10
clones,6,6,4,10,6,4,10
cloning,7,5,3,8,5,3,8
clop,4,4,2,6,4,2,6
clop's,6,6,2,8,6,2,8
clopped,7,6,3,9,5,4,9
clopping,8,7,3,10,7,3,10
clops,5,5,2,7,5,2,7
close,5,3,2,5,3,2,5
close's,7,5,0,5,5,0,5
closed,6,4,2,6,4,2,6
closefisted,11,2,0,2,2,0,2
closely,7,3,0,3,3,0,3
closemouthed,12,3,1,4,3,1,4
closeness,9,3,0,3,3,0,3
closeness's,11,5,0,5,3,0,3
closeout,8,3,0,3,3,0,3
closeout's,10,3,0,3,3,0,3
closeouts,9,3,0,3,3,0,3
closer,6,4,4,8,4,4,8
closes,6,3,2,5,3,2,5
closest,7,4,0,4,3,0,3
closet,6,3,3,6,3,3,6
closet's,8,4,1,5,4,2,6
closeted,8,3,0,3,3,0,3
closeting,9,3,0,3,3,0,3
closets,7,3,2,5,3,2,5
closing,7,5,3,8,5,3,8
closure,7,4,0,4,7,2,9
closure's,9,5,0,5,4,0,4
closures,8,5,1,6,4,1,5
clot,4,4,6,10,4,6,10
clot's,6,5,6,11,5,6,11
cloth,5,4,4,8,4,4,8
cloth's,7,6,3,9,6,3,9
clothe,6,4,4,8,3,5,8
clothed,7,6,2,8,6,3,9
clothes,7,5,2,7,5,2,7
clothesline,11,5,0,5,3,0,3
clothesline's,13,5,0,5,3,0,3
clotheslines,12,5,1,6,3,0,3
clothespin,10,3,0,3,5,0,5
clothespin's,12,4,0,4,5,0,5
clothespins,11,5,0,5,3,1,4
clothier,8,6,3,9,7,1,8
clothier's,10,7,0,7,6,0,6
clothiers,9,6,1,7,5,1,6
clothing,8,7,2,9,6,2,8
clothing's,10,4,2,6,4,2,6
cloths,6,5,4,9,5,4,9
clots,5,5,6,11,5,6,11
clotted,7,6,2,8,6,3,9
clotting,8,7,2,9,7,3,10
cloture,7,4,3,7,6,3,9
cloture's,9,6,2,8,6,2,8
clotures,8,5,2,7,5,2,7
cloud,5,4,6,10,4,6,10
cloud's,7,6,4,10,6,4,10
cloudburst,10,3,2,5,3,2,5
cloudburst's,12,4,1,5,3,2,5
cloudbursts,11,3,2,5,3,2,5
clouded,7,3,3,6,3,3,6
cloudier,8,5,1,6,6,2,8
cloudiest,9,8,0,8,8,0,8
cloudiness,10,6,1,7,6,3,9
cloudiness's,12,7,1,8,7,2,9
clouding,8,6,5,11,6,5,11
cloudless,9,4,1,5,4,1,5
clouds,6,5,7,12,5,7,12
cloudy,6,4,6,10,2,7,9
clout,5,4,4,8,4,4,8
clout's,7,6,3,9,6,3,9
clouted,7,6,2,8,6,3,9
clouting,8,7,2,9,8,3,11
clouts,6,5,4,9,5,4,9
clove,5,4,4,8,4,4,8
clove's,7,6,4,10,6,4,10
cloven,6,4,4,8,4,4,8
clover,6,6,4,10,6,4,10
clover's,8,8,2,10,8,2,10
cloverleaf,10,3,1,4,2,3,5
cloverleaf's,12,5,0,5,5,0,5
cloverleafs,11,4,0,4,4,0,4
cloverleaves,12,3,0,3,3,0,3
clovers,7,7,2,9,7,2,9
cloves,6,5,5,10,5,5,10
clown,5,3,7,10,3,7,10
clown's,7,5,5,10,5,5,10
clowned,7,5,6,11,5,6,11
clowning,8,3,4,7,3,4,7
clownish,8,6,3,9,4,3,7
clownishly,10,5,1,6,4,1,5
clownishness,12,3,0,3,4,0,4
clownishness's,14,3,0,3,4,0,4
clowns,6,4,8,12,4,8,12
cloy,4,3,7,10,3,7,10
cloyed,6,5,5,10,5,5,10
cloying,7,5,5,10,5,6,11
cloys,5,4,7,11,4,7,11
club,4,4,7,11,4,7,11
club's,6,6,5,11,6,5,11
clubbed,7,6,5,11,5,5,10
clubbing,8,7,3,10,7,3,10
clubfeet,8,3,1,4,3,1,4
clubfoot,8,1,4,5,1,4,5
clubfoot's,10,3,2,5,3,2,5
clubhouse,9,4,0,4,4,0,4
clubhouse's,11,5,1,6,4,0,4
clubhouses,10,3,1,4,4,0,4
clubs,5,5,5,10,5,5,10
cluck,5,4,6,10,3,7,10
cluck's,7,6,5,11,5,5,10
clucked,7,5,5,10,5,5,10
clucking,8,6,4,10,6,5,11
clucks,6,5,6,11,4,6,10
clue,4,4,4,8,4,4,8
clue's,6,6,4,10,6,4,10
clued,5,5,5,10,5,5,10
clueing,7,6,4,10,6,3,9
clueless,8,3,1,4,3,1,4
clues,5,5,4,9,5,4,9
cluing,6,5,5,10,5,5,10
clump,5,3,8,11,3,8,11
clump's,7,5,6,11,6,5,11
clumped,7,6,6,12,6,4,10
clumping,8,6,4,10,7,5,12
clumps,6,4,7,11,5,6,11
clumsier,8,5,1,6,5,1,6
clumsiest,9,5,1,6,5,1,6
clumsily,8,3,2,5,3,2,5
clumsiness,10,5,0,5,5,0,5
clumsiness's,12,6,0,6,6,0,6
clumsy,6,2,4,6,2,4,6
clung,5,5,9,14,5,7,12
clunk,5,4,6,10,4,8,12
clunk's,7,6,5,11,5,6,11
clunked,7,5,7,12,6,7,13
clunker,7,5,5,10,4,7,11
clunker's,9,6,4,10,6,4,10
clunkers,8,6,5,11,4,5,9
clunkier,8,7,3,10,7,2,9
clunkiest,9,6,2,8,6,2,8
clunking,8,7,4,11,7,4,11
clunks,6,5,6,11,4,7,11
clunky,6,5,6,11,3,8,11
cluster,7,7,2,9,7,2,9
cluster's,9,8,2,10,8,2,10
clustered,9,8,1,9,8,1,9
clustering,10,10,1,11,10,1,11
clusters,8,7,1,8,7,1,8
clutch,6,5,6,11,5,5,10
clutch's,8,5,5,10,7,4,11
clutched,8,6,4,10,3,5,8
clutches,8,7,3,10,7,3,10
clutching,9,6,4,10,5,4,9
clutter,7,5,5,10,6,4,10
clutter's,9,7,4,11,7,3,10
cluttered,9,6,3,9,6,2,8
cluttering,10,8,3,11,8,2,10
clutters,8,7,5,12,7,2,9
coach,5,3,5,8,3,5,8
coach's,7,4,4,8,4,4,8
coached,7,6,4,10,6,4,10
coaches,7,4,2,6,4,1,5
coaching,8,6,4,10,6,4,10
coachman,8,2,3,5,2,4,6
coachman's,10,3,1,4,3,1,4
coachmen,8,3,3,6,3,3,6
coagulant,9,2,3,5,2,3,5
coagulant's,11,6,1,7,5,1,6
coagulants,10,4,2,6,3,3,6
coagulate,9,4,1,5,3,2,5
coagulated,10,4,1,5,4,1,5
coagulates,10,4,0,4,4,1,5
coagulating,11,4,1,5,4,2,6
coagulation,11,4,1,5,5,2,7
coagulation's,13,7,0,7,6,1,7
coal,4,4,2,6,4,2,6
coal's,6,6,2,8,6,2,8
coaled,6,6,2,8,6,2,8
coalesce,8,2,0,2,2,0,2
coalesced,9,2,1,3,2,1,3
coalescence,11,3,0,3,3,0,3
coalescence's,13,3,0,3,3,0,3
coalesces,9,2,1,3,2,0,2
coalescing,10,5,1,6,4,1,5
coaling,7,7,3,10,7,3,10
coalition,9,4,2,6,4,2,6
coalition's,11,6,1,7,4,1,5
coalitions,10,5,3,8,3,1,4
coals,5,5,2,7,5,2,7
coarse,6,6,1,7,4,3,7
coarsely,8,8,0,8,8,0,8
coarsen,7,3,1,4,6,0,6
coarsened,9,5,0,5,6,0,6
coarseness,10,7,0,7,7,0,7
coarseness's,12,8,0,8,8,0,8
coarsening,10,3,0,3,3,0,3
coarsens,8,3,1,4,6,0,6
coarser,7,6,1,7,6,0,6
coarsest,8,7,0,7,7,0,7
coast,5,5,3,8,5,3,8
coast's,7,6,2,8,6,2,8
coastal,7,2,2,4,2,2,4
coasted,7,6,2,8,6,2,8
coaster,7,6,2,8,6,2,8
coaster's,9,7,1,8,7,1,8
coasters,8,6,2,8,6,2,8
coasting,8,8,2,10,8,2,10
coastline,9,4,0,4,5,0,5
coastline's,11,4,0,4,5,0,5
coastlines,10,6,0,6,4,0,4
coasts,6,5,3,8,5,3,8
coat,4,4,6,10,4,5,9
coat's,6,6,5,11,6,4,10
coated,6,5,4,9,5,4,9
coating,7,6,5,11,6,5,11
coating's,9,8,2,10,7,2,9
coatings,8,7,2,9,3,3,6
coats,5,5,4,9,5,4,9
coauthor,8,2,3,5,2,3,5
coauthor's,10,4,1,5,4,1,5
coauthored,10,4,2,6,3,1,4
coauthoring,11,4,2,6,5,2,7
coauthors,9,3,2,5,3,1,4
coax,4,3,7,10,4,8,12
coaxed,6,6,4,10,6,4,10
coaxes,6,4,5,9,3,6,9
coaxing,7,7,5,12,7,5,12
cob,3,3,4,7,3,4,7
cob's,5,5,5,10,5,5,10
cobalt,6,3,5,8,2,6,8
cobalt's,8,5,4,9,4,4,8
cobble,6,5,2,7,5,2,7
cobble's,8,7,3,10,7,1,8
cobbled,7,6,3,9,6,3,9
cobbler,7,6,2,8,6,2,8
cobbler's,9,8,0,8,8,0,8
cobblers,8,7,1,8,7,0,7
cobbles,7,6,3,9,6,2,8
cobblestone,11,5,0,5,4,0,4
cobblestone's,13,5,0,5,4,0,4
cobblestones,12,5,1,6,4,0,4
cobbling,8,7,4,11,7,2,9
cobra,5,5,5,10,2,9,11
cobra's,7,7,3,10,4,7,11
cobras,6,5,2,7,4,5,9
cobs,4,4,3,7,4,3,7
cobweb,6,2,8,10,3,7,10
cobweb's,8,4,6,10,5,5,10
cobwebs,7,3,6,9,3,6,9
cocaine,7,4,2,6,3,1,4
cocaine's,9,6,1,7,7,1,8
cocci,5,2,8,10,2,5,7
coccis,6,4,6,10,4,5,9
coccus,6,4,3,7,4,3,7
coccus's,8,4,2,6,3,3,6
coccyges,8,6,2,8,6,2,8
coccyx,6,2,5,7,2,5,7
coccyx's,8,3,4,7,2,5,7
coccyxes,8,5,3,8,5,3,8
cochlea,7,3,4,7,3,5,8
cochlea's,9,5,2,7,6,2,8
cochleae,8,2,2,4,2,2,4
cochleas,8,3,4,7,3,4,7
cock,4,2,6,8,2,6,8
cock's,6,4,5,9,4,5,9
cockade,7,5,3,8,3,1,4
cockade's,9,5,1,6,5,2,7
cockades,8,5,2,7,5,1,6
cockamamie,10,2,2,4,3,1,4
cockatoo,8,2,3,5,2,4,6
cockatoo's,10,3,1,4,3,1,4
cockatoos,9,3,2,5,3,2,5
cocked,6,4,5,9,4,9,13
cockerel,8,3,2,5,3,2,5
cockerel's,10,6,0,6,4,0,4
cockerels,9,5,0,5,5,0,5
cockeyed,8,5,4,9,3,5,8
cockfight,9,4,4,8,4,3,7
cockfight's,11,7,2,9,4,2,6
cockfights,10,6,2,8,4,3,7
cockier,7,5,5,10,5,4,9
cockiest,8,6,2,8,6,1,7
cockily,7,5,4,9,4,4,8
cockiness,9,6,2,8,6,2,8
cockiness's,11,7,2,9,7,2,9
cocking,7,5,7,12,5,8,13
cockle,6,4,5,9,4,6,10
cockle's,8,6,5,11,6,8,14
cockles,7,5,5,10,5,5,10
cockleshell,11,2,1,3,3,0,3
cockleshell's,13,2,0,2,2,0,2
cockleshells,12,2,1,3,3,0,3
cockney,7,4,3,7,3,3,6
cockney's,9,6,2,8,5,1,6
cockneys,8,4,2,6,4,3,7
cockpit,7,2,4,6,2,4,6
cockpit's,9,4,3,7,4,3,7
cockpits,8,3,4,7,4,3,7
cockroach,9,2,3,5,2,3,5
cockroach's,11,5,1,6,4,1,5
cockroaches,11,3,2,5,3,1,4
cocks,5,3,6,9,3,6,9
cockscomb,9,2,4,6,3,2,5
cockscomb's,11,3,4,7,3,3,6
cockscombs,10,2,4,6,2,4,6
cocksucker,10,3,2,5,3,1,4
cocksucker's,12,4,1,5,4,0,4
cocksuckers,11,3,2,5,4,1,5
cocksure,8,3,1,4,3,1,4
cocktail,8,4,3,7,4,3,7
cocktail's,10,5,3,8,5,3,8
cocktails,9,4,3,7,4,2,6
cocky,5,3,8,11,3,10,13
cocoa,5,2,3,5,2,3,5
cocoa's,7,4,2,6,3,1,4
cocoanut,8,2,3,5,2,4,6
cocoanut's,10,3,1,4,3,1,4
cocoanuts,9,3,2,5,3,2,5
cocoas,6,3,2,5,3,2,5
coconut,7,1,5,6,1,5,6
coconut's,9,5,2,7,4,2,6
coconuts,8,3,3,6,3,3,6
cocoon,6,1,4,5,1,4,5
cocoon's,8,2,2,4,2,2,4
cocooned,8,3,2,5,3,4,7
cocooning,9,4,2,6,3,2,5
cocoons,7,2,3,5,2,2,4
cod,3,3,5,8,3,6,9
cod's,5,5,6,11,5,6,11
coda,4,4,4,8,3,5,8
coda's,6,5,4,9,5,4,9
codas,5,5,2,7,5,2,7
codded,6,4,1,5,4,1,5
codding,7,5,7,12,5,8,13
coddle,6,4,4,8,5,3,8
coddled,7,5,3,8,5,3,8
coddles,7,5,5,10,6,3,9
coddling,8,5,6,11,7,4,11
code,4,4,7,11,4,7,11
code's,6,6,5,11,6,6,12
coded,5,3,4,7,3,4,7
codeine,7,2,2,4,3,0,3
codeine's,9,4,3,7,3,2,5
codependency,12,1,2,3,1,2,3
codependency's,14,2,1,3,2,1,3
codependent,11,2,2,4,2,1,3
codependent's,13,4,0,4,3,0,3
codependents,12,4,0,4,3,0,3
codes,5,5,6,11,5,8,13
codex,5,4,4,8,4,4,8
codex's,7,5,6,11,4,7,11
codfish,7,6,3,9,6,3,9
codfish's,9,4,4,8,4,4,8
codfishes,9,5,3,8,6,2,8
codger,6,6,2,8,6,2,8
codger's,8,7,5,12,8,1,9
codgers,7,6,5,11,5,2,7
codices,7,5,1,6,5,1,6
codicil,7,2,3,5,2,3,5
codicil's,9,5,2,7,4,2,6
codicils,8,4,2,6,4,2,6
codification,12,6,1,7,5,1,6
codification's,14,8,0,8,6,0,6
codifications,13,7,0,7,5,1,6
codified,8,6,1,7,6,2,8
codifies,8,5,1,6,5,1,6
codify,6,5,5,10,5,5,10
codifying,9,8,3,11,8,3,11
coding,6,5,6,11,5,6,11
cods,4,4,4,8,4,4,8
coed,4,4,4,8,4,3,7
coed's,6,5,7,12,5,7,12
coeds,5,3,4,7,3,4,7
coeducation,11,6,1,7,3,1,4
coeducation's,13,8,0,8,3,1,4
coeducational,13,2,1,3,2,1,3
coefficient,11,2,1,3,2,1,3
coefficient's,13,6,0,6,3,0,3
coefficients,12,5,0,5,3,1,4
coequal,7,5,3,8,3,3,6
coequal's,9,5,3,8,5,2,7
coequals,8,5,3,8,5,2,7
coerce,6,3,0,3,3,0,3
coerced,7,4,2,6,4,0,4
coerces,7,4,0,4,4,1,5
coercing,8,6,2,8,6,2,8
coercion,8,3,2,5,3,2,5
coercion's,10,5,1,6,4,0,4
coercive,8,3,1,4,3,1,4
coeval,6,5,3,8,3,2,5
coeval's,8,5,2,7,4,2,6
coevals,7,4,2,6,4,2,6
coexist,7,4,1,5,4,1,5
coexisted,9,4,1,5,3,1,4
coexistence,11,2,0,2,2,0,2
coexistence's,13,2,0,2,2,0,2
coexisting,10,4,0,4,3,1,4
coexists,8,5,2,7,5,2,7
coffee,6,4,1,5,4,1,5
coffee's,8,6,1,7,6,0,6
coffeecake,10,1,1,2,1,1,2
coffeecake's,12,2,0,2,2,0,2
coffeecakes,11,2,0,2,2,0,2
coffeehouse,11,2,2,4,2,1,3
coffeehouse's,13,3,1,4,2,1,3
coffeehouses,12,2,1,3,2,1,3
coffeepot,9,2,1,3,2,1,3
coffeepot's,11,3,0,3,3,0,3
coffeepots,10,3,0,3,3,0,3
coffees,7,3,1,4,5,0,5
coffer,6,4,9,13,4,10,14
coffer's,8,6,6,12,6,8,14
coffers,7,5,7,12,6,5,11
coffin,6,4,5,9,4,5,9
coffin's,8,6,4,10,6,4,10
coffined,8,5,3,8,7,3,10
coffining,9,6,3,9,6,3,9
coffins,7,5,5,10,4,6,10
cog,3,3,9,12,3,8,11
cog's,5,5,7,12,5,7,12
cogency,7,3,2,5,2,5,7
cogency's,9,5,1,6,4,2,6
cogent,6,5,2,7,5,4,9
cogently,8,5,2,7,7,2,9
cogitate,8,4,1,5,4,1,5
cogitated,9,5,1,6,5,1,6
cogitates,9,5,0,5,5,0,5
cogitating,10,3,2,5,4,2,6
cogitation,10,4,2,6,5,2,7
cogitation's,12,5,1,6,6,1,7
cognac,6,4,2,6,4,2,6
cognac's,8,6,1,7,6,1,7
cognacs,7,4,4,8,4,4,8
cognate,7,6,2,8,4,2,6
cognate's,9,7,0,7,6,0,6
cognates,8,5,1,6,6,2,8
cognition,9,2,2,4,2,2,4
cognition's,11,3,2,5,3,2,5
cognitive,9,3,2,5,3,2,5
cognizance,10,6,1,7,4,1,5
cognizance's,12,6,0,6,4,0,4
cognizant,9,4,2,6,3,2,5
cognomen,8,2,3,5,2,3,5
cognomen's,10,3,1,4,3,1,4
cognomens,9,2,3,5,2,3,5
cognomina,9,3,2,5,3,2,5
cogs,4,4,7,11,4,7,11
cogwheel,8,5,1,6,5,1,6
cogwheel's,10,7,0,7,7,0,7
cogwheels,9,6,2,8,6,1,7
cohabit,7,3,2,5,4,2,6
cohabitation,12,4,1,5,5,1,6
cohabitation's,14,4,0,4,5,0,5
cohabited,9,4,2,6,4,2,6
cohabiting,10,5,3,8,5,3,8
cohabits,8,4,2,6,4,2,6
cohere,6,4,1,5,4,1,5
cohered,7,5,3,8,5,2,7
coherence,9,3,1,4,3,1,4
coherence's,11,4,0,4,4,0,4
coherent,8,5,2,7,5,2,7
coherently,10,3,1,4,3,1,4
coheres,7,2,3,5,5,1,6
cohering,8,7,3,10,7,3,10
cohesion,8,3,0,3,3,0,3
cohesion's,10,4,0,4,4,0,4
cohesive,8,5,1,6,5,1,6
cohesively,10,3,0,3,3,0,3
cohesiveness,12,4,0,4,3,0,3
cohesiveness's,14,4,0,4,3,0,3
cohort,6,2,5,7,2,5,7
cohort's,8,4,3,7,4,3,7
cohorts,7,4,3,7,4,3,7
coif,4,3,8,11,3,8,11
coif's,6,5,7,12,5,7,12
coifed,6,6,5,11,4,9,13
coiffed,7,5,5,10,5,5,10
coiffing,8,3,7,10,5,6,11
coiffure,8,3,2,5,3,2,5
coiffure's,10,6,0,6,4,1,5
coiffured,9,6,2,8,5,1,6
coiffures,9,3,1,4,4,0,4
coiffuring,10,6,2,8,2,2,4
coifing,7,5,4,9,5,4,9
coifs,5,4,7,11,4,7,11
coil,4,4,6,10,4,5,9
coil's,6,6,5,11,6,4,10
coiled,6,6,3,9,6,3,9
coiling,7,6,4,10,6,4,10
coils,5,5,5,10,5,5,10
coin,4,2,7,9,2,7,9
coin's,6,4,6,10,4,6,10
coinage,7,5,3,8,5,3,8
coinage's,9,8,1,9,8,2,10
coinages,8,4,2,6,3,3,6
coincide,8,4,2,6,4,2,6
coincided,9,4,2,6,2,3,5
coincidence,11,1,2,3,2,1,3
coincidence's,13,3,1,4,3,0,3
coincidences,12,4,0,4,3,0,3
coincident,10,2,1,3,3,1,4
coincidental,12,1,1,2,1,1,2
coincidentally,14,1,1,2,1,1,2
coincides,9,4,0,4,4,0,4
coinciding,10,2,2,4,2,2,4
coined,6,5,6,11,6,5,11
coining,7,5,3,8,5,3,8
coins,5,3,7,10,3,7,10
coital,6,5,3,8,4,4,8
coitus,6,4,4,8,4,4,8
coitus's,8,4,4,8,3,4,7
coke,4,4,7,11,4,7,11
coke's,6,6,3,9,6,5,11
coked,5,5,7,12,5,6,11
cokes,5,5,6,11,5,8,13
coking,6,6,7,13,6,8,14
cola,4,3,6,9,3,4,7
cola's,6,5,4,9,5,4,9
colander,8,7,1,8,4,2,6
colander's,10,6,1,7,6,0,6
colanders,9,6,1,7,5,1,6
colas,5,5,3,8,5,3,8
cold,4,4,6,10,4,5,9
cold's,6,6,5,11,6,4,10
colder,6,6,4,10,6,4,10
coldest,7,6,4,10,6,3,9
coldly,6,4,6,10,4,6,10
coldness,8,6,3,9,5,2,7
coldness's,10,7,3,10,6,2,8
colds,5,5,4,9,5,4,9
coleslaw,8,4,0,4,4,0,4
coleslaw's,10,6,0,6,5,0,5
colic,5,4,6,10,4,5,9
colic's,7,6,5,11,6,4,10
colicky,7,3,3,6,3,3,6
coliseum,8,3,0,3,4,0,4
coliseum's,10,4,1,5,3,1,4
coliseums,9,4,1,5,2,2,4
colitis,7,3,5,8,3,5,8
colitis's,9,3,1,4,3,1,4
collaborate,11,2,2,4,3,1,4
collaborated,12,3,2,5,3,2,5
collaborates,12,4,1,5,4,1,5
collaborating,13,8,1,9,9,1,10
collaboration,13,7,1,8,3,1,4
collaboration's,15,7,0,7,4,0,4
collaborations,14,6,0,6,4,0,4
collaborative,13,6,2,8,8,2,10
collaborator,12,1,3,4,1,3,4
collaborator's,14,3,0,3,2,2,4
collaborators,13,3,0,3,3,2,5
collage,7,4,3,7,6,1,7
collage's,9,8,2,10,8,1,9
collages,8,5,2,7,6,2,8
collapse,8,5,0,5,5,0,5
collapse's,10,4,1,5,3,0,3
collapsed,9,5,0,5,3,0,3
collapses,9,4,0,4,4,0,4
collapsible,11,3,1,4,3,0,3
collapsing,10,6,0,6,6,1,7
collar,6,4,3,7,5,3,8
collar's,8,6,2,8,7,2,9
collarbone,10,2,2,4,2,2,4
collarbone's,12,5,1,6,4,1,5
collarbones,11,3,1,4,3,1,4
collared,8,7,1,8,7,1,8
collaring,9,8,3,11,8,2,10
collars,7,6,2,8,6,2,8
collate,7,5,3,8,4,0,4
collated,8,7,2,9,4,3,7
collateral,10,3,1,4,3,1,4
collateral's,12,4,0,4,3,0,3
collates,8,5,3,8,7,1,8
collating,9,7,4,11,7,3,10
collation,9,6,2,8,5,2,7
collation's,11,8,1,9,5,1,6
collations,10,7,1,8,6,1,7
colleague,9,2,1,3,2,1,3
colleague's,11,4,2,6,4,1,5
colleagues,10,4,1,5,3,2,5
collect,7,3,5,8,2,5,7
collect's,9,4,3,7,4,3,7
collectable,11,5,2,7,7,1,8
collectable's,13,9,0,9,9,1,10
collectables,12,8,0,8,8,0,8
collected,9,3,3,6,5,2,7
collectible,11,3,1,4,6,2,8
collectible's,13,8,1,9,8,2,10
collectibles,12,7,1,8,7,1,8
collecting,10,5,2,7,4,1,5
collection,10,7,1,8,5,1,6
collection's,12,9,0,9,6,0,6
collections,11,8,1,9,6,0,6
collective,10,7,1,8,5,2,7
collective's,12,9,0,9,7,1,8
collectively,12,3,1,4,3,1,4
collectives,11,8,0,8,5,1,6
collectivism,12,2,0,2,2,0,2
collectivism's,14,8,0,8,5,0,5
collectivist,12,3,0,3,3,0,3
collectivist's,14,8,0,8,5,0,5
collectivists,13,2,0,2,2,0,2
collectivize,12,2,2,4,2,2,4
collectivized,13,2,1,3,2,1,3
collectivizes,13,4,0,4,3,0,3
collectivizing,14,1,1,2,1,1,2
collector,9,4,2,6,2,2,4
collector's,11,8,0,8,3,1,4
collectors,10,7,0,7,6,1,7
collects,8,6,2,8,6,2,8
colleen,7,3,1,4,3,1,4
colleen's,9,5,0,5,5,0,5
colleens,8,4,1,5,4,1,5
college,7,4,2,6,3,1,4
college's,9,5,2,7,5,1,6
colleges,8,5,1,6,5,0,5
collegian,9,5,1,6,5,2,7
collegian's,11,7,1,8,5,0,5
collegians,10,3,2,5,4,1,5
collegiate,10,3,1,4,3,1,4
collide,7,6,3,9,5,2,7
collided,8,6,1,7,6,2,8
collides,8,6,1,7,7,1,8
colliding,9,6,3,9,4,3,7
collie,6,4,3,7,4,4,8
collie's,8,6,3,9,6,4,10
collier,7,6,2,8,6,1,7
collier's,9,5,0,5,5,0,5
collieries,10,4,0,4,4,0,4
colliers,8,4,1,5,4,0,4
colliery,8,2,2,4,3,3,6
colliery's,10,6,1,7,5,2,7
collies,7,6,0,6,6,0,6
collision,9,4,1,5,4,1,5
collision's,11,5,1,6,3,1,4
collisions,10,4,1,5,3,2,5
collocate,9,5,2,7,5,2,7
collocate's,11,6,0,6,6,0,6
collocated,10,5,2,7,5,2,7
collocates,10,5,1,6,5,1,6
collocating,11,6,2,8,4,2,6
collocation,11,5,1,6,4,2,6
collocation's,13,7,0,7,5,1,6
collocations,12,6,1,7,5,1,6
colloid,7,3,3,6,3,3,6
colloid's,9,5,3,8,5,2,7
colloids,8,5,4,9,4,4,8
colloquia,9,2,2,4,2,2,4
colloquial,10,5,3,8,3,3,6
colloquialism,13,3,0,3,3,0,3
colloquialism's,15,4,0,4,3,0,3
colloquialisms,14,3,0,3,3,0,3
colloquially,12,5,2,7,3,2,5
colloquies,10,4,1,5,4,1,5
colloquium,10,5,3,8,3,3,6
colloquium's,12,6,2,8,4,2,6
colloquiums,11,4,2,6,4,2,6
colloquy,8,3,5,8,2,5,7
colloquy's,10,3,3,6,3,3,6
collude,7,4,5,9,4,4,8
colluded,8,4,2,6,5,3,8
colludes,8,5,4,9,6,3,9
colluding,9,6,4,10,6,3,9
collusion,9,5,1,6,4,1,5
collusion's,11,6,1,7,4,1,5
collusive,9,4,0,4,4,0,4
cologne,7,3,3,6,3,2,5
cologne's,9,5,3,8,5,2,7
colognes,8,4,2,6,4,2,6
colon,5,3,4,7,2,4,6
colon's,7,5,3,8,4,3,7
colonel,7,3,5,8,4,4,8
colonel's,9,4,1,5,6,2,8
colonels,8,4,3,7,5,3,8
colones,7,4,2,6,4,3,7
colonial,8,3,2,5,4,2,6
colonial's,10,5,1,6,4,2,6
colonialism,11,4,1,5,8,0,8
colonialism's,13,9,0,9,9,0,9
colonialist,11,4,0,4,7,1,8
colonialist's,13,8,1,9,8,1,9
colonialists,12,3,0,3,3,0,3
colonials,9,4,1,5,4,1,5
colonies,8,5,1,6,5,1,6
colonist,8,4,2,6,4,2,6
colonist's,10,5,0,5,5,2,7
colonists,9,4,2,6,4,1,5
colonization,12,4,1,5,3,1,4
colonization's,14,5,0,5,4,0,4
colonize,8,4,2,6,4,2,6
colonized,9,6,2,8,6,2,8
colonizer,9,4,3,7,4,2,6
colonizer's,11,6,1,7,6,1,7
colonizers,10,4,2,6,4,1,5
colonizes,9,5,1,6,5,0,5
colonizing,10,4,3,7,5,2,7
colonnade,9,3,2,5,3,2,5
colonnade's,11,5,0,5,6,0,6
colonnades,10,5,1,6,5,1,6
colonoscopies,13,3,0,3,3,0,3
colonoscopy,11,3,0,3,1,3,4
colonoscopy's,13,1,2,3,2,1,3
colons,6,4,4,8,3,4,7
colony,6,3,5,8,3,5,8
colony's,8,5,3,8,5,3,8
color,5,3,4,7,3,4,7
color's,7,5,3,8,5,3,8
coloration,10,4,2,6,3,2,5
coloration's,12,5,1,6,5,1,6
coloratura,10,2,3,5,1,3,4
coloratura's,12,2,1,3,2,2,4
coloraturas,11,2,1,3,2,1,3
colorblind,10,3,3,6,3,3,6
colored,7,5,2,7,5,1,6
colored's,9,5,2,7,5,2,7
coloreds,8,4,2,6,4,2,6
colorfast,9,3,2,5,3,2,5
colorful,8,2,4,6,2,4,6
colorfully,10,2,3,5,1,4,5
coloring,8,5,2,7,5,2,7
coloring's,10,4,2,6,6,2,8
colorless,9,3,1,4,3,1,4
colors,6,4,4,8,4,4,8
colossal,8,2,1,3,2,1,3
colossally,10,2,0,2,2,0,2
colossi,7,1,2,3,1,2,3
colossus,8,1,2,3,2,1,3
colossus's,10,6,0,6,6,0,6
colossuses,10,5,1,6,5,1,6
cols,4,3,10,13,3,10,13
colt,4,4,4,8,4,3,7
colt's,6,6,3,9,6,2,8
coltish,7,7,2,9,7,1,8
colts,5,5,4,9,5,4,9
columbine,9,4,2,6,3,2,5
columbine's,11,5,1,6,6,1,7
columbines,10,4,1,5,4,1,5
column,6,3,4,7,3,4,7
column's,8,5,3,8,5,3,8
columned,8,6,2,8,4,4,8
columnist,9,4,1,5,4,1,5
columnist's,11,5,0,5,4,1,5
columnists,10,4,0,4,5,1,6
columns,7,4,4,8,4,4,8
coma,4,3,8,11,3,7,10
coma's,6,5,6,11,5,6,11
comas,5,4,4,8,4,4,8
comatose,8,3,0,3,3,0,3
comb,4,3,7,10,3,6,9
comb's,6,5,6,11,5,5,10
combat,6,4,5,9,6,4,10
combat's,8,6,4,10,8,3,11
combatant,9,1,3,4,1,3,4
combatant's,11,3,1,4,3,1,4
combatants,10,4,1,5,4,1,5
combated,8,6,3,9,3,5,8
combating,9,6,3,9,8,3,11
combative,9,4,2,6,4,2,6
combats,7,5,3,8,7,3,10
combatted,9,6,2,8,5,2,7
combatting,10,6,3,9,6,3,9
combed,6,6,4,10,6,3,9
combination,11,6,1,7,5,3,8
combination's,13,8,0,8,7,2,9
combinations,12,4,1,5,5,1,6
combine,7,5,3,8,5,2,7
combine's,9,7,2,9,7,2,9
combined,8,6,2,8,6,4,10
combines,8,6,0,6,5,1,6
combing,7,7,6,13,7,5,12
combining,9,5,4,9,5,4,9
combo,5,1,7,8,1,7,8
combo's,7,3,6,9,5,7,12
combos,6,3,4,7,3,3,6
combs,5,4,6,10,4,6,10
combustibility,14,2,1,3,2,1,3
combustibility's,16,2,1,3,2,1,3
combustible,11,4,0,4,4,0,4
combustible's,13,3,0,3,3,0,3
combustibles,12,3,0,3,3,0,3
combustion,10,5,0,5,4,1,5
combustion's,12,5,1,6,4,1,5
come,4,2,11,13,2,11,13
come's,6,6,6,12,6,7,13
comeback,8,3,3,6,3,3,6
comeback's,10,5,2,7,4,1,5
comebacks,9,3,3,6,3,3,6
comedian,8,4,1,5,4,1,5
comedian's,10,6,0,6,6,0,6
comedians,9,6,0,6,6,0,6
comedic,7,3,2,5,4,2,6
comedienne,10,2,1,3,2,1,3
comedienne's,12,3,0,3,3,0,3
comediennes,11,3,0,3,3,0,3
comedies,8,5,1,6,4,2,6
comedown,8,6,2,8,6,2,8
comedown's,10,8,1,9,8,1,9
comedowns,9,7,1,8,7,1,8
comedy,6,4,4,8,3,5,8
comedy's,8,5,3,8,5,3,8
comelier,8,7,2,9,7,2,9
comeliest,9,8,0,8,8,0,8
comeliness,10,8,0,8,8,0,8
comeliness's,12,9,0,9,9,0,9
comely,6,6,5,11,6,4,10
comer,5,4,8,12,4,8,12
comer's,7,6,4,10,6,4,10
comers,6,6,4,10,6,4,10
comes,5,5,7,12,5,9,14
comestible,10,4,0,4,3,0,3
comestible's,12,3,0,3,3,0,3
comestibles,11,2,0,2,2,0,2
comet,5,3,7,10,3,7,10
comet's,7,5,5,10,5,5,10
comets,6,6,4,10,4,4,8
comeuppance,11,2,2,4,3,1,4
comeuppance's,13,3,1,4,2,1,3
comeuppances,12,3,1,4,3,1,4
comfier,7,5,5,10,5,4,9
comfiest,8,7,2,9,7,1,8
comfort,7,6,4,10,6,4,10
comfort's,9,4,4,8,5,3,8
comfortable,11,3,2,5,2,2,4
comfortably,11,4,3,7,3,3,6
comforted,9,8,3,11,8,2,10
comforter,9,3,3,6,3,3,6
comforter's,11,6,1,7,6,0,6
comforters,10,4,2,6,4,1,5
comforting,10,9,3,12,9,3,12
comfortingly,12,5,2,7,3,2,5
comforts,8,7,3,10,7,3,10
comfy,5,3,8,11,3,7,10
comic,5,3,7,10,3,6,9
comic's,7,5,6,11,5,5,10
comical,7,6,2,8,6,2,8
comically,9,6,2,8,5,2,7
comics,6,5,5,10,5,4,9
coming,6,6,8,14,6,9,15
coming's,8,8,2,10,8,2,10
comings,7,7,3,10,7,3,10
comity,6,4,6,10,4,6,10
comity's,8,5,4,9,5,4,9
comma,5,3,6,9,3,4,7
comma's,7,5,4,9,5,2,7
command,7,6,4,10,5,5,10
command's,9,7,3,10,6,3,9
commandant,10,2,3,5,1,3,4
commandant's,12,2,1,3,2,2,4
commandants,11,5,1,6,5,1,6
commanded,9,3,2,5,3,2,5
commandeer,10,2,1,3,2,1,3
commandeered,12,1,2,3,1,2,3
commandeering,13,2,1,3,3,1,4
commandeers,11,4,0,4,4,0,4
commander,9,6,1,7,4,1,5
commander's,11,6,0,6,6,0,6
commanders,10,7,1,8,6,0,6
commanding,10,5,2,7,5,2,7
commandment,11,2,2,4,3,1,4
commandment's,13,4,0,4,4,0,4
commandments,12,3,1,4,3,1,4
commando,8,2,3,5,2,4,6
commando's,10,4,2,6,4,2,6
commandoes,10,5,1,6,5,1,6
commandos,9,3,2,5,3,2,5
commands,8,6,4,10,6,4,10
commas,6,5,3,8,4,2,6
commemorate,11,3,2,5,2,2,4
commemorated,12,2,2,4,3,2,5
commemorates,12,3,0,3,3,0,3
commemorating,13,8,1,9,4,2,6
commemoration,13,7,1,8,3,1,4
commemoration's,15,7,0,7,4,0,4
commemorations,14,6,0,6,4,0,4
commemorative,13,6,2,8,4,2,6
commence,8,3,2,5,4,1,5
commenced,9,5,2,7,3,2,5
commencement,12,1,2,3,1,2,3
commencement's,14,3,0,3,2,1,3
commencements,13,3,0,3,3,0,3
commences,9,3,2,5,3,2,5
commencing,10,7,1,8,4,1,5
commend,7,3,3,6,6,2,8
commendable,11,6,2,8,4,1,5
commendably,11,1,3,4,4,1,5
commendation,12,3,1,4,3,1,4
commendation's,14,5,0,5,5,0,5
commendations,13,5,0,5,4,0,4
commended,9,3,3,6,4,2,6
commending,10,8,1,9,8,1,9
commends,8,4,3,7,4,3,7
commensurable,13,3,0,3,2,1,3
commensurate,12,3,0,3,3,0,3
comment,7,4,2,6,5,3,8
comment's,9,5,2,7,5,3,8
commentaries,12,5,0,5,3,1,4
commentary,10,3,2,5,4,1,5
commentary's,12,5,1,6,5,0,5
commentate,10,3,2,5,3,2,5
commentated,11,3,2,5,3,1,4
commentates,11,3,0,3,4,1,5
commentating,12,5,1,6,4,1,5
commentator,11,2,2,4,4,1,5
commentator's,13,5,0,5,3,0,3
commentators,12,3,1,4,5,0,5
commented,9,5,2,7,5,2,7
commenting,10,7,2,9,7,2,9
comments,8,5,1,6,5,1,6
commerce,8,2,2,4,2,3,5
commerce's,10,5,0,5,4,0,4
commercial,10,3,2,5,3,2,5
commercial's,12,5,1,6,4,1,5
commercialism,13,3,0,3,3,0,3
commercialism's,15,4,0,4,3,0,3
commercialization,17,2,0,2,2,0,2
commercialization's,19,2,0,2,2,0,2
commercialize,13,3,1,4,3,1,4
commercialized,14,2,1,3,2,1,3
commercializes,14,2,1,3,3,0,3
commercializing,15,2,1,3,2,1,3
commercially,12,4,1,5,4,1,5
commercials,11,4,2,6,4,2,6
commingle,9,4,3,7,5,3,8
commingled,10,5,2,7,4,2,6
commingles,10,4,1,5,3,2,5
commingling,11,3,1,4,2,3,5
commiserate,11,2,0,2,2,0,2
commiserated,12,2,0,2,2,0,2
commiserates,12,2,0,2,2,0,2
commiserating,13,5,0,5,3,0,3
commiseration,13,5,0,5,3,0,3
commiseration's,15,3,0,3,2,0,2
commiserations,14,2,0,2,3,0,3
commissar,9,1,1,2,1,1,2
commissar's,11,2,1,3,2,1,3
commissariat,12,2,0,2,2,1,3
commissariat's,14,2,0,2,2,0,2
commissariats,13,2,0,2,1,1,2
commissaries,12,2,0,2,2,0,2
commissars,10,4,0,4,4,0,4
commissary,10,3,0,3,3,0,3
commissary's,12,3,0,3,2,1,3
commission,10,3,0,3,3,0,3
commission's,12,3,0,3,4,1,5
commissioned,12,8,0,8,8,0,8
commissioner,12,7,1,8,7,1,8
commissioner's,14,4,0,4,3,0,3
commissioners,13,2,0,2,3,0,3
commissioning,13,3,0,3,2,0,2
commissions,11,3,1,4,2,1,3
commit,6,4,4,8,3,5,8
commitment,10,3,1,4,3,1,4
commitment's,12,5,0,5,4,0,4
commitments,11,4,1,5,4,1,5
commits,7,4,5,9,4,5,9
committal,9,4,2,6,4,2,6
committal's,11,4,1,5,4,1,5
committals,10,4,1,5,4,1,5
committed,9,6,2,8,5,1,6
committee,9,1,2,3,1,2,3
committee's,11,2,1,3,2,1,3
committees,10,2,1,3,2,1,3
committing,10,5,3,8,5,3,8
commode,7,5,3,8,4,3,7
commode's,9,6,3,9,5,2,7
commodes,8,6,2,8,5,3,8
commodious,10,6,2,8,6,2,8
commodities,11,7,1,8,5,1,6
commodity,9,2,4,6,2,4,6
commodity's,11,5,2,7,3,3,6
commodore,9,2,3,5,2,3,5
commodore's,11,4,2,6,3,2,5
commodores,10,3,2,5,3,2,5
common,6,4,6,10,3,5,8
common's,8,6,4,10,5,3,8
commoner,8,3,5,8,4,4,8
commoner's,10,7,2,9,5,3,8
commoners,9,4,2,6,5,4,9
commonest,9,6,2,8,5,2,7
commonly,8,2,4,6,2,4,6
commonplace,11,3,2,5,3,2,5
commonplace's,13,4,1,5,3,2,5
commonplaces,12,4,1,5,4,1,5
commons,7,5,3,8,4,2,6
commonwealth,12,2,2,4,2,2,4
commonwealth's,14,3,0,3,3,1,4
commonwealths,13,4,0,4,3,1,4
commotion,9,3,3,6,3,3,6
commotion's,11,2,2,4,2,2,4
commotions,10,5,3,8,5,3,8
communal,8,4,4,8,3,3,6
communally,10,2,3,5,2,3,5
commune,7,6,3,9,6,2,8
commune's,9,5,3,8,8,2,10
communed,8,6,2,8,7,4,11
communes,8,7,2,9,7,2,9
communicable,12,4,1,5,4,1,5
communicant,11,2,2,4,2,2,4
communicant's,13,3,1,4,3,1,4
communicants,12,4,1,5,4,1,5
communicate,11,4,1,5,3,1,4
communicated,12,4,1,5,4,1,5
communicates,12,5,0,5,4,0,4
communicating,13,3,1,4,3,1,4
communication,13,5,1,6,5,1,6
communication's,15,6,0,6,6,0,6
communications,14,4,0,4,4,0,4
communicative,13,3,1,4,3,1,4
communicator,12,3,2,5,3,2,5
communicator's,14,3,0,3,3,0,3
communicators,13,5,0,5,3,1,4
communing,9,4,2,6,3,2,5
communion,9,5,2,7,4,2,6
communion's,11,3,2,5,3,2,5
communions,10,3,2,5,4,2,6
communique,10,3,2,5,3,2,5
communique's,12,6,0,6,5,0,5
communiques,11,6,0,6,4,1,5
communism,9,4,1,5,4,1,5
communism's,11,4,1,5,4,1,5
communist,9,4,1,5,4,1,5
communist's,11,6,1,7,4,1,5
communistic,11,3,1,4,3,1,4
communists,10,4,1,5,5,1,6
communities,11,7,1,8,7,1,8
community,9,3,2,5,3,2,5
community's,11,5,2,7,4,2,6
commutation,11,8,1,9,5,2,7
commutation's,13,6,0,6,6,1,7
commutations,12,8,1,9,6,1,7
commutative,11,3,2,5,4,1,5
commute,7,5,4,9,5,3,8
commute's,9,6,2,8,7,3,10
commuted,8,5,3,8,6,5,11
commuter,8,7,4,11,4,3,7
commuter's,10,7,2,9,6,2,8
commuters,9,8,2,10,5,4,9
commutes,8,6,3,9,6,3,9
commuting,9,6,2,8,5,3,8
compact,7,4,4,8,3,5,8
compact's,9,6,3,9,5,3,8
compacted,9,5,2,7,5,2,7
compacter,9,3,3,6,3,3,6
compactest,10,4,0,4,4,0,4
compacting,10,6,3,9,6,3,9
compaction,10,5,2,7,4,2,6
compactly,9,2,3,5,2,3,5
compactness,11,5,1,6,5,1,6
compactness's,13,6,1,7,6,1,7
compactor,9,3,3,6,2,4,6
compactor's,11,5,1,6,3,2,5
compactors,10,4,2,6,4,2,6
compacts,8,4,4,8,4,4,8
companies,9,6,0,6,4,1,5
companion,9,5,2,7,4,2,6
companion's,11,4,2,6,4,1,5
companionable,13,3,1,4,2,1,3
companions,10,5,2,7,5,1,6
companionship,13,2,1,3,2,0,2
companionship's,15,4,0,4,1,1,2
companionway,12,2,1,3,2,1,3
companionway's,14,3,2,5,3,0,3
companionways,13,2,3,5,3,1,4
company,7,3,4,7,5,5,10
company's,9,7,3,10,6,3,9
comparability,13,2,1,3,2,1,3
comparability's,15,6,0,6,3,0,3
comparable,10,6,1,7,5,3,8
comparably,10,2,3,5,2,3,5
comparative,11,3,2,5,3,1,4
comparative's,13,7,0,7,5,0,5
comparatively,13,3,1,4,3,1,4
comparatives,12,5,0,5,5,0,5
compare,7,4,4,8,6,2,8
compare's,9,6,1,7,8,2,10
compared,8,6,2,8,6,2,8
compares,8,6,2,8,7,3,10
comparing,9,8,2,10,7,4,11
comparison,10,5,0,5,2,0,2
comparison's,12,5,0,5,2,1,3
comparisons,11,2,2,4,3,1,4
compartment,11,5,2,7,5,1,6
compartment's,13,10,0,10,6,0,6
compartmentalize,16,1,1,2,2,1,3
compartmentalized,17,13,0,13,13,0,13
compartmentalizes,17,12,1,13,12,1,13
compartmentalizing,18,1,1,2,1,1,2
compartments,12,7,0,7,5,0,5
compass,7,4,1,5,4,1,5
compass's,9,5,1,6,5,1,6
compassed,9,4,0,4,5,0,5
compasses,9,5,0,5,5,0,5
compassing,10,5,1,6,5,1,6
compassion,10,4,1,5,4,1,5
compassion's,12,5,0,5,4,1,5
compassionate,13,3,0,3,2,0,2
compassionately,15,1,0,1,1,0,1
compatibility,13,2,1,3,2,1,3
compatibility's,15,5,0,5,2,0,2
compatible,10,3,1,4,3,1,4
compatible's,12,6,0,6,5,0,5
compatibles,11,6,0,6,4,0,4
compatibly,10,2,2,4,2,2,4
compatriot,10,2,3,5,2,3,5
compatriot's,12,4,1,5,3,1,4
compatriots,11,3,2,5,4,1,5
compel,6,3,5,8,3,5,8
compelled,9,4,3,7,5,3,8
compelling,10,6,2,8,6,2,8
compellingly,12,4,1,5,3,1,4
compels,7,5,5,10,4,4,8
compendia,9,3,2,5,3,2,5
compendium,10,3,2,5,3,2,5
compendium's,12,7,0,7,4,0,4
compendiums,11,4,1,5,4,0,4
compensate,10,3,1,4,3,0,3
compensated,11,3,0,3,2,0,2
compensates,11,2,0,2,2,0,2
compensating,12,5,0,5,3,0,3
compensation,12,5,0,5,3,0,3
compensation's,14,5,0,5,3,0,3
compensations,13,4,0,4,4,0,4
compensatory,12,5,0,5,3,0,3
compete,7,3,3,6,2,3,5
competed,8,4,3,7,4,3,7
competence,10,3,1,4,3,1,4
competence's,12,4,0,4,4,0,4
competences,11,4,0,4,4,0,4
competencies,12,3,0,3,3,0,3
competency,10,2,1,3,2,1,3
competency's,12,3,0,3,3,0,3
competent,9,3,1,4,3,1,4
competently,11,3,2,5,3,1,4
competes,8,5,0,5,5,1,6
competing,9,6,2,8,6,2,8
competition,11,2,2,4,2,2,4
competition's,13,9,0,9,3,1,4
competitions,12,5,1,6,3,1,4
competitive,11,2,3,5,2,2,4
competitively,13,2,1,3,1,2,3
competitiveness,15,3,0,3,2,0,2
competitiveness's,17,1,0,1,1,0,1
competitor,10,2,2,4,2,2,4
competitor's,12,4,1,5,3,1,4
competitors,11,3,3,6,3,1,4
compilation,11,4,1,5,4,2,6
compilation's,13,6,0,6,5,1,6
compilations,12,6,1,7,5,1,6
compile,7,4,4,8,5,2,7
compiled,8,7,3,10,3,4,7
compiler,8,4,2,6,4,1,5
compiler's,10,6,0,6,6,0,6
compilers,9,5,1,6,5,1,6
compiles,8,6,1,7,5,2,7
compiling,9,6,3,9,4,3,7
complacence,11,2,2,4,2,1,3
complacence's,13,3,1,4,3,0,3
complacency,11,4,2,6,2,1,3
complacency's,13,5,1,6,3,1,4
complacent,10,4,1,5,4,2,6
complacently,12,5,2,7,3,2,5
complain,8,4,3,7,4,2,6
complainant,11,2,2,4,2,2,4
complainant's,13,4,1,5,3,1,4
complainants,12,3,1,4,3,1,4
complained,10,5,1,6,4,2,6
complainer,10,4,2,6,6,1,7
complainer's,12,8,0,8,8,0,8
complainers,11,7,1,8,7,0,7
complaining,11,3,2,5,2,2,4
complains,9,4,2,6,4,1,5
complaint,9,3,3,6,3,3,6
complaint's,11,4,1,5,4,1,5
complaints,10,5,2,7,4,2,6
complaisance,12,2,0,2,2,0,2
complaisance's,14,2,0,2,2,0,2
complaisant,11,5,1,6,3,1,4
complaisantly,13,2,0,2,2,1,3
complected,10,3,3,6,3,3,6
complement,10,3,1,4,3,1,4
complement's,12,5,0,5,4,0,4
complementary,13,1,2,3,1,2,3
complemented,12,3,2,5,2,2,4
complementing,13,5,1,6,5,1,6
complements,11,4,0,4,4,0,4
complete,8,2,3,5,2,3,5
completed,9,3,3,6,2,3,5
completely,10,1,3,4,1,3,4
completeness,12,2,0,2,2,0,2
completeness's,14,2,0,2,2,0,2
completer,9,4,2,6,4,1,5
completes,9,8,0,8,8,0,8
completest,10,4,0,4,3,0,3
completing,10,5,2,7,4,2,6
completion,10,9,1,10,9,1,10
completion's,12,11,1,12,11,1,12
complex,7,4,5,9,3,5,8
complex's,9,5,2,7,8,2,10
complexes,9,7,1,8,7,1,8
complexion,10,8,2,10,8,2,10
complexion's,12,10,2,12,10,2,12
complexioned,12,2,1,3,2,1,3
complexions,11,5,1,6,4,1,5
complexities,12,4,0,4,4,0,4
complexity,10,2,3,5,2,3,5
complexity's,12,9,1,10,4,1,5
compliance,10,4,1,5,4,1,5
compliance's,12,6,0,6,5,0,5
compliant,9,4,3,7,4,2,6
complicate,10,4,1,5,4,1,5
complicated,11,4,1,5,5,1,6
complicates,11,4,0,4,4,0,4
complicating,12,6,1,7,6,1,7
complication,12,6,1,7,4,1,5
complication's,14,7,0,7,4,0,4
complications,13,5,0,5,3,1,4
complicity,10,4,3,7,3,3,6
complicity's,12,5,2,7,4,2,6
complied,8,7,3,10,5,2,7
complies,8,4,2,6,4,2,6
compliment,10,4,1,5,4,1,5
compliment's,12,6,0,6,5,0,5
complimentary,13,2,1,3,2,1,3
complimented,12,4,1,5,2,1,3
complimenting,13,3,1,4,2,1,3
compliments,11,5,1,6,4,1,5
comply,6,4,5,9,4,5,9
complying,9,8,3,11,5,2,7
component,9,3,1,4,3,1,4
component's,11,5,0,5,4,0,4
components,10,3,1,4,3,1,4
comport,7,5,5,10,5,5,10
comported,9,7,4,11,7,3,10
comporting,10,8,4,12,8,4,12
comportment,11,4,2,6,5,1,6
comportment's,13,10,0,10,6,0,6
comports,8,6,4,10,6,4,10
compose,7,3,0,3,6,3,9
composed,8,4,1,5,4,0,4
composer,8,3,1,4,4,1,5
composer's,10,3,1,4,4,0,4
composers,9,3,1,4,3,0,3
composes,8,3,2,5,3,2,5
composing,9,5,1,6,4,1,5
composite,9,7,0,7,4,1,5
composite's,11,8,0,8,5,1,6
composites,10,6,0,6,5,1,6
composition,11,4,1,5,3,1,4
composition's,13,4,1,5,3,1,4
compositions,12,4,2,6,3,1,4
compositor,10,2,2,4,2,1,3
compositor's,12,3,1,4,2,1,3
compositors,11,2,2,4,3,1,4
compost,7,3,3,6,3,3,6
compost's,9,3,3,6,3,3,6
composted,9,4,2,6,4,2,6
composting,10,6,1,7,4,1,5
composts,8,3,4,7,2,4,6
composure,9,6,1,7,5,0,5
composure's,11,7,1,8,6,0,6
compote,7,5,4,9,5,4,9
compote's,9,6,3,9,5,2,7
compotes,8,6,3,9,5,3,8
compound,8,4,5,9,4,5,9
compound's,10,5,3,8,4,3,7
compounded,10,4,1,5,4,2,6
compounding,11,4,1,5,4,2,6
compounds,9,6,3,9,6,3,9
comprehend,10,3,1,4,3,1,4
comprehended,12,3,2,5,2,2,4
comprehending,13,5,1,6,5,1,6
comprehends,11,6,1,7,6,1,7
comprehensibility,17,1,0,1,1,0,1
comprehensibility's,19,1,0,1,1,0,1
comprehensible,14,3,0,3,2,0,2
comprehension,13,4,0,4,3,0,3
comprehension's,15,4,0,4,2,0,2
comprehensions,14,2,0,2,2,0,2
comprehensive,13,4,0,4,3,0,3
comprehensive's,15,4,0,4,2,0,2
comprehensively,15,2,0,2,2,0,2
comprehensiveness,17,2,0,2,2,0,2
comprehensiveness's,19,1,0,1,1,0,1
comprehensives,14,2,0,2,2,0,2
compress,8,3,3,6,3,3,6
compress's,10,4,2,6,3,2,5
compressed,10,4,1,5,3,1,4
compresses,10,5,2,7,5,2,7
compressing,11,4,1,5,4,1,5
compression,11,3,0,3,3,0,3
compression's,13,4,0,4,3,0,3
compressor,10,2,1,3,2,1,3
compressor's,12,2,0,2,2,0,2
compressors,11,2,0,2,2,0,2
comprise,8,5,0,5,4,1,5
comprised,9,6,0,6,5,1,6
comprises,9,5,0,5,3,1,4
comprising,10,5,0,5,3,1,4
compromise,10,3,1,4,3,1,4
compromise's,12,4,1,5,3,1,4
compromised,11,2,0,2,2,0,2
compromises,11,3,1,4,3,1,4
compromising,12,3,0,3,3,0,3
comptroller,11,4,3,7,3,2,5
comptroller's,13,4,0,4,4,0,4
comptrollers,12,4,1,5,3,1,4
compulsion,10,5,0,5,4,1,5
compulsion's,12,6,0,6,3,2,5
compulsions,11,4,1,5,3,2,5
compulsive,10,3,1,4,5,0,5
compulsively,12,9,0,9,5,0,5
compulsiveness,14,2,0,2,2,0,2
compulsiveness's,16,2,0,2,2,0,2
compulsories,12,3,1,4,3,0,3
compulsorily,12,2,1,3,2,1,3
compulsory,10,1,3,4,1,3,4
compulsory's,12,2,3,5,2,2,4
compunction,11,2,2,4,3,2,5
compunction's,13,6,0,6,4,1,5
compunctions,12,4,2,6,4,1,5
computation,11,8,1,9,5,2,7
computation's,13,9,0,9,6,1,7
computational,13,1,2,3,1,2,3
computationally,15,2,1,3,2,1,3
computations,12,8,1,9,6,1,7
compute,7,5,3,8,5,2,7
computed,8,6,4,10,5,4,9
computer,8,7,4,11,4,3,7
computer's,10,6,2,8,6,2,8
computerization,15,3,1,4,3,1,4
computerization's,17,4,0,4,3,0,3
computerize,11,3,2,5,1,2,3
computerized,12,3,1,4,2,2,4
computerizes,12,4,1,5,3,1,4
computerizing,13,3,2,5,2,2,4
computers,9,8,2,10,4,4,8
computes,8,6,2,8,6,2,8
computing,9,7,4,11,6,4,10
computing's,11,5,2,7,4,2,6
comrade,7,5,3,8,6,2,8
comrade's,9,7,1,8,8,2,10
comrades,8,6,2,8,7,3,10
comradeship,11,3,0,3,3,0,3
comradeship's,13,3,0,3,3,0,3
con,3,3,8,11,3,8,11
con's,5,5,11,16,5,11,16
concatenate,11,2,2,4,2,1,3
concatenated,12,2,2,4,2,2,4
concatenates,12,3,0,3,3,0,3
concatenating,13,2,1,3,3,1,4
concatenation,13,2,1,3,3,1,4
concatenation's,15,3,0,3,4,0,4
concatenations,14,3,0,3,4,0,4
concave,7,4,4,8,4,1,5
concavities,11,5,1,6,5,1,6
concavity,9,3,2,5,3,2,5
concavity's,11,7,2,9,8,1,9
conceal,7,4,2,6,4,2,6
concealed,9,5,3,8,5,2,7
concealing,10,6,1,7,5,1,6
concealment,11,2,2,4,2,1,3
concealment's,13,3,0,3,3,0,3
conceals,8,5,2,7,5,2,7
concede,7,3,1,4,3,0,3
conceded,8,2,1,3,2,1,3
concedes,8,4,0,4,3,0,3
conceding,9,5,3,8,5,3,8
conceit,7,6,3,9,6,3,9
conceit's,9,8,2,10,8,2,10
conceited,9,7,2,9,7,3,10
conceits,8,7,1,8,7,1,8
conceivable,11,3,1,4,4,1,5
conceivably,11,3,1,4,3,1,4
conceive,8,3,1,4,3,1,4
conceived,9,6,3,9,6,4,10
conceives,9,3,0,3,3,1,4
conceiving,10,3,1,4,4,1,5
concentrate,11,4,2,6,2,2,4
concentrate's,13,2,0,2,3,0,3
concentrated,12,2,2,4,3,2,5
concentrates,12,3,0,3,3,0,3
concentrating,13,2,1,3,3,1,4
concentration,13,2,1,3,3,1,4
concentration's,15,2,0,2,4,0,4
concentrations,14,2,0,2,4,0,4
concentric,10,3,1,4,3,1,4
concentrically,14,3,1,4,3,1,4
concept,7,5,4,9,5,4,9
concept's,9,7,3,10,7,3,10
conception,10,3,1,4,3,1,4
conception's,12,5,0,5,4,0,4
conceptions,11,4,1,5,4,0,4
concepts,8,7,2,9,7,2,9
conceptual,10,4,1,5,4,1,5
conceptualization,17,2,0,2,2,0,2
conceptualization's,19,2,0,2,2,0,2
conceptualizations,18,2,0,2,3,0,3
conceptualize,13,3,1,4,5,1,6
conceptualized,14,2,1,3,2,1,3
conceptualizes,14,3,0,3,4,0,4
conceptualizing,15,2,1,3,2,1,3
conceptually,12,2,2,4,2,2,4
concern,7,3,3,6,3,3,6
concern's,9,4,3,7,5,1,6
concerned,9,3,1,4,3,1,4
concerning,10,3,1,4,3,1,4
concerns,8,5,3,8,4,3,7
concert,7,4,3,7,4,2,6
concert's,9,6,2,8,6,1,7
concerted,9,4,1,5,4,1,5
concerti,8,4,2,6,4,2,6
concertina,10,4,2,6,5,1,6
concertina's,12,5,0,5,5,0,5
concertinaed,12,3,1,4,3,1,4
concertinaing,13,3,1,4,3,1,4
concertinas,11,4,1,5,4,1,5
concerting,10,5,2,7,4,2,6
concertmaster,13,2,0,2,2,1,3
concertmaster's,15,3,0,3,2,0,2
concertmasters,14,2,0,2,2,0,2
concerto,8,3,2,5,3,2,5
concerto's,10,6,0,6,5,1,6
concertos,9,5,1,6,4,2,6
concerts,8,6,3,9,6,3,9
concession,10,5,0,5,6,0,6
concession's,12,7,0,7,5,0,5
concessionaire,14,2,0,2,2,0,2
concessionaire's,16,1,0,1,1,0,1
concessionaires,15,1,0,1,1,0,1
concessions,11,4,0,4,5,0,5
conch,5,3,5,8,3,4,7
conch's,7,5,3,8,5,2,7
conches,7,6,3,9,6,3,9
conchs,6,5,5,10,4,5,9
concierge,9,2,1,3,2,1,3
concierge's,11,4,0,4,3,0,3
concierges,10,4,0,4,4,0,4
conciliate,10,4,1,5,4,1,5
conciliated,11,6,1,7,4,1,5
conciliates,11,5,0,5,5,0,5
conciliating,12,2,1,3,2,1,3
conciliation,12,2,1,3,2,1,3
conciliation's,14,3,0,3,3,0,3
conciliator,11,6,1,7,2,2,4
conciliator's,13,3,0,3,3,1,4
conciliators,12,3,2,5,3,1,4
conciliatory,12,4,1,5,2,1,3
concise,7,4,0,4,4,1,5
concisely,9,5,0,5,5,0,5
conciseness,11,3,0,3,3,0,3
conciseness's,13,3,0,3,3,0,3
conciser,8,3,1,4,4,1,5
concisest,9,3,0,3,2,0,2
conclave,8,3,2,5,3,2,5
conclave's,10,7,1,8,6,0,6
conclaves,9,5,2,7,6,2,8
conclude,8,3,3,6,3,3,6
concluded,9,4,2,6,4,2,6
concludes,9,4,2,6,4,2,6
concluding,10,6,2,8,5,2,7
conclusion,10,4,0,4,5,1,6
conclusion's,12,5,0,5,4,2,6
conclusions,11,4,1,5,4,2,6
conclusive,10,5,0,5,4,0,4
conclusively,12,4,0,4,4,0,4
concoct,7,2,4,6,2,4,6
concocted,9,4,3,7,4,2,6
concocting,10,3,2,5,3,2,5
concoction,10,3,2,5,4,2,6
concoction's,12,3,2,5,4,2,6
concoctions,11,3,2,5,3,2,5
concocts,8,3,3,6,3,3,6
concomitant,11,2,2,4,2,2,4
concomitant's,13,3,0,3,3,1,4
concomitants,12,3,1,4,4,1,5
concord,7,3,4,7,3,4,7
concord's,9,5,2,7,5,2,7
concordance,11,3,2,5,4,1,5
concordance's,13,4,1,5,3,1,4
concordances,12,4,1,5,4,1,5
concordant,10,1,3,4,2,3,5
concourse,9,3,0,3,3,0,3
concourse's,11,4,1,5,3,0,3
concourses,10,3,1,4,3,0,3
concrete,8,3,1,4,3,1,4
concrete's,10,5,0,5,5,0,5
concreted,9,3,2,5,2,2,4
concretely,10,2,1,3,2,1,3
concretes,9,4,0,4,4,0,4
concreting,10,4,2,6,5,1,6
concubine,9,4,2,6,4,2,6
concubine's,11,6,1,7,5,1,6
concubines,10,5,1,6,5,1,6
concur,6,3,5,8,3,5,8
concurred,9,4,3,7,4,3,7
concurrence,11,2,2,4,2,1,3
concurrence's,13,3,1,4,3,0,3
concurrences,12,4,0,4,3,0,3
concurrency,11,4,2,6,2,1,3
concurrent,10,4,1,5,4,1,5
concurrently,12,3,2,5,3,2,5
concurring,10,6,2,8,5,2,7
concurs,7,3,3,6,3,3,6
concussion,10,4,1,5,4,1,5
concussion's,12,6,1,7,3,1,4
concussions,11,3,1,4,2,1,3
condemn,7,3,2,5,3,2,5
condemnation,12,2,1,3,2,1,3
condemnation's,14,4,0,4,4,0,4
condemnations,13,4,0,4,3,0,3
condemnatory,12,2,2,4,2,2,4
condemned,9,2,2,4,2,2,4
condemning,10,3,1,4,3,1,4
condemns,8,5,3,8,4,3,7
condensation,12,5,0,5,3,0,3
condensation's,14,5,0,5,3,0,3
condensations,13,4,0,4,4,0,4
condense,8,3,0,3,3,0,3
condensed,9,6,0,6,3,0,3
condenser,9,6,0,6,3,0,3
condenser's,11,5,0,5,3,0,3
condensers,10,2,1,3,3,0,3
condenses,9,4,0,4,3,0,3
condensing,10,3,0,3,3,0,3
condescend,10,3,0,3,3,0,3
condescended,12,2,0,2,2,0,2
condescending,13,3,0,3,3,0,3
condescendingly,15,5,0,5,3,0,3
condescends,11,2,1,3,3,1,4
condescension,13,2,0,2,2,0,2
condescension's,15,2,0,2,2,0,2
condiment,9,7,1,8,6,1,7
condiment's,11,4,0,4,3,0,3
condiments,10,3,1,4,3,1,4
condition,9,2,2,4,2,2,4
condition's,11,3,2,5,3,2,5
conditional,11,3,1,4,2,2,4
conditional's,13,3,1,4,3,1,4
conditionally,13,3,1,4,2,1,3
conditionals,12,3,1,4,3,1,4
conditioned,11,7,2,9,5,2,7
conditioner,11,7,2,9,5,2,7
conditioner's,13,4,0,4,4,1,5
conditioners,12,4,1,5,4,0,4
conditioning,12,2,1,3,2,1,3
conditions,10,3,3,6,3,4,7
condo,5,2,5,7,2,6,8
condo's,7,4,4,8,6,2,8
condoes,7,4,4,8,4,3,7
condole,7,5,3,8,6,2,8
condoled,8,5,1,6,4,2,6
condolence,10,4,1,5,4,1,5
condolence's,12,6,0,6,5,0,5
condolences,11,5,0,5,5,0,5
condoles,8,6,2,8,6,2,8
condoling,9,5,3,8,5,3,8
condom,6,5,4,9,5,4,9
condom's,8,7,2,9,7,2,9
condominium,11,2,1,3,2,2,4
condominium's,13,3,3,6,2,2,4
condominiums,12,3,2,5,2,1,3
condoms,7,6,3,9,6,3,9
condone,7,5,3,8,4,2,6
condoned,8,5,1,6,4,2,6
condones,8,6,2,8,5,2,7
condoning,9,3,2,5,3,2,5
condor,6,4,5,9,4,5,9
condor's,8,6,3,9,6,3,9
condors,7,5,4,9,5,4,9
condos,6,3,4,7,2,6,8
conduce,7,4,3,7,4,2,6
conduced,8,3,1,4,3,2,5
conduces,8,4,2,6,4,2,6
conducing,9,4,2,6,4,2,6
conducive,9,4,2,6,3,2,5
conduct,7,4,4,8,3,4,7
conduct's,9,6,3,9,5,3,8
conducted,9,2,2,4,2,2,4
conducting,10,5,2,7,4,2,6
conduction,10,3,2,5,3,2,5
conduction's,12,7,2,9,4,2,6
conductive,10,4,2,6,4,2,6
conductivity,12,2,1,3,2,1,3
conductivity's,14,3,0,3,4,0,4
conductor,9,1,4,5,1,4,5
conductor's,11,3,2,5,3,2,5
conductors,10,3,3,6,4,2,6
conducts,8,3,5,8,3,5,8
conduit,7,5,3,8,5,3,8
conduit's,9,7,2,9,5,2,7
conduits,8,6,2,8,6,2,8
cone,4,4,4,8,4,4,8
cone's,6,6,7,13,6,8,14
cones,5,5,5,10,5,8,13
confab,6,4,4,8,4,4,8
confab's,8,6,3,9,6,3,9
confabbed,9,5,1,6,6,3,9
confabbing,10,4,2,6,4,2,6
confabs,7,4,5,9,4,4,8
confection,10,7,1,8,7,1,8
confection's,12,9,0,9,9,0,9
confectioner,12,3,1,4,3,1,4
confectioner's,14,3,0,3,4,0,4
confectioneries,15,6,0,6,3,0,3
confectioners,13,5,0,5,3,0,3
confectionery,13,2,2,4,2,2,4
confectionery's,15,6,0,6,3,0,3
confections,11,4,1,5,4,0,4
confederacies,13,2,1,3,2,0,2
confederacy,11,2,2,4,2,1,3
confederacy's,13,2,1,3,3,0,3
confederate,11,1,2,3,1,1,2
confederate's,13,4,0,4,2,0,2
confederated,12,2,2,4,2,2,4
confederates,12,3,0,3,3,0,3
confederating,13,6,1,7,4,1,5
confederation,13,8,1,9,5,1,6
confederation's,15,8,0,8,6,0,6
confederations,14,9,0,9,5,0,5
confer,6,5,6,11,5,6,11
conference,10,3,1,4,3,1,4
conference's,12,4,0,4,4,0,4
conferences,11,4,0,4,4,0,4
conferencing,12,2,1,3,2,1,3
conferment,10,7,1,8,7,1,8
conferment's,12,5,1,6,9,1,10
conferments,11,6,1,7,4,1,5
conferred,9,2,2,4,2,2,4
conferrer,9,2,1,3,2,1,3
conferring,10,7,1,8,5,1,6
confers,7,6,4,10,6,5,11
confess,7,3,0,3,3,0,3
confessed,9,4,1,5,4,1,5
confessedly,11,2,0,2,2,0,2
confesses,9,3,1,4,3,1,4
confessing,10,4,0,4,4,0,4
confession,10,5,0,5,6,0,6
confession's,12,5,0,5,5,0,5
confessional,12,4,0,4,3,0,3
confessional's,14,4,0,4,3,0,3
confessionals,13,3,0,3,2,0,2
confessions,11,4,0,4,5,0,5
confessor,9,3,0,3,3,0,3
confessor's,11,3,0,3,3,0,3
confessors,10,3,1,4,3,1,4
confetti,8,4,2,6,3,3,6
confetti's,10,6,1,7,4,2,6
confidant,9,4,2,6,3,2,5
confidant's,11,4,2,6,4,3,7
confidante,10,5,1,6,4,1,5
confidante's,12,5,0,5,4,0,4
confidantes,11,3,0,3,3,0,3
confidants,10,4,3,7,4,2,6
confide,7,5,2,7,5,1,6
confided,8,5,2,7,3,3,6
confidence,10,6,1,7,6,1,7
confidence's,12,8,0,8,8,0,8
confidences,11,7,0,7,7,0,7
confident,9,7,1,8,6,1,7
confidential,12,2,1,3,2,1,3
confidentiality,15,1,1,2,1,1,2
confidentiality's,17,1,0,1,1,0,1
confidentially,14,2,1,3,3,1,4
confidently,11,5,1,6,3,1,4
confides,8,6,0,6,5,0,5
confiding,9,2,2,4,2,2,4
configurable,12,5,1,6,2,2,4
configuration,13,3,1,4,2,1,3
configuration's,15,4,0,4,4,0,4
configurations,14,9,0,9,3,0,3
configure,9,4,3,7,4,4,8
configured,10,5,2,7,4,2,6
configures,10,6,1,7,7,1,8
configuring,11,3,1,4,2,2,4
confine,7,5,2,7,5,1,6
confine's,9,7,1,8,7,1,8
confined,8,5,2,7,4,2,6
confinement,11,3,1,4,2,1,3
confinement's,13,5,0,5,3,0,3
confinements,12,4,0,4,4,0,4
confines,8,6,0,6,5,0,5
confining,9,2,2,4,2,2,4
confirm,7,3,2,5,3,3,6
confirmation,12,2,1,3,2,1,3
confirmation's,14,4,0,4,4,0,4
confirmations,13,4,0,4,3,1,4
confirmatory,12,3,2,5,2,2,4
confirmed,9,5,3,8,5,2,7
confirming,10,3,2,5,3,2,5
confirms,8,5,2,7,5,2,7
confiscate,10,3,0,3,4,0,4
confiscated,11,3,0,3,3,0,3
confiscates,11,3,0,3,3,0,3
confiscating,12,2,1,3,4,1,5
confiscation,12,2,1,3,4,1,5
confiscation's,14,2,0,2,2,0,2
confiscations,13,3,1,4,3,1,4
conflagration,13,8,1,9,5,1,6
conflagration's,15,8,0,8,6,0,6
conflagrations,14,7,0,7,5,0,5
conflict,8,4,2,6,4,2,6
conflict's,10,5,3,8,4,2,6
conflicted,10,5,2,7,4,2,6
conflicting,11,4,1,5,3,2,5
conflicts,9,4,3,7,5,2,7
confluence,10,5,2,7,5,2,7
confluence's,12,7,1,8,7,1,8
confluences,11,6,1,7,6,1,7
confluent,9,7,2,9,7,2,9
conform,7,3,5,8,3,5,8
conformance,11,3,2,5,5,1,6
conformation,12,4,1,5,3,1,4
conformation's,14,6,0,6,4,1,5
conformations,13,6,0,6,5,1,6
conformed,9,5,4,9,5,3,8
conforming,10,7,2,9,6,3,9
conformist,10,5,1,6,4,0,4
conformist's,12,6,1,7,3,1,4
conformists,11,3,1,4,3,1,4
conformity,10,3,2,5,3,2,5
conformity's,12,6,2,8,3,3,6
conforms,8,4,4,8,4,4,8
confound,8,2,4,6,2,4,6
confounded,10,3,1,4,4,2,6
confounding,11,3,1,4,3,2,5
confounds,9,4,3,7,4,3,7
confront,8,2,4,6,2,4,6
confrontation,13,3,1,4,2,1,3
confrontation's,15,4,0,4,3,0,3
confrontational,15,1,1,2,1,1,2
confrontations,14,3,0,3,3,0,3
confronted,10,4,2,6,3,2,5
confronting,11,3,1,4,3,2,5
confronts,9,3,3,6,3,2,5
confrère,8,4,3,7,4,3,7
confrère's,10,5,2,7,4,2,6
confrères,9,4,2,6,4,2,6
confuse,7,7,0,7,7,3,10
confused,8,8,0,8,8,0,8
confusedly,10,5,0,5,3,0,3
confuses,8,7,0,7,7,0,7
confusing,9,8,1,9,8,2,10
confusingly,11,2,1,3,2,1,3
confusion,9,7,1,8,7,1,8
confusion's,11,8,1,9,8,1,9
confusions,10,7,1,8,7,2,9
confute,7,6,4,10,6,4,10
confuted,8,7,2,9,5,6,11
confutes,8,7,3,10,7,4,11
confuting,9,7,2,9,7,2,9
conga,5,3,5,8,3,5,8
conga's,7,5,4,9,5,3,8
congaed,7,4,6,10,4,6,10
congaing,8,4,2,6,4,2,6
congas,6,4,4,8,4,3,7
congeal,7,4,2,6,4,2,6
congealed,9,4,2,6,5,3,8
congealing,10,6,1,7,4,1,5
congeals,8,5,2,7,5,2,7
congenial,9,4,1,5,4,1,5
congeniality,12,2,1,3,2,1,3
congeniality's,14,6,0,6,3,0,3
congenially,11,4,1,5,2,1,3
congenital,10,3,1,4,3,1,4
congenitally,12,4,1,5,5,1,6
congest,7,4,5,9,6,4,10
congested,9,3,1,4,3,1,4
congesting,10,5,0,5,4,0,4
congestion,10,3,0,3,3,0,3
congestion's,12,4,0,4,3,0,3
congestive,10,5,0,5,3,1,4
congests,8,4,1,5,4,2,6
conglomerate,12,2,2,4,2,2,4
conglomerate's,14,3,0,3,3,1,4
conglomerated,13,2,2,4,2,2,4
conglomerates,13,3,0,3,3,0,3
conglomerating,14,5,1,6,4,1,5
conglomeration,14,5,1,6,3,1,4
conglomeration's,16,4,0,4,3,0,3
conglomerations,15,3,0,3,4,0,4
congratulate,12,3,2,5,2,2,4
congratulated,13,2,2,4,2,2,4
congratulates,13,3,0,3,3,1,4
congratulating,14,4,1,5,4,1,5
congratulation,14,4,1,5,3,1,4
congratulation's,16,4,0,4,3,0,3
congratulations,15,3,0,3,3,0,3
congratulatory,14,1,3,4,1,3,4
congregate,10,4,1,5,4,1,5
congregated,11,2,2,4,5,1,6
congregates,11,3,0,3,4,0,4
congregating,12,3,1,4,3,1,4
congregation,12,4,1,5,3,1,4
congregation's,14,6,0,6,4,0,4
congregational,14,2,1,3,2,1,3
congregations,13,6,0,6,4,0,4
congress,8,5,0,5,5,0,5
congress's,10,6,0,6,6,0,6
congresses,10,6,1,7,6,1,7
congressional,13,4,0,4,2,0,2
congressman,11,6,0,6,3,0,3
congressman's,13,3,0,3,3,0,3
congressmen,11,6,0,6,3,0,3
congresswoman,13,4,0,4,4,0,4
congresswoman's,15,1,0,1,1,0,1
congresswomen,13,2,0,2,4,0,4
congruence,10,4,2,6,4,2,6
congruence's,12,6,1,7,6,1,7
congruent,9,6,3,9,6,3,9
congruities,11,5,0,5,6,2,8
congruity,9,3,2,5,3,2,5
congruity's,11,5,2,7,4,2,6
congruous,9,3,3,6,3,3,6
conic,5,3,5,8,3,4,7
conic's,7,5,3,8,5,2,7
conical,7,5,3,8,5,3,8
conics,6,5,4,9,4,5,9
conifer,7,6,2,8,4,2,6
conifer's,9,8,2,10,8,2,10
coniferous,10,5,1,6,6,1,7
conifers,8,7,2,9,7,2,9
conjectural,11,3,2,5,3,1,4
conjecture,10,2,3,5,2,3,5
conjecture's,12,5,1,6,5,1,6
conjectured,11,3,2,5,2,2,4
conjectures,11,5,1,6,3,0,3
conjecturing,12,4,1,5,4,1,5
conjoin,7,2,4,6,2,4,6
conjoined,9,4,2,6,4,2,6
conjoining,10,5,2,7,3,2,5
conjoins,8,4,5,9,3,5,8
conjoint,8,2,3,5,2,3,5
conjugal,8,5,4,9,3,3,6
conjugate,9,8,2,10,5,3,8
conjugated,10,9,2,11,6,3,9
conjugates,10,9,1,10,4,2,6
conjugating,11,3,1,4,3,2,5
conjugation,11,7,1,8,6,2,8
conjugation's,13,9,0,9,7,1,8
conjugations,12,6,1,7,7,1,8
conjunction,11,3,1,4,2,2,4
conjunction's,13,6,0,6,4,1,5
conjunctions,12,4,2,6,4,1,5
conjunctive,11,2,1,3,3,2,5
conjunctive's,13,6,0,6,4,1,5
conjunctives,12,5,0,5,5,0,5
conjunctivitis,14,2,0,2,2,0,2
conjunctivitis's,16,2,0,2,2,0,2
conjuncture,11,2,3,5,2,3,5
conjuncture's,13,5,1,6,4,1,5
conjunctures,12,3,1,4,3,1,4
conjure,7,5,5,10,6,4,10
conjured,8,6,3,9,4,3,7
conjurer,8,3,2,5,3,1,4
conjurer's,10,5,0,5,5,0,5
conjurers,9,4,1,5,4,1,5
conjures,8,6,4,10,6,5,11
conjuring,9,6,3,9,6,3,9
conjuror,8,2,5,7,2,5,7
conjuror's,10,4,3,7,3,3,6
conjurors,9,3,3,6,3,3,6
conk,4,4,9,13,4,9,13
conk's,6,6,6,12,6,6,12
conked,6,5,6,11,6,5,11
conking,7,6,4,10,6,4,10
conks,5,5,6,11,5,6,11
connect,7,3,3,6,3,3,6
connected,9,4,2,6,4,3,7
connecter,9,3,1,4,3,1,4
connecter's,11,5,0,5,4,0,4
connecters,10,4,1,5,4,0,4
connecting,10,5,1,6,2,2,4
connection,10,2,1,3,2,1,3
connection's,12,4,0,4,3,0,3
connections,11,3,1,4,3,0,3
connective,10,7,2,9,4,3,7
connective's,12,9,1,10,6,2,8
connectives,11,8,1,9,4,2,6
connectivity,12,2,1,3,2,1,3
connector,9,3,1,4,3,1,4
connector's,11,7,1,8,4,0,4
connectors,10,6,1,7,5,2,7
connects,8,4,1,5,4,1,5
conned,6,5,6,11,4,5,9
conning,7,5,4,9,5,4,9
connivance,10,6,1,7,4,1,5
connivance's,12,6,0,6,4,0,4
connive,7,5,2,7,5,1,6
connived,8,5,2,7,4,2,6
conniver,8,4,3,7,4,2,6
conniver's,10,6,1,7,6,1,7
connivers,9,5,3,8,5,2,7
connives,8,6,0,6,5,0,5
conniving,9,2,2,4,2,2,4
connoisseur,11,2,0,2,2,0,2
connoisseur's,13,2,0,2,2,0,2
connoisseurs,12,2,0,2,2,0,2
connotation,11,2,1,3,2,2,4
connotation's,13,3,0,3,4,1,5
connotations,12,5,1,6,4,1,5
connotative,11,2,1,3,4,1,5
connote,7,4,5,9,4,2,6
connoted,8,4,3,7,4,5,9
connotes,8,5,4,9,5,2,7
connoting,9,2,2,4,2,2,4
connubial,9,2,2,4,2,2,4
conquer,7,4,4,8,4,4,8
conquered,9,6,2,8,5,3,8
conquering,10,6,2,8,5,1,6
conqueror,9,2,1,3,4,2,6
conqueror's,11,6,1,7,5,1,6
conquerors,10,3,1,4,3,1,4
conquers,8,4,4,8,4,3,7
conquest,8,6,1,7,5,1,6
conquest's,10,5,1,6,3,1,4
conquests,9,3,2,5,3,2,5
conquistador,12,2,1,3,2,1,3
conquistador's,14,2,1,3,2,1,3
conquistadores,14,3,0,3,3,0,3
conquistadors,13,2,1,3,2,1,3
cons,4,4,9,13,4,9,13
consanguinity,13,3,0,3,3,0,3
consanguinity's,15,3,0,3,2,0,2
conscience,10,2,0,2,2,0,2
conscience's,12,2,0,2,2,0,2
consciences,11,3,0,3,3,0,3
conscientious,13,3,0,3,3,0,3
conscientiously,15,1,0,1,1,0,1
conscientiousness,17,1,0,1,1,0,1
conscientiousness's,19,1,0,1,1,0,1
conscious,9,2,3,5,3,2,5
consciously,11,7,0,7,3,0,3
consciousness,13,1,0,1,1,0,1
consciousness's,15,4,0,4,5,0,5
consciousnesses,15,4,0,4,5,0,5
conscript,9,5,1,6,4,1,5
conscript's,11,6,1,7,3,1,4
conscripted,11,3,0,3,4,0,4
conscripting,12,5,0,5,4,0,4
conscription,12,5,0,5,4,0,4
conscription's,14,4,0,4,4,0,4
conscripts,10,4,2,6,4,1,5
consecrate,10,3,0,3,4,0,4
consecrated,11,3,0,3,3,0,3
consecrates,11,2,0,2,2,0,2
consecrating,12,6,0,6,5,0,5
consecration,12,5,0,5,5,0,5
consecration's,14,4,0,4,6,0,6
consecrations,13,3,0,3,5,0,5
consecutive,11,5,0,5,3,0,3
consecutively,13,3,0,3,3,0,3
consensual,10,2,0,2,2,0,2
consensus,9,2,0,2,2,0,2
consensus's,11,5,0,5,3,0,3
consensuses,11,5,0,5,3,0,3
consent,7,4,1,5,3,2,5
consent's,9,5,0,5,4,0,4
consented,9,5,0,5,3,1,4
consenting,10,3,0,3,3,0,3
consents,8,4,1,5,4,1,5
consequence,11,2,1,3,2,0,2
consequence's,13,3,0,3,3,0,3
consequences,12,2,0,2,2,0,2
consequent,10,4,0,4,4,0,4
consequential,13,4,0,4,3,0,3
consequently,12,2,1,3,2,1,3
conservation,12,8,0,8,7,1,8
conservation's,14,9,0,9,6,0,6
conservationist,15,2,0,2,3,0,3
conservationist's,17,2,0,2,3,0,3
conservationists,16,2,0,2,2,0,2
conservatism,12,2,0,2,2,0,2
conservatism's,14,3,0,3,2,0,2
conservative,12,6,0,6,4,0,4
conservative's,14,5,0,5,3,0,3
conservatively,14,4,0,4,4,0,4
conservatives,13,3,0,3,3,0,3
conservator,11,7,0,7,3,0,3
conservator's,13,8,0,8,4,0,4
conservatories,14,5,0,5,3,0,3
conservators,12,3,0,3,3,0,3
conservatory,12,2,1,3,2,1,3
conservatory's,14,5,0,5,2,1,3
conserve,8,2,1,3,2,1,3
conserve's,10,2,1,3,2,1,3
conserved,9,5,0,5,3,1,4
conserves,9,3,0,3,3,0,3
conserving,10,5,0,5,4,0,4
consider,8,5,0,5,5,0,5
considerable,12,8,0,8,3,0,3
considerably,12,8,0,8,3,0,3
considerate,11,3,0,3,2,0,2
considerately,13,4,0,4,3,0,3
consideration,13,2,0,2,2,0,2
consideration's,15,5,0,5,2,0,2
considerations,14,5,0,5,2,0,2
considered,10,2,1,3,3,0,3
considering,11,2,1,3,3,0,3
considers,9,7,1,8,7,0,7
consign,7,4,1,5,4,1,5
consigned,9,4,0,4,4,0,4
consigning,10,3,1,4,3,1,4
consignment,11,3,0,3,3,0,3
consignment's,13,5,0,5,4,0,4
consignments,12,4,1,5,3,0,3
consigns,8,4,3,7,3,3,6
consist,7,2,1,3,1,1,2
consisted,9,2,0,2,2,0,2
consistencies,13,4,0,4,2,0,2
consistency,11,2,0,2,2,0,2
consistency's,13,4,0,4,2,0,2
consistent,10,4,0,4,3,0,3
consistently,12,2,0,2,2,0,2
consisting,10,4,0,4,3,0,3
consists,8,1,2,3,2,1,3
consolation,11,6,1,7,2,1,3
consolation's,13,2,0,2,2,0,2
consolations,12,3,1,4,2,1,3
console,7,4,0,4,5,3,8
console's,9,4,0,4,4,1,5
consoled,8,4,3,7,5,1,6
consoles,8,3,3,6,3,1,4
consolidate,11,3,0,3,3,0,3
consolidated,12,2,0,2,2,0,2
consolidates,12,3,0,3,3,0,3
consolidating,13,4,0,4,3,0,3
consolidation,13,4,0,4,3,0,3
consolidation's,15,2,0,2,2,0,2
consolidations,14,4,0,4,2,0,2
consoling,9,5,1,6,4,1,5
consommé,8,2,3,5,2,3,5
consommé's,10,3,3,6,2,3,5
consonance,10,3,0,3,3,1,4
consonance's,12,3,0,3,3,0,3
consonances,11,3,0,3,3,1,4
consonant,9,3,2,5,3,2,5
consonant's,11,4,1,5,3,1,4
consonants,10,2,3,5,2,2,4
consort,7,2,3,5,2,3,5
consort's,9,3,3,6,2,3,5
consorted,9,6,0,6,3,0,3
consortia,9,3,1,4,3,1,4
consorting,10,6,1,7,5,1,6
consortium,10,3,1,4,3,1,4
consortium's,12,2,2,4,2,1,3
consortiums,11,2,2,4,3,1,4
consorts,8,2,3,5,2,3,5
conspicuous,11,1,3,4,2,1,3
conspicuously,13,4,0,4,2,0,2
conspiracies,12,3,0,3,3,0,3
conspiracy,10,3,1,4,3,1,4
conspiracy's,12,3,1,4,3,1,4
conspirator,11,7,0,7,4,1,5
conspirator's,13,8,0,8,3,0,3
conspiratorial,14,4,0,4,4,0,4
conspirators,12,4,1,5,3,1,4
conspire,8,4,0,4,4,0,4
conspired,9,7,0,7,7,0,7
conspires,9,4,0,4,4,0,4
conspiring,10,3,1,4,3,1,4
constable,9,4,0,4,5,0,5
constable's,11,5,0,5,6,0,6
constables,10,5,0,5,4,1,5
constabularies,14,11,0,11,3,0,3
constabulary,12,1,2,3,1,2,3
constabulary's,14,10,1,11,2,1,3
constancy,9,3,2,5,3,2,5
constancy's,11,3,2,5,4,1,5
constant,8,5,2,7,4,2,6
constant's,10,5,1,6,5,2,7
constantly,10,2,2,4,2,2,4
constants,9,2,2,4,3,2,5
constellation,13,5,0,5,3,0,3
constellation's,15,5,0,5,3,0,3
constellations,14,5,0,5,2,0,2
consternation,13,5,0,5,3,0,3
consternation's,15,4,0,4,3,0,3
constipate,10,6,0,6,4,0,4
constipated,11,4,0,4,4,0,4
constipates,11,6,0,6,4,0,4
constipating,12,5,0,5,4,0,4
constipation,12,5,0,5,4,0,4
constipation's,14,5,0,5,3,0,3
constituencies,14,5,0,5,2,0,2
constituency,12,3,0,3,3,0,3
constituency's,14,5,0,5,2,0,2
constituent,11,2,0,2,3,0,3
constituent's,13,5,0,5,4,0,4
constituents,12,4,1,5,3,0,3
constitute,10,6,0,6,4,0,4
constituted,11,3,0,3,4,0,4
constitutes,11,6,0,6,4,0,4
constituting,12,4,0,4,4,0,4
constitution,12,4,0,4,4,0,4
constitution's,14,5,0,5,4,0,4
constitutional,14,2,0,2,2,0,2
constitutional's,16,2,0,2,2,0,2
constitutionality,17,1,0,1,1,0,1
constitutionality's,19,1,0,1,1,0,1
constitutionally,16,2,0,2,2,0,2
constitutionals,15,3,0,3,2,0,2
constitutions,13,4,0,4,4,0,4
constrain,9,4,1,5,4,1,5
constrained,11,5,0,5,6,0,6
constraining,12,3,0,3,3,0,3
constrains,10,4,2,6,4,1,5
constraint,10,5,1,6,6,1,7
constraint's,12,3,1,4,4,1,5
constraints,11,3,2,5,3,1,4
constrict,9,5,1,6,4,1,5
constricted,11,9,0,9,9,0,9
constricting,12,5,0,5,4,0,4
constriction,12,5,0,5,4,0,4
constriction's,14,8,0,8,4,0,4
constrictions,13,7,0,7,6,0,6
constrictive,12,4,0,4,3,0,3
constrictor,11,7,0,7,7,1,8
constrictor's,13,8,0,8,8,0,8
constrictors,12,7,2,9,7,1,8
constricts,10,4,2,6,4,1,5
construct,9,2,3,5,2,3,5
construct's,11,6,1,7,3,1,4
constructed,11,8,1,9,8,1,9
constructing,12,8,0,8,5,0,5
construction,12,5,0,5,5,0,5
construction's,14,8,0,8,5,1,6
constructions,13,7,0,7,6,0,6
constructive,12,4,0,4,4,0,4
constructively,14,3,0,3,3,0,3
constructor,11,6,1,7,6,2,8
constructor's,13,7,1,8,7,1,8
constructors,12,6,3,9,6,2,8
constructs,10,2,3,5,2,3,5
construe,8,3,1,4,3,1,4
construed,9,7,0,7,7,0,7
construes,9,4,1,5,4,1,5
construing,10,5,1,6,6,1,7
consul,6,4,1,5,5,3,8
consul's,8,5,1,6,6,3,9
consular,8,2,2,4,2,2,4
consulate,9,5,0,5,4,0,4
consulate's,11,5,0,5,4,0,4
consulates,10,4,0,4,4,0,4
consuls,7,5,3,8,5,3,8
consult,7,3,3,6,3,3,6
consultancies,13,3,0,3,3,0,3
consultancy,11,3,0,3,3,1,4
consultancy's,13,2,1,3,2,1,3
consultant,10,2,2,4,2,2,4
consultant's,12,4,1,5,4,1,5
consultants,11,2,2,4,3,1,4
consultation,12,6,0,6,6,0,6
consultation's,14,5,0,5,5,1,6
consultations,13,4,0,4,4,0,4
consultative,12,6,0,6,4,0,4
consulted,9,6,1,7,6,1,7
consulting,10,6,1,7,6,1,7
consults,8,2,4,6,3,3,6
consumable,10,5,1,6,3,1,4
consumable's,12,4,0,4,4,0,4
consumables,11,5,1,6,3,1,4
consume,7,4,1,5,6,2,8
consumed,8,5,3,8,4,1,5
consumer,8,4,1,5,4,1,5
consumer's,10,5,1,6,5,1,6
consumerism,11,1,1,2,2,0,2
consumerism's,13,1,1,2,2,0,2
consumers,9,6,2,8,6,1,7
consumes,8,4,2,6,3,2,5
consuming,9,7,1,8,7,1,8
consummate,10,6,0,6,3,0,3
consummated,11,5,0,5,4,0,4
consummates,11,6,0,6,3,0,3
consummating,12,6,0,6,5,0,5
consummation,12,7,1,8,8,0,8
consummation's,14,8,1,9,5,1,6
consummations,13,4,0,4,5,0,5
consumption,11,6,1,7,4,1,5
consumption's,13,4,0,4,2,1,3
consumptive,11,4,0,4,4,0,4
consumptive's,13,5,0,5,4,0,4
consumptives,12,5,0,5,5,0,5
contact,7,3,5,8,3,4,7
contact's,9,6,3,9,5,3,8
contactable,11,3,2,5,4,1,5
contacted,9,5,1,6,4,2,6
contacting,10,5,2,7,4,2,6
contacts,8,4,3,7,4,3,7
contagion,9,3,2,5,3,2,5
contagion's,11,5,1,6,4,1,5
contagions,10,7,1,8,5,1,6
contagious,10,7,1,8,5,1,6
contain,7,5,3,8,2,4,6
contained,9,4,1,5,5,1,6
container,9,4,2,6,5,2,7
container's,11,6,0,6,6,0,6
containers,10,5,1,6,4,0,4
containing,10,5,2,7,3,2,5
containment,11,7,1,8,2,1,3
containment's,13,5,0,5,3,0,3
contains,8,4,3,7,4,3,7
contaminant,11,2,2,4,2,2,4
contaminant's,13,4,0,4,3,1,4
contaminants,12,3,1,4,3,1,4
contaminate,11,3,1,4,3,1,4
contaminated,12,3,1,4,3,1,4
contaminates,12,4,0,4,4,0,4
contaminating,13,6,1,7,3,1,4
contamination,13,6,1,7,3,1,4
contamination's,15,3,0,3,4,0,4
contemplate,11,3,3,6,3,1,4
contemplated,12,2,2,4,1,3,4
contemplates,12,3,0,3,3,0,3
contemplating,13,6,1,7,4,1,5
contemplation,13,5,1,6,5,1,6
contemplation's,15,4,0,4,6,0,6
contemplative,13,3,1,4,5,1,6
contemplative's,15,4,0,4,5,0,5
contemplatives,14,4,0,4,4,0,4
contemporaneous,15,4,0,4,3,1,4
contemporaneously,17,1,1,2,1,1,2
contemporaries,14,8,0,8,3,0,3
contemporary,12,2,2,4,2,2,4
contemporary's,14,8,0,8,3,1,4
contempt,8,4,2,6,3,3,6
contempt's,10,6,1,7,4,2,6
contemptible,12,2,1,3,2,1,3
contemptibly,12,3,1,4,3,1,4
contemptuous,12,5,1,6,3,1,4
contemptuously,14,4,0,4,1,1,2
contend,7,3,2,5,3,2,5
contended,9,4,2,6,4,2,6
contender,9,3,1,4,3,1,4
contender's,11,5,0,5,4,0,4
contenders,10,4,1,5,4,0,4
contending,10,5,1,6,3,1,4
contends,8,4,3,7,4,2,6
content,7,3,2,5,3,2,5
content's,9,6,2,8,5,2,7
contented,9,3,2,5,5,2,7
contentedly,11,4,2,6,2,1,3
contentedness,13,2,0,2,3,0,3
contentedness's,15,2,0,2,3,0,3
contenting,10,5,1,6,3,1,4
contention,10,4,1,5,4,1,5
contention's,12,6,0,6,5,0,5
contentions,11,5,1,6,5,0,5
contentious,11,3,1,4,3,0,3
contentiously,13,2,0,2,2,0,2
contentment,11,2,2,4,2,1,3
contentment's,13,3,0,3,3,0,3
contents,8,5,1,6,5,1,6
contest,7,5,0,5,5,0,5
contest's,9,5,1,6,4,0,4
contestant,10,5,0,5,4,0,4
contestant's,12,5,1,6,4,0,4
contestants,11,4,0,4,4,0,4
contested,9,4,0,4,4,0,4
contesting,10,5,0,5,4,0,4
contests,8,4,1,5,4,1,5
context,7,3,3,6,3,3,6
context's,9,5,2,7,5,2,7
contexts,8,5,1,6,5,1,6
contextual,10,4,1,5,4,1,5
contiguity,10,2,2,4,2,2,4
contiguity's,12,5,2,7,3,1,4
contiguous,10,7,2,9,4,2,6
continence,10,2,1,3,2,1,3
continence's,12,3,0,3,3,0,3
continent,9,2,1,3,2,1,3
continent's,11,4,0,4,3,0,3
continental,11,5,1,6,2,1,3
continental's,13,3,0,3,3,0,3
continentals,12,4,1,5,4,0,4
continents,10,3,1,4,3,1,4
contingencies,13,3,0,3,3,0,3
contingency,11,3,1,4,2,1,3
contingency's,13,4,0,4,4,0,4
contingent,10,2,1,3,3,1,4
contingent's,12,4,0,4,3,0,3
contingents,11,3,1,4,3,1,4
continua,8,2,3,5,2,3,5
continual,9,4,2,6,4,2,6
continually,11,2,2,4,2,2,4
continuance,11,3,1,4,3,1,4
continuance's,13,6,0,6,4,0,4
continuances,12,4,0,4,4,0,4
continuation,12,2,1,3,2,1,3
continuation's,14,5,0,5,4,0,4
continuations,13,3,0,3,3,1,4
continue,8,4,2,6,5,3,8
continued,9,6,2,8,5,1,6
continues,9,4,1,5,4,1,5
continuing,10,3,2,5,3,2,5
continuity,10,2,2,4,2,2,4
continuity's,12,5,2,7,3,1,4
continuous,10,7,2,9,4,2,6
continuously,12,5,0,5,3,0,3
continuum,9,4,3,7,4,3,7
continuum's,11,4,2,6,3,2,5
continuums,10,4,2,6,4,2,6
contort,7,4,4,8,4,4,8
contorted,9,6,3,9,6,2,8
contorting,10,6,3,9,7,2,9
contortion,10,3,2,5,4,2,6
contortion's,12,3,2,5,4,2,6
contortionist,13,3,0,3,3,0,3
contortionist's,15,4,0,4,3,0,3
contortionists,14,3,0,3,3,0,3
contortions,11,3,2,5,3,2,5
contorts,8,5,3,8,5,3,8
contour,7,3,4,7,3,4,7
contour's,9,5,2,7,5,3,8
contoured,9,5,3,8,5,2,7
contouring,10,5,2,7,5,2,7
contours,8,4,3,7,4,3,7
contraband,10,3,3,6,2,3,5
contraband's,12,3,1,4,2,2,4
contraception,13,3,1,4,5,1,6
contraception's,15,4,0,4,6,0,6
contraceptive,13,3,1,4,4,1,5
contraceptive's,15,4,0,4,5,0,5
contraceptives,14,3,0,3,4,0,4
contract,8,4,3,7,3,4,7
contract's,10,6,1,7,6,1,7
contracted,10,5,1,6,4,1,5
contractile,11,3,1,4,4,1,5
contracting,11,4,1,5,4,2,6
contraction,11,4,1,5,5,2,7
contraction's,13,5,0,5,6,1,7
contractions,12,5,1,6,6,1,7
contractor,10,1,3,4,2,3,5
contractor's,12,4,1,5,3,2,5
contractors,11,5,1,6,5,2,7
contracts,9,5,2,7,5,1,6
contractual,11,1,3,4,1,3,4
contractually,13,2,3,5,1,3,4
contradict,10,4,2,6,4,2,6
contradicted,12,3,1,4,3,1,4
contradicting,13,3,1,4,3,1,4
contradiction,13,2,1,3,2,1,3
contradiction's,15,4,0,4,3,0,3
contradictions,14,3,0,3,3,0,3
contradictory,13,2,1,3,2,1,3
contradicts,11,4,1,5,4,1,5
contradistinction,17,2,0,2,2,0,2
contradistinction's,19,2,0,2,2,0,2
contradistinctions,18,2,0,2,2,0,2
contrail,8,4,2,6,6,2,8
contrail's,10,8,1,9,8,1,9
contrails,9,5,2,7,6,1,7
contralto,9,2,3,5,2,3,5
contralto's,11,5,1,6,5,2,7
contraltos,10,3,2,5,3,2,5
contraption,11,5,1,6,5,2,7
contraption's,13,5,0,5,6,1,7
contraptions,12,5,1,6,6,1,7
contrapuntal,12,1,3,4,1,3,4
contraries,10,5,0,5,5,0,5
contrarily,10,4,2,6,4,2,6
contrariness,12,3,0,3,3,0,3
contrariness's,14,3,0,3,3,0,3
contrariwise,12,3,0,3,3,0,3
contrary,8,4,3,7,3,4,7
contrary's,10,8,1,9,8,1,9
contrast,8,3,2,5,3,2,5
contrast's,10,3,2,5,2,2,4
contrasted,10,3,1,4,3,1,4
contrasting,11,5,0,5,3,1,4
contrasts,9,2,3,5,4,2,6
contravene,10,2,1,3,2,1,3
contravened,11,2,2,4,2,2,4
contravenes,11,4,0,4,4,0,4
contravening,12,3,1,4,3,1,4
contravention,13,2,1,3,3,1,4
contravention's,15,3,0,3,4,0,4
contraventions,14,4,0,4,4,0,4
contretemps,11,4,0,4,5,0,5
contretemps's,13,2,1,3,2,1,3
contribute,10,3,2,5,3,2,5
contributed,11,2,3,5,5,2,7
contributes,11,5,0,5,5,0,5
contributing,12,4,1,5,3,1,4
contribution,12,2,1,3,2,1,3
contribution's,14,5,0,5,3,1,4
contributions,13,3,0,3,2,2,4
contributor,11,2,3,5,3,3,6
contributor's,13,4,0,4,3,1,4
contributors,12,3,2,5,3,1,4
contributory,12,2,1,3,2,2,4
contrite,8,4,2,6,4,2,6
contritely,10,3,1,4,2,1,3
contrition,10,2,2,4,2,2,4
contrition's,12,4,2,6,3,2,5
contrivance,11,3,1,4,5,1,6
contrivance's,13,6,0,6,3,0,3
contrivances,12,3,0,3,3,0,3
contrive,8,5,2,7,5,2,7
contrived,9,5,2,7,5,2,7
contrives,9,6,1,7,6,0,6
contriving,10,4,2,6,3,2,5
control,7,2,4,6,2,4,6
control's,9,5,2,7,4,2,6
controllable,12,3,2,5,2,2,4
controlled,10,4,2,6,5,2,7
controller,10,3,2,5,5,2,7
controller's,12,5,0,5,4,0,4
controllers,11,4,1,5,4,2,6
controlling,11,4,2,6,4,2,6
controls,8,5,3,8,4,2,6
controversial,13,2,0,2,3,0,3
controversially,15,2,0,2,2,0,2
controversies,13,2,1,3,2,0,2
controversy,11,3,0,3,3,1,4
controversy's,13,4,1,5,3,1,4
controvert,10,4,1,5,3,1,4
controverted,12,2,2,4,2,2,4
controverting,13,4,1,5,3,1,4
controverts,11,3,1,4,4,0,4
contumacious,12,4,1,5,4,1,5
contumelies,11,3,0,3,3,0,3
contumely,9,3,1,4,3,1,4
contumely's,11,5,0,5,5,0,5
contuse,7,6,1,7,5,5,10
contused,8,7,1,8,7,1,8
contuses,8,6,1,7,6,1,7
contusing,9,7,2,9,7,3,10
contusion,9,6,2,8,6,2,8
contusion's,11,7,2,9,7,2,9
contusions,10,6,2,8,6,3,9
conundrum,9,2,4,6,2,4,6
conundrum's,11,5,3,8,3,3,6
conundrums,10,3,3,6,3,3,6
conurbation,11,7,1,8,6,2,8
conurbation's,13,9,0,9,7,1,8
conurbations,12,6,1,7,7,1,8
convalesce,10,2,1,3,2,0,2
convalesced,11,3,0,3,3,0,3
convalescence,13,2,0,2,3,0,3
convalescence's,15,2,0,2,3,0,3
convalescences,14,2,0,2,2,0,2
convalescent,12,3,0,3,3,0,3
convalescent's,14,2,0,2,2,0,2
convalescents,13,2,0,2,2,0,2
convalesces,11,2,1,3,2,0,2
convalescing,12,4,0,4,4,0,4
convection,10,6,2,8,6,2,8
convection's,12,8,1,9,8,1,9
convene,7,2,1,3,2,0,2
convened,8,3,3,6,3,3,6
convenes,8,4,2,6,4,2,6
convenience,11,2,1,3,2,1,3
convenience's,13,4,1,5,3,0,3
conveniences,12,5,0,5,4,0,4
convenient,10,2,2,4,2,1,3
conveniently,12,5,2,7,2,2,4
convening,9,2,1,3,2,1,3
convent,7,4,2,6,4,2,6
convent's,9,6,2,8,6,2,8
convention,10,4,1,5,4,1,5
convention's,12,6,0,6,5,0,5
conventional,12,4,1,5,5,1,6
conventionality,15,2,1,3,2,1,3
conventionality's,17,2,0,2,2,0,2
conventionally,14,2,1,3,2,1,3
conventions,11,5,1,6,5,0,5
convents,8,4,1,5,4,1,5
converge,8,2,2,4,2,2,4
converged,9,8,1,9,8,1,9
convergence,11,1,2,3,2,1,3
convergence's,13,4,1,5,3,0,3
convergences,12,5,0,5,4,0,4
convergent,10,6,2,8,6,2,8
converges,9,3,1,4,3,1,4
converging,10,6,1,7,4,1,5
conversant,10,3,1,4,8,0,8
conversation,12,5,0,5,3,0,3
conversation's,14,5,0,5,3,0,3
conversational,14,2,0,2,2,0,2
conversationalist,17,4,0,4,6,0,6
conversationalist's,19,4,0,4,2,0,2
conversationalists,18,1,0,1,1,0,1
conversationally,16,2,0,2,2,0,2
conversations,13,4,0,4,4,0,4
converse,8,3,0,3,3,0,3
converse's,10,5,1,6,4,0,4
conversed,9,5,0,5,4,0,4
conversely,10,2,1,3,2,0,2
converses,9,4,0,4,3,0,3
conversing,10,8,0,8,7,1,8
conversion,10,7,0,7,3,0,3
conversion's,12,8,0,8,3,0,3
conversions,11,3,0,3,3,0,3
convert,7,4,3,7,4,2,6
convert's,9,6,2,8,6,1,7
converted,9,7,2,9,7,2,9
converter,9,3,1,4,3,1,4
converter's,11,3,0,3,3,0,3
converters,10,3,1,4,3,0,3
convertible,11,3,1,4,2,2,4
convertible's,13,4,0,4,5,0,5
convertibles,12,5,0,5,4,0,4
converting,10,7,1,8,5,1,6
convertor,9,4,1,5,4,1,5
convertor's,11,4,0,4,5,0,5
convertors,10,3,0,3,3,1,4
converts,8,5,1,6,5,1,6
convex,6,6,4,10,6,4,10
convexity,9,6,1,7,6,1,7
convexity's,11,8,2,10,7,0,7
convey,6,5,5,10,5,5,10
conveyance,10,3,2,5,3,2,5
conveyance's,12,5,1,6,5,1,6
conveyances,11,4,1,5,3,1,4
conveyed,8,4,3,7,4,3,7
conveyer,8,3,2,5,3,2,5
conveyer's,10,5,0,5,5,0,5
conveyers,9,4,1,5,4,1,5
conveying,9,5,2,7,5,2,7
conveyor,8,2,2,4,2,2,4
conveyor's,10,3,1,4,3,1,4
conveyors,9,4,1,5,5,2,7
conveys,7,5,4,9,4,3,7
convict,7,3,2,5,3,3,6
convict's,9,6,2,8,6,3,9
convicted,9,5,2,7,4,2,6
convicting,10,3,2,5,3,2,5
conviction,10,2,2,4,2,2,4
conviction's,12,7,2,9,3,1,4
convictions,11,3,2,5,3,2,5
convicts,8,5,2,7,5,2,7
convince,8,3,2,5,5,3,8
convinced,9,5,2,7,4,2,6
convinces,9,4,0,4,4,0,4
convincing,10,3,2,5,3,2,5
convincingly,12,2,1,3,2,1,3
convivial,9,3,2,5,3,2,5
conviviality,12,2,1,3,2,1,3
conviviality's,14,6,0,6,3,0,3
convocation,11,4,1,5,4,2,6
convocation's,13,7,0,7,5,1,6
convocations,12,6,1,7,5,1,6
convoke,7,4,5,9,4,3,7
convoked,8,7,3,10,7,6,13
convokes,8,5,4,9,5,3,8
convoking,9,7,2,9,7,2,9
convoluted,10,3,2,5,3,2,5
convolution,11,4,1,5,4,2,6
convolution's,13,7,0,7,5,1,6
convolutions,12,2,2,4,5,1,6
convoy,6,3,5,8,3,5,8
convoy's,8,5,3,8,5,3,8
convoyed,8,6,4,10,6,7,13
convoying,9,6,3,9,6,3,9
convoys,7,4,4,8,4,4,8
convulse,8,4,1,5,5,0,5
convulsed,9,4,1,5,4,1,5
convulses,9,3,1,4,4,0,4
convulsing,10,7,1,8,3,1,4
convulsion,10,6,1,7,5,1,6
convulsion's,12,7,1,8,4,2,6
convulsions,11,4,1,5,4,2,6
convulsive,10,5,0,5,5,0,5
convulsively,12,9,0,9,5,0,5
coo,3,2,2,4,2,2,4
coo's,5,4,9,13,4,10,14
cooed,5,4,3,7,4,3,7
cooing,6,5,4,9,5,4,9
cook,4,3,4,7,3,4,7
cook's,6,5,4,9,5,3,8
cookbook,8,1,4,5,1,4,5
cookbook's,10,2,2,4,2,2,4
cookbooks,9,2,2,4,2,2,4
cooked,6,5,6,11,5,7,12
cooker,6,5,4,9,5,4,9
cooker's,8,7,3,10,7,3,10
cookeries,9,5,2,7,6,2,8
cookers,7,6,2,8,6,1,7
cookery,7,5,1,6,5,3,8
cookery's,9,7,3,10,7,3,10
cookie,6,5,1,6,5,1,6
cookie's,8,7,1,8,7,3,10
cookies,7,6,1,7,6,1,7
cooking,7,6,7,13,6,7,13
cooking's,9,7,3,10,7,3,10
cookout,7,5,4,9,5,4,9
cookout's,9,7,2,9,7,2,9
cookouts,8,6,2,8,6,2,8
cooks,5,4,4,8,4,4,8
cooky,5,4,5,9,4,5,9
cooky's,7,6,4,10,6,4,10
cool,4,3,11,14,3,11,14
cool's,6,5,3,8,5,10,15
coolant,7,3,3,6,4,4,8
coolant's,9,7,3,10,6,2,8
coolants,8,3,3,6,3,3,6
cooled,6,5,2,7,5,2,7
cooler,6,4,5,9,4,5,9
cooler's,8,6,4,10,6,4,10
coolers,7,6,3,9,6,2,8
coolest,7,5,3,8,5,2,7
coolie,6,5,1,6,5,1,6
coolie's,8,7,2,9,7,1,8
coolies,7,6,2,8,6,2,8
cooling,7,4,10,14,4,10,14
coolly,6,4,4,8,4,4,8
coolness,8,5,2,7,5,1,6
coolness's,10,6,2,8,6,1,7
cools,5,4,10,14,4,11,15
coon,4,3,8,11,3,8,11
coon's,6,5,9,14,5,8,13
coons,5,3,11,14,3,12,15
coop,4,3,6,9,3,5,8
coop's,6,5,7,12,5,6,11
cooped,6,4,7,11,5,4,9
cooper,6,5,3,8,5,3,8
cooper's,8,7,2,9,7,2,9
cooperate,9,3,1,4,3,1,4
cooperated,10,5,1,6,4,2,6
cooperates,10,6,1,7,4,1,5
cooperating,11,8,1,9,5,1,6
cooperation,11,4,1,5,4,1,5
cooperation's,13,5,0,5,5,0,5
cooperative,11,4,2,6,3,2,5
cooperative's,13,5,0,5,4,0,4
cooperatively,13,2,1,3,2,1,3
cooperatives,12,5,0,5,4,0,4
coopered,8,4,5,9,4,5,9
coopering,9,6,3,9,6,3,9
coopers,7,5,4,9,5,3,8
cooping,7,6,5,11,6,4,10
coops,5,4,6,10,4,6,10
coordinate,10,4,1,5,4,2,6
coordinate's,12,5,1,6,3,1,4
coordinated,11,4,1,5,4,1,5
coordinates,11,6,0,6,5,0,5
coordinating,12,5,1,6,3,1,4
coordination,12,5,1,6,3,1,4
coordination's,14,6,0,6,4,0,4
coordinator,11,3,2,5,3,2,5
coordinator's,13,5,0,5,3,1,4
coordinators,12,3,2,5,3,1,4
coos,4,3,10,13,3,10,13
coot,4,3,5,8,3,5,8
coot's,6,5,8,13,5,6,11
cootie,6,3,4,7,3,4,7
cootie's,8,6,3,9,6,4,10
cooties,7,5,3,8,5,3,8
coots,5,4,5,9,4,5,9
cop,3,3,5,8,3,5,8
cop's,5,5,6,11,5,6,11
cope,4,4,5,9,4,5,9
cope's,6,6,8,14,6,4,10
copeck,6,3,5,8,3,5,8
copeck's,8,5,3,8,5,3,8
copecks,7,5,4,9,4,4,8
coped,5,5,4,9,5,3,8
copes,5,5,8,13,5,2,7
copied,6,5,5,10,4,4,8
copier,6,6,2,8,6,2,8
copier's,8,8,2,10,8,2,10
copiers,7,7,2,9,6,6,12
copies,6,5,5,10,6,4,10
copilot,7,3,3,6,3,3,6
copilot's,9,4,3,7,3,3,6
copilots,8,3,3,6,3,2,5
coping,6,6,3,9,6,4,10
coping's,8,7,3,10,7,3,10
copings,7,6,4,10,6,4,10
copious,7,3,6,9,3,6,9
copiously,9,3,0,3,3,1,4
copped,6,4,7,11,5,4,9
copper,6,4,4,8,4,5,9
copper's,8,6,3,9,6,3,9
copperhead,10,4,2,6,4,2,6
copperhead's,12,9,0,9,5,2,7
copperheads,11,5,2,7,3,2,5
coppers,7,6,2,8,6,6,12
coppery,7,5,2,7,5,3,8
coppice,7,5,2,7,5,1,6
coppice's,9,7,1,8,7,1,8
coppices,8,4,2,6,5,0,5
copping,7,6,6,12,6,5,11
copra,5,4,6,10,3,5,8
copra's,7,6,4,10,5,3,8
cops,4,4,5,9,4,5,9
copse,5,4,3,7,4,3,7
copse's,7,4,3,7,4,3,7
copses,6,3,4,7,3,4,7
copter,6,4,4,8,4,4,8
copter's,8,7,3,10,7,3,10
copters,7,6,3,9,5,2,7
copula,6,2,4,6,3,3,6
copula's,8,4,3,7,4,3,7
copulae,7,4,1,5,3,0,3
copulas,7,3,3,6,3,2,5
copulate,8,7,2,9,6,2,8
copulated,9,5,2,7,5,2,7
copulates,9,7,1,8,6,1,7
copulating,10,9,2,11,6,2,8
copulation,10,5,2,7,4,2,6
copulation's,12,10,1,11,6,1,7
copy,4,4,7,11,4,8,12
copy's,6,6,6,12,6,7,13
copycat,7,3,5,8,3,4,7
copycat's,9,5,3,8,3,4,7
copycats,8,4,3,7,5,2,7
copycatted,10,5,1,6,4,3,7
copycatting,11,6,1,7,6,2,8
copying,7,5,5,10,5,4,9
copyright,9,7,2,9,4,3,7
copyright's,11,7,2,9,4,2,6
copyrighted,11,5,3,8,5,2,7
copyrighting,12,5,2,7,4,2,6
copyrights,10,6,2,8,4,3,7
copywriter,10,3,2,5,2,3,5
copywriter's,12,5,0,5,3,1,4
copywriters,11,5,1,6,5,2,7
coquette,8,2,4,6,2,4,6
coquette's,10,4,3,7,5,2,7
coquetted,9,2,4,6,5,2,7
coquettes,9,3,2,5,3,2,5
coquetting,10,4,3,7,2,3,5
coquettish,10,2,0,2,2,0,2
coral,5,5,3,8,5,3,8
coral's,7,7,2,9,7,2,9
corals,6,6,2,8,6,2,8
cord,4,4,6,10,4,7,11
cord's,6,6,4,10,6,6,12
corded,6,5,0,5,5,0,5
cordial,7,3,3,6,4,2,6
cordial's,9,5,2,7,4,2,6
cordiality,10,4,3,7,2,3,5
cordiality's,12,5,1,6,3,2,5
cordially,9,3,2,5,4,2,6
cordials,8,5,2,7,5,2,7
cording,7,7,4,11,7,6,13
cordite,7,5,3,8,5,3,8
cordite's,9,7,2,9,7,2,9
cordless,8,6,1,7,6,1,7
cordon,6,4,7,11,4,8,12
cordon's,8,6,5,11,6,6,12
cordoned,8,5,1,6,4,1,5
cordoning,9,6,2,8,5,3,8
cordons,7,5,4,9,5,4,9
cords,5,5,5,10,5,5,10
corduroy,8,2,5,7,2,6,8
corduroy's,10,4,4,8,4,4,8
corduroys,9,3,3,6,3,3,6
corduroys's,11,2,2,4,2,2,4
core,4,4,4,8,4,4,8
core's,6,6,5,11,6,5,11
cored,5,5,3,8,5,7,12
cores,5,5,5,10,5,6,11
corespondent,12,2,1,3,2,1,3
corespondent's,14,2,0,2,2,1,3
corespondents,13,2,1,3,2,0,2
coriander,9,3,1,4,3,1,4
coriander's,11,5,0,5,4,0,4
coring,6,5,7,12,5,8,13
cork,4,4,7,11,4,7,11
cork's,6,6,6,12,6,5,11
corked,6,6,3,9,6,3,9
corking,7,7,5,12,7,7,14
corks,5,5,7,12,5,7,12
corkscrew,9,3,0,3,3,0,3
corkscrew's,11,2,1,3,2,1,3
corkscrewed,11,2,0,2,2,0,2
corkscrewing,12,6,0,6,5,0,5
corkscrews,10,2,1,3,3,1,4
corm,4,4,7,11,4,8,12
corm's,6,6,6,12,6,7,13
cormorant,9,2,3,5,2,3,5
cormorant's,11,4,1,5,3,1,4
cormorants,10,6,2,8,6,1,7
corms,5,5,5,10,5,5,10
corn,4,4,6,10,4,7,11
corn's,6,6,6,12,6,7,13
cornball,8,6,4,10,6,4,10
cornball's,10,8,2,10,8,2,10
cornballs,9,5,2,7,4,2,6
cornbread,9,6,1,7,3,1,4
cornbread's,11,8,0,8,4,0,4
corncob,7,3,4,7,3,4,7
corncob's,9,5,2,7,4,2,6
corncobs,8,4,2,6,4,3,7
cornea,6,3,2,5,3,2,5
cornea's,8,5,0,5,5,0,5
corneal,7,3,1,4,3,1,4
corneas,7,4,1,5,4,1,5
corned,6,5,4,9,5,4,9
corner,6,4,5,9,4,5,9
corner's,8,6,5,11,6,5,11
cornered,8,3,2,5,5,2,7
cornering,9,5,1,6,4,1,5
corners,7,5,2,7,5,2,7
cornerstone,11,2,1,3,3,0,3
cornerstone's,13,3,0,3,3,0,3
cornerstones,12,3,1,4,3,0,3
cornet,6,6,3,9,6,3,9
cornet's,8,8,1,9,8,1,9
cornets,7,7,3,10,7,3,10
cornflakes,10,5,1,6,7,1,8
cornflakes's,12,2,1,3,2,1,3
cornflower,10,6,3,9,6,3,9
cornflower's,12,8,1,9,8,1,9
cornflowers,11,4,1,5,3,2,5
cornice,7,4,3,7,4,2,6
cornice's,9,6,2,8,6,2,8
cornices,8,7,0,7,7,1,8
cornier,7,6,1,7,6,1,7
corniest,8,6,3,9,6,2,8
corning,7,6,3,9,6,3,9
cornmeal,8,3,2,5,5,1,6
cornmeal's,10,7,0,7,7,0,7
cornrow,7,3,4,7,3,4,7
cornrow's,9,5,2,7,4,2,6
cornrowed,9,3,3,6,3,2,5
cornrowing,10,4,3,7,4,2,6
cornrows,8,4,2,6,4,3,7
corns,5,5,8,13,5,8,13
cornstalk,9,3,2,5,3,2,5
cornstalk's,11,5,1,6,2,2,4
cornstalks,10,6,2,8,5,1,6
cornstarch,10,3,2,5,3,2,5
cornstarch's,12,2,2,4,2,2,4
cornucopia,10,2,2,4,3,2,5
cornucopia's,12,4,1,5,4,1,5
cornucopias,11,3,1,4,3,1,4
corny,5,5,5,10,5,6,11
corolla,7,3,3,6,3,2,5
corolla's,9,4,2,6,4,1,5
corollaries,11,4,0,4,4,0,4
corollary,9,3,3,6,3,3,6
corollary's,11,4,2,6,5,1,6
corollas,8,3,1,4,3,1,4
corona,6,2,5,7,3,5,8
corona's,8,4,4,8,5,4,9
coronae,7,4,1,5,3,0,3
coronaries,10,5,1,6,6,0,6
coronary,8,4,3,7,3,3,6
coronary's,10,5,2,7,5,1,6
coronas,7,2,4,6,2,3,5
coronation,10,3,2,5,3,2,5
coronation's,12,5,1,6,5,1,6
coronations,11,3,1,4,4,1,5
coroner,7,3,4,7,3,4,7
coroner's,9,4,2,6,4,2,6
coroners,8,3,3,6,3,2,5
coronet,7,4,3,7,4,3,7
coronet's,9,6,1,7,5,1,6
coronets,8,5,2,7,4,2,6
corpora,7,4,4,8,3,3,6
corporal,8,4,3,7,4,3,7
corporal's,10,5,2,7,5,2,7
corporals,9,3,2,5,3,2,5
corporate,9,5,2,7,5,2,7
corporation,11,5,1,6,4,2,6
corporation's,13,7,0,7,5,1,6
corporations,12,5,1,6,5,1,6
corporeal,9,3,2,5,2,2,4
corps,5,4,9,13,4,9,13
corps's,7,4,5,9,4,5,9
corpse,6,3,4,7,3,4,7
corpse's,8,6,1,7,5,0,5
corpses,7,3,3,6,3,2,5
corpulence,10,3,1,4,3,1,4
corpulence's,12,4,0,4,4,0,4
corpulent,9,5,1,6,4,2,6
corpus,6,5,4,9,5,4,9
corpus's,8,6,3,9,6,4,10
corpuscle,9,4,0,4,4,0,4
corpuscle's,11,4,0,4,4,0,4
corpuscles,10,4,0,4,4,0,4
corpuses,8,5,1,6,5,1,6
corral,6,4,4,8,4,3,7
corral's,8,6,2,8,6,2,8
corralled,9,5,3,8,5,4,9
corralling,10,6,2,8,6,2,8
corrals,7,4,2,6,4,2,6
correct,7,4,1,5,4,1,5
correctable,11,6,2,8,4,1,5
corrected,9,3,2,5,2,2,4
correcter,9,2,1,3,2,1,3
correctest,10,3,1,4,4,0,4
correcting,10,5,2,7,3,2,5
correction,10,6,2,8,4,2,6
correction's,12,8,1,9,5,1,6
correctional,12,4,1,5,5,1,6
corrections,11,7,2,9,5,1,6
corrective,10,6,3,9,3,1,4
corrective's,12,8,2,10,5,0,5
correctives,11,7,2,9,3,0,3
correctly,9,4,2,6,3,2,5
correctness,11,4,0,4,4,0,4
correctness's,13,4,0,4,4,0,4
corrector,9,4,2,6,2,2,4
corrects,8,5,3,8,5,3,8
correlate,9,3,1,4,3,1,4
correlate's,11,4,0,4,4,0,4
correlated,10,5,1,6,3,1,4
correlates,10,4,0,4,4,0,4
correlating,11,8,1,9,5,1,6
correlation,11,8,1,9,4,1,5
correlation's,13,10,0,10,5,0,5
correlations,12,5,1,6,5,0,5
correlative,11,4,2,6,2,1,3
correlative's,13,7,0,7,3,0,3
correlatives,12,5,0,5,4,0,4
correspond,10,2,2,4,4,1,5
corresponded,12,3,0,3,3,0,3
correspondence,14,2,0,2,2,0,2
correspondence's,16,3,0,3,2,0,2
correspondences,15,3,0,3,2,0,2
correspondent,13,2,1,3,2,1,3
correspondent's,15,3,0,3,2,0,2
correspondents,14,2,0,2,2,0,2
corresponding,13,3,0,3,3,0,3
correspondingly,15,5,0,5,3,0,3
corresponds,11,3,1,4,2,2,4
corridor,8,2,4,6,1,5,6
corridor's,10,4,3,7,3,3,6
corridors,9,4,2,6,3,3,6
corroborate,11,3,2,5,3,2,5
corroborated,12,2,2,4,2,2,4
corroborates,12,3,1,4,3,1,4
corroborating,13,4,1,5,8,1,9
corroboration,13,3,1,4,2,1,3
corroboration's,15,5,0,5,3,0,3
corroborations,14,3,0,3,3,0,3
corroborative,13,2,2,4,7,2,9
corrode,7,4,4,8,4,4,8
corroded,8,3,1,4,3,1,4
corrodes,8,5,3,8,5,4,9
corroding,9,5,3,8,5,4,9
corrosion,9,5,1,6,4,1,5
corrosion's,11,6,1,7,3,1,4
corrosive,9,4,1,5,5,0,5
corrosive's,11,5,1,6,6,0,6
corrosives,10,5,1,6,6,0,6
corrugate,9,7,3,10,6,2,8
corrugated,10,8,3,11,7,2,9
corrugates,10,8,2,10,5,1,6
corrugating,11,6,1,7,4,2,6
corrugation,11,7,2,9,6,2,8
corrugation's,13,9,1,10,7,1,8
corrugations,12,7,1,8,6,1,7
corrupt,7,4,4,8,3,4,7
corrupted,9,4,3,7,5,2,7
corrupter,9,3,2,5,4,2,6
corruptest,10,3,1,4,4,0,4
corruptible,11,3,1,4,3,2,5
corrupting,10,4,3,7,4,3,7
corruption,10,5,2,7,4,2,6
corruption's,12,4,2,6,4,2,6
corruptions,11,3,2,5,3,2,5
corruptly,9,2,4,6,2,4,6
corruptness,11,4,0,4,3,2,5
corruptness's,13,5,0,5,4,2,6
corrupts,8,5,3,8,5,3,8
corsage,7,5,0,5,6,2,8
corsage's,9,6,0,6,6,0,6
corsages,8,4,2,6,6,1,7
corsair,7,5,1,6,5,1,6
corsair's,9,4,2,6,4,2,6
corsairs,8,5,2,7,4,2,6
corset,6,5,1,6,5,1,6
corset's,8,6,2,8,6,1,7
corseted,8,4,1,5,3,2,5
corseting,9,6,0,6,5,1,6
corsets,7,5,1,6,5,1,6
cortex,6,5,4,9,5,4,9
cortex's,8,7,2,9,7,2,9
cortexes,8,5,0,5,5,1,6
cortical,8,4,2,6,4,2,6
cortices,8,6,1,7,6,2,8
cortisone,9,5,0,5,4,0,4
cortisone's,11,3,0,3,3,0,3
cortège,7,2,4,6,4,3,7
cortège's,9,4,3,7,4,3,7
cortèges,8,4,3,7,4,3,7
coruscate,9,5,0,5,5,0,5
coruscated,10,5,0,5,5,0,5
coruscates,10,4,0,4,3,0,3
coruscating,11,4,1,5,4,1,5
cosier,6,6,4,10,6,3,9
cosies,6,5,4,9,5,4,9
cosiest,7,6,0,6,6,0,6
cosign,6,4,1,5,4,1,5
cosignatories,13,2,0,2,2,0,2
cosignatory,11,3,0,3,3,0,3
cosignatory's,13,3,0,3,3,0,3
cosigned,8,4,1,5,4,1,5
cosigner,8,4,1,5,4,1,5
cosigner's,10,3,0,3,3,0,3
cosigners,9,4,1,5,3,1,4
cosigning,9,2,1,3,2,1,3
cosigns,7,4,2,6,4,2,6
cosine,6,4,1,5,4,1,5
cosmetic,8,4,0,4,4,0,4
cosmetic's,10,4,0,4,4,0,4
cosmetically,12,3,0,3,4,0,4
cosmetics,9,4,1,5,4,1,5
cosmetologist,13,2,0,2,2,0,2
cosmetologist's,15,2,0,2,2,0,2
cosmetologists,14,2,0,2,2,0,2
cosmetology,11,3,1,4,2,2,4
cosmetology's,13,3,1,4,3,1,4
cosmic,6,4,2,6,4,2,6
cosmically,10,6,0,6,5,0,5
cosmogonies,11,7,0,7,7,0,7
cosmogony,9,6,3,9,5,3,8
cosmogony's,11,7,3,10,5,3,8
cosmological,12,3,0,3,4,0,4
cosmologies,11,7,0,7,7,0,7
cosmologist,11,3,0,3,2,1,3
cosmologist's,13,2,0,2,2,1,3
cosmologists,12,2,0,2,2,0,2
cosmology,9,6,3,9,5,3,8
cosmology's,11,7,3,10,5,3,8
cosmonaut,9,4,2,6,3,2,5
cosmonaut's,11,3,2,5,2,2,4
cosmonauts,10,2,2,4,3,2,5
cosmopolitan,12,3,0,3,4,0,4
cosmopolitan's,14,3,0,3,2,0,2
cosmopolitans,13,4,0,4,4,0,4
cosmos,6,2,4,6,2,3,5
cosmos's,8,3,2,5,5,1,6
cosmoses,8,2,2,4,4,2,6
cosplay,7,2,4,6,2,4,6
cosponsor,9,2,1,3,2,1,3
cosponsor's,11,3,1,4,2,0,2
cosponsored,11,3,0,3,2,1,3
cosponsoring,12,2,0,2,2,0,2
cosponsors,10,2,1,3,1,2,3
cost,4,4,3,7,4,3,7
cost's,6,5,5,10,5,5,10
costar,6,5,2,7,5,2,7
costar's,8,2,3,5,2,3,5
costarred,9,4,2,6,5,2,7
costarring,10,6,1,7,5,1,6
costars,7,2,3,5,2,3,5
costed,6,6,3,9,6,6,12
costing,7,7,3,10,7,3,10
costings,8,5,3,8,3,3,6
costlier,8,4,2,6,4,2,6
costliest,9,3,0,3,3,0,3
costliness,10,5,0,5,2,1,3
costliness's,12,6,0,6,2,1,3
costly,6,6,3,9,6,3,9
costs,5,4,3,7,4,3,7
costume,7,6,2,8,6,2,8
costume's,9,7,2,9,7,2,9
costumed,8,4,1,5,4,1,5
costumes,8,6,2,8,6,2,8
costuming,9,8,1,9,8,2,10
cosy,4,4,4,8,4,4,8
cosy's,6,3,6,9,3,6,9
cot,3,3,3,6,3,3,6
cot's,5,5,4,9,5,4,9
cote,4,4,5,9,4,5,9
cote's,6,6,4,10,6,4,10
coterie,7,4,3,7,2,1,3
coterie's,9,6,1,7,5,0,5
coteries,8,4,1,5,4,1,5
cotes,5,5,9,14,5,4,9
cotillion,9,3,2,5,2,3,5
cotillion's,11,4,2,6,4,2,6
cotillions,10,3,2,5,3,3,6
cots,4,4,3,7,4,3,7
cottage,7,6,1,7,6,0,6
cottage's,9,8,0,8,8,0,8
cottages,8,6,1,7,6,1,7
cotter,6,5,5,10,5,4,9
cotter's,8,6,4,10,6,4,10
cotters,7,5,4,9,6,3,9
cotton,6,3,4,7,3,4,7
cotton's,8,5,2,7,5,2,7
cottoned,8,5,3,8,4,6,10
cottoning,9,5,3,8,6,2,8
cottonmouth,11,2,4,6,1,4,5
cottonmouth's,13,2,0,2,2,3,5
cottonmouths,12,3,2,5,3,3,6
cottons,7,5,5,10,4,3,7
cottonseed,10,2,1,3,2,0,2
cottonseed's,12,3,2,5,2,0,2
cottonseeds,11,2,0,2,2,0,2
cottontail,10,3,2,5,2,2,4
cottontail's,12,4,1,5,3,1,4
cottontails,11,4,1,5,4,1,5
cottonwood,10,1,3,4,1,4,5
cottonwood's,12,2,2,4,2,3,5
cottonwoods,11,2,2,4,2,2,4
cotyledon,9,3,3,6,4,2,6
cotyledon's,11,6,1,7,5,1,6
cotyledons,10,4,2,6,3,3,6
couch,5,4,6,10,2,5,7
couch's,7,6,5,11,4,4,8
couched,7,5,5,10,5,5,10
couches,7,5,4,9,5,4,9
couching,8,5,5,10,5,5,10
cougar,6,3,5,8,3,7,10
cougar's,8,5,4,9,5,6,11
cougars,7,5,3,8,5,3,8
cough,5,5,6,11,4,5,9
cough's,7,7,5,12,6,4,10
coughed,7,4,4,8,4,4,8
coughing,8,7,2,9,7,2,9
coughs,6,6,5,11,6,5,11
could,5,5,7,12,4,6,10
could've,8,3,4,7,3,4,7
couldn't,8,8,4,12,8,4,12
council,7,3,3,6,3,3,6
council's,9,5,2,7,5,2,7
councillor,10,3,2,5,3,2,5
councillor's,12,3,2,5,3,1,4
councillors,11,3,2,5,3,2,5
councilman,10,2,2,4,2,2,4
councilman's,12,5,1,6,3,1,4
councilmen,10,3,3,6,4,2,6
councilor,9,2,3,5,2,3,5
councilor's,11,3,2,5,3,2,5
councilors,10,4,2,6,3,2,5
councils,8,4,2,6,4,2,6
councilwoman,12,9,1,10,2,2,4
councilwoman's,14,3,2,5,3,0,3
councilwomen,12,8,2,10,2,1,3
counsel,7,3,2,5,3,2,5
counsel's,9,5,1,6,5,2,7
counseled,9,4,1,5,6,0,6
counseling,10,3,0,3,3,0,3
counselings,11,4,0,4,4,0,4
counselled,10,3,0,3,3,0,3
counsellor,10,4,0,4,4,0,4
counsellor's,12,2,1,3,2,1,3
counsellors,11,3,0,3,3,0,3
counselor,9,3,0,3,2,1,3
counselor's,11,3,0,3,3,0,3
counselors,10,2,1,3,3,0,3
counsels,8,3,2,5,3,1,4
count,5,5,6,11,5,6,11
count's,7,7,5,12,7,4,11
countable,9,3,2,5,7,1,8
countably,9,4,3,7,3,3,6
countdown,9,2,4,6,2,4,6
countdown's,11,4,2,6,4,2,6
countdowns,10,3,3,6,3,4,7
counted,7,7,5,12,7,5,12
countenance,11,3,2,5,3,1,4
countenance's,13,4,0,4,4,0,4
countenanced,12,2,2,4,2,2,4
countenances,12,4,0,4,4,0,4
countenancing,13,2,1,3,3,1,4
counter,7,6,5,11,6,5,11
counter's,9,5,4,9,7,3,10
counteract,10,3,1,4,3,1,4
counteracted,12,2,2,4,2,2,4
counteracting,13,3,1,4,3,1,4
counteraction,13,2,1,3,3,1,4
counteraction's,15,3,0,3,4,0,4
counteractions,14,3,0,3,4,0,4
counteracts,11,4,1,5,5,0,5
counterattack,13,1,2,3,1,2,3
counterattack's,15,2,0,2,2,1,3
counterattacked,15,1,2,3,2,2,4
counterattacking,16,1,1,2,2,1,3
counterattacks,14,2,0,2,3,1,4
counterbalance,14,2,2,4,2,2,4
counterbalance's,16,3,0,3,3,1,4
counterbalanced,15,1,2,3,2,2,4
counterbalances,15,3,0,3,2,1,3
counterbalancing,16,1,1,2,2,1,3
counterclaim,12,2,1,3,2,1,3
counterclaim's,14,4,0,4,4,0,4
counterclaimed,14,2,1,3,2,1,3
counterclaiming,15,2,1,3,2,1,3
counterclaims,13,4,0,4,4,0,4
counterclockwise,16,2,0,2,3,0,3
counterculture,14,2,2,4,2,2,4
counterculture's,16,2,0,2,3,1,4
countered,9,6,2,8,5,1,6
counterespionage,16,2,0,2,2,0,2
counterespionage's,18,2,0,2,2,0,2
counterexample,14,1,2,3,1,2,3
counterexamples,15,3,0,3,2,1,3
counterfeit,11,3,2,5,2,1,3
counterfeit's,13,3,0,3,3,0,3
counterfeited,13,3,1,4,4,1,5
counterfeiter,13,2,1,3,4,1,5
counterfeiter's,15,2,0,2,3,0,3
counterfeiters,14,3,0,3,3,0,3
counterfeiting,14,2,1,3,2,1,3
counterfeits,12,4,0,4,4,0,4
countering,10,6,2,8,6,2,8
counterintelligence,19,1,0,1,1,0,1
counterintelligence's,21,1,0,1,1,0,1
countermand,11,3,2,5,2,1,3
countermand's,13,4,0,4,4,0,4
countermanded,13,2,2,4,2,2,4
countermanding,14,3,1,4,2,1,3
countermands,12,4,0,4,4,0,4
counteroffer,12,2,2,4,2,2,4
counteroffer's,14,4,0,4,2,1,3
counteroffers,13,5,0,5,3,0,3
counterpane,11,3,2,5,2,1,3
counterpane's,13,5,0,5,3,0,3
counterpanes,12,4,0,4,4,0,4
counterpart,11,2,2,4,3,1,4
counterpart's,13,3,0,3,4,0,4
counterparts,12,3,0,3,4,0,4
counterpoint,12,3,1,4,3,1,4
counterpoint's,14,3,0,3,4,0,4
counterpoints,13,2,0,2,3,1,4
counterproductive,17,2,0,2,3,0,3
counterrevolution,17,2,0,2,3,0,3
counterrevolution's,19,2,0,2,2,0,2
counterrevolutionaries,22,9,0,9,1,0,1
counterrevolutionary,20,1,0,1,1,0,1
counterrevolutionary's,22,9,0,9,1,0,1
counterrevolutions,18,2,0,2,2,0,2
counters,8,7,2,9,7,2,9
countersank,11,10,0,10,10,0,10
countersign,11,3,0,3,3,0,3
countersign's,13,3,0,3,3,0,3
countersigned,13,2,0,2,3,0,3
countersigning,14,3,0,3,3,0,3
countersigns,12,5,0,5,3,0,3
countersink,11,9,1,10,9,1,10
countersink's,13,3,0,3,3,0,3
countersinking,14,3,0,3,3,0,3
countersinks,12,5,0,5,3,0,3
countersunk,11,8,0,8,4,0,4
countertenor,12,2,2,4,2,2,4
countertenor's,14,3,0,3,2,1,3
countertenors,13,3,0,3,3,0,3
counterweight,13,3,1,4,3,1,4
counterweight's,15,3,0,3,4,0,4
counterweights,14,3,0,3,4,0,4
countess,8,5,1,6,5,1,6
countess's,10,5,0,5,5,0,5
countesses,10,5,1,6,5,1,6
counties,8,7,3,10,7,3,10
counting,8,6,3,9,6,3,9
countless,9,7,0,7,7,0,7
countries,9,8,1,9,8,1,9
countrified,11,3,1,4,3,2,5
country,7,6,4,10,6,4,10
country's,9,8,3,11,8,3,11
countryman,10,2,3,5,2,3,5
countryman's,12,5,1,6,3,2,5
countrymen,10,5,2,7,4,2,6
countryside,11,3,0,3,3,0,3
countryside's,13,2,0,2,2,0,2
countrysides,12,4,0,4,2,0,2
countrywoman,12,1,3,4,1,3,4
countrywoman's,14,3,0,3,2,2,4
countrywomen,12,2,2,4,2,2,4
counts,6,6,4,10,6,4,10
county,6,4,5,9,4,6,10
county's,8,7,4,11,7,4,11
coup,4,2,9,11,2,9,11
coup's,6,4,8,12,4,8,12
coupe,5,3,6,9,3,8,11
coupe's,7,5,5,10,5,7,12
coupes,6,5,4,9,5,5,10
couple,6,4,5,9,4,6,10
couple's,8,7,2,9,5,7,12
coupled,7,5,6,11,5,7,12
couples,7,6,2,8,5,5,10
couplet,7,5,5,10,5,5,10
couplet's,9,7,2,9,7,3,10
couplets,8,6,4,10,6,3,9
coupling,8,7,3,10,5,7,12
coupling's,10,5,2,7,4,2,6
couplings,9,6,3,9,6,2,8
coupon,6,3,7,10,2,7,9
coupon's,8,5,5,10,4,5,9
coupons,7,4,6,10,4,5,9
coups,5,3,8,11,3,8,11
courage,7,4,4,8,6,2,8
courage's,9,7,3,10,7,3,10
courageous,10,4,1,5,4,1,5
courageously,12,5,0,5,3,0,3
courier,7,5,3,8,5,3,8
courier's,9,7,2,9,7,2,9
couriers,8,6,2,8,6,1,7
course,6,4,3,7,4,3,7
course's,8,6,1,7,5,1,6
coursed,7,5,0,5,5,1,6
courser,7,5,2,7,5,1,6
courses,7,4,1,5,4,1,5
coursing,8,4,1,5,4,1,5
court,5,2,7,9,3,7,10
court's,7,4,6,10,5,5,10
courted,7,5,4,9,5,4,9
courteous,9,5,2,7,5,1,6
courteously,11,4,0,4,4,0,4
courteousness,13,3,0,3,3,0,3
courteousness's,15,4,0,4,3,0,3
courtesan,9,4,0,4,3,0,3
courtesan's,11,3,0,3,3,0,3
courtesans,10,3,1,4,8,0,8
courtesies,10,3,1,4,3,0,3
courtesy,8,3,0,3,3,0,3
courtesy's,10,4,1,5,7,1,8
courthouse,10,3,1,4,3,1,4
courthouse's,12,4,1,5,6,1,7
courthouses,11,4,1,5,6,1,7
courtier,8,4,2,6,4,1,5
courtier's,10,4,0,4,4,0,4
courtiers,9,4,1,5,4,1,5
courting,8,4,4,8,4,4,8
courtlier,9,3,2,5,3,2,5
courtliest,10,4,0,4,4,0,4
courtliness,11,4,0,4,6,0,6
courtliness's,13,5,0,5,7,0,7
courtly,7,4,4,8,4,4,8
courtroom,9,1,5,6,1,5,6
courtroom's,11,3,3,6,2,3,5
courtrooms,10,2,2,4,2,2,4
courts,6,3,6,9,3,6,9
courtship,9,3,1,4,3,1,4
courtship's,11,3,1,4,3,1,4
courtships,10,3,1,4,2,2,4
courtyard,9,3,3,6,3,3,6
courtyard's,11,4,1,5,3,1,4
courtyards,10,4,2,6,4,1,5
cousin,6,4,2,6,4,3,7
cousin's,8,5,1,6,5,2,7
cousins,7,4,3,7,4,3,7
cove,4,4,9,13,4,9,13
cove's,6,5,9,14,5,9,14
coven,5,5,6,11,5,6,11
coven's,7,6,4,10,6,4,10
covenant,8,2,2,4,2,2,4
covenant's,10,5,1,6,5,1,6
covenanted,10,3,2,5,3,2,5
covenanting,11,2,1,3,3,1,4
covenants,9,4,2,6,4,2,6
covens,6,6,5,11,6,5,11
cover,5,5,4,9,5,4,9
cover's,7,7,2,9,7,2,9
coverage,8,4,2,6,3,4,7
coverage's,10,7,1,8,6,2,8
coverall,8,3,2,5,4,2,6
coverall's,10,6,0,6,5,0,5
coveralls,9,5,0,5,5,0,5
covered,7,4,4,8,5,3,8
covering,8,6,4,10,6,4,10
covering's,10,6,2,8,6,2,8
coverings,9,4,3,7,4,2,6
coverlet,8,2,3,5,2,3,5
coverlet's,10,6,1,7,6,1,7
coverlets,9,3,2,5,3,0,3
covers,6,6,2,8,6,2,8
covert,6,3,5,8,3,5,8
covert's,8,6,3,9,6,3,9
covertly,8,3,2,5,4,3,7
coverts,7,5,3,8,4,3,7
coves,5,4,10,14,4,10,14
covet,5,4,6,10,4,6,10
coveted,7,4,3,7,4,3,7
coveting,8,5,3,8,5,3,8
covetous,8,4,2,6,4,2,6
covetously,10,2,1,3,6,0,6
covetousness,12,3,0,3,3,0,3
covetousness's,14,3,0,3,3,0,3
covets,6,5,5,10,3,7,10
covey,5,4,8,12,4,8,12
covey's,7,6,5,11,6,6,12
coveys,6,5,5,10,5,5,10
cow,3,3,6,9,3,6,9
cow's,5,5,5,10,5,5,10
coward,6,6,3,9,6,4,10
coward's,8,8,2,10,8,2,10
cowardice,9,4,2,6,4,2,6
cowardice's,11,5,1,6,4,1,5
cowardliness,12,4,0,4,4,1,5
cowardliness's,14,5,0,5,4,1,5
cowardly,8,4,3,7,3,4,7
cowards,7,7,2,9,6,5,11
cowbird,7,6,5,11,3,5,8
cowbird's,9,8,3,11,5,3,8
cowbirds,8,7,3,10,7,3,10
cowboy,6,4,6,10,4,6,10
cowboy's,8,6,4,10,6,4,10
cowboys,7,3,5,8,4,8,12
cowed,5,5,4,9,5,3,8
cower,5,5,4,9,5,4,9
cowered,7,6,2,8,6,1,7
cowering,8,8,2,10,8,2,10
cowers,6,6,3,9,6,3,9
cowgirl,7,5,6,11,3,4,7
cowgirl's,9,7,4,11,4,2,6
cowgirls,8,6,4,10,6,4,10
cowhand,7,5,5,10,4,6,10
cowhand's,9,6,4,10,5,4,9
cowhands,8,6,3,9,5,5,10
cowhide,7,5,4,9,5,3,8
cowhide's,9,7,2,9,7,2,9
cowhides,8,5,2,7,6,2,8
cowing,6,6,5,11,6,4,10
cowl,4,4,5,9,4,4,8
cowl's,6,6,4,10,6,3,9
cowlick,7,3,5,8,3,4,7
cowlick's,9,5,3,8,5,4,9
cowlicks,8,4,4,8,4,4,8
cowling,7,7,5,12,7,5,12
cowling's,9,8,4,12,8,4,12
cowlings,8,6,3,9,6,3,9
cowls,5,5,4,9,5,4,9
coworker,8,2,3,5,2,2,4
coworker's,10,4,0,4,4,0,4
coworkers,9,4,1,5,4,1,5
cowpoke,7,4,5,9,3,5,8
cowpoke's,9,5,4,9,5,3,8
cowpokes,8,5,4,9,4,5,9
cowpox,6,3,7,10,3,7,10
cowpox's,8,5,5,10,5,5,10
cowpuncher,10,3,3,6,4,2,6
cowpuncher's,12,5,1,6,4,2,6
cowpunchers,11,4,2,6,3,2,5
cows,4,4,6,10,4,6,10
cowslip,7,5,2,7,4,2,6
cowslip's,9,3,3,6,3,3,6
cowslips,8,5,3,8,3,4,7
cox,3,3,8,11,3,9,12
coxcomb,7,2,5,7,2,5,7
coxcomb's,9,4,3,7,4,3,7
coxcombs,8,3,4,7,3,4,7
coxswain,8,4,1,5,2,2,4
coxswain's,10,5,1,6,3,2,5
coxswains,9,3,3,6,3,1,4
coy,3,3,7,10,3,7,10
coyer,5,5,7,12,5,7,12
coyest,6,5,3,8,5,3,8
coyly,5,2,3,5,2,3,5
coyness,7,5,2,7,5,2,7
coyness's,9,6,2,8,6,2,8
coyote,6,3,2,5,3,2,5
coyote's,8,4,3,7,4,4,8
coyotes,7,3,3,6,3,3,6
cozen,5,4,7,11,4,7,11
cozened,7,4,3,7,5,2,7
cozening,8,3,2,5,3,2,5
cozens,6,5,6,11,5,6,11
cozier,6,5,5,10,5,4,9
cozies,6,4,6,10,5,5,10
coziest,7,6,4,10,6,4,10
cozily,6,5,5,10,5,5,10
coziness,8,6,2,8,6,2,8
coziness's,10,7,2,9,7,2,9
cozy,4,3,8,11,3,9,12
cozy's,6,5,7,12,5,8,13
crab,4,4,1,5,4,1,5
crab's,6,6,1,7,6,1,7
crabbed,7,6,3,9,6,3,9
crabbier,8,6,2,8,6,2,8
crabbiest,9,8,2,10,8,2,10
crabbily,8,5,4,9,4,4,8
crabbiness,10,8,1,9,6,3,9
crabbiness's,12,9,1,10,9,2,11
crabbing,8,7,5,12,7,5,12
crabby,6,4,3,7,4,3,7
crabs,5,5,1,6,5,1,6
crack,5,3,4,7,3,4,7
crack's,7,5,4,9,5,3,8
crackdown,9,4,3,7,3,3,6
crackdown's,11,5,1,6,4,2,6
crackdowns,10,4,2,6,5,1,6
cracked,7,6,2,8,5,2,7
cracker,7,4,3,7,4,4,8
cracker's,9,6,3,9,6,2,8
crackerjack,11,2,3,5,3,2,5
crackerjack's,13,4,1,5,4,0,4
crackerjacks,12,3,1,4,4,0,4
crackers,8,5,4,9,5,3,8
cracking,8,6,4,10,6,4,10
crackle,7,5,3,8,5,3,8
crackle's,9,7,2,9,7,3,10
crackled,8,6,2,8,4,1,5
crackles,8,6,3,9,6,4,10
crackling,9,7,4,11,6,4,10
crackly,7,5,5,10,5,4,9
crackpot,8,3,3,6,3,3,6
crackpot's,10,5,1,6,4,2,6
crackpots,9,4,2,6,4,1,5
cracks,6,4,5,9,4,5,9
crackup,7,4,6,10,2,5,7
crackup's,9,3,4,7,3,3,6
crackups,8,3,4,7,4,2,6
cradle,6,4,2,6,4,2,6
cradle's,8,7,1,8,6,2,8
cradled,7,4,3,7,4,3,7
cradles,7,6,1,7,4,2,6
cradling,8,6,3,9,6,3,9
craft,5,5,3,8,5,2,7
craft's,7,7,1,8,7,1,8
crafted,7,7,1,8,6,5,11
craftier,8,6,3,9,6,4,10
craftiest,9,8,0,8,8,0,8
craftily,8,6,3,9,5,3,8
craftiness,10,7,2,9,9,0,9
craftiness's,12,8,2,10,8,3,11
crafting,8,7,6,13,6,7,13
crafts,6,6,3,9,6,2,8
craftsman,9,8,2,10,8,2,10
craftsman's,11,9,2,11,9,2,11
craftsmanship,13,11,0,11,11,0,11
craftsmanship's,15,12,0,12,12,0,12
craftsmen,9,9,0,9,9,0,9
crafty,6,5,4,9,4,6,10
crag,4,4,5,9,4,5,9
crag's,6,6,4,10,6,4,10
craggier,8,6,4,10,4,1,5
craggiest,9,8,3,11,8,3,11
craggy,6,5,5,10,4,4,8
crags,5,5,2,7,5,2,7
cram,4,4,3,7,4,3,7
crammed,7,6,2,8,6,2,8
cramming,8,7,4,11,7,4,11
cramp,5,4,5,9,4,5,9
cramp's,7,6,5,11,6,4,10
cramped,7,6,2,8,6,2,8
cramping,8,7,4,11,7,4,11
cramps,6,5,5,10,5,5,10
crams,5,5,4,9,5,4,9
cranberries,11,3,0,3,3,1,4
cranberry,9,2,1,3,3,1,4
cranberry's,11,6,0,6,4,0,4
crane,5,5,1,6,5,1,6
crane's,7,7,0,7,7,0,7
craned,6,6,0,6,6,0,6
cranes,6,6,1,7,6,1,7
crania,6,3,3,6,3,3,6
cranial,7,3,2,5,3,3,6
craning,7,5,3,8,5,3,8
cranium,7,6,2,8,5,3,8
cranium's,9,8,1,9,7,2,9
craniums,8,4,2,6,5,2,7
crank,5,5,3,8,5,4,9
crank's,7,7,3,10,7,4,11
crankcase,9,3,1,4,3,1,4
crankcase's,11,3,2,5,3,1,4
crankcases,10,3,2,5,3,1,4
cranked,7,6,4,10,6,6,12
crankier,8,6,5,11,5,5,10
crankiest,9,8,4,12,7,5,12
crankiness,10,6,1,7,6,1,7
crankiness's,12,7,1,8,7,1,8
cranking,8,7,4,11,7,4,11
cranks,6,6,3,9,6,4,10
crankshaft,10,2,1,3,3,2,5
crankshaft's,12,4,2,6,3,2,5
crankshafts,11,3,2,5,3,2,5
cranky,6,4,3,7,4,3,7
crannies,8,7,0,7,7,0,7
cranny,6,5,3,8,5,3,8
cranny's,8,7,2,9,7,2,9
crap,4,4,6,10,4,6,10
crap's,6,6,5,11,6,5,11
crape,5,5,2,7,5,2,7
crape's,7,7,1,8,7,1,8
crapes,6,6,2,8,6,2,8
crapped,7,6,5,11,6,4,10
crappier,8,5,6,11,6,3,9
crappiest,9,7,5,12,8,4,12
crapping,8,6,7,13,7,6,13
crappy,6,4,6,10,5,5,10
craps,5,5,3,8,5,3,8
craps's,7,4,3,7,4,3,7
crash,5,5,2,7,5,2,7
crash's,7,5,3,8,5,3,8
crashed,7,5,3,8,5,3,8
crashes,7,5,2,7,5,1,6
crashing,8,7,3,10,7,3,10
crass,5,3,3,6,3,3,6
crasser,7,5,1,6,5,1,6
crassest,8,6,0,6,6,0,6
crassly,7,3,2,5,3,2,5
crassness,9,4,1,5,6,1,7
crassness's,11,7,0,7,7,0,7
crate,5,5,3,8,5,3,8
crate's,7,7,2,9,7,2,9
crated,6,6,1,7,6,1,7
crater,6,5,0,5,5,0,5
crater's,8,7,0,7,7,0,7
cratered,8,3,2,5,3,2,5
cratering,9,5,2,7,5,2,7
craters,7,6,0,6,6,0,6
crates,6,6,3,9,6,3,9
crating,7,7,2,9,7,2,9
cravat,6,3,2,5,3,2,5
cravat's,8,5,1,6,5,1,6
cravats,7,2,2,4,2,2,4
crave,5,5,4,9,5,4,9
craved,6,6,2,8,6,2,8
craven,6,6,2,8,6,2,8
craven's,8,6,1,7,5,2,7
cravenly,8,6,2,8,6,2,8
cravens,7,4,3,7,4,3,7
craves,6,6,4,10,6,4,10
craving,7,7,3,10,7,3,10
craving's,9,8,1,9,8,2,10
cravings,8,6,3,9,7,1,8
craw,4,3,7,10,3,7,10
craw's,6,6,7,13,6,7,13
crawfish,8,8,1,9,8,2,10
crawfish's,10,9,2,11,9,2,11
crawfishes,10,9,1,10,9,0,9
crawl,5,4,6,10,4,6,10
crawl's,7,6,6,12,6,5,11
crawled,7,5,6,11,5,7,12
crawling,8,8,3,11,6,6,12
crawls,6,4,6,10,4,6,10
crawlspace,10,3,1,4,3,1,4
crawlspace's,12,4,1,5,2,2,4
crawlspaces,11,3,1,4,2,2,4
craws,5,5,8,13,5,8,13
crayfish,8,7,2,9,7,3,10
crayfish's,10,8,3,11,8,3,11
crayfishes,10,8,2,10,8,1,9
crayon,6,3,2,5,5,2,7
crayon's,8,7,1,8,4,2,6
crayoned,8,4,2,6,4,2,6
crayoning,9,5,3,8,5,3,8
crayons,7,4,4,8,4,4,8
craze,5,4,5,9,4,5,9
craze's,7,6,3,9,6,3,9
crazed,6,5,3,8,5,3,8
crazes,6,5,5,10,5,5,10
crazier,7,5,3,8,5,3,8
crazies,7,6,1,7,6,1,7
craziest,8,7,0,7,7,2,9
crazily,7,6,4,10,3,4,7
craziness,9,6,1,7,6,1,7
craziness's,11,7,1,8,7,1,8
crazing,7,6,4,10,6,4,10
crazy,5,3,7,10,3,7,10
crazy's,7,5,7,12,5,6,11
creak,5,5,4,9,5,4,9
creak's,7,7,2,9,7,2,9
creaked,7,6,2,8,6,1,7
creakier,8,6,1,7,6,1,7
creakiest,9,8,0,8,8,0,8
creaking,8,8,3,11,8,3,11
creaks,6,6,3,9,6,3,9
creaky,6,6,1,7,6,2,8
cream,5,3,5,8,3,5,8
cream's,7,5,3,8,5,3,8
creamed,7,6,3,9,6,2,8
creamer,7,4,3,7,4,2,6
creamer's,9,7,0,7,7,0,7
creameries,10,2,0,2,2,0,2
creamers,8,6,0,6,6,0,6
creamery,8,2,1,3,2,1,3
creamery's,10,4,0,4,3,0,3
creamier,8,5,2,7,5,2,7
creamiest,9,7,1,8,7,1,8
creaminess,10,3,1,4,3,1,4
creaminess's,12,7,0,7,6,1,7
creaming,8,8,3,11,6,4,10
creams,6,4,4,8,4,4,8
creamy,6,5,2,7,5,3,8
crease,6,5,1,6,5,1,6
crease's,8,6,1,7,6,0,6
creased,7,6,0,6,5,3,8
creases,7,5,1,6,5,1,6
creasing,8,7,0,7,5,0,5
create,6,4,2,6,4,2,6
created,7,5,4,9,6,0,6
creates,7,4,1,5,4,2,6
creating,8,7,4,11,7,3,10
creation,8,4,1,5,4,1,5
creation's,10,6,0,6,6,0,6
creationism,11,4,0,4,3,0,3
creationism's,13,4,0,4,3,0,3
creations,9,6,1,7,4,0,4
creative,8,4,1,5,4,1,5
creative's,10,6,0,6,6,0,6
creatively,10,4,1,5,2,1,3
creativeness,12,2,0,2,2,0,2
creativeness's,14,2,0,2,2,0,2
creatives,9,5,0,5,5,0,5
creativity,10,4,1,5,4,1,5
creativity's,12,3,0,3,4,0,4
creator,7,2,1,3,2,1,3
creator's,9,3,0,3,3,0,3
creators,8,3,1,4,3,0,3
creature,8,2,1,3,2,1,3
creature's,10,4,0,4,3,0,3
creatures,9,3,0,3,3,0,3
credence,8,2,1,3,2,1,3
credence's,10,6,0,6,5,0,5
credential,10,3,1,4,3,1,4
credential's,12,3,0,3,3,0,3
credentials,11,5,0,5,4,0,4
credenza,8,3,1,4,3,1,4
credenza's,10,5,0,5,4,0,4
credenzas,9,4,0,4,3,1,4
credibility,11,4,1,5,3,1,4
credibility's,13,4,0,4,4,0,4
credible,8,4,1,5,4,1,5
credibly,8,4,1,5,4,1,5
credit,6,4,3,7,3,3,6
credit's,8,6,0,6,6,0,6
creditable,10,3,1,4,3,1,4
creditably,10,3,1,4,3,1,4
credited,8,5,1,6,5,1,6
crediting,9,6,1,7,6,1,7
creditor,8,4,1,5,4,1,5
creditor's,10,8,0,8,8,0,8
creditors,9,7,0,7,7,0,7
credits,7,4,1,5,4,1,5
credo,5,4,3,7,4,4,8
credo's,7,5,2,7,6,3,9
credos,6,4,3,7,4,4,8
credulity,9,4,2,6,3,2,5
credulity's,11,6,1,7,5,1,6
credulous,9,5,2,7,7,2,9
credulously,11,8,0,8,8,0,8
creed,5,4,2,6,4,2,6
creed's,7,6,1,7,6,1,7
creeds,6,5,1,6,5,1,6
creek,5,4,1,5,4,1,5
creek's,7,6,0,6,6,0,6
creeks,6,5,2,7,5,2,7
creel,5,4,3,7,4,3,7
creel's,7,6,2,8,6,2,8
creels,6,5,3,8,5,3,8
creep,5,3,4,7,3,4,7
creep's,7,5,3,8,5,3,8
creeper,7,3,2,5,3,1,4
creeper's,9,5,1,6,5,1,6
creepers,8,4,1,5,4,1,5
creepier,8,4,2,6,4,2,6
creepiest,9,6,1,7,6,1,7
creepily,8,5,3,8,6,3,9
creepiness,10,6,1,7,6,1,7
creepiness's,12,7,1,8,7,1,8
creeping,8,6,3,9,6,3,9
creeps,6,4,4,8,4,4,8
creepy,6,4,2,6,4,2,6
cremate,7,4,2,6,4,1,5
cremated,8,4,1,5,4,1,5
cremates,8,5,1,6,5,1,6
cremating,9,6,2,8,6,2,8
cremation,9,6,1,7,6,1,7
cremation's,11,8,0,8,7,0,7
cremations,10,4,0,4,4,0,4
crematoria,10,3,1,4,3,1,4
crematories,11,3,0,3,3,0,3
crematorium,11,2,2,4,3,1,4
crematorium's,13,4,0,4,5,0,5
crematoriums,12,4,0,4,3,0,3
crematory,9,6,2,8,6,2,8
crematory's,11,4,0,4,3,0,3
creole,6,4,0,4,4,0,4
creole's,8,6,0,6,6,0,6
creoles,7,5,0,5,5,1,6
creosote,8,3,0,3,3,0,3
creosote's,10,3,0,3,3,0,3
creosoted,9,3,0,3,3,0,3
creosotes,9,3,1,4,3,1,4
creosoting,10,3,1,4,3,0,3
crepe,5,3,2,5,3,2,5
crepe's,7,5,1,6,5,1,6
crepes,6,3,2,5,4,3,7
crept,5,3,3,6,3,4,7
crescendi,9,7,0,7,7,0,7
crescendo,9,6,1,7,6,1,7
crescendo's,11,2,0,2,2,0,2
crescendos,10,6,0,6,6,0,6
crescent,8,2,0,2,2,0,2
crescent's,10,5,1,6,5,1,6
crescents,9,3,1,4,3,1,4
cress,5,4,2,6,4,2,6
cress's,7,5,0,5,5,0,5
crest,5,5,0,5,5,0,5
crest's,7,6,0,6,6,0,6
crested,7,6,1,7,5,1,6
crestfallen,11,3,1,4,3,0,3
cresting,8,8,0,8,8,0,8
crests,6,4,1,5,4,1,5
cretin,6,4,3,7,5,2,7
cretin's,8,7,1,8,7,1,8
cretinous,9,6,1,7,6,0,6
cretins,7,4,1,5,4,1,5
crevasse,8,2,0,2,2,0,2
crevasse's,10,3,0,3,3,0,3
crevasses,9,4,0,4,4,0,4
crevice,7,3,3,6,3,3,6
crevice's,9,5,1,6,5,1,6
crevices,8,4,1,5,4,1,5
crew,4,4,4,8,4,4,8
crew's,6,5,3,8,5,3,8
crewed,6,4,2,6,4,2,6
crewing,7,6,2,8,6,2,8
crewman,7,3,2,5,3,2,5
crewman's,9,5,1,6,5,1,6
crewmen,7,2,3,5,2,3,5
crews,5,4,2,6,4,2,6
crib,4,3,7,10,3,6,9
crib's,6,5,5,10,5,5,10
cribbage,8,3,2,5,3,2,5
cribbage's,10,6,0,6,5,1,6
cribbed,7,6,4,10,6,5,11
cribbing,8,6,3,9,5,4,9
cribs,5,4,6,10,4,6,10
crick,5,3,5,8,3,5,8
crick's,7,6,4,10,5,4,9
cricked,7,6,3,9,5,5,10
cricket,7,5,2,7,5,2,7
cricket's,9,7,0,7,7,0,7
cricketer,9,3,2,5,3,1,4
cricketer's,11,5,0,5,4,0,4
cricketers,10,4,0,4,4,0,4
crickets,8,6,1,7,6,1,7
cricking,8,5,3,8,5,4,9
cricks,6,5,4,9,4,5,9
cried,5,5,3,8,5,3,8
crier,5,4,3,7,4,3,7
crier's,7,6,1,7,6,1,7
criers,6,5,2,7,5,2,7
cries,5,5,1,6,5,1,6
crime,5,5,6,11,5,6,11
crime's,7,6,3,9,6,3,9
crimes,6,5,3,8,5,4,9
criminal,8,5,2,7,4,2,6
criminal's,10,8,1,9,5,2,7
criminally,10,6,2,8,3,2,5
criminals,9,3,2,5,3,2,5
criminologist,13,2,0,2,2,0,2
criminologist's,15,3,0,3,2,0,2
criminologists,14,2,0,2,2,0,2
criminology,11,2,1,3,1,2,3
criminology's,13,3,3,6,2,1,3
crimp,5,3,5,8,3,5,8
crimp's,7,5,7,12,5,4,9
crimped,7,6,5,11,5,3,8
crimping,8,5,4,9,5,2,7
crimps,6,4,6,10,4,5,9
crimson,7,3,2,5,3,2,5
crimson's,9,4,1,5,3,2,5
crimsoned,9,4,0,4,4,0,4
crimsoning,10,3,1,4,3,1,4
crimsons,8,3,3,6,3,1,4
cringe,6,6,1,7,6,2,8
cringe's,8,8,1,9,8,2,10
cringed,7,5,6,11,5,6,11
cringes,7,7,1,8,7,1,8
cringing,8,5,3,8,5,3,8
crinkle,7,6,2,8,6,2,8
crinkle's,9,8,1,9,8,1,9
crinkled,8,7,3,10,6,2,8
crinkles,8,7,0,7,6,1,7
crinklier,9,6,2,8,6,2,8
crinkliest,10,8,0,8,8,0,8
crinkling,9,7,2,9,7,2,9
crinkly,7,6,3,9,6,4,10
crinoline,9,4,2,6,4,2,6
crinoline's,11,5,1,6,4,1,5
crinolines,10,3,1,4,3,1,4
cripple,7,5,5,10,5,4,9
cripple's,9,7,4,11,7,4,11
crippled,8,6,4,10,6,1,7
cripples,8,6,1,7,7,0,7
crippling,9,6,2,8,6,3,9
crises,6,4,1,5,4,1,5
crisis,6,2,3,5,2,4,6
crisis's,8,2,2,4,2,1,3
crisp,5,4,4,8,4,4,8
crisp's,7,4,3,7,5,3,8
crisped,7,5,2,7,5,2,7
crisper,7,4,1,5,4,1,5
crispest,8,5,1,6,5,1,6
crispier,8,5,0,5,5,0,5
crispiest,9,6,0,6,6,0,6
crisping,8,5,2,7,5,3,8
crisply,7,3,3,6,3,3,6
crispness,9,4,1,5,4,1,5
crispness's,11,5,1,6,5,1,6
crisps,6,4,4,8,4,5,9
crispy,6,5,4,9,5,4,9
crisscross,10,2,0,2,2,0,2
crisscross's,12,6,0,6,6,0,6
crisscrossed,12,1,0,1,1,0,1
crisscrosses,12,5,1,6,5,1,6
crisscrossing,13,1,0,1,1,0,1
criteria,8,3,1,4,3,1,4
criterion,9,2,2,4,2,2,4
criterion's,11,4,0,4,4,1,5
criterions,10,4,0,4,4,1,5
critic,6,2,4,6,2,4,6
critic's,8,4,4,8,4,4,8
critical,8,5,2,7,4,2,6
critically,10,6,2,8,3,2,5
criticism,9,2,1,3,2,1,3
criticism's,11,3,0,3,2,1,3
criticisms,10,2,0,2,2,1,3
criticize,9,3,2,5,3,2,5
criticized,10,3,3,6,2,3,5
criticizes,10,4,1,5,4,0,4
criticizing,11,2,1,3,1,2,3
critics,7,2,5,7,3,4,7
critique,8,3,2,5,3,2,5
critique's,10,5,0,5,4,2,6
critiqued,9,3,2,5,3,1,4
critiques,9,3,0,3,3,0,3
critiquing,10,2,2,4,2,2,4
critter,7,5,1,6,5,1,6
critter's,9,7,0,7,7,0,7
critters,8,6,1,7,6,0,6
croak,5,4,4,8,4,3,7
croak's,7,6,2,8,6,2,8
croaked,7,5,2,7,5,4,9
croaking,8,7,4,11,7,5,12
croaks,6,5,4,9,5,3,8
crochet,7,4,3,7,4,3,7
crochet's,9,6,1,7,6,1,7
crocheted,9,5,1,6,5,1,6
crocheting,10,7,1,8,6,1,7
crochets,8,5,2,7,5,2,7
croci,5,4,5,9,4,5,9
crock,5,3,6,9,3,6,9
crock's,7,5,4,9,5,4,9
crocked,7,5,4,9,5,4,9
crockery,8,4,3,7,4,4,8
crockery's,10,7,1,8,6,2,8
crocks,6,5,5,10,5,5,10
crocodile,9,3,2,5,4,2,6
crocodile's,11,6,1,7,5,1,6
crocodiles,10,5,1,6,5,1,6
crocus,6,4,6,10,4,6,10
crocus's,8,5,2,7,3,3,6
crocuses,8,5,0,5,5,0,5
crofts,6,5,4,9,5,4,9
croissant,9,5,0,5,3,0,3
croissant's,11,7,0,7,3,1,4
croissants,10,2,0,2,2,0,2
crone,5,5,3,8,4,3,7
crone's,7,7,2,9,6,2,8
crones,6,6,3,9,6,3,9
cronies,7,6,1,7,6,1,7
crony,5,5,3,8,5,3,8
crony's,7,7,2,9,7,2,9
crook,5,4,5,9,4,5,9
crook's,7,6,4,10,6,4,10
crooked,7,6,3,9,5,2,7
crookeder,9,2,1,3,3,1,4
crookedest,10,3,1,4,3,1,4
crookedly,9,3,1,4,2,2,4
crookedness,11,4,0,4,3,0,3
crookedness's,13,3,0,3,3,0,3
crooking,8,5,5,10,5,5,10
crooks,6,5,5,10,5,5,10
croon,5,3,6,9,3,6,9
croon's,7,5,5,10,5,5,10
crooned,7,5,4,9,4,4,8
crooner,7,4,3,7,4,3,7
crooner's,9,5,3,8,5,2,7
crooners,8,4,3,7,4,2,6
crooning,8,4,3,7,5,2,7
croons,6,4,6,10,4,6,10
crop,4,4,3,7,4,3,7
crop's,6,6,3,9,6,3,9
cropped,7,6,3,9,5,1,6
cropper,7,5,2,7,5,2,7
cropper's,9,7,2,9,7,1,8
croppers,8,6,2,8,6,1,7
cropping,8,7,3,10,7,3,10
crops,5,5,3,8,5,3,8
croquet,7,5,2,7,5,2,7
croquet's,9,7,0,7,7,0,7
croquette,9,3,3,6,3,3,6
croquette's,11,5,2,7,5,1,6
croquettes,10,5,0,5,6,1,7
crosier,7,6,0,6,6,0,6
crosier's,9,4,0,4,3,0,3
crosiers,8,5,0,5,4,1,5
cross,5,4,0,4,4,0,4
cross's,7,5,1,6,5,1,6
crossbar,8,2,2,4,2,1,3
crossbar's,10,5,0,5,5,0,5
crossbars,9,4,2,6,3,1,4
crossbeam,9,5,0,5,5,0,5
crossbeam's,11,5,0,5,5,0,5
crossbeams,10,5,1,6,3,0,3
crossbones,10,4,1,5,3,0,3
crossbones's,12,5,0,5,3,0,3
crossbow,8,1,3,4,2,2,4
crossbow's,10,3,2,5,3,1,4
crossbows,9,2,2,4,2,1,3
crossbred,9,3,0,3,3,0,3
crossbreed,10,2,0,2,2,0,2
crossbreed's,12,2,0,2,2,0,2
crossbreeding,13,4,0,4,2,0,2
crossbreeds,11,3,0,3,3,0,3
crosscheck,10,2,0,2,2,0,2
crosscheck's,12,2,0,2,2,0,2
crosschecked,12,2,0,2,2,0,2
crosschecking,13,4,0,4,2,0,2
crosschecks,11,3,0,3,3,0,3
crossed,7,6,1,7,6,1,7
crosser,7,4,2,6,4,2,6
crosses,7,5,2,7,5,1,6
crossest,8,5,1,6,5,1,6
crossfire,9,3,0,3,3,0,3
crossfire's,11,4,0,4,3,0,3
crossfires,10,4,1,5,4,1,5
crossing,8,6,1,7,6,1,7
crossing's,10,6,1,7,5,1,6
crossings,9,4,1,5,5,1,6
crossly,7,6,1,7,6,1,7
crossness,9,3,1,4,5,2,7
crossness's,11,6,1,7,6,1,7
crossover,9,2,0,2,2,0,2
crossover's,11,2,0,2,2,0,2
crossovers,10,2,0,2,2,0,2
crosspiece,10,2,0,2,2,0,2
crosspiece's,12,2,0,2,2,0,2
crosspieces,11,3,0,3,3,0,3
crossroad,9,2,0,2,2,0,2
crossroad's,11,2,0,2,2,0,2
crossroads,10,2,0,2,2,0,2
crossroads's,12,5,0,5,3,0,3
crosstown,9,4,0,4,3,0,3
crosswalk,9,5,0,5,5,0,5
crosswalk's,11,5,0,5,5,0,5
crosswalks,10,5,1,6,4,2,6
crossways,9,4,2,6,4,2,6
crosswise,9,2,0,2,2,0,2
crossword,9,2,1,3,2,1,3
crossword's,11,3,1,4,2,1,3
crosswords,10,4,0,4,3,0,3
crotch,6,4,4,8,4,4,8
crotch's,8,5,2,7,5,2,7
crotches,8,7,2,9,7,2,9
crotchet,8,2,3,5,3,2,5
crotchet's,10,4,0,4,4,0,4
crotchets,9,4,1,5,4,1,5
crotchety,9,2,3,5,3,2,5
crouch,6,4,5,9,3,6,9
crouch's,8,5,3,8,5,3,8
crouched,8,6,2,8,5,1,6
crouches,8,6,3,9,6,3,9
crouching,9,6,3,9,6,2,8
croup,5,4,5,9,4,5,9
croup's,7,6,4,10,6,4,10
croupier,8,5,3,8,5,3,8
croupier's,10,6,0,6,6,0,6
croupiers,9,5,1,6,5,1,6
croupiest,9,7,1,8,7,1,8
croupy,6,4,5,9,3,6,9
crow,4,4,6,10,3,6,9
crow's,6,5,4,9,5,6,11
crowbar,7,3,3,6,3,2,5
crowbar's,9,5,2,7,4,1,5
crowbars,8,4,2,6,4,2,6
crowd,5,3,6,9,3,6,9
crowd's,7,5,5,10,5,5,10
crowded,7,3,2,5,3,2,5
crowdfund,9,1,4,5,1,4,5
crowdfunded,11,3,3,6,3,2,5
crowdfunding,12,4,1,5,4,3,7
crowdfunds,10,5,2,7,5,2,7
crowding,8,6,5,11,6,6,12
crowds,6,4,5,9,4,5,9
crowed,6,4,4,8,3,4,7
crowing,7,6,5,11,6,5,11
crown,5,5,4,9,5,4,9
crown's,7,7,3,10,7,3,10
crowned,7,5,4,9,7,3,10
crowning,8,7,3,10,7,3,10
crowns,6,6,4,10,6,4,10
crows,5,5,5,10,5,5,10
crozier,7,4,2,6,4,2,6
crozier's,9,6,2,8,6,2,8
croziers,8,5,3,8,5,2,7
croûton,7,2,5,7,2,5,7
croûton's,9,4,3,7,4,3,7
croûtons,8,4,2,6,4,2,6
crucial,7,3,3,6,2,4,6
crucially,9,3,2,5,4,2,6
crucible,8,3,2,5,4,2,6
crucible's,10,5,1,6,4,2,6
crucibles,9,4,0,4,4,0,4
crucified,9,5,2,7,6,2,8
crucifies,9,6,1,7,6,1,7
crucifix,8,3,2,5,3,2,5
crucifix's,10,2,3,5,2,3,5
crucifixes,10,5,1,6,4,0,4
crucifixion,11,2,2,4,2,3,5
crucifixion's,13,3,3,6,3,2,5
crucifixions,12,2,2,4,3,1,4
cruciform,9,2,3,5,2,4,6
cruciform's,11,3,2,5,3,2,5
cruciforms,10,3,2,5,3,2,5
crucify,7,4,5,9,3,5,8
crucifying,10,6,3,9,6,4,10
crud,4,3,7,10,3,7,10
crud's,6,5,6,11,5,6,11
cruddier,8,2,1,3,5,4,9
cruddiest,9,7,2,9,6,2,8
cruddy,6,4,7,11,4,7,11
crude,5,4,4,8,4,4,8
crude's,7,6,3,9,6,3,9
crudely,7,3,3,6,4,4,8
crudeness,9,5,1,6,4,2,6
crudeness's,11,6,1,7,5,2,7
cruder,6,3,4,7,3,4,7
crudest,7,6,2,8,4,3,7
crudities,9,5,1,6,4,2,6
crudity,7,4,5,9,3,5,8
crudity's,9,4,3,7,3,4,7
crudités,8,4,3,7,4,3,7
crudités's,10,4,2,6,3,2,5
cruel,5,5,3,8,5,3,8
crueler,7,2,3,5,2,2,4
cruelest,8,4,2,6,4,2,6
crueller,8,2,2,4,2,2,4
cruellest,9,4,0,4,4,0,4
cruelly,7,6,4,10,3,4,7
cruelties,9,3,1,4,6,0,6
cruelty,7,6,4,10,3,4,7
cruelty's,9,3,3,6,4,3,7
cruet,5,4,4,8,4,4,8
cruet's,7,6,2,8,6,2,8
cruets,6,3,2,5,3,2,5
cruise,6,6,1,7,6,1,7
cruise's,8,7,0,7,7,0,7
cruised,7,6,1,7,6,1,7
cruiser,7,5,2,7,5,1,6
cruiser's,9,6,2,8,6,2,8
cruisers,8,5,2,7,5,1,6
cruises,7,5,2,7,5,2,7
cruising,8,6,2,8,6,2,8
cruller,7,4,4,8,4,5,9
cruller's,9,6,4,10,4,5,9
crullers,8,5,5,10,4,4,8
crumb,5,3,8,11,2,9,11
crumb's,7,5,6,11,4,6,10
crumbed,7,4,5,9,5,4,9
crumbier,8,6,3,9,6,3,9
crumbiest,9,8,1,9,7,1,8
crumbing,8,7,5,12,7,5,12
crumble,7,7,4,11,7,4,11
crumble's,9,9,2,11,9,3,12
crumbled,8,8,4,12,5,3,8
crumbles,8,8,3,11,8,3,11
crumblier,9,4,2,6,4,2,6
crumbliest,10,6,0,6,6,1,7
crumbling,9,9,4,13,9,4,13
crumbly,7,5,5,10,4,6,10
crumbs,6,5,7,12,5,7,12
crumby,6,5,6,11,4,5,9
crummier,8,6,3,9,6,3,9
crummiest,9,8,1,9,7,0,7
crummy,6,5,6,11,4,6,10
crumpet,7,5,2,7,5,2,7
crumpet's,9,7,0,7,7,0,7
crumpets,8,5,1,6,5,1,6
crumple,7,6,5,11,6,5,11
crumple's,9,8,3,11,8,4,12
crumpled,8,7,5,12,6,1,7
crumples,8,7,4,11,7,4,11
crumpling,9,8,5,13,8,5,13
crunch,6,3,7,10,3,6,9
crunch's,8,6,4,10,5,5,10
crunched,8,5,5,10,5,1,6
cruncher,8,4,3,7,4,2,6
crunches,8,5,4,9,5,4,9
crunchier,9,4,2,6,4,2,6
crunchiest,10,6,0,6,6,0,6
crunching,9,4,2,6,4,2,6
crunchy,7,2,6,8,1,6,7
crusade,7,3,2,5,3,2,5
crusade's,9,5,2,7,3,1,4
crusaded,8,3,1,4,3,1,4
crusader,8,4,1,5,4,1,5
crusader's,10,5,0,5,5,0,5
crusaders,9,4,1,5,4,0,4
crusades,8,4,1,5,3,2,5
crusading,9,5,1,6,5,1,6
crush,5,4,6,10,4,7,11
crush's,7,5,6,11,5,6,11
crushed,7,6,3,9,6,3,9
crushes,7,5,3,8,5,2,7
crushing,8,7,4,11,7,4,11
crust,5,3,4,7,3,4,7
crust's,7,4,4,8,4,4,8
crustacean,10,2,0,2,2,0,2
crustacean's,12,2,0,2,2,0,2
crustaceans,11,3,0,3,3,0,3
crusted,7,6,0,6,6,0,6
crustier,8,6,0,6,6,0,6
crustiest,9,6,0,6,6,0,6
crusting,8,5,3,8,5,3,8
crusts,6,4,3,7,4,3,7
crusty,6,4,4,8,3,4,7
crutch,6,4,7,11,4,6,10
crutch's,8,4,5,9,6,5,11
crutches,8,6,4,10,6,4,10
crux,4,4,5,9,4,5,9
crux's,6,6,4,10,6,4,10
cruxes,6,4,5,9,4,5,9
cry,3,3,7,10,3,7,10
cry's,5,5,6,11,5,6,11
crybabies,9,5,1,6,5,0,5
crybaby,7,2,5,7,3,3,6
crybaby's,9,5,2,7,4,3,7
crying,6,6,5,11,6,5,11
cryings,7,3,5,8,3,5,8
cryogenics,10,3,1,4,3,1,4
cryogenics's,12,5,0,5,4,0,4
crypt,5,1,7,8,1,7,8
crypt's,7,3,6,9,3,6,9
cryptic,7,2,5,7,3,4,7
cryptically,11,4,2,6,5,2,7
cryptogram,10,2,3,5,2,3,5
cryptogram's,12,3,2,5,3,2,5
cryptograms,11,3,1,4,2,3,5
cryptographer,13,2,2,4,2,2,4
cryptographer's,15,3,0,3,3,1,4
cryptographers,14,4,1,5,3,1,4
cryptography,12,1,3,4,1,3,4
cryptography's,14,4,1,5,2,2,4
crypts,6,2,6,8,2,6,8
crystal,7,7,2,9,7,2,9
crystal's,9,8,2,10,8,2,10
crystalize,10,3,1,4,4,0,4
crystalized,11,5,0,5,5,1,6
crystalizes,11,4,1,5,3,1,4
crystalizing,12,4,0,4,4,0,4
crystalline,11,10,0,10,4,0,4
crystallization,15,3,0,3,2,0,2
crystallization's,17,4,0,4,3,0,3
crystallize,11,9,1,10,3,1,4
crystallized,12,3,0,3,3,0,3
crystallizes,12,5,0,5,5,0,5
crystallizing,13,4,0,4,4,0,4
crystallographic,16,2,0,2,2,0,2
crystallography,15,3,0,3,2,0,2
crystals,8,3,2,5,3,2,5
crèche,6,1,5,6,1,5,6
crèche's,8,3,5,8,5,1,6
crèches,7,2,5,7,3,4,7
cs,2,2,4,6,2,4,6
cub,3,3,4,7,3,4,7
cub's,5,5,4,9,5,4,9
cubbyhole,9,3,3,6,3,3,6
cubbyhole's,11,5,2,7,4,2,6
cubbyholes,10,4,2,6,4,2,6
cube,4,3,11,14,3,11,14
cube's,6,6,7,13,6,7,13
cubed,5,5,4,9,5,4,9
cubes,5,5,5,10,5,6,11
cubic,5,4,6,10,3,4,7
cubical,7,5,3,8,5,3,8
cubicle,7,6,2,8,6,1,7
cubicle's,9,8,1,9,8,1,9
cubicles,8,7,1,8,7,2,9
cubing,6,6,5,11,6,5,11
cubism,6,5,2,7,5,2,7
cubism's,8,6,4,10,6,4,10
cubist,6,5,4,9,5,4,9
cubist's,8,6,3,9,6,3,9
cubists,7,5,4,9,5,4,9
cubit,5,4,6,10,4,5,9
cubit's,7,5,6,11,5,6,11
cubits,6,4,5,9,4,5,9
cubs,4,4,4,8,4,4,8
cuckold,7,3,4,7,3,4,7
cuckold's,9,5,3,8,5,3,8
cuckolded,9,3,2,5,3,2,5
cuckolding,10,6,3,9,5,3,8
cuckolds,8,4,4,8,3,4,7
cuckoo,6,1,4,5,1,4,5
cuckoo's,8,2,3,5,3,2,5
cuckoos,7,2,3,5,2,2,4
cucumber,8,2,5,7,2,5,7
cucumber's,10,5,2,7,4,4,8
cucumbers,9,4,4,8,4,4,8
cud,3,3,11,14,2,11,13
cud's,5,5,8,13,5,8,13
cuddle,6,5,5,10,5,4,9
cuddle's,8,7,3,10,7,3,10
cuddled,7,5,2,7,5,2,7
cuddles,7,6,4,10,6,4,10
cuddlier,8,2,1,3,5,2,7
cuddliest,9,6,1,7,6,1,7
cuddling,8,7,4,11,7,3,10
cuddly,6,5,6,11,3,7,10
cudgel,6,3,3,6,3,3,6
cudgel's,8,5,4,9,6,3,9
cudgeled,8,4,2,6,4,2,6
cudgeling,9,5,2,7,5,2,7
cudgelled,9,2,2,4,2,2,4
cudgelling,10,5,1,6,4,1,5
cudgels,7,3,5,8,4,6,10
cuds,4,4,8,12,4,8,12
cue,3,3,4,7,3,4,7
cue's,5,5,3,8,5,3,8
cued,4,4,6,10,4,6,10
cueing,6,5,4,9,5,4,9
cues,4,4,3,7,4,3,7
cuff,4,2,8,10,3,10,13
cuff's,6,5,10,15,5,9,14
cuffed,6,5,10,15,5,9,14
cuffing,7,6,6,12,6,6,12
cuffs,5,3,8,11,4,8,12
cuing,5,3,8,11,3,8,11
cuisine,7,3,1,4,4,1,5
cuisine's,9,4,1,5,4,2,6
cuisines,8,4,1,5,3,0,3
culinary,8,7,2,9,6,2,8
cull,4,3,9,12,3,8,11
cull's,6,5,9,14,5,8,13
culled,6,5,6,11,5,5,10
cullender,9,4,1,5,4,1,5
cullender's,11,5,0,5,4,0,4
cullenders,10,4,1,5,4,0,4
culling,7,6,5,11,6,5,11
culls,5,4,6,10,4,6,10
culminate,9,9,1,10,9,1,10
culminated,10,10,1,11,10,1,11
culminates,10,10,0,10,10,0,10
culminating,11,9,1,10,9,2,11
culmination,11,9,1,10,9,2,11
culmination's,13,11,0,11,11,1,12
culminations,12,10,1,11,10,1,11
culotte,7,2,3,5,3,2,5
culotte's,9,5,2,7,4,2,6
culottes,8,3,2,5,3,2,5
culpability,11,2,2,4,3,3,6
culpability's,13,5,1,6,5,1,6
culpable,8,3,1,4,3,1,4
culprit,7,3,5,8,3,4,7
culprit's,9,4,3,7,3,3,6
culprits,8,3,4,7,4,4,8
cult,4,3,9,12,3,8,11
cult's,6,5,9,14,5,8,13
cultivate,9,3,2,5,3,2,5
cultivated,10,4,1,5,4,1,5
cultivates,10,4,1,5,5,0,5
cultivating,11,5,1,6,4,2,6
cultivation,11,5,1,6,5,2,7
cultivation's,13,6,0,6,6,1,7
cultivator,10,3,2,5,3,2,5
cultivator's,12,4,1,5,4,1,5
cultivators,11,3,2,5,5,1,6
cults,5,4,7,11,4,7,11
cultural,8,3,4,7,3,4,7
culturally,10,2,4,6,2,4,6
culture,7,6,4,10,6,3,9
culture's,9,8,2,10,8,3,11
cultured,8,4,4,8,4,3,7
cultures,8,7,3,10,7,3,10
culturing,9,5,4,9,5,4,9
culvert,7,6,4,10,6,3,9
culvert's,9,6,2,8,8,2,10
culverts,8,4,2,6,4,2,6
cumbersome,10,3,1,4,4,0,4
cumin,5,3,8,11,3,6,9
cumin's,7,5,5,10,5,5,10
cummerbund,10,5,2,7,3,2,5
cummerbund's,12,4,1,5,5,0,5
cummerbunds,11,6,1,7,4,1,5
cumming,7,6,7,13,6,9,15
cumquat,7,6,4,10,6,4,10
cumquat's,9,8,3,11,8,3,11
cumquats,8,7,3,10,7,3,10
cums,4,4,9,13,4,9,13
cumulative,10,5,1,6,4,1,5
cumulatively,12,3,1,4,4,1,5
cumuli,6,2,3,5,2,4,6
cumulus,7,2,5,7,2,4,6
cumulus's,9,2,4,6,1,4,5
cuneiform,9,3,1,4,3,1,4
cuneiform's,11,5,0,5,4,0,4
cunnilingus,11,3,3,6,3,3,6
cunnilingus's,13,2,0,2,2,0,2
cunning,7,5,3,8,5,3,8
cunning's,9,7,3,10,7,3,10
cunninger,9,5,2,7,4,2,6
cunningest,10,3,0,3,3,0,3
cunningly,9,1,4,5,2,3,5
cunt,4,4,10,14,4,10,14
cunt's,6,6,9,15,6,9,15
cunts,5,5,9,14,5,10,15
cup,3,3,9,12,3,9,12
cup's,5,5,9,14,5,9,14
cupboard,8,2,3,5,2,3,5
cupboard's,10,4,1,5,4,1,5
cupboards,9,3,2,5,5,2,7
cupcake,7,3,5,8,3,2,5
cupcake's,9,5,1,6,5,2,7
cupcakes,8,5,3,8,5,3,8
cupful,6,2,6,8,1,7,8
cupful's,8,4,5,9,3,6,9
cupfuls,7,3,6,9,2,7,9
cupid,5,4,4,8,4,4,8
cupid's,7,5,4,9,5,4,9
cupidity,8,6,3,9,6,3,9
cupidity's,10,8,3,11,8,3,11
cupids,6,5,4,9,5,4,9
cupola,6,3,2,5,3,2,5
cupola's,8,4,1,5,4,1,5
cupolas,7,3,4,7,3,3,6
cupped,6,4,11,15,4,11,15
cupping,7,6,8,14,5,6,11
cups,4,4,10,14,4,10,14
cupsful,7,2,4,6,2,4,6
cur,3,2,12,14,3,12,15
cur's,5,4,10,14,5,10,15
curable,7,4,4,8,7,2,9
curacies,8,5,0,5,5,0,5
curacy,6,4,2,6,3,3,6
curacy's,8,6,1,7,4,4,8
curate,6,4,2,6,4,2,6
curate's,8,5,4,9,7,0,7
curates,7,6,2,8,5,1,6
curative,8,5,2,7,5,2,7
curative's,10,7,0,7,5,0,5
curatives,9,6,1,7,6,1,7
curator,7,3,3,6,2,4,6
curator's,9,5,2,7,4,2,6
curators,8,3,3,6,3,3,6
curb,4,3,6,9,3,7,10
curb's,6,5,5,10,5,5,10
curbed,6,5,3,8,5,3,8
curbing,7,7,5,12,5,7,12
curbs,5,4,6,10,4,6,10
curd,4,2,10,12,2,10,12
curd's,6,4,9,13,4,9,13
curdle,6,6,4,10,6,4,10
curdled,7,6,1,7,6,2,8
curdles,7,7,3,10,7,4,11
curdling,8,8,4,12,8,3,11
curds,5,4,8,12,4,8,12
cure,4,4,7,11,4,7,11
cure's,6,5,8,13,5,8,13
cured,5,5,5,10,5,5,10
curer,5,4,3,7,4,3,7
cures,5,4,8,12,4,9,13
curfew,6,3,6,9,3,6,9
curfew's,8,5,5,10,5,5,10
curfews,7,7,3,10,7,3,10
curie,5,4,3,7,4,3,7
curie's,7,7,2,9,7,2,9
curies,6,6,4,10,6,4,10
curing,6,6,5,11,6,5,11
curio,5,3,4,7,3,4,7
curio's,7,5,3,8,5,4,9
curios,6,3,3,6,3,3,6
curiosities,11,5,0,5,3,0,3
curiosity,9,3,1,4,3,1,4
curiosity's,11,2,1,3,2,1,3
curious,7,6,3,9,6,2,8
curiously,9,8,0,8,8,1,9
curl,4,4,7,11,4,6,10
curl's,6,6,6,12,6,6,12
curled,6,6,1,7,6,1,7
curler,6,5,3,8,5,3,8
curler's,8,7,3,10,7,3,10
curlers,7,6,3,9,6,3,9
curlew,6,4,5,9,4,5,9
curlew's,8,6,3,9,6,3,9
curlews,7,6,4,10,6,4,10
curlicue,8,3,2,5,4,2,6
curlicue's,10,6,0,6,4,2,6
curlicued,9,4,3,7,4,2,6
curlicues,9,5,0,5,5,0,5
curlicuing,10,4,4,8,4,4,8
curlier,7,5,4,9,5,4,9
curliest,8,7,4,11,7,4,11
curliness,9,7,3,10,7,3,10
curliness's,11,8,3,11,8,3,11
curling,7,7,4,11,7,4,11
curls,5,5,5,10,5,5,10
curly,5,5,8,13,4,7,11
curlycue,8,2,4,6,2,4,6
curlycue's,10,4,3,7,3,3,6
curlycues,9,3,3,6,3,3,6
curmudgeon,10,3,1,4,2,3,5
curmudgeon's,12,5,0,5,3,2,5
curmudgeons,11,4,1,5,4,1,5
currant,7,3,4,7,2,2,4
currant's,9,4,1,5,4,2,6
currants,8,3,2,5,3,2,5
currencies,10,4,0,4,4,0,4
currency,8,2,1,3,2,2,4
currency's,10,5,0,5,4,1,5
current,7,4,1,5,4,1,5
current's,9,5,1,6,5,0,5
currently,9,5,1,6,5,1,6
currents,8,4,2,6,4,2,6
curricula,9,2,2,4,2,2,4
curriculum,10,2,3,5,2,3,5
curriculum's,12,2,3,5,3,2,5
curriculums,11,2,3,5,2,3,5
curried,7,6,2,8,6,2,8
curries,7,5,6,11,6,6,12
curry,5,4,8,12,4,8,12
curry's,7,6,6,12,6,7,13
currycomb,9,1,4,5,1,4,5
currycomb's,11,2,3,5,2,3,5
currycombed,11,2,3,5,4,2,6
currycombing,12,4,1,5,4,2,6
currycombs,10,4,3,7,3,3,6
currying,8,7,4,11,7,4,11
curs,4,3,11,14,4,11,15
curse,5,5,2,7,5,2,7
curse's,7,6,2,8,6,2,8
cursed,6,6,2,8,6,2,8
curses,6,5,1,6,5,1,6
cursing,7,7,1,8,7,1,8
cursive,7,3,2,5,3,2,5
cursive's,9,5,1,6,5,1,6
cursor,6,2,2,4,2,3,5
cursor's,8,3,2,5,3,3,6
cursorily,9,4,2,6,4,2,6
cursors,7,3,3,6,3,3,6
cursory,7,2,3,5,2,3,5
curst,5,4,5,9,4,5,9
curt,4,4,5,9,4,6,10
curtail,7,3,3,6,7,4,11
curtailed,9,4,3,7,4,2,6
curtailing,10,5,2,7,4,2,6
curtailment,11,7,1,8,4,1,5
curtailment's,13,5,0,5,5,0,5
curtailments,12,4,0,4,4,0,4
curtails,8,8,2,10,8,2,10
curtain,7,5,3,8,6,5,11
curtain's,9,6,2,8,5,2,7
curtained,9,4,1,5,5,1,6
curtaining,10,3,3,6,4,2,6
curtains,8,7,3,10,7,3,10
curter,6,4,2,6,4,2,6
curtest,7,4,1,5,4,1,5
curtly,6,4,7,11,3,7,10
curtness,8,5,3,8,5,3,8
curtness's,10,6,3,9,6,3,9
curtsey,7,3,1,4,4,0,4
curtsey's,9,5,1,6,4,1,5
curtseyed,9,5,0,5,4,1,5
curtseying,10,3,0,3,3,0,3
curtseys,8,3,1,4,4,1,5
curtsied,8,4,0,4,3,2,5
curtsies,8,4,2,6,3,2,5
curtsy,6,2,4,6,2,4,6
curtsy's,8,3,3,6,2,4,6
curtsying,9,5,2,7,5,2,7
curvaceous,10,5,0,5,5,0,5
curvacious,10,5,1,6,6,1,7
curvature,9,2,2,4,2,2,4
curvature's,11,4,1,5,4,0,4
curvatures,10,4,2,6,4,2,6
curve,5,4,6,10,4,6,10
curve's,7,6,3,9,6,3,9
curved,6,5,5,10,5,5,10
curves,6,6,4,10,6,4,10
curvier,7,5,4,9,5,4,9
curviest,8,6,5,11,6,5,11
curving,7,6,6,12,5,10,15
curvy,5,4,9,13,3,8,11
cushier,7,7,2,9,7,1,8
cushiest,8,7,1,8,7,1,8
cushion,7,3,1,4,3,2,5
cushion's,9,5,3,8,4,2,6
cushioned,9,8,0,8,8,0,8
cushioning,10,7,0,7,7,0,7
cushions,8,4,2,6,4,2,6
cushy,5,5,4,9,5,4,9
cusp,4,2,8,10,2,8,10
cusp's,6,3,6,9,3,6,9
cuspid,6,4,2,6,4,3,7
cuspid's,8,3,2,5,5,4,9
cuspids,7,3,4,7,3,3,6
cusps,5,2,6,8,2,6,8
cuss,4,3,5,8,3,5,8
cuss's,6,4,5,9,4,5,9
cussed,6,5,5,10,5,6,11
cusses,6,4,4,8,4,4,8
cussing,7,6,2,8,6,2,8
custard,7,7,3,10,7,3,10
custard's,9,8,2,10,8,3,11
custards,8,4,3,7,4,3,7
custodial,9,3,2,5,4,2,6
custodian,9,3,1,4,3,1,4
custodian's,11,4,1,5,4,1,5
custodians,10,3,2,5,3,1,4
custody,7,3,3,6,3,3,6
custody's,9,3,3,6,4,3,7
custom,6,4,4,8,4,4,8
custom's,8,5,4,9,5,4,9
customarily,11,4,0,4,4,0,4
customary,9,4,2,6,3,3,6
customer,8,4,2,6,4,2,6
customer's,10,3,1,4,3,1,4
customers,9,5,1,6,3,2,5
customization,13,2,0,2,2,0,2
customize,9,4,0,4,4,0,4
customized,10,3,0,3,3,0,3
customizes,10,4,0,4,4,0,4
customizing,11,4,0,4,3,1,4
customs,7,4,4,8,4,4,8
cut,3,3,7,10,3,7,10
cut's,5,5,6,11,5,6,11
cutback,7,3,5,8,3,5,8
cutback's,9,4,5,9,5,3,8
cutbacks,8,2,5,7,2,5,7
cute,4,4,6,10,4,6,10
cutely,6,6,3,9,6,3,9
cuteness,8,6,1,7,6,1,7
cuteness's,10,7,1,8,7,1,8
cuter,5,5,6,11,5,6,11
cutesier,8,3,0,3,3,0,3
cutesiest,9,3,0,3,3,0,3
cutest,6,5,1,6,5,1,6
cutesy,6,3,0,3,3,0,3
cuticle,7,5,3,8,5,2,7
cuticle's,9,7,2,9,7,2,9
cuticles,8,6,2,8,6,3,9
cutlass,7,3,2,5,3,2,5
cutlass's,9,4,2,6,4,2,6
cutlasses,9,4,1,5,4,1,5
cutlery,7,5,3,8,3,2,5
cutlery's,9,5,1,6,5,1,6
cutlet,6,5,3,8,5,3,8
cutlet's,8,7,1,8,7,1,8
cutlets,7,3,3,6,3,3,6
cutoff,6,4,4,8,4,4,8
cutoff's,8,6,2,8,6,2,8
cutoffs,7,5,3,8,5,3,8
cutout,6,3,4,7,3,4,7
cutout's,8,5,2,7,4,2,6
cutouts,7,4,3,7,4,3,7
cuts,4,4,6,10,3,12,15
cutter,6,5,4,9,5,4,9
cutter's,8,7,4,11,7,4,11
cutters,7,6,4,10,6,2,8
cutthroat,9,3,3,6,3,3,6
cutthroat's,11,4,1,5,4,1,5
cutthroats,10,4,2,6,4,2,6
cutting,7,5,9,14,6,8,14
cutting's,9,7,3,10,6,3,9
cuttings,8,6,4,10,6,5,11
cuttlefish,10,2,0,2,2,0,2
cuttlefish's,12,4,0,4,3,2,5
cuttlefishes,12,2,2,4,3,2,5
cutup,5,1,5,6,1,5,6
cutup's,7,3,4,7,3,4,7
cutups,6,2,5,7,2,5,7
cyanide,7,4,2,6,5,1,6
cyanide's,9,6,1,7,5,1,6
cyberbullies,12,3,0,3,3,0,3
cyberbully,10,3,3,6,1,4,5
cyberbully's,12,4,2,6,2,3,5
cybernetic,10,2,1,3,2,1,3
cybernetics,11,3,0,3,3,0,3
cybernetics's,13,4,0,4,3,0,3
cyberpunk,9,3,2,5,3,2,5
cyberpunk's,11,5,0,5,7,1,8
cyberpunks,10,7,2,9,3,3,6
cybersex,8,3,1,4,3,2,5
cyberspace,10,4,1,5,4,1,5
cyberspace's,12,4,1,5,3,1,4
cyclamen,8,3,3,6,3,3,6
cyclamen's,10,5,1,6,4,1,5
cyclamens,9,3,2,5,3,2,5
cycle,5,3,5,8,3,5,8
cycle's,7,4,5,9,5,4,9
cycled,6,4,5,9,4,5,9
cycles,6,3,6,9,3,6,9
cyclic,6,3,5,8,2,5,7
cyclical,8,3,2,5,3,2,5
cyclically,10,3,2,5,3,2,5
cycling,7,4,5,9,4,5,9
cyclist,7,5,2,7,5,2,7
cyclist's,9,6,0,6,6,1,7
cyclists,8,5,2,7,4,3,7
cyclone,7,3,3,6,3,3,6
cyclone's,9,4,3,7,4,2,6
cyclones,8,4,2,6,3,3,6
cyclonic,8,4,3,7,3,3,6
cyclotron,9,2,4,6,2,4,6
cyclotron's,11,3,2,5,3,2,5
cyclotrons,10,3,2,5,3,2,5
cygnet,6,3,4,7,3,4,7
cygnet's,8,5,2,7,5,2,7
cygnets,7,4,3,7,4,3,7
cylinder,8,6,2,8,6,2,8
cylinder's,10,6,1,7,6,2,8
cylinders,9,5,2,7,7,2,9
cylindrical,11,2,1,3,2,2,4
cymbal,6,5,5,10,5,5,10
cymbal's,8,7,4,11,7,4,11
cymbals,7,6,5,11,6,5,11
cynic,5,2,5,7,2,5,7
cynic's,7,5,4,9,3,4,7
cynical,7,4,4,8,4,4,8
cynically,9,5,2,7,5,2,7
cynicism,8,4,2,6,3,2,5
cynicism's,10,5,0,5,4,2,6
cynics,6,4,5,9,3,5,8
cynosure,8,3,1,4,3,1,4
cynosure's,10,4,1,5,3,1,4
cynosures,9,3,1,4,3,1,4
cypher,6,3,4,7,3,4,7
cypher's,8,5,4,9,5,4,9
cypress,7,5,1,6,5,1,6
cypress's,9,5,1,6,6,2,8
cypresses,9,4,1,5,5,1,6
cyst,4,3,6,9,3,6,9
cyst's,6,4,7,11,4,7,11
cystic,6,3,3,6,3,3,6
cysts,5,2,5,7,2,5,7
cytology,8,1,4,5,1,4,5
cytology's,10,3,2,5,3,2,5
cytoplasm,9,3,2,5,3,2,5
cytoplasm's,11,4,2,6,3,2,5
czar,4,3,6,9,3,6,9
czar's,6,5,5,10,5,5,10
czarina,7,5,3,8,5,2,7
czarina's,9,7,1,8,5,1,6
czarinas,8,6,1,7,6,1,7
czars,5,4,2,6,4,2,6
d,1,1,3,4,1,3,4
d'Arezzo,8,3,2,5,2,3,5
d'Arezzo's,10,4,0,4,4,1,5
d'Estaing,9,3,1,4,3,1,4
d'Estaing's,11,6,0,6,4,0,4
dB,2,1,7,8,1,7,8
dab,3,2,9,11,2,6,8
dab's,5,5,9,14,4,7,11
dabbed,6,4,1,5,4,3,7
dabbing,7,6,6,12,6,7,13
dabble,6,5,1,6,5,1,6
dabbled,7,5,2,7,5,3,8
dabbler,7,4,3,7,4,3,7
dabbler's,9,7,1,8,7,1,8
dabblers,8,6,2,8,6,1,7
dabbles,7,6,1,7,6,1,7
dabbling,8,6,2,8,5,3,8
dabs,4,4,5,9,4,7,11
dacha,5,2,5,7,3,5,8
dacha's,7,4,4,8,4,5,9
dachas,6,2,6,8,2,6,8
dachshund,9,2,3,5,2,3,5
dachshund's,11,3,3,6,2,2,4
dachshunds,10,3,3,6,2,4,6
dactyl,6,3,4,7,3,4,7
dactyl's,8,6,5,11,5,3,8
dactylic,8,3,3,6,3,2,5
dactylic's,10,5,2,7,4,2,6
dactylics,9,3,3,6,3,3,6
dactyls,7,5,5,10,4,6,10
dad,3,2,9,11,2,6,8
dad's,5,4,10,14,4,7,11
daddies,7,5,3,8,5,1,6
daddy,5,3,5,8,3,5,8
daddy's,7,5,7,12,4,6,10
dado,4,2,8,10,2,8,10
dado's,6,4,7,11,4,7,11
dadoes,6,4,1,5,3,1,4
dados,5,3,8,11,3,8,11
dads,4,3,5,8,3,8,11
daemon,6,4,3,7,4,3,7
daemon's,8,6,2,8,6,2,8
daemons,7,3,2,5,3,2,5
daffier,7,5,6,11,6,6,12
daffiest,8,6,3,9,6,5,11
daffodil,8,4,3,7,3,3,6
daffodil's,10,4,3,7,4,3,7
daffodils,9,5,3,8,4,3,7
daffy,5,3,6,9,3,6,9
daft,4,4,5,9,4,5,9
dafter,6,4,5,9,4,5,9
daftest,7,4,1,5,4,1,5
dagger,6,5,6,11,5,2,7
dagger's,8,6,5,11,6,5,11
daggers,7,4,8,12,6,4,10
daguerreotype,13,1,2,3,1,2,3
daguerreotype's,15,2,1,3,2,1,3
daguerreotyped,14,1,2,3,1,2,3
daguerreotypes,14,3,0,3,2,1,3
daguerreotyping,15,3,1,4,2,1,3
dahlia,6,3,5,8,3,5,8
dahlia's,8,5,3,8,5,3,8
dahlias,7,3,4,7,3,3,6
dailies,7,6,0,6,6,0,6
daily,5,4,5,9,4,5,9
daily's,7,5,5,10,5,5,10
daintier,8,4,2,6,6,1,7
dainties,8,5,1,6,4,0,4
daintiest,9,6,0,6,6,0,6
daintily,8,2,2,4,2,2,4
daintiness,10,4,0,4,4,0,4
daintiness's,12,4,0,4,4,0,4
dainty,6,4,4,8,4,4,8
dainty's,8,4,3,7,5,2,7
daiquiri,8,1,2,3,1,2,3
daiquiri's,10,4,2,6,3,2,5
daiquiris,9,3,3,6,3,3,6
dairies,7,6,1,7,6,1,7
dairy,5,5,2,7,5,2,7
dairy's,7,6,1,7,6,1,7
dairying,8,5,4,9,5,4,9
dairying's,10,6,2,8,5,2,7
dairymaid,9,2,2,4,2,2,4
dairymaid's,11,5,1,6,5,1,6
dairymaids,10,5,2,7,4,2,6
dairyman,8,3,2,5,3,2,5
dairyman's,10,5,1,6,5,1,6
dairymen,8,3,1,4,3,1,4
dais,4,4,6,10,3,8,11
dais's,6,3,5,8,4,4,8
daises,6,3,2,5,3,2,5
daisies,7,3,3,6,4,0,4
daisy,5,4,2,6,4,2,6
daisy's,7,5,2,7,5,2,7
dale,4,4,1,5,4,0,4
dale's,6,6,0,6,6,0,6
dales,5,5,3,8,5,4,9
dalliance,9,3,1,4,3,1,4
dalliance's,11,5,0,5,4,0,4
dalliances,10,5,0,5,5,0,5
dallied,7,3,2,5,3,2,5
dallies,7,5,3,8,5,1,6
dally,5,4,5,9,4,5,9
dallying,8,7,2,9,7,2,9
dalmatian,9,4,2,6,4,2,6
dalmatian's,11,6,1,7,5,2,7
dalmatians,10,5,1,6,5,1,6
dam,3,3,4,7,3,4,7
dam's,5,5,7,12,5,7,12
damage,6,3,3,6,3,3,6
damage's,8,5,3,8,5,3,8
damaged,7,3,5,8,3,3,6
damages,7,4,3,7,5,1,6
damages's,9,4,2,6,4,1,5
damaging,8,4,3,7,5,2,7
damask,6,2,4,6,2,4,6
damask's,8,3,3,6,4,3,7
damasked,8,3,1,4,3,1,4
damasking,9,5,1,6,5,1,6
damasks,7,2,3,5,3,3,6
dame,4,4,7,11,4,7,11
dame's,6,6,6,12,6,7,13
dames,5,5,5,10,5,6,11
dammed,6,4,2,6,4,4,8
damming,7,6,7,13,6,8,14
damn,4,3,7,10,3,7,10
damn's,6,5,6,11,5,6,11
damnable,8,5,1,6,5,1,6
damnably,8,2,4,6,2,4,6
damnation,9,5,3,8,5,3,8
damnation's,11,7,2,9,7,2,9
damndest,8,4,3,7,5,2,7
damned,6,5,2,7,5,1,6
damnedest,9,7,0,7,7,0,7
damning,7,6,3,9,6,3,9
damns,5,4,6,10,4,6,10
damp,4,4,7,11,4,7,11
damp's,6,6,7,13,6,7,13
damped,6,4,3,7,4,4,8
dampen,6,5,3,8,5,3,8
dampened,8,3,2,5,3,2,5
dampening,9,7,1,8,7,1,8
dampens,7,5,4,9,5,4,9
damper,6,6,6,12,5,3,8
damper's,8,8,4,12,8,4,12
dampers,7,7,3,10,7,4,11
dampest,7,5,2,7,5,2,7
damping,7,6,7,13,7,6,13
damply,6,4,5,9,4,5,9
dampness,8,6,1,7,4,4,8
dampness's,10,7,1,8,5,4,9
damps,5,4,8,12,5,7,12
dams,4,3,7,10,4,6,10
damsel,6,3,1,4,3,1,4
damsel's,8,5,2,7,4,3,7
damsels,7,3,3,6,3,3,6
damson,6,4,4,8,4,4,8
damson's,8,5,4,9,5,4,9
damsons,7,3,3,6,3,3,6
dance,5,4,3,7,4,3,7
dance's,7,6,3,9,6,3,9
danced,6,4,3,7,4,2,6
dancer,6,6,2,8,6,4,10
dancer's,8,8,1,9,8,1,9
dancers,7,7,1,8,7,2,9
dances,6,3,3,6,3,3,6
dancing,7,5,3,8,5,3,8
dancing's,9,7,2,9,7,2,9
dandelion,9,4,1,5,3,1,4
dandelion's,11,5,1,6,4,0,4
dandelions,10,4,2,6,4,0,4
dander,6,5,2,7,4,2,6
dander's,8,7,2,9,7,2,9
dandier,7,6,1,7,6,2,8
dandies,7,6,1,7,5,1,6
dandiest,8,7,0,7,7,2,9
dandle,6,5,3,8,5,2,7
dandled,7,5,2,7,5,2,7
dandles,7,6,3,9,6,3,9
dandling,8,5,2,7,5,2,7
dandruff,8,4,5,9,4,4,8
dandruff's,10,6,4,10,5,3,8
dandy,5,4,3,7,4,3,7
dandy's,7,6,2,8,6,2,8
danger,6,6,3,9,5,2,7
danger's,8,7,2,9,7,2,9
dangerous,9,7,2,9,5,2,7
dangerously,11,7,1,8,6,1,7
dangers,7,7,2,9,6,3,9
dangle,6,6,2,8,4,4,8
dangled,7,5,3,8,4,6,10
dangles,7,7,2,9,7,2,9
dangling,8,6,2,8,6,2,8
dank,4,4,7,11,4,8,12
danker,6,5,4,9,5,5,10
dankest,7,7,1,8,7,1,8
dankly,6,3,4,7,3,4,7
dankness,8,6,0,6,4,0,4
dankness's,10,7,0,7,5,0,5
dapper,6,5,7,12,5,3,8
dapperer,8,3,1,4,3,1,4
dapperest,9,4,0,4,4,0,4
dapple,6,5,4,9,5,2,7
dapple's,8,7,4,11,6,3,9
dappled,7,5,4,9,5,4,9
dapples,7,6,4,10,6,3,9
dappling,8,7,3,10,7,3,10
dare,4,4,2,6,4,1,5
dare's,6,6,1,7,6,1,7
dared,5,4,3,7,4,3,7
daredevil,9,2,1,3,2,1,3
daredevil's,11,4,0,4,4,0,4
daredevils,10,3,1,4,3,1,4
dares,5,5,4,9,5,3,8
daring,6,6,5,11,6,5,11
daring's,8,8,4,12,8,3,11
daringly,8,3,2,5,4,2,6
dark,4,4,7,11,4,7,11
dark's,6,6,6,12,6,6,12
darken,6,3,1,4,3,1,4
darkened,8,3,1,4,3,1,4
darkening,9,6,2,8,6,2,8
darkens,7,6,2,8,6,2,8
darker,6,4,3,7,4,3,7
darkest,7,6,2,8,6,2,8
darkly,6,5,3,8,5,4,9
darkness,8,5,2,7,6,2,8
darkness's,10,6,2,8,7,2,9
darkroom,8,5,3,8,4,3,7
darkroom's,10,7,1,8,6,1,7
darkrooms,9,6,3,9,5,3,8
darling,7,5,4,9,5,4,9
darling's,9,8,1,9,8,1,9
darlings,8,7,4,11,7,4,11
darn,4,3,7,10,3,7,10
darn's,6,5,5,10,5,5,10
darned,6,5,0,5,5,0,5
darneder,8,2,1,3,2,1,3
darnedest,9,6,1,7,6,1,7
darning,7,5,4,9,5,4,9
darns,5,4,5,9,5,7,12
dart,4,4,5,9,4,5,9
dart's,6,6,4,10,6,4,10
dartboard,9,3,5,8,2,3,5
dartboard's,11,5,1,6,5,1,6
dartboards,10,3,2,5,3,2,5
darted,6,4,1,5,4,1,5
darting,7,6,4,10,6,4,10
darts,5,5,3,8,5,4,9
dash,4,4,3,7,4,4,8
dash's,6,5,4,9,5,4,9
dashboard,9,7,2,9,3,2,5
dashboard's,11,8,2,10,3,2,5
dashboards,10,7,2,9,3,2,5
dashed,6,3,4,7,3,5,8
dashes,6,5,1,6,5,1,6
dashiki,7,2,0,2,2,1,3
dashiki's,9,4,1,5,2,1,3
dashikis,8,2,1,3,3,2,5
dashing,7,7,3,10,7,4,11
dashingly,9,7,1,8,4,1,5
dastardly,9,2,2,4,2,2,4
data,4,2,4,6,2,4,6
database,8,3,1,4,3,1,4
database's,10,4,2,6,3,1,4
databases,9,3,1,4,3,1,4
datatype,8,2,3,5,3,2,5
date,4,4,7,11,4,6,10
date's,6,6,7,13,6,6,12
dated,5,4,4,8,4,4,8
dateline,8,5,1,6,5,1,6
dateline's,10,7,0,7,7,0,7
datelined,9,2,2,4,2,2,4
datelines,9,5,0,5,4,0,4
datelining,10,4,1,5,3,2,5
dates,5,5,5,10,5,5,10
dating,6,6,5,11,6,5,11
dative,6,5,2,7,5,4,9
dative's,8,5,4,9,5,4,9
datives,7,4,1,5,4,1,5
datum,5,3,7,10,3,7,10
datum's,7,5,5,10,5,5,10
daub,4,2,9,11,2,9,11
daub's,6,4,8,12,4,8,12
daubed,6,5,1,6,5,3,8
dauber,6,4,8,12,4,5,9
dauber's,8,7,7,14,6,6,12
daubers,7,5,5,10,5,5,10
daubing,7,6,6,12,5,6,11
daubs,5,3,9,12,3,9,12
daughter,8,7,1,8,3,4,7
daughter's,10,7,3,10,5,3,8
daughters,9,5,3,8,6,3,9
daunt,5,5,5,10,5,5,10
daunted,7,5,3,8,3,4,7
daunting,8,7,3,10,7,3,10
dauntless,9,5,1,6,5,1,6
dauntlessly,11,8,0,8,8,0,8
dauntlessness,13,6,0,6,6,0,6
dauntlessness's,15,7,0,7,7,0,7
daunts,6,6,4,10,6,4,10
dauphin,7,5,3,8,5,3,8
dauphin's,9,6,3,9,6,2,8
dauphins,8,5,3,8,4,3,7
davenport,9,3,1,4,3,1,4
davenport's,11,5,0,5,5,0,5
davenports,10,4,1,5,5,0,5
davit,5,3,5,8,3,5,8
davit's,7,5,5,10,5,5,10
davits,6,5,5,10,4,5,9
dawdle,6,4,4,8,4,3,7
dawdled,7,4,3,7,4,3,7
dawdler,7,5,3,8,4,4,8
dawdler's,9,7,1,8,6,2,8
dawdlers,8,6,2,8,5,3,8
dawdles,7,5,4,9,5,4,9
dawdling,8,6,3,9,5,4,9
dawn,4,4,5,9,4,5,9
dawn's,6,6,4,10,6,4,10
dawned,6,4,3,7,4,2,6
dawning,7,6,2,8,6,2,8
dawns,5,5,5,10,5,5,10
day,3,3,2,5,3,3,6
day's,5,5,1,6,5,1,6
daybed,6,4,2,6,4,4,8
daybed's,8,6,4,10,5,4,9
daybeds,7,3,5,8,3,5,8
daybreak,8,5,3,8,3,2,5
daybreak's,10,7,1,8,5,0,5
daydream,8,5,3,8,3,2,5
daydream's,10,7,1,8,5,0,5
daydreamed,10,4,1,5,4,1,5
daydreamer,10,3,2,5,4,1,5
daydreamer's,12,5,1,6,6,0,6
daydreamers,11,4,2,6,5,0,5
daydreaming,11,4,2,6,5,1,6
daydreams,9,3,2,5,5,1,6
daydreamt,9,3,1,4,2,1,3
daylight,8,4,2,6,4,2,6
daylight's,10,5,2,7,4,2,6
daylights,9,3,3,6,3,3,6
days,4,4,5,9,4,6,10
daytime,7,4,4,8,6,3,9
daytime's,9,6,2,8,6,3,9
daze,4,3,8,11,3,8,11
daze's,6,5,8,13,5,8,13
dazed,5,3,5,8,3,5,8
dazes,5,4,6,10,4,7,11
dazing,6,5,11,16,5,11,16
dazzle,6,4,5,9,5,3,8
dazzle's,8,6,5,11,5,4,9
dazzled,7,4,5,9,5,5,10
dazzles,7,5,5,10,5,4,9
dazzling,8,6,4,10,6,4,10
deacon,6,5,3,8,5,3,8
deacon's,8,7,2,9,7,1,8
deaconess,9,5,1,6,5,1,6
deaconess's,11,4,1,5,4,1,5
deaconesses,11,2,1,3,2,1,3
deacons,7,6,3,9,6,3,9
deactivate,10,7,1,8,7,1,8
deactivated,11,7,1,8,4,2,6
deactivates,11,8,0,8,8,0,8
deactivating,12,9,1,10,9,1,10
dead,4,3,3,6,3,5,8
dead's,6,5,3,8,5,2,7
deadbeat,8,3,3,6,2,2,4
deadbeat's,10,4,1,5,4,0,4
deadbeats,9,4,1,5,4,2,6
deadbolt,8,5,2,7,5,2,7
deadbolt's,10,7,0,7,7,0,7
deadbolts,9,6,2,8,6,2,8
deaden,6,2,1,3,4,0,4
deadened,8,2,1,3,2,1,3
deadening,9,6,1,7,5,1,6
deadens,7,5,2,7,5,2,7
deader,6,3,1,4,3,1,4
deadest,7,5,0,5,4,0,4
deadlier,8,2,1,3,2,1,3
deadliest,9,7,0,7,5,0,5
deadline,8,6,2,8,5,1,6
deadline's,10,8,0,8,7,0,7
deadlines,9,7,0,7,6,0,6
deadliness,10,6,0,6,3,1,4
deadliness's,12,7,0,7,5,0,5
deadlock,8,5,2,7,5,2,7
deadlock's,10,6,1,7,7,0,7
deadlocked,10,3,1,4,3,1,4
deadlocking,11,5,1,6,4,1,5
deadlocks,9,6,2,8,6,2,8
deadly,6,5,3,8,4,3,7
deadpan,7,3,2,5,3,1,4
deadpan's,9,5,0,5,5,2,7
deadpanned,10,2,2,4,3,1,4
deadpanning,11,4,1,5,4,1,5
deadpans,8,4,3,7,4,2,6
deadwood,8,4,2,6,4,2,6
deadwood's,10,6,0,6,6,0,6
deaf,4,3,4,7,3,5,8
deafen,6,2,2,4,2,2,4
deafened,8,3,1,4,3,1,4
deafening,9,6,1,7,5,1,6
deafens,7,5,2,7,5,2,7
deafer,6,4,4,8,4,4,8
deafest,7,6,0,6,6,0,6
deafness,8,6,0,6,6,0,6
deafness's,10,7,0,7,7,0,7
deal,4,4,1,5,4,2,6
deal's,6,6,1,7,6,1,7
dealer,6,4,3,7,4,2,6
dealer's,8,6,1,7,7,0,7
dealers,7,4,2,6,4,2,6
dealership,10,8,0,8,7,0,7
dealership's,12,9,0,9,8,0,8
dealerships,11,7,0,7,6,1,7
dealing,7,7,1,8,7,2,9
dealing's,9,8,0,8,7,1,8
dealings,8,7,2,9,7,2,9
deals,5,5,2,7,5,3,8
dealt,5,4,3,7,2,3,5
dean,4,4,3,7,4,4,8
dean's,6,5,3,8,5,2,7
deans,5,5,5,10,5,5,10
dear,4,4,2,6,4,3,7
dear's,6,6,2,8,6,2,8
dearer,6,4,1,5,3,0,3
dearest,7,5,1,6,5,1,6
dearly,6,6,1,7,6,1,7
dearness,8,5,1,6,5,1,6
dearness's,10,6,1,7,6,1,7
dears,5,5,2,7,5,2,7
dearth,6,5,2,7,5,2,7
dearth's,8,6,0,6,6,2,8
dearths,7,5,1,6,5,1,6
death,5,5,3,8,5,4,9
death's,7,5,1,6,7,3,10
deathbed,8,3,1,4,3,1,4
deathbed's,10,3,2,5,3,2,5
deathbeds,9,3,2,5,2,3,5
deathblow,9,3,2,5,2,3,5
deathblow's,11,4,1,5,3,2,5
deathblows,10,3,2,5,4,1,5
deathless,9,2,2,4,2,2,4
deathlike,9,3,1,4,3,2,5
deathly,7,5,3,8,3,3,6
deaths,6,5,2,7,6,4,10
deathtrap,9,2,2,4,2,2,4
deathtrap's,11,4,1,5,4,1,5
deathtraps,10,3,1,4,4,0,4
deaves,6,5,2,7,5,2,7
deb,3,2,6,8,2,6,8
deb's,5,5,2,7,5,2,7
debacle,7,3,4,7,3,4,7
debacle's,9,5,3,8,6,3,9
debacles,8,4,2,6,4,2,6
debar,5,4,4,8,4,2,6
debark,6,5,1,6,5,1,6
debarkation,11,9,1,10,9,1,10
debarkation's,13,11,0,11,11,0,11
debarked,8,5,1,6,5,1,6
debarking,9,8,1,9,8,1,9
debarks,7,6,2,8,6,2,8
debarment,9,4,1,5,2,1,3
debarment's,11,4,0,4,3,0,3
debarred,8,4,1,5,4,1,5
debarring,9,7,1,8,7,1,8
debars,6,4,3,7,5,1,6
debase,6,4,4,8,5,3,8
debased,7,4,1,5,4,3,7
debasement,10,2,0,2,2,0,2
debasement's,12,2,0,2,2,0,2
debasements,11,2,0,2,2,0,2
debases,7,4,3,7,4,1,5
debasing,8,7,1,8,7,1,8
debatable,9,3,1,4,2,2,4
debate,6,3,5,8,4,4,8
debate's,8,7,1,8,7,0,7
debated,7,5,1,6,5,2,7
debater,7,3,2,5,3,2,5
debater's,9,5,0,5,6,1,7
debaters,8,4,1,5,4,2,6
debates,7,5,3,8,5,2,7
debating,8,8,2,10,8,2,10
debauch,7,4,3,7,3,5,8
debauch's,9,5,2,7,4,4,8
debauched,9,3,2,5,3,2,5
debaucheries,12,2,0,2,2,0,2
debauchery,10,2,2,4,2,2,4
debauchery's,12,4,1,5,3,1,4
debauches,9,4,2,6,4,2,6
debauching,10,8,2,10,8,2,10
debenture,9,2,1,3,3,2,5
debenture's,11,6,0,6,6,0,6
debentures,10,5,0,5,5,0,5
debilitate,10,3,1,4,3,1,4
debilitated,11,3,1,4,3,2,5
debilitates,11,4,0,4,4,0,4
debilitating,12,6,1,7,8,1,9
debilitation,12,6,1,7,8,1,9
debilitation's,14,5,0,5,5,0,5
debilities,10,5,2,7,4,0,4
debility,8,5,2,7,3,2,5
debility's,10,5,1,6,4,1,5
debit,5,4,5,9,5,4,9
debit's,7,7,4,11,7,3,10
debited,7,5,2,7,3,3,6
debiting,8,5,3,8,5,3,8
debits,6,5,4,9,6,4,10
debonair,8,3,1,4,4,2,6
debonairly,10,3,1,4,3,1,4
debrief,7,3,1,4,3,1,4
debriefed,9,3,1,4,3,1,4
debriefing,10,3,1,4,3,1,4
debriefing's,12,4,0,4,4,0,4
debriefings,11,4,0,4,4,0,4
debriefs,8,3,2,5,3,2,5
debris,6,5,2,7,3,3,6
debris's,8,6,0,6,5,1,6
debs,4,3,3,6,3,2,5
debt,4,4,5,9,2,7,9
debt's,6,4,6,10,4,5,9
debtor,6,5,2,7,5,2,7
debtor's,8,7,1,8,6,2,8
debtors,7,6,2,8,6,2,8
debts,5,3,6,9,3,6,9
debug,5,5,7,12,2,6,8
debugged,8,5,4,9,5,4,9
debugger,8,4,1,5,5,1,6
debuggers,9,6,1,7,6,0,6
debugging,9,5,1,6,5,1,6
debugs,6,6,5,11,4,6,10
debunk,6,3,4,7,3,4,7
debunked,8,4,5,9,4,5,9
debunking,9,6,1,7,6,1,7
debunks,7,5,2,7,5,2,7
debut,5,4,8,12,4,5,9
debut's,7,6,5,11,6,4,10
debuted,7,4,3,7,4,3,7
debuting,8,7,3,10,7,3,10
debuts,6,5,6,11,5,5,10
decade,6,3,4,7,4,2,6
decade's,8,4,3,7,4,3,7
decadence,9,3,1,4,3,1,4
decadence's,11,5,0,5,3,1,4
decadent,8,3,2,5,2,2,4
decadent's,10,4,1,5,4,0,4
decadently,10,3,1,4,2,2,4
decadents,9,4,1,5,4,2,6
decades,7,5,2,7,5,0,5
decaf,5,5,4,9,5,5,10
decaf's,7,7,3,10,5,5,10
decaffeinate,12,2,1,3,2,1,3
decaffeinated,13,2,1,3,2,1,3
decaffeinates,13,3,0,3,2,0,2
decaffeinating,14,2,1,3,2,1,3
decal,5,4,3,7,4,3,7
decal's,7,6,1,7,6,2,8
decals,6,5,1,6,5,3,8
decamp,6,2,5,7,2,5,7
decamped,8,4,3,7,4,3,7
decamping,9,5,3,8,6,3,9
decamps,7,4,4,8,4,4,8
decant,6,4,4,8,4,4,8
decanted,8,4,2,6,4,2,6
decanter,8,5,2,7,5,2,7
decanter's,10,5,0,5,4,0,4
decanters,9,6,2,8,6,1,7
decanting,9,5,2,7,5,2,7
decants,7,4,3,7,4,3,7
decapitate,10,3,1,4,2,2,4
decapitated,11,3,1,4,4,2,6
decapitates,11,4,0,4,4,0,4
decapitating,12,4,1,5,3,1,4
decapitation,12,4,1,5,5,1,6
decapitation's,14,5,0,5,6,0,6
decapitations,13,3,0,3,4,0,4
decathlon,9,3,2,5,2,3,5
decathlon's,11,3,1,4,3,2,5
decathlons,10,4,1,5,4,1,5
decay,5,4,5,9,4,6,10
decay's,7,6,4,10,7,4,11
decayed,7,5,3,8,4,2,6
decaying,8,8,3,11,7,3,10
decays,6,4,3,7,3,7,10
decease,7,4,0,4,4,1,5
decease's,9,5,1,6,5,1,6
deceased,8,4,0,4,4,0,4
deceased's,10,3,1,4,4,0,4
deceases,8,4,0,4,4,1,5
deceasing,9,7,0,7,5,1,6
decedent,8,4,2,6,3,2,5
decedent's,10,5,0,5,3,1,4
decedents,9,4,1,5,3,1,4
deceit,6,5,2,7,5,2,7
deceit's,8,6,2,8,6,2,8
deceitful,9,3,2,5,2,3,5
deceitfully,11,2,1,3,2,1,3
deceitfulness,13,3,0,3,2,0,2
deceitfulness's,15,3,0,3,2,0,2
deceits,7,4,2,6,4,2,6
deceive,7,1,2,3,1,2,3
deceived,8,3,2,5,3,3,6
deceiver,8,4,2,6,4,2,6
deceiver's,10,6,1,7,6,2,8
deceivers,9,5,1,6,5,2,7
deceives,8,3,1,4,3,2,5
deceiving,9,7,1,8,7,1,8
decelerate,10,6,1,7,5,1,6
decelerated,11,6,2,8,5,1,6
decelerates,11,7,0,7,6,0,6
decelerating,12,6,1,7,5,1,6
deceleration,12,6,1,7,4,1,5
deceleration's,14,7,0,7,4,0,4
decencies,9,3,2,5,3,2,5
decency,7,3,2,5,3,2,5
decency's,9,5,1,6,4,1,5
decent,6,4,3,7,4,3,7
decently,8,5,2,7,5,2,7
decentralization,16,2,1,3,3,1,4
decentralization's,18,3,0,3,4,0,4
decentralize,12,3,1,4,3,1,4
decentralized,13,3,1,4,2,1,3
decentralizes,13,3,0,3,3,0,3
decentralizing,14,2,1,3,2,1,3
deception,9,8,1,9,8,1,9
deception's,11,10,0,10,10,0,10
deceptions,10,9,1,10,5,1,6
deceptive,9,3,2,5,4,1,5
deceptively,11,9,1,10,9,1,10
deceptiveness,13,9,0,9,9,0,9
deceptiveness's,15,10,0,10,10,0,10
decibel,7,2,3,5,2,3,5
decibel's,9,6,1,7,4,2,6
decibels,8,3,2,5,3,2,5
decide,6,3,2,5,4,3,7
decided,7,4,1,5,4,0,4
decidedly,9,4,1,5,3,1,4
decides,7,5,3,8,5,1,6
deciding,8,5,2,7,5,2,7
deciduous,9,5,1,6,4,1,5
decimal,7,5,1,6,4,3,7
decimal's,9,7,1,8,6,2,8
decimals,8,5,3,8,5,3,8
decimate,8,6,1,7,6,1,7
decimated,9,6,1,7,5,1,6
decimates,9,5,0,5,5,0,5
decimating,10,6,1,7,6,1,7
decimation,10,8,1,9,8,1,9
decimation's,12,10,0,10,10,0,10
decipher,8,4,3,7,4,3,7
decipherable,12,2,1,3,2,1,3
deciphered,10,4,1,5,2,1,3
deciphering,11,6,2,8,4,1,5
deciphers,9,5,3,8,5,2,7
decision,8,7,0,7,7,0,7
decision's,10,8,0,8,8,0,8
decisions,9,6,0,6,6,1,7
decisive,8,6,0,6,6,0,6
decisively,10,8,0,8,8,0,8
decisiveness,12,3,0,3,2,0,2
decisiveness's,14,3,0,3,2,0,2
deck,4,3,9,12,3,9,12
deck's,6,6,6,12,5,7,12
decked,6,3,2,5,3,1,4
deckhand,8,3,3,6,4,3,7
deckhand's,10,5,0,5,5,1,6
deckhands,9,4,2,6,5,2,7
decking,7,6,4,10,6,4,10
decks,5,5,7,12,3,9,12
declaim,7,3,2,5,3,4,7
declaimed,9,3,2,5,3,2,5
declaiming,10,6,2,8,6,2,8
declaims,8,4,3,7,4,3,7
declamation,11,10,1,11,10,1,11
declamation's,13,12,0,12,12,0,12
declamations,12,11,0,11,11,0,11
declamatory,11,3,2,5,2,2,4
declaration,11,8,2,10,9,2,11
declaration's,13,10,1,11,11,1,12
declarations,12,10,1,11,10,1,11
declarative,11,3,2,5,3,1,4
declare,7,4,2,6,5,1,6
declared,8,4,1,5,5,1,6
declares,8,6,1,7,6,1,7
declaring,9,8,2,10,8,2,10
declassified,12,8,0,8,4,0,4
declassifies,12,8,0,8,8,0,8
declassify,10,9,0,9,9,0,9
declassifying,13,11,0,11,11,0,11
declension,10,4,0,4,2,1,3
declension's,12,5,0,5,2,1,3
declensions,11,2,1,3,2,1,3
declination,11,5,2,7,7,1,8
declination's,13,7,1,8,9,0,9
decline,7,2,4,6,5,1,6
decline's,9,4,2,6,7,1,8
declined,8,4,3,7,4,3,7
declines,8,6,1,7,6,1,7
declining,9,6,2,8,6,2,8
declivities,11,3,0,3,3,0,3
declivity,9,4,2,6,3,2,5
declivity's,11,5,0,5,4,0,4
decode,6,3,4,7,3,4,7
decoded,7,3,2,5,3,1,4
decoder,7,2,1,3,2,1,3
decodes,7,4,4,8,4,2,6
decoding,8,6,2,8,6,2,8
decolonization,14,3,1,4,3,1,4
decolonization's,16,4,0,4,4,0,4
decolonize,10,2,2,4,2,2,4
decolonized,11,3,2,5,4,2,6
decolonizes,11,4,1,5,4,1,5
decolonizing,12,7,1,8,6,1,7
decommission,12,3,0,3,2,0,2
decommissioned,14,2,0,2,2,0,2
decommissioning,15,1,0,1,1,0,1
decommissions,13,2,0,2,2,0,2
decompose,9,3,0,3,3,0,3
decomposed,10,2,1,3,2,0,2
decomposes,10,3,1,4,3,0,3
decomposing,11,3,0,3,3,0,3
decomposition,13,4,0,4,2,0,2
decomposition's,15,4,0,4,2,0,2
decompress,10,3,1,4,3,0,3
decompressed,12,3,0,3,3,0,3
decompresses,12,3,0,3,3,0,3
decompressing,13,4,0,4,4,0,4
decompression,13,4,0,4,4,0,4
decompression's,15,4,0,4,3,0,3
decongestant,12,2,0,2,2,0,2
decongestant's,14,2,0,2,2,0,2
decongestants,13,2,0,2,2,0,2
deconstruction,14,8,0,8,6,0,6
deconstruction's,16,3,0,3,7,0,7
deconstructions,15,8,0,8,7,0,7
decontaminate,13,2,1,3,2,1,3
decontaminated,14,5,1,6,4,1,5
decontaminates,14,2,0,2,3,0,3
decontaminating,15,2,1,3,2,1,3
decontamination,15,2,1,3,2,1,3
decontamination's,17,2,0,2,2,0,2
decor,5,4,3,7,4,2,6
decor's,7,6,2,8,6,1,7
decorate,8,5,2,7,5,2,7
decorated,9,5,2,7,6,2,8
decorates,9,5,1,6,5,1,6
decorating,10,5,1,6,5,1,6
decoration,10,6,1,7,5,1,6
decoration's,12,9,0,9,6,0,6
decorations,11,8,0,8,6,0,6
decorative,10,8,1,9,8,1,9
decorator,9,3,2,5,2,2,4
decorator's,11,4,1,5,3,1,4
decorators,10,5,1,6,4,0,4
decorous,8,4,2,6,5,2,7
decorously,10,5,0,5,6,1,7
decors,6,6,5,11,5,2,7
decorum,7,3,3,6,3,3,6
decorum's,9,5,2,7,5,1,6
decoy,5,3,8,11,1,10,11
decoy's,7,4,6,10,6,5,11
decoyed,7,3,4,7,4,3,7
decoying,8,5,4,9,5,4,9
decoys,6,5,6,11,4,5,9
decrease,8,3,0,3,3,0,3
decrease's,10,3,1,4,2,0,2
decreased,9,4,1,5,2,0,2
decreases,9,2,0,2,2,0,2
decreasing,10,6,0,6,3,0,3
decree,6,2,1,3,2,1,3
decree's,8,4,1,5,4,1,5
decreed,7,2,1,3,2,1,3
decreeing,9,1,1,2,1,1,2
decrees,7,5,0,5,5,0,5
decremented,11,3,2,5,2,1,3
decrements,10,3,0,3,3,0,3
decrepit,8,2,1,3,2,1,3
decrepitude,11,2,1,3,2,1,3
decrepitude's,13,5,0,5,3,0,3
decrescendi,11,7,0,7,7,0,7
decrescendo,11,6,1,7,6,1,7
decrescendo's,13,2,0,2,2,0,2
decrescendos,12,2,0,2,2,0,2
decried,7,3,2,5,3,0,3
decries,7,5,1,6,5,0,5
decriminalization,17,1,0,1,1,0,1
decriminalization's,19,1,0,1,1,0,1
decriminalize,13,2,1,3,1,2,3
decriminalized,14,1,1,2,1,1,2
decriminalizes,14,2,1,3,3,1,4
decriminalizing,15,1,1,2,1,1,2
decry,5,3,3,6,3,3,6
decrying,8,5,2,7,5,2,7
decryption,10,6,1,7,5,2,7
dedicate,8,6,1,7,5,1,6
dedicated,9,2,1,3,2,1,3
dedicates,9,7,0,7,6,0,6
dedicating,10,8,1,9,7,1,8
dedication,10,7,1,8,7,1,8
dedication's,12,9,0,9,5,0,5
dedications,11,8,0,8,5,0,5
deduce,6,3,3,6,2,2,4
deduced,7,2,1,3,2,0,2
deduces,7,3,2,5,2,0,2
deducible,9,3,2,5,3,3,6
deducing,8,5,2,7,5,2,7
deduct,6,3,5,8,3,4,7
deducted,8,2,1,3,2,1,3
deductible,10,2,2,4,2,2,4
deductible's,12,3,1,4,3,1,4
deductibles,11,4,0,4,3,1,4
deducting,9,6,3,9,5,3,8
deduction,9,5,1,6,5,1,6
deduction's,11,7,0,7,6,0,6
deductions,10,9,1,10,5,1,6
deductive,9,3,3,6,2,5,7
deducts,7,3,4,7,3,4,7
deed,4,2,4,6,2,1,3
deed's,6,4,2,6,4,2,6
deeded,6,2,0,2,2,0,2
deeding,7,5,3,8,5,1,6
deeds,5,3,0,3,3,0,3
deejay,6,2,3,5,2,3,5
deejay's,8,4,2,6,3,3,6
deejays,7,3,2,5,2,3,5
deem,4,2,4,6,3,1,4
deemed,6,2,0,2,2,0,2
deeming,7,5,3,8,5,1,6
deems,5,4,1,5,4,1,5
deep,4,3,4,7,3,3,6
deep's,6,5,3,8,5,3,8
deepen,6,4,0,4,4,0,4
deepened,8,2,1,3,2,1,3
deepening,9,2,1,3,2,1,3
deepens,7,2,2,4,3,2,5
deeper,6,3,1,4,3,1,4
deepest,7,3,1,4,3,1,4
deeply,6,4,3,7,4,3,7
deepness,8,4,0,4,4,0,4
deepness's,10,5,0,5,5,0,5
deeps,5,4,2,6,4,2,6
deer,4,3,3,6,2,2,4
deer's,6,5,2,7,5,2,7
deers,5,3,3,6,3,3,6
deerskin,8,2,0,2,2,0,2
deerskin's,10,2,0,2,2,0,2
deescalate,10,2,0,2,2,0,2
deescalated,11,4,0,4,2,0,2
deescalates,11,2,0,2,2,0,2
deescalating,12,5,0,5,4,0,4
deface,6,3,5,8,5,4,9
defaced,7,5,4,9,4,2,6
defacement,10,7,1,8,7,1,8
defacement's,12,9,0,9,9,0,9
defaces,7,6,3,9,6,3,9
defacing,8,8,4,12,7,3,10
defamation,10,5,2,7,6,2,8
defamation's,12,8,1,9,8,1,9
defamatory,10,2,2,4,2,2,4
defame,6,4,3,7,4,5,9
defamed,7,4,5,9,4,4,8
defames,7,5,4,9,5,4,9
defaming,8,7,5,12,7,4,11
default,7,5,3,8,3,3,6
default's,9,7,1,8,6,2,8
defaulted,9,4,1,5,4,2,6
defaulter,9,4,1,5,4,1,5
defaulter's,11,3,0,3,3,0,3
defaulters,10,6,1,7,5,1,6
defaulting,10,7,3,10,7,3,10
defaults,8,4,3,7,4,3,7
defeat,6,3,3,6,3,3,6
defeat's,8,5,3,8,5,3,8
defeated,8,5,1,6,5,1,6
defeating,9,8,2,10,8,3,11
defeatism,9,4,0,4,3,0,3
defeatism's,11,6,0,6,3,0,3
defeatist,9,4,0,4,3,0,3
defeatist's,11,7,0,7,3,0,3
defeatists,10,6,0,6,3,0,3
defeats,7,3,3,6,3,3,6
defecate,8,2,3,5,5,2,7
defecated,9,5,1,6,5,1,6
defecates,9,6,1,7,6,1,7
defecating,10,6,1,7,6,1,7
defecation,10,8,1,9,8,1,9
defecation's,12,10,0,10,10,0,10
defect,6,5,2,7,5,2,7
defect's,8,6,2,8,6,2,8
defected,8,4,2,6,4,2,6
defecting,9,7,3,10,7,4,11
defection,9,8,1,9,8,1,9
defection's,11,10,0,10,10,0,10
defections,10,8,1,9,5,1,6
defective,9,3,2,5,4,1,5
defective's,11,5,1,6,5,1,6
defectives,10,4,1,5,4,1,5
defector,8,6,1,7,4,1,5
defector's,10,8,0,8,5,0,5
defectors,9,5,0,5,4,0,4
defects,7,6,2,8,6,2,8
defend,6,4,2,6,4,2,6
defendant,9,6,2,8,5,1,6
defendant's,11,8,0,8,8,0,8
defendants,10,7,1,8,7,1,8
defended,8,4,1,5,4,1,5
defender,8,2,1,3,2,1,3
defender's,10,5,0,5,5,1,6
defenders,9,4,0,4,4,1,5
defending,9,6,2,8,4,2,6
defends,7,5,2,7,5,2,7
defense,7,3,1,4,3,2,5
defense's,9,4,2,6,4,2,6
defensed,8,3,1,4,3,1,4
defenseless,11,2,0,2,2,0,2
defenses,8,3,1,4,3,2,5
defensible,10,4,0,4,5,1,6
defensing,9,3,0,3,3,0,3
defensive,9,2,0,2,2,0,2
defensive's,11,2,0,2,2,0,2
defensively,11,2,0,2,2,0,2
defensiveness,13,4,0,4,2,0,2
defensiveness's,15,3,0,3,2,0,2
defer,5,3,5,8,3,5,8
deference,9,4,1,5,2,1,3
deference's,11,6,0,6,3,0,3
deferential,11,6,1,7,2,1,3
deferentially,13,2,1,3,2,1,3
deferment,9,4,1,5,3,1,4
deferment's,11,6,0,6,5,0,5
deferments,10,5,0,5,4,0,4
deferred,8,3,3,6,3,2,5
deferring,9,7,1,8,7,1,8
defers,6,4,1,5,4,1,5
defiance,8,7,1,8,7,2,9
defiance's,10,9,0,9,9,1,10
defiant,7,7,2,9,7,1,8
defiantly,9,3,1,4,3,1,4
deficiencies,12,3,0,3,3,0,3
deficiency,10,2,2,4,2,2,4
deficiency's,12,3,0,3,3,0,3
deficient,9,5,2,7,3,2,5
deficit,7,3,2,5,2,5,7
deficit's,9,5,1,6,4,4,8
deficits,8,3,5,8,3,5,8
defied,6,4,1,5,4,0,4
defies,6,5,1,6,5,1,6
defile,6,3,3,6,3,2,5
defile's,8,5,1,6,5,2,7
defiled,7,5,2,7,5,1,6
defilement,10,6,2,8,6,2,8
defilement's,12,8,1,9,8,1,9
defiles,7,4,2,6,5,0,5
defiling,8,7,2,9,7,2,9
definable,9,4,2,6,3,2,5
define,6,4,3,7,4,3,7
defined,7,4,3,7,4,2,6
definer,7,5,1,6,5,1,6
definer's,9,5,1,6,5,2,7
definers,8,6,2,8,6,1,7
defines,7,4,4,8,4,2,6
defining,8,6,1,7,6,1,7
definite,8,3,2,5,3,2,5
definitely,10,4,1,5,3,1,4
definiteness,12,2,0,2,2,0,2
definiteness's,14,2,0,2,2,0,2
definition,10,5,1,6,3,1,4
definition's,12,4,1,5,4,0,4
definitions,11,3,0,3,3,0,3
definitive,10,3,2,5,3,2,5
definitively,12,2,1,3,2,1,3
deflate,7,2,3,5,5,2,7
deflated,8,5,2,7,5,2,7
deflates,8,3,2,5,3,2,5
deflating,9,7,2,9,7,2,9
deflation,9,5,1,6,5,1,6
deflation's,11,7,0,7,6,0,6
deflect,7,2,4,6,2,4,6
deflected,9,2,1,3,2,1,3
deflecting,10,4,2,6,2,2,4
deflection,10,9,1,10,2,2,4
deflection's,12,11,0,11,11,0,11
deflections,11,10,0,10,3,1,4
deflector,9,2,2,4,2,2,4
deflector's,11,7,1,8,5,1,6
deflectors,10,3,1,4,3,0,3
deflects,8,6,2,8,2,3,5
defogger,8,3,3,6,4,2,6
defogger's,10,6,1,7,5,1,6
defoggers,9,5,2,7,5,1,6
defoliant,9,4,1,5,4,1,5
defoliant's,11,6,0,6,5,0,5
defoliants,10,6,1,7,5,1,6
defoliate,9,3,2,5,3,2,5
defoliated,10,5,1,6,3,1,4
defoliates,10,4,1,5,5,0,5
defoliating,11,7,1,8,5,1,6
defoliation,11,6,1,7,4,1,5
defoliation's,13,8,0,8,5,0,5
deforest,8,6,1,7,6,1,7
deforestation,13,8,0,8,6,0,6
deforestation's,15,9,0,9,6,0,6
deforested,10,5,1,6,3,0,3
deforesting,11,8,0,8,3,0,3
deforests,9,5,1,6,5,1,6
deform,6,5,3,8,5,3,8
deformation,11,8,1,9,6,1,7
deformation's,13,10,0,10,7,0,7
deformations,12,8,0,8,6,0,6
deformed,8,5,2,7,5,2,7
deforming,9,8,2,10,8,2,10
deformities,11,5,0,5,6,0,6
deformity,9,3,3,6,3,2,5
deformity's,11,5,1,6,4,2,6
deforms,7,6,2,8,6,2,8
defraud,7,4,2,6,4,3,7
defrauded,9,2,1,3,2,1,3
defrauding,10,5,2,7,5,2,7
defrauds,8,5,2,7,4,3,7
defray,6,4,2,6,4,2,6
defrayal,8,5,3,8,3,3,6
defrayal's,10,7,1,8,3,1,4
defrayed,8,5,1,6,5,2,7
defraying,9,7,2,9,7,2,9
defrays,7,3,3,6,5,2,7
defrost,7,3,2,5,3,2,5
defrosted,9,4,0,4,4,0,4
defroster,9,3,0,3,3,0,3
defroster's,11,3,0,3,3,0,3
defrosters,10,4,0,4,3,0,3
defrosting,10,6,1,7,7,0,7
defrosts,8,4,2,6,4,2,6
deft,4,3,6,9,4,5,9
defter,6,4,3,7,4,4,8
deftest,7,5,0,5,5,0,5
deftly,6,4,5,9,4,3,7
deftness,8,4,1,5,4,1,5
deftness's,10,5,1,6,5,1,6
defunct,7,2,4,6,2,3,5
defuse,6,4,4,8,4,5,9
defused,7,4,2,6,4,4,8
defuses,7,5,2,7,4,2,6
defusing,8,8,0,8,8,0,8
defy,4,4,6,10,4,7,11
defying,7,6,5,11,6,5,11
degeneracy,10,2,1,3,2,1,3
degeneracy's,12,4,0,4,3,0,3
degenerate,10,5,2,7,4,2,6
degenerate's,12,2,0,2,2,0,2
degenerated,11,5,3,8,4,2,6
degenerates,11,6,1,7,5,1,6
degenerating,12,6,1,7,5,1,6
degeneration,12,7,1,8,4,1,5
degeneration's,14,9,0,9,5,0,5
degenerative,12,7,1,8,4,1,5
degradation,11,6,2,8,4,1,5
degradation's,13,8,1,9,5,0,5
degrade,7,3,2,5,3,0,3
degraded,8,3,1,4,3,1,4
degrades,8,5,1,6,4,0,4
degrading,9,5,1,6,5,1,6
degree,6,3,1,4,3,1,4
degree's,8,5,1,6,5,1,6
degrees,7,4,1,5,4,1,5
dehumanization,14,5,1,6,4,1,5
dehumanization's,16,6,0,6,5,0,5
dehumanize,10,3,2,5,3,2,5
dehumanized,11,4,2,6,3,3,6
dehumanizes,11,5,1,6,3,2,5
dehumanizing,12,6,2,8,5,2,7
dehumidified,12,5,1,6,3,1,4
dehumidifier,12,5,1,6,3,1,4
dehumidifier's,14,2,1,3,2,0,2
dehumidifiers,13,2,2,4,3,0,3
dehumidifies,12,3,1,4,3,0,3
dehumidify,10,4,2,6,3,2,5
dehumidifying,13,3,1,4,2,1,3
dehydrate,9,5,1,6,3,1,4
dehydrated,10,2,1,3,2,1,3
dehydrates,10,6,0,6,4,1,5
dehydrating,11,6,1,7,9,1,10
dehydration,11,6,1,7,9,1,10
dehydration's,13,8,0,8,6,0,6
deice,5,4,2,6,4,3,7
deiced,6,3,1,4,3,0,3
deicer,6,4,2,6,4,1,5
deicer's,8,6,0,6,5,4,9
deicers,7,5,1,6,5,1,6
deices,6,4,1,5,4,1,5
deicing,7,5,1,6,5,2,7
deification,11,7,1,8,2,1,3
deification's,13,9,0,9,3,0,3
deified,7,3,2,5,3,0,3
deifies,7,4,3,7,5,0,5
deify,5,4,5,9,3,7,10
deifying,8,4,1,5,4,1,5
deign,5,5,3,8,5,3,8
deigned,7,3,2,5,3,0,3
deigning,8,5,1,6,5,1,6
deigns,6,6,2,8,6,3,9
deism,5,3,2,5,3,2,5
deism's,7,4,1,5,4,1,5
deities,7,4,2,6,4,1,5
deity,5,5,4,9,4,5,9
deity's,7,5,5,10,4,4,8
deject,6,4,3,7,4,3,7
dejected,8,4,2,6,4,2,6
dejectedly,10,6,1,7,6,1,7
dejecting,9,6,3,9,6,4,10
dejection,9,7,2,9,7,2,9
dejection's,11,9,1,10,9,1,10
dejects,7,5,3,8,5,3,8
delay,5,5,2,7,3,3,6
delay's,7,7,0,7,5,2,7
delayed,7,4,4,8,3,5,8
delaying,8,7,4,11,6,5,11
delays,6,6,2,8,5,3,8
delectable,10,3,1,4,3,2,5
delectation,11,6,1,7,4,1,5
delectation's,13,6,0,6,5,0,5
delegate,8,3,2,5,4,3,7
delegate's,10,4,2,6,4,2,6
delegated,9,4,2,6,4,2,6
delegates,9,5,2,7,5,2,7
delegating,10,8,1,9,8,1,9
delegation,10,7,2,9,7,2,9
delegation's,12,9,1,10,9,1,10
delegations,11,7,1,8,7,1,8
delete,6,2,2,4,2,2,4
deleted,7,2,1,3,3,1,4
deleterious,11,3,0,3,3,0,3
deletes,7,4,0,4,3,1,4
deleting,8,6,2,8,5,2,7
deletion,8,4,2,6,4,2,6
deletion's,10,6,1,7,5,1,6
deletions,9,5,1,6,4,1,5
deleverage,10,4,2,6,5,1,6
deleveraged,11,4,3,7,5,1,6
deleverages,11,5,1,6,6,0,6
deleveraging,12,5,1,6,5,1,6
deli,4,3,3,6,3,2,5
deli's,6,5,3,8,5,2,7
deliberate,10,4,1,5,3,1,4
deliberated,11,2,1,3,3,1,4
deliberately,12,2,1,3,2,1,3
deliberates,11,5,0,5,4,0,4
deliberating,12,6,1,7,9,1,10
deliberation,12,5,1,6,9,1,10
deliberation's,14,5,0,5,4,0,4
deliberations,13,5,0,5,4,0,4
delicacies,10,4,1,5,5,0,5
delicacy,8,5,1,6,4,1,5
delicacy's,10,5,0,5,5,1,6
delicate,8,6,1,7,5,1,6
delicately,10,4,1,5,3,1,4
delicatessen,12,3,0,3,3,0,3
delicatessen's,14,2,0,2,2,0,2
delicatessens,13,1,0,1,1,0,1
delicious,9,8,1,9,8,1,9
deliciously,11,9,0,9,9,0,9
deliciousness,13,6,0,6,4,0,4
deliciousness's,15,4,0,4,4,0,4
delight,7,3,2,5,3,3,6
delight's,9,5,2,7,5,2,7
delighted,9,4,2,6,4,2,6
delightful,10,3,1,4,3,1,4
delightfully,12,4,1,5,3,1,4
delighting,10,4,1,5,6,1,7
delights,8,5,3,8,5,3,8
delimit,7,3,2,5,3,4,7
delimited,9,4,2,6,4,1,5
delimiter,9,4,1,5,4,1,5
delimiters,10,6,1,7,5,1,6
delimiting,10,5,1,6,3,1,4
delimits,8,5,3,8,5,3,8
delineate,9,2,1,3,2,1,3
delineated,10,2,2,4,2,2,4
delineates,10,3,0,3,3,0,3
delineating,11,4,1,5,2,1,3
delineation,11,2,1,3,2,1,3
delineation's,13,6,0,6,3,0,3
delineations,12,3,1,4,3,1,4
delinquencies,13,2,1,3,2,0,2
delinquency,11,2,1,3,1,2,3
delinquency's,13,2,1,3,3,0,3
delinquent,10,3,1,4,3,1,4
delinquent's,12,4,0,4,4,0,4
delinquently,12,2,1,3,2,1,3
delinquents,11,5,2,7,3,2,5
deliquescent,12,2,0,2,2,0,2
deliria,7,4,2,6,4,2,6
delirious,9,7,2,9,7,2,9
deliriously,11,8,1,9,8,1,9
delirium,8,2,3,5,3,3,6
delirium's,10,6,2,8,6,2,8
deliriums,9,4,2,6,4,2,6
delis,5,4,4,8,4,3,7
deliver,7,4,2,6,4,2,6
deliverance,11,2,1,3,2,1,3
deliverance's,13,2,1,3,2,1,3
delivered,9,3,1,4,3,1,4
deliverer,9,2,1,3,2,1,3
deliverer's,11,3,0,3,3,0,3
deliverers,10,3,0,3,3,0,3
deliveries,10,4,0,4,4,0,4
delivering,10,5,1,6,4,1,5
delivers,8,5,3,8,5,2,7
delivery,8,4,1,5,4,1,5
delivery's,10,4,1,5,4,0,4
dell,4,3,3,6,3,2,5
dell's,6,5,3,8,5,2,7
dells,5,4,7,11,4,6,10
delphinia,9,2,1,3,2,1,3
delphinium,10,3,1,4,3,1,4
delphinium's,12,4,1,5,3,1,4
delphiniums,11,4,0,4,4,0,4
delta,5,5,1,6,5,2,7
delta's,7,7,0,7,7,1,8
deltas,6,4,3,7,5,3,8
delude,6,4,3,7,3,2,5
deluded,7,4,2,6,4,1,5
deludes,7,5,3,8,5,1,6
deluding,8,5,3,8,5,3,8
deluge,6,5,3,8,5,2,7
deluge's,8,4,2,6,6,3,9
deluged,7,2,5,7,3,5,8
deluges,7,5,3,8,4,3,7
deluging,8,5,1,6,4,2,6
delusion,8,4,0,4,4,0,4
delusion's,10,4,0,4,4,0,4
delusions,9,4,0,4,5,1,6
delusive,8,4,0,4,4,0,4
deluxe,6,4,4,8,4,3,7
delve,5,2,4,6,2,3,5
delved,6,3,3,6,3,2,5
delves,6,4,3,7,4,3,7
delving,7,6,3,9,6,3,9
demagnetization,15,2,1,3,2,1,3
demagnetization's,17,2,0,2,2,0,2
demagnetize,11,3,1,4,2,1,3
demagnetized,12,2,1,3,2,1,3
demagnetizes,12,3,0,3,3,0,3
demagnetizing,13,2,1,3,2,1,3
demagog,7,3,4,7,4,4,8
demagog's,9,7,1,8,6,3,9
demagogic,9,6,1,7,4,2,6
demagogry,9,3,2,5,3,2,5
demagogs,8,6,4,10,5,4,9
demagogue,9,6,1,7,4,2,6
demagogue's,11,8,0,8,6,1,7
demagoguery,11,2,2,4,2,1,3
demagoguery's,13,3,1,4,3,0,3
demagogues,10,7,1,8,5,1,6
demagogy,8,6,3,9,4,3,7
demagogy's,10,8,2,10,6,2,8
demand,6,3,3,6,3,3,6
demand's,8,5,1,6,5,1,6
demanded,8,3,1,4,3,1,4
demanding,9,5,1,6,5,1,6
demands,7,4,2,6,4,2,6
demarcate,9,3,1,4,3,1,4
demarcated,10,4,1,5,2,2,4
demarcates,10,4,0,4,4,1,5
demarcating,11,4,1,5,5,1,6
demarcation,11,8,2,10,8,2,10
demarcation's,13,10,1,11,10,1,11
demean,6,3,4,7,3,4,7
demeaned,8,2,4,6,2,4,6
demeaning,9,2,1,3,2,1,3
demeanor,8,4,2,6,3,2,5
demeanor's,10,6,1,7,4,1,5
demeans,7,3,2,5,3,2,5
demented,8,3,3,6,3,3,6
dementedly,10,5,2,7,5,2,7
dementia,8,4,3,7,4,3,7
dementia's,10,4,1,5,3,1,4
demerit,7,3,2,5,3,2,5
demerit's,9,5,1,6,5,1,6
demerits,8,4,2,6,4,1,5
demesne,7,2,1,3,2,2,4
demesne's,9,3,2,5,3,2,5
demesnes,8,3,1,4,3,0,3
demigod,7,2,4,6,2,6,8
demigod's,9,5,3,8,4,4,8
demigods,8,3,5,8,3,5,8
demijohn,8,3,2,5,3,2,5
demijohn's,10,6,1,7,5,1,6
demijohns,9,5,1,6,4,1,5
demilitarization,16,5,1,6,1,1,2
demilitarization's,18,4,0,4,2,0,2
demilitarize,12,2,1,3,3,1,4
demilitarized,13,1,1,2,1,1,2
demilitarizes,13,3,1,4,3,0,3
demilitarizing,14,1,1,2,1,1,2
demise,6,5,3,8,5,3,8
demise's,8,6,1,7,6,1,7
demised,7,5,0,5,5,0,5
demises,7,5,2,7,5,0,5
demising,8,7,0,7,7,0,7
demitasse,9,4,0,4,2,0,2
demitasse's,11,2,0,2,2,0,2
demitasses,10,3,0,3,3,0,3
demo,4,2,10,12,2,10,12
demo's,6,4,8,12,4,8,12
demobilization,14,4,1,5,2,1,3
demobilization's,16,9,0,9,3,0,3
demobilize,10,2,2,4,2,2,4
demobilized,11,2,1,3,3,2,5
demobilizes,11,3,0,3,3,0,3
demobilizing,12,2,1,3,2,1,3
democracies,11,4,0,4,4,0,4
democracy,9,4,2,6,3,2,5
democracy's,11,5,1,6,4,1,5
democrat,8,4,2,6,4,2,6
democrat's,10,6,0,6,6,0,6
democratic,10,3,1,4,3,1,4
democratically,14,3,1,4,4,1,5
democratization,15,3,1,4,3,1,4
democratization's,17,3,0,3,3,0,3
democratize,11,3,2,5,3,1,4
democratized,12,3,1,4,3,1,4
democratizes,12,4,0,4,4,0,4
democratizing,13,3,1,4,3,1,4
democrats,9,5,2,7,5,2,7
demoed,6,3,4,7,3,3,6
demographer,11,3,2,5,2,1,3
demographer's,13,3,1,4,3,0,3
demographers,12,3,0,3,3,0,3
demographic,11,8,1,9,4,1,5
demographic's,13,4,1,5,4,0,4
demographically,15,4,1,5,4,1,5
demographics,12,11,0,11,4,0,4
demographics's,14,5,0,5,5,0,5
demography,10,4,2,6,3,3,6
demography's,12,10,1,11,4,1,5
demoing,7,5,6,11,5,6,11
demolish,8,4,0,4,4,1,5
demolished,10,3,0,3,3,0,3
demolishes,10,5,1,6,5,0,5
demolishing,11,5,0,5,3,0,3
demolition,10,4,1,5,3,2,5
demolition's,12,4,1,5,4,0,4
demolitions,11,5,0,5,4,1,5
demon,5,5,5,10,3,6,9
demon's,7,7,2,9,6,5,11
demoniac,8,3,2,5,5,1,6
demoniacal,10,4,1,5,4,1,5
demonic,7,3,2,5,3,2,5
demons,6,6,3,9,6,2,8
demonstrable,12,5,0,5,4,0,4
demonstrably,12,5,0,5,3,0,3
demonstrate,11,7,0,7,4,0,4
demonstrated,12,7,0,7,4,0,4
demonstrates,12,7,0,7,4,0,4
demonstrating,13,9,0,9,5,0,5
demonstration,13,3,0,3,3,0,3
demonstration's,15,2,0,2,3,0,3
demonstrations,14,2,0,2,2,0,2
demonstrative,13,3,0,3,3,0,3
demonstrative's,15,2,0,2,2,0,2
demonstratively,15,5,0,5,3,0,3
demonstratives,14,4,0,4,4,0,4
demonstrator,12,5,0,5,3,0,3
demonstrator's,14,2,0,2,4,0,4
demonstrators,13,3,0,3,3,0,3
demoralization,14,3,1,4,4,1,5
demoralization's,16,9,0,9,5,0,5
demoralize,10,4,2,6,4,2,6
demoralized,11,7,1,8,3,1,4
demoralizes,11,7,1,8,5,1,6
demoralizing,12,5,1,6,5,1,6
demos,5,3,7,10,3,7,10
demote,6,5,4,9,5,4,9
demoted,7,5,2,7,5,1,6
demotes,7,6,2,8,6,1,7
demoting,8,8,3,11,8,3,11
demotion,8,7,1,8,7,1,8
demotion's,10,9,1,10,9,1,10
demotions,9,8,1,9,8,1,9
demount,7,3,4,7,3,2,5
demur,5,5,2,7,3,3,6
demur's,7,7,1,8,5,2,7
demure,6,4,2,6,4,0,4
demurely,8,2,1,3,2,1,3
demurer,7,3,1,4,3,1,4
demurest,8,5,2,7,5,2,7
demurred,8,3,2,5,3,2,5
demurring,9,6,2,8,6,2,8
demurs,6,6,4,10,4,3,7
den,3,3,5,8,3,7,10
den's,5,5,3,8,5,3,8
denature,8,4,1,5,4,1,5
denatured,9,4,1,5,4,1,5
denatures,9,5,1,6,5,1,6
denaturing,10,5,1,6,4,1,5
dendrite,8,4,2,6,4,2,6
dendrite's,10,6,1,7,6,1,7
dendrites,9,5,0,5,4,1,5
deniability,11,5,1,6,3,1,4
denial,6,6,2,8,6,2,8
denial's,8,8,2,10,8,2,10
denials,7,7,2,9,7,2,9
denied,6,3,2,5,3,1,4
denier,6,5,2,7,5,1,6
denier's,8,6,3,9,6,2,8
deniers,7,5,1,6,5,1,6
denies,6,4,2,6,4,2,6
denigrate,9,5,1,6,3,1,4
denigrated,10,5,1,6,3,1,4
denigrates,10,6,0,6,4,0,4
denigrating,11,3,1,4,3,1,4
denigration,11,2,1,3,3,1,4
denigration's,13,6,0,6,4,0,4
denim,5,3,3,6,3,5,8
denim's,7,5,3,8,5,4,9
denims,6,5,4,9,4,4,8
denizen,7,3,2,5,3,2,5
denizen's,9,4,3,7,4,2,6
denizens,8,3,3,6,3,3,6
denominate,10,6,1,7,5,1,6
denominated,11,3,1,4,4,2,6
denominates,11,4,0,4,4,0,4
denominating,12,2,1,3,2,1,3
denomination,12,2,1,3,2,1,3
denomination's,14,4,0,4,5,0,5
denominational,14,2,1,3,2,1,3
denominations,13,4,0,4,4,0,4
denominator,11,4,1,5,3,2,5
denominator's,13,6,0,6,4,0,4
denominators,12,4,0,4,4,0,4
denotation,10,4,1,5,4,1,5
denotation's,12,7,0,7,5,0,5
denotations,11,6,0,6,5,0,5
denote,6,5,5,10,5,5,10
denoted,7,5,3,8,5,2,7
denotes,7,6,3,9,6,2,8
denoting,8,5,2,7,5,1,6
denouement,10,3,1,4,2,1,3
denouement's,12,4,0,4,3,0,3
denouements,11,3,1,4,3,1,4
denounce,8,6,3,9,2,5,7
denounced,9,3,2,5,3,2,5
denouncement,12,3,2,5,2,2,4
denouncement's,14,3,0,3,3,1,4
denouncements,13,3,0,3,3,0,3
denounces,9,7,2,9,7,2,9
denouncing,10,8,1,9,8,1,9
dens,4,4,2,6,4,1,5
dense,5,4,2,6,4,2,6
densely,7,6,1,7,6,1,7
denseness,9,4,0,4,4,0,4
denseness's,11,5,0,5,5,0,5
denser,6,4,3,7,4,2,6
densest,7,3,0,3,3,0,3
densities,9,3,0,3,4,0,4
density,7,3,0,3,3,0,3
density's,9,3,0,3,3,0,3
dent,4,4,6,10,4,6,10
dent's,6,6,5,11,6,6,12
dental,6,6,3,9,6,3,9
dented,6,2,5,7,2,4,6
dentifrice,10,2,2,4,2,2,4
dentifrice's,12,4,0,4,4,0,4
dentifrices,11,3,0,3,3,0,3
dentin,6,3,3,6,3,3,6
dentin's,8,5,2,7,5,1,6
dentine,7,4,2,6,4,1,5
dentine's,9,4,0,4,3,1,4
denting,7,6,1,7,6,1,7
dentist,7,5,1,6,3,2,5
dentist's,9,6,0,6,6,0,6
dentistry,9,5,0,5,3,1,4
dentistry's,11,4,0,4,4,0,4
dentists,8,5,1,6,5,1,6
dents,5,4,3,7,4,4,8
denture,7,6,1,7,6,0,6
denture's,9,8,1,9,8,0,8
dentures,8,7,0,7,7,0,7
denude,6,3,4,7,2,3,5
denuded,7,3,3,6,3,2,5
denudes,7,3,3,6,4,2,6
denuding,8,5,3,8,5,1,6
denunciation,12,9,1,10,9,1,10
denunciation's,14,11,0,11,11,0,11
denunciations,13,10,0,10,10,0,10
deny,4,3,5,8,3,6,9
denying,7,5,2,7,5,2,7
deodorant,9,4,2,6,3,2,5
deodorant's,11,5,1,6,4,1,5
deodorants,10,6,1,7,5,1,6
deodorize,9,3,2,5,3,1,4
deodorized,10,3,1,4,2,2,4
deodorizer,10,2,1,3,2,1,3
deodorizer's,12,4,0,4,3,0,3
deodorizers,11,3,1,4,3,0,3
deodorizes,10,3,1,4,5,1,6
deodorizing,11,7,1,8,5,1,6
depart,6,4,2,6,4,2,6
departed,8,4,2,6,4,2,6
departed's,10,3,0,3,3,0,3
departing,9,7,2,9,7,2,9
department,10,8,1,9,8,1,9
department's,12,10,0,10,10,0,10
departmental,12,1,2,3,1,2,3
departmentalize,15,2,1,3,2,1,3
departmentalized,16,1,1,2,1,1,2
departmentalizes,16,2,0,2,2,0,2
departmentalizing,17,2,0,2,2,0,2
departments,11,3,0,3,3,0,3
departs,7,5,3,8,5,3,8
departure,9,3,2,5,2,1,3
departure's,11,5,1,6,3,0,3
departures,10,3,0,3,4,2,6
depend,6,3,3,6,3,3,6
dependability,13,3,1,4,3,1,4
dependability's,15,6,0,6,4,0,4
dependable,10,5,1,6,3,2,5
dependably,10,2,1,3,2,1,3
dependance,10,6,2,8,3,2,5
dependance's,12,8,0,8,2,1,3
dependant,9,5,3,8,5,2,7
dependant's,11,7,1,8,7,1,8
dependants,10,6,2,8,6,2,8
depended,8,3,2,5,3,2,5
dependence,10,3,1,4,2,1,3
dependence's,12,5,0,5,3,0,3
dependencies,12,3,0,3,2,1,3
dependency,10,1,2,3,2,1,3
dependency's,12,3,0,3,3,0,3
dependent,9,2,1,3,2,2,4
dependent's,11,4,0,4,3,0,3
dependents,10,3,1,4,3,1,4
depending,9,5,3,8,4,3,7
depends,7,4,3,7,4,3,7
depict,6,3,5,8,4,4,8
depicted,8,2,5,7,2,5,7
depicting,9,7,1,8,7,1,8
depiction,9,7,1,8,7,1,8
depiction's,11,9,0,9,9,0,9
depictions,10,8,1,9,4,1,5
depicts,7,4,4,8,4,4,8
depilatories,12,4,0,4,3,0,3
depilatory,10,3,1,4,3,1,4
depilatory's,12,4,0,4,4,0,4
deplane,7,3,3,6,4,2,6
deplaned,8,3,3,6,4,3,7
deplanes,8,4,2,6,5,2,7
deplaning,9,5,2,7,4,3,7
deplete,7,5,1,6,5,1,6
depleted,8,2,2,4,2,2,4
depletes,8,3,1,4,3,1,4
depleting,9,5,2,7,8,1,9
depletion,9,8,1,9,8,1,9
depletion's,11,10,0,10,10,0,10
deplorable,10,3,1,4,3,1,4
deplorably,10,4,2,6,4,2,6
deplore,7,3,4,7,4,2,6
deplored,8,4,2,6,4,2,6
deplores,8,5,2,7,5,2,7
deploring,9,7,3,10,7,3,10
deploy,6,2,4,6,2,4,6
deployed,8,3,4,7,3,4,7
deploying,9,6,3,9,6,3,9
deployment,10,5,1,6,6,1,7
deployment's,12,7,0,7,7,0,7
deployments,11,3,1,4,3,1,4
deploys,7,3,4,7,3,4,7
depoliticize,12,2,1,3,2,1,3
depoliticized,13,1,1,2,1,1,2
depoliticizes,13,3,0,3,3,0,3
depoliticizing,14,1,1,2,1,1,2
depopulate,10,5,2,7,4,2,6
depopulated,11,4,2,6,2,3,5
depopulates,11,5,1,6,2,2,4
depopulating,12,3,3,6,5,1,6
depopulation,12,5,1,6,5,1,6
depopulation's,14,6,0,6,4,0,4
deport,6,4,4,8,4,4,8
deportation,11,6,1,7,6,1,7
deportation's,13,7,0,7,7,0,7
deportations,12,6,0,6,6,0,6
deported,8,4,3,7,4,3,7
deporting,9,7,3,10,7,3,10
deportment,10,7,2,9,7,2,9
deportment's,12,9,1,10,9,1,10
deports,7,5,3,8,5,3,8
depose,6,3,5,8,3,5,8
deposed,7,3,3,6,3,4,7
deposes,7,3,4,7,3,3,6
deposing,8,6,2,8,6,2,8
deposit,7,4,1,5,4,1,5
deposit's,9,3,1,4,3,2,5
deposited,9,4,1,5,3,0,3
depositing,10,5,0,5,4,0,4
deposition,10,5,0,5,4,0,4
deposition's,12,3,0,3,3,0,3
depositions,11,3,0,3,2,1,3
depositor,9,3,0,3,3,0,3
depositor's,11,3,0,3,3,0,3
depositories,12,5,0,5,5,0,5
depositors,10,3,1,4,3,1,4
depository,10,7,0,7,5,0,5
depository's,12,9,0,9,4,0,4
deposits,8,2,2,4,3,1,4
depot,5,4,7,11,2,5,7
depot's,7,5,5,10,5,4,9
depots,6,4,6,10,4,5,9
deprave,7,6,1,7,6,0,6
depraved,8,4,2,6,4,3,7
depraves,8,5,1,6,7,0,7
depraving,9,6,2,8,6,2,8
depravities,11,5,0,5,6,0,6
depravity,9,4,2,6,3,2,5
depravity's,11,5,1,6,5,1,6
deprecate,9,3,1,4,2,1,3
deprecated,10,2,1,3,2,1,3
deprecates,10,3,0,3,3,0,3
deprecating,11,5,1,6,9,1,10
deprecation,11,9,1,10,9,1,10
deprecation's,13,11,0,11,4,0,4
deprecatory,11,2,2,4,2,1,3
depreciate,10,2,1,3,2,1,3
depreciated,11,2,1,3,2,1,3
depreciates,11,3,0,3,3,0,3
depreciating,12,4,1,5,3,1,4
depreciation,12,5,1,6,3,1,4
depreciation's,14,5,0,5,4,0,4
depredation,11,9,1,10,3,1,4
depredation's,13,11,0,11,4,0,4
depredations,12,5,0,5,3,0,3
depress,7,4,0,4,4,0,4
depressant,10,3,1,4,2,1,3
depressant's,12,3,1,4,6,0,6
depressants,11,3,0,3,6,0,6
depressed,9,3,0,3,3,0,3
depresses,9,4,0,4,4,0,4
depressing,10,5,0,5,7,0,7
depressingly,12,3,0,3,2,0,2
depression,10,5,0,5,7,0,7
depression's,12,7,0,7,6,0,6
depressions,11,5,0,5,6,0,6
depressive,10,4,0,4,4,0,4
depressive's,12,3,1,4,2,0,2
depressives,11,2,0,2,2,0,2
deprivation,11,5,2,7,7,1,8
deprivation's,13,7,1,8,8,0,8
deprivations,12,8,0,8,4,0,4
deprive,7,5,2,7,5,1,6
deprived,8,3,2,5,3,2,5
deprives,8,5,0,5,6,1,7
depriving,9,5,1,6,5,1,6
deprogram,9,4,2,6,2,2,4
deprogramed,11,5,2,7,3,1,4
deprograming,12,7,1,8,4,1,5
deprogrammed,12,5,2,7,2,2,4
deprogramming,13,8,1,9,4,1,5
deprograms,10,7,2,9,4,0,4
depth,5,3,7,10,4,5,9
depth's,7,4,5,9,6,4,10
depths,6,4,6,10,5,5,10
deputation,10,9,1,10,9,1,10
deputation's,12,11,0,11,11,0,11
deputations,11,10,0,10,10,0,10
depute,6,3,5,8,3,6,9
deputed,7,3,3,6,3,3,6
deputes,7,4,4,8,4,3,7
deputies,8,5,3,8,5,3,8
deputing,8,6,4,10,6,4,10
deputize,8,3,3,6,3,3,6
deputized,9,4,1,5,4,1,5
deputizes,9,5,1,6,4,1,5
deputizing,10,5,3,8,5,3,8
deputy,6,4,5,9,4,5,9
deputy's,8,6,4,10,6,4,10
derail,6,5,4,9,5,4,9
derailed,8,5,1,6,5,1,6
derailing,9,5,1,6,5,1,6
derailment,10,5,1,6,6,1,7
derailment's,12,7,0,7,7,0,7
derailments,11,4,0,4,4,0,4
derails,7,6,2,8,6,2,8
derange,7,3,2,5,3,1,4
deranged,8,4,2,6,4,2,6
derangement,11,3,2,5,2,1,3
derangement's,13,4,0,4,3,0,3
deranges,8,3,3,6,3,3,6
deranging,9,4,2,6,4,2,6
derbies,7,5,0,5,5,0,5
derby,5,4,2,6,4,1,5
derby's,7,6,1,7,6,0,6
deregulate,10,4,1,5,2,1,3
deregulated,11,4,2,6,2,1,3
deregulates,11,3,0,3,3,0,3
deregulating,12,4,1,5,4,1,5
deregulation,12,6,1,7,4,1,5
deregulation's,14,7,0,7,3,0,3
derelict,8,4,2,6,4,2,6
derelict's,10,5,1,6,5,1,6
dereliction,11,5,1,6,3,1,4
dereliction's,13,7,0,7,4,0,4
derelicts,9,5,1,6,4,0,4
deride,6,4,0,4,4,0,4
derided,7,2,3,5,2,2,4
derides,7,5,0,5,3,2,5
deriding,8,6,1,7,6,1,7
derision,8,6,1,7,6,1,7
derision's,10,7,1,8,7,1,8
derisive,8,5,1,6,5,1,6
derisively,10,7,1,8,7,1,8
derisory,8,3,1,4,4,0,4
derivable,9,6,1,7,4,1,5
derivation,10,7,2,9,7,2,9
derivation's,12,9,1,10,9,1,10
derivations,11,8,0,8,5,0,5
derivative,10,4,1,5,4,1,5
derivative's,12,4,0,4,4,0,4
derivatives,11,4,0,4,4,0,4
derive,6,4,0,4,4,0,4
derived,7,3,4,7,4,2,6
derives,7,5,0,5,5,1,6
deriving,8,6,1,7,6,1,7
dermatitis,10,3,1,4,4,1,5
dermatitis's,12,3,0,3,3,0,3
dermatologist,13,4,0,4,4,0,4
dermatologist's,15,5,0,5,4,0,4
dermatologists,14,5,0,5,4,0,4
dermatology,11,4,2,6,3,2,5
dermatology's,13,6,0,6,3,1,4
dermis,6,5,2,7,4,1,5
dermis's,8,6,0,6,5,1,6
derogate,8,4,2,6,4,2,6
derogated,9,4,2,6,6,2,8
derogates,9,5,1,6,5,1,6
derogating,10,4,1,5,4,1,5
derogation,10,6,1,7,5,1,6
derogation's,12,9,0,9,6,0,6
derogatory,10,5,2,7,3,2,5
derrick,7,6,3,9,4,3,7
derrick's,9,8,2,10,6,1,7
derricks,8,5,1,6,5,1,6
derringer,9,3,1,4,3,1,4
derringer's,11,3,0,3,3,0,3
derringers,10,3,1,4,3,1,4
derrière,8,2,3,5,3,2,5
derrière's,10,4,2,6,4,2,6
derrières,9,3,0,3,3,0,3
dervish,7,5,0,5,5,1,6
dervish's,9,6,2,8,5,1,6
dervishes,9,2,1,3,2,0,2
desalinate,10,3,0,3,3,0,3
desalinated,11,3,0,3,3,0,3
desalinates,11,3,0,3,3,0,3
desalinating,12,3,0,3,4,0,4
desalination,12,3,0,3,4,0,4
desalination's,14,3,0,3,2,0,2
descant,7,3,1,4,3,0,3
descant's,9,3,0,3,3,0,3
descanted,9,5,0,5,5,0,5
descanting,10,5,0,5,4,0,4
descants,8,3,2,5,3,2,5
descend,7,2,3,5,2,2,4
descendant,10,3,1,4,3,1,4
descendant's,12,2,1,3,2,1,3
descendants,11,4,0,4,3,0,3
descended,9,2,1,3,2,1,3
descendent,10,3,1,4,3,1,4
descendent's,12,3,1,4,3,1,4
descendents,11,3,0,3,3,0,3
descender,9,3,0,3,3,0,3
descending,10,5,0,5,4,0,4
descends,8,5,2,7,3,2,5
descent,7,4,1,5,4,0,4
descent's,9,5,0,5,4,0,4
descents,8,5,2,7,3,2,5
describable,11,3,0,3,3,0,3
describe,8,3,1,4,3,1,4
described,9,5,1,6,5,1,6
describes,9,3,1,4,3,1,4
describing,10,7,0,7,7,0,7
descried,8,4,0,4,4,0,4
descries,8,5,0,5,3,1,4
description,11,6,0,6,4,0,4
description's,13,3,0,3,3,0,3
descriptions,12,3,0,3,3,0,3
descriptive,11,6,0,6,4,0,4
descriptively,13,3,0,3,4,0,4
descriptor,10,3,0,3,3,0,3
descriptors,11,4,0,4,4,0,4
descry,6,4,2,6,3,2,5
descrying,9,6,1,7,4,1,5
desecrate,9,2,0,2,2,0,2
desecrated,10,3,1,4,3,1,4
desecrates,10,3,0,3,3,0,3
desecrating,11,4,0,4,9,0,9
desecration,11,7,0,7,9,0,9
desecration's,13,9,0,9,5,0,5
desegregate,11,2,1,3,2,1,3
desegregated,12,3,1,4,2,1,3
desegregates,12,2,1,3,2,1,3
desegregating,13,4,0,4,4,0,4
desegregation,13,4,0,4,4,0,4
desegregation's,15,3,0,3,3,0,3
desensitization,15,2,0,2,2,0,2
desensitization's,17,2,0,2,2,0,2
desensitize,11,2,0,2,2,0,2
desensitized,12,2,0,2,2,0,2
desensitizes,12,2,0,2,2,0,2
desensitizing,13,2,0,2,2,0,2
desert,6,3,0,3,3,0,3
desert's,8,4,0,4,3,0,3
deserted,8,5,0,5,5,0,5
deserter,8,3,0,3,3,0,3
deserter's,10,2,0,2,2,0,2
deserters,9,3,0,3,3,0,3
deserting,9,8,0,8,8,0,8
desertion,9,3,0,3,6,0,6
desertion's,11,3,0,3,3,0,3
desertions,10,3,0,3,3,0,3
deserts,7,4,0,4,3,0,3
deserve,7,3,1,4,2,0,2
deserved,8,4,1,5,4,1,5
deservedly,10,4,1,5,3,1,4
deserves,8,3,0,3,3,0,3
deserving,9,7,1,8,7,1,8
desiccate,9,7,0,7,6,0,6
desiccated,10,7,0,7,5,0,5
desiccates,10,7,0,7,5,0,5
desiccating,11,3,0,3,3,0,3
desiccation,11,4,0,4,4,0,4
desiccation's,13,4,0,4,4,0,4
desiderata,10,3,0,3,3,0,3
desideratum,11,3,0,3,2,1,3
desideratum's,13,3,0,3,2,1,3
design,6,6,1,7,6,1,7
design's,8,4,2,6,4,2,6
designate,9,6,1,7,5,1,6
designated,10,6,1,7,4,1,5
designates,10,6,1,7,4,1,5
designating,11,3,0,3,3,0,3
designation,11,9,0,9,9,0,9
designation's,13,10,0,10,10,0,10
designations,12,9,0,9,9,0,9
designed,8,4,0,4,4,0,4
designer,8,3,0,3,3,0,3
designer's,10,3,0,3,3,0,3
designers,9,3,1,4,3,0,3
designing,9,6,1,7,6,1,7
designing's,11,3,1,4,3,1,4
designs,7,6,2,8,6,2,8
desirability,12,2,0,2,2,0,2
desirability's,14,3,0,3,2,0,2
desirable,9,4,0,4,5,0,5
desirably,9,3,1,4,3,1,4
desire,6,3,0,3,3,1,4
desire's,8,4,1,5,4,1,5
desired,7,4,0,4,4,0,4
desires,7,3,0,3,3,0,3
desiring,8,4,0,4,4,0,4
desirous,8,6,0,6,6,0,6
desist,6,5,0,5,5,0,5
desisted,8,5,0,5,4,0,4
desisting,9,7,0,7,7,0,7
desists,7,5,1,6,5,0,5
desk,4,3,2,5,3,2,5
desk's,6,4,2,6,4,2,6
desks,5,3,3,6,3,3,6
desktop,7,4,1,5,4,0,4
desktop's,9,5,0,5,4,0,4
desktops,8,3,1,4,4,1,5
desolate,8,6,0,6,6,0,6
desolated,9,5,0,5,4,0,4
desolately,10,7,1,8,3,1,4
desolateness,12,7,0,7,7,0,7
desolateness's,14,8,0,8,8,0,8
desolates,9,6,0,6,6,0,6
desolating,10,6,0,6,5,0,5
desolation,10,6,0,6,4,0,4
desolation's,12,7,0,7,7,0,7
despair,7,3,0,3,6,1,7
despair's,9,3,1,4,3,1,4
despaired,9,5,1,6,4,1,5
despairing,10,7,0,7,7,0,7
despairingly,12,2,0,2,2,0,2
despairs,8,4,1,5,4,1,5
despatch,8,3,1,4,3,1,4
despatch's,10,4,1,5,4,0,4
despatched,10,5,1,6,4,1,5
despatches,10,3,1,4,2,2,4
despatching,11,4,1,5,3,0,3
desperado,9,3,1,4,3,0,3
desperado's,11,3,0,3,3,0,3
desperadoes,11,4,0,4,3,0,3
desperados,10,2,1,3,2,1,3
desperate,9,4,0,4,3,1,4
desperately,11,2,1,3,2,1,3
desperation,11,7,0,7,4,0,4
desperation's,13,5,0,5,4,0,4
despicable,10,7,0,7,6,0,6
despicably,10,7,0,7,6,0,6
despise,7,2,1,3,2,4,6
despised,8,2,0,2,3,0,3
despises,8,2,1,3,2,1,3
despising,9,2,0,2,2,0,2
despite,7,6,1,7,3,3,6
despoil,7,4,2,6,5,2,7
despoiled,9,4,2,6,3,2,5
despoiling,10,6,1,7,6,1,7
despoils,8,5,1,6,4,1,5
despondency,11,3,1,4,3,1,4
despondency's,13,2,1,3,2,1,3
despondent,10,7,1,8,3,1,4
despondently,12,3,1,4,2,1,3
despot,6,4,1,5,3,2,5
despot's,8,5,0,5,5,0,5
despotic,8,4,0,4,4,0,4
despotism,9,2,0,2,2,0,2
despotism's,11,4,0,4,2,0,2
despots,7,4,1,5,3,2,5
dessert,7,1,3,4,2,0,2
dessert's,9,2,3,5,2,2,4
desserts,8,2,1,3,2,1,3
destabilize,11,2,1,3,3,0,3
destination,11,4,0,4,4,0,4
destination's,13,5,0,5,4,0,4
destinations,12,5,0,5,3,0,3
destine,7,4,1,5,3,2,5
destined,8,4,0,4,4,0,4
destines,8,5,1,6,5,1,6
destinies,9,4,0,4,4,0,4
destining,9,4,0,4,5,0,5
destiny,7,5,1,6,5,1,6
destiny's,9,5,1,6,5,1,6
destitute,9,4,0,4,4,0,4
destitution,11,8,0,8,8,0,8
destitution's,13,9,0,9,9,0,9
destroy,7,4,1,5,4,1,5
destroyed,9,4,0,4,4,2,6
destroyer,9,3,0,3,3,0,3
destroyer's,11,3,0,3,3,0,3
destroyers,10,4,0,4,4,0,4
destroying,10,7,0,7,6,0,6
destroys,8,5,1,6,5,1,6
destruct,8,3,1,4,3,1,4
destruct's,10,4,1,5,4,2,6
destructed,10,5,1,6,4,1,5
destructible,12,3,0,3,2,1,3
destructing,11,7,1,8,9,1,10
destruction,11,7,1,8,7,1,8
destruction's,13,8,1,9,5,1,6
destructive,11,6,1,7,6,1,7
destructively,13,8,0,8,4,0,4
destructiveness,15,7,0,7,2,0,2
destructiveness's,17,5,0,5,3,0,3
destructs,9,5,0,5,4,0,4
desultory,9,4,0,4,4,0,4
detach,6,5,4,9,5,4,9
detachable,10,4,2,6,2,2,4
detached,8,4,3,7,4,3,7
detaches,8,6,2,8,6,2,8
detaching,9,6,3,9,6,3,9
detachment,10,4,1,5,3,1,4
detachment's,12,6,0,6,4,0,4
detachments,11,2,2,4,2,2,4
detail,6,4,4,8,4,4,8
detail's,8,4,2,6,4,2,6
detailed,8,6,2,8,6,2,8
detailing,9,6,3,9,6,3,9
details,7,3,4,7,3,4,7
detain,6,3,2,5,3,2,5
detained,8,5,3,8,5,3,8
detainee,8,4,1,5,3,2,5
detainee's,10,6,0,6,4,1,5
detainees,9,5,0,5,4,0,4
detaining,9,5,3,8,5,3,8
detainment,10,4,1,5,3,1,4
detainment's,12,4,0,4,4,0,4
detains,7,4,3,7,4,3,7
detect,6,3,2,5,3,2,5
detectable,10,5,1,6,3,2,5
detected,8,3,1,4,3,1,4
detecting,9,6,2,8,6,3,9
detection,9,6,1,7,3,1,4
detection's,11,4,0,4,4,0,4
detective,9,2,2,4,5,1,6
detective's,11,4,0,4,3,0,3
detectives,10,3,0,3,3,0,3
detector,8,6,1,7,4,1,5
detector's,10,8,0,8,5,0,5
detectors,9,5,0,5,4,0,4
detects,7,3,1,4,3,1,4
detentes,8,3,1,4,4,1,5
detention,9,6,1,7,6,1,7
detention's,11,8,0,8,8,0,8
detentions,10,3,1,4,3,1,4
deter,5,4,2,6,4,2,6
detergent,9,4,1,5,3,1,4
detergent's,11,6,0,6,5,0,5
detergents,10,5,0,5,4,0,4
deteriorate,11,4,1,5,3,1,4
deteriorated,12,2,2,4,2,1,3
deteriorates,12,3,0,3,3,0,3
deteriorating,13,2,1,3,5,1,6
deterioration,13,3,1,4,5,1,6
deterioration's,15,5,0,5,3,0,3
determinable,12,3,1,4,3,1,4
determinant,11,3,1,4,3,1,4
determinant's,13,3,0,3,3,0,3
determinants,12,3,0,3,3,0,3
determinate,11,2,1,3,3,1,4
determination,13,6,1,7,5,1,6
determination's,15,5,0,5,6,0,6
determinations,14,7,0,7,6,0,6
determine,9,3,1,4,2,1,3
determined,10,2,1,3,2,1,3
determiner,10,2,1,3,2,1,3
determiner's,12,3,0,3,4,0,4
determiners,11,2,1,3,3,0,3
determines,10,3,0,3,3,0,3
determining,11,4,1,5,3,1,4
determinism,11,3,1,4,4,0,4
deterministic,13,3,0,3,3,0,3
deterred,8,3,1,4,3,1,4
deterrence,10,3,1,4,2,1,3
deterrence's,12,5,0,5,3,0,3
deterrent,9,4,1,5,2,1,3
deterrent's,11,6,0,6,5,0,5
deterrents,10,3,0,3,3,0,3
deterring,9,6,2,8,6,2,8
deters,6,5,1,6,5,1,6
detest,6,3,1,4,3,0,3
detestable,10,2,0,2,2,0,2
detestation,11,3,0,3,3,0,3
detestation's,13,3,0,3,2,0,2
detested,8,2,0,2,2,0,2
detesting,9,3,0,3,3,0,3
detests,7,3,3,6,3,2,5
dethrone,8,3,4,7,3,4,7
dethroned,9,3,1,4,3,1,4
dethronement,12,3,2,5,2,2,4
dethronement's,14,4,0,4,3,1,4
dethrones,9,4,2,6,4,2,6
dethroning,10,3,1,4,3,1,4
detonate,8,3,1,4,3,1,4
detonated,9,4,1,5,4,1,5
detonates,9,4,1,5,4,1,5
detonating,10,3,1,4,3,1,4
detonation,10,3,1,4,3,1,4
detonation's,12,5,0,5,5,0,5
detonations,11,5,0,5,5,0,5
detonator,9,3,2,5,2,2,4
detonator's,11,4,1,5,4,1,5
detonators,10,4,1,5,4,0,4
detour,6,6,1,7,6,1,7
detour's,8,7,1,8,7,1,8
detoured,8,6,2,8,6,2,8
detouring,9,6,1,7,6,1,7
detours,7,7,1,8,7,1,8
detox,5,3,7,10,3,5,8
detox's,7,5,5,10,5,4,9
detoxed,7,3,1,4,3,1,4
detoxes,7,4,2,6,4,1,5
detoxification,14,4,1,5,2,1,3
detoxification's,16,5,0,5,3,0,3
detoxified,10,3,1,4,3,1,4
detoxifies,10,3,2,5,4,0,4
detoxify,8,5,3,8,3,3,6
detoxifying,11,5,1,6,4,1,5
detoxing,8,6,2,8,6,2,8
detract,7,4,2,6,4,3,7
detracted,9,4,1,5,4,1,5
detracting,10,6,1,7,6,1,7
detraction,10,7,1,8,6,1,7
detraction's,12,9,0,9,6,0,6
detractor,9,4,2,6,2,2,4
detractor's,11,6,1,7,3,1,4
detractors,10,4,1,5,4,0,4
detracts,8,5,2,7,4,3,7
detriment,9,3,1,4,3,1,4
detriment's,11,5,0,5,4,0,4
detrimental,11,3,1,4,2,1,3
detriments,10,4,0,4,4,0,4
detritus,8,4,3,7,4,3,7
detritus's,10,4,1,5,3,1,4
deuce,5,3,3,6,3,4,7
deuce's,7,4,2,6,4,2,6
deuces,6,3,3,6,3,3,6
deuterium,9,3,2,5,3,2,5
deuterium's,11,4,1,5,4,1,5
devaluation,11,6,2,8,7,2,9
devaluation's,13,8,1,9,9,1,10
devaluations,12,11,0,11,11,0,11
devalue,7,3,3,6,3,3,6
devalued,8,3,4,7,3,4,7
devalues,8,4,1,5,4,1,5
devaluing,9,7,2,9,7,2,9
devastate,9,3,0,3,3,0,3
devastated,10,3,0,3,3,0,3
devastates,10,3,1,4,4,0,4
devastating,11,4,0,4,8,0,8
devastation,11,4,0,4,8,0,8
devastation's,13,6,0,6,3,0,3
develop,7,2,4,6,2,4,6
developed,9,2,2,4,2,2,4
developer,9,2,1,3,2,1,3
developer's,11,4,0,4,3,0,3
developers,10,4,1,5,4,0,4
developing,10,5,2,7,5,2,7
development,11,1,2,3,2,1,3
development's,13,6,0,6,3,0,3
developmental,13,1,2,3,1,2,3
developments,12,3,0,3,4,0,4
develops,8,3,3,6,3,3,6
deviance,8,6,2,8,6,3,9
deviance's,10,8,1,9,8,2,10
deviant,7,6,3,9,6,2,8
deviant's,9,6,0,6,5,1,6
deviants,8,4,2,6,4,2,6
deviate,7,5,4,9,4,3,7
deviate's,9,4,3,7,4,3,7
deviated,8,4,3,7,3,3,6
deviates,8,6,2,8,5,2,7
deviating,9,6,2,8,6,2,8
deviation,9,6,2,8,6,2,8
deviation's,11,8,1,9,8,1,9
deviations,10,7,2,9,4,1,5
device,6,3,4,7,3,4,7
device's,8,6,1,7,6,2,8
devices,7,3,4,7,5,1,6
devil,5,3,5,8,2,4,6
devil's,7,5,4,9,4,3,7
deviled,7,4,3,7,4,2,6
deviling,8,6,3,9,6,3,9
devilish,8,3,1,4,3,1,4
devilishly,10,2,1,3,3,0,3
devilled,8,3,3,6,3,3,6
devilling,9,5,3,8,5,3,8
devilment,9,5,2,7,3,2,5
devilment's,11,3,2,5,2,2,4
devilries,9,3,0,3,3,0,3
devilry,7,3,1,4,3,4,7
devilry's,9,5,2,7,5,3,8
devils,6,5,2,7,3,4,7
deviltries,10,3,0,3,5,0,5
deviltry,8,3,1,4,3,1,4
deviltry's,10,4,2,6,3,2,5
devious,7,3,5,8,3,5,8
deviously,9,8,0,8,8,0,8
deviousness,11,7,0,7,6,0,6
deviousness's,13,8,0,8,7,0,7
devise,6,4,4,8,4,4,8
devise's,8,5,2,7,5,2,7
devised,7,4,1,5,4,1,5
devises,7,4,3,7,4,1,5
devising,8,6,1,7,6,1,7
devoid,6,2,5,7,2,5,7
devolution,10,5,2,7,4,2,6
devolve,7,3,3,6,3,3,6
devolved,8,3,3,6,3,3,6
devolves,8,4,1,5,4,1,5
devolving,9,7,2,9,7,2,9
devote,6,4,6,10,4,6,10
devoted,7,4,4,8,4,3,7
devotedly,9,4,1,5,3,1,4
devotee,7,3,1,4,3,1,4
devotee's,9,5,0,5,5,1,6
devotees,8,4,0,4,4,1,5
devotes,7,5,4,9,5,3,8
devoting,8,7,4,11,7,4,11
devotion,8,6,2,8,6,2,8
devotion's,10,8,2,10,8,2,10
devotional,10,4,1,5,4,1,5
devotional's,12,4,1,5,4,0,4
devotionals,11,4,0,4,4,0,4
devotions,9,7,2,9,7,2,9
devour,6,5,2,7,5,2,7
devoured,8,5,3,8,5,3,8
devouring,9,6,3,9,6,3,9
devours,7,6,2,8,6,2,8
devout,6,3,4,7,3,5,8
devouter,8,4,1,5,3,3,6
devoutest,9,3,0,3,3,0,3
devoutly,8,2,3,5,2,3,5
devoutness,10,4,1,5,2,2,4
devoutness's,12,5,1,6,5,0,5
dew,3,3,5,8,3,5,8
dew's,5,4,3,7,4,3,7
dewberries,10,3,0,3,3,0,3
dewberry,8,2,1,3,2,1,3
dewberry's,10,4,1,5,3,0,3
dewdrop,7,4,4,8,3,3,6
dewdrop's,9,6,3,9,5,1,6
dewdrops,8,5,2,7,4,2,6
dewier,6,3,5,8,3,5,8
dewiest,7,4,1,5,4,1,5
dewlap,6,3,4,7,3,4,7
dewlap's,8,5,3,8,5,3,8
dewlaps,7,5,3,8,5,3,8
dewy,4,3,7,10,3,8,11
dexterity,9,3,2,5,3,2,5
dexterity's,11,4,1,5,4,1,5
dexterous,9,6,1,7,5,1,6
dexterously,11,7,1,8,6,1,7
dextrose,8,3,0,3,3,0,3
dextrose's,10,4,1,5,3,0,3
dextrous,8,5,2,7,5,2,7
dextrously,10,5,0,5,5,0,5
dharma,6,2,3,5,2,3,5
dhoti,5,3,6,9,3,6,9
dhoti's,7,5,5,10,5,5,10
dhotis,6,4,6,10,3,6,9
diabetes,8,4,1,5,4,4,8
diabetes's,10,4,0,4,5,1,6
diabetic,8,3,4,7,3,2,5
diabetic's,10,5,2,7,3,2,5
diabetics,9,3,2,5,4,2,6
diabolic,8,2,2,4,3,2,5
diabolical,10,3,2,5,2,2,4
diabolically,12,4,1,5,2,1,3
diacritic,9,1,2,3,1,2,3
diacritic's,11,4,3,7,3,1,4
diacritical,11,1,1,2,1,2,3
diacritics,10,4,2,6,3,3,6
diadem,6,4,1,5,4,1,5
diadem's,8,3,6,9,3,6,9
diadems,7,3,5,8,3,5,8
diagnose,8,4,0,4,3,2,5
diagnosed,9,3,0,3,3,1,4
diagnoses,9,4,0,4,4,0,4
diagnosing,10,4,0,4,3,1,4
diagnosis,9,3,2,5,2,2,4
diagnosis's,11,4,1,5,2,0,2
diagnostic,10,2,0,2,2,1,3
diagnostician,13,2,0,2,2,0,2
diagnostician's,15,2,0,2,2,0,2
diagnosticians,14,2,1,3,2,1,3
diagnostics,11,2,1,3,3,1,4
diagonal,8,3,2,5,3,2,5
diagonal's,10,4,2,6,5,2,7
diagonally,10,3,2,5,4,2,6
diagonals,9,4,2,6,4,2,6
diagram,7,2,2,4,2,3,5
diagram's,9,4,2,6,3,2,5
diagramed,9,3,1,4,3,1,4
diagraming,10,3,2,5,2,2,4
diagrammatic,12,3,1,4,2,1,3
diagrammed,10,3,1,4,3,1,4
diagramming,11,3,1,4,2,2,4
diagrams,8,5,3,8,5,3,8
dial,4,4,3,7,4,3,7
dial's,6,6,3,9,6,3,9
dialect,7,3,3,6,3,3,6
dialect's,9,5,1,6,5,1,6
dialectal,9,4,2,6,2,3,5
dialectic,9,3,2,5,3,3,6
dialectic's,11,5,1,6,4,2,6
dialects,8,5,2,7,5,2,7
dialed,6,3,1,4,3,3,6
dialing,7,5,3,8,2,2,4
dialings,8,3,2,5,3,4,7
dialog,6,3,3,6,3,3,6
dialog's,8,5,2,7,5,3,8
dialogs,7,4,2,6,4,2,6
dialogue,8,3,1,4,3,1,4
dialogue's,10,5,0,5,4,0,4
dialogues,9,4,0,4,4,0,4
dials,5,5,3,8,5,3,8
dialyses,8,4,1,5,4,1,5
dialysis,8,2,3,5,3,2,5
dialysis's,10,5,0,5,4,1,5
dialyzes,8,5,0,5,5,0,5
diameter,8,3,1,4,3,1,4
diameter's,10,5,1,6,6,1,7
diameters,9,6,0,6,5,0,5
diametrical,11,2,1,3,2,2,4
diametrically,13,1,1,2,1,1,2
diamond,7,3,2,5,3,2,5
diamond's,9,5,1,6,5,2,7
diamonds,8,4,2,6,4,3,7
diaper,6,5,3,8,5,3,8
diaper's,8,5,3,8,5,3,8
diapered,8,5,1,6,5,3,8
diapering,9,6,1,7,6,2,8
diapers,7,4,3,7,4,4,8
diaphanous,10,3,2,5,3,2,5
diaphragm,9,2,2,4,2,2,4
diaphragm's,11,4,2,6,3,2,5
diaphragms,10,4,2,6,5,2,7
diaries,7,5,0,5,4,5,9
diarist,7,4,3,7,3,2,5
diarist's,9,4,1,5,4,2,6
diarists,8,4,3,7,5,2,7
diarrhea,8,3,1,4,3,1,4
diarrhea's,10,4,0,4,4,0,4
diarrhoea,9,3,1,4,3,1,4
diarrhoea's,11,4,0,4,3,0,3
diary,5,4,4,8,4,4,8
diary's,7,6,3,9,6,3,9
diastolic,9,2,1,3,2,1,3
diatom,6,2,6,8,2,5,7
diatom's,8,4,4,8,6,3,9
diatoms,7,5,4,9,5,4,9
diatribe,8,3,1,4,3,1,4
diatribe's,10,6,0,6,4,0,4
diatribes,9,4,0,4,4,0,4
dibble,6,4,2,6,5,0,5
dibble's,8,7,0,7,7,2,9
dibbled,7,4,3,7,4,3,7
dibbles,7,6,1,7,6,1,7
dibbling,8,6,2,8,5,3,8
dice,4,4,5,9,4,5,9
diced,5,4,1,5,4,1,5
dices,5,5,6,11,5,6,11
dicey,5,4,3,7,4,3,7
dichotomies,11,4,0,4,4,0,4
dichotomy,9,3,3,6,3,3,6
dichotomy's,11,4,2,6,4,2,6
dicier,6,4,1,5,4,1,5
diciest,7,4,2,6,4,2,6
dicing,6,5,6,11,5,6,11
dick,4,4,8,12,4,7,11
dick's,6,6,6,12,6,6,12
dicker,6,6,5,11,6,5,11
dickered,8,5,2,7,5,4,9
dickering,9,7,4,11,6,5,11
dickers,7,7,5,12,7,5,12
dickey,6,5,3,8,5,3,8
dickey's,8,8,6,14,8,6,14
dickeys,7,3,5,8,3,5,8
dickie,6,4,3,7,4,4,8
dickie's,8,6,3,9,6,4,10
dickies,7,6,1,7,6,1,7
dicks,5,5,8,13,5,8,13
dicky,5,5,4,9,3,9,12
dicky's,7,7,3,10,7,4,11
dicta,5,4,4,8,4,3,7
dictate,7,4,1,5,4,0,4
dictate's,9,7,1,8,5,1,6
dictated,8,4,1,5,4,3,7
dictates,8,5,0,5,5,0,5
dictating,9,5,2,7,5,2,7
dictation,9,4,2,6,4,2,6
dictation's,11,7,1,8,5,1,6
dictations,10,5,1,6,5,1,6
dictator,8,4,2,6,4,3,7
dictator's,10,6,1,7,5,2,7
dictatorial,11,2,2,4,2,2,4
dictators,9,6,2,8,5,2,7
dictatorship,12,3,0,3,3,0,3
dictatorship's,14,4,0,4,3,0,3
dictatorships,13,3,0,3,3,0,3
diction,7,6,3,9,6,4,10
diction's,9,8,3,11,8,3,11
dictionaries,12,4,0,4,5,0,5
dictionary,10,2,2,4,2,2,4
dictionary's,12,4,1,5,4,1,5
dictum,6,4,6,10,3,6,9
dictum's,8,5,4,9,5,4,9
dictums,7,3,5,8,3,5,8
did,3,2,4,6,2,4,6
didactic,8,3,2,5,2,2,4
diddle,6,4,1,5,4,0,4
diddled,7,2,2,4,2,2,4
diddles,7,5,1,6,5,1,6
diddling,8,5,2,7,4,2,6
didn't,6,1,6,7,2,4,6
die,3,3,3,6,3,3,6
die's,5,5,3,8,5,3,8
died,4,3,4,7,3,1,4
diehard,7,5,1,6,4,1,5
diehard's,9,7,0,7,5,0,5
diehards,8,3,1,4,6,0,6
diereses,8,2,0,2,2,0,2
dieresis,8,2,1,3,3,0,3
dieresis's,10,4,1,5,5,0,5
dies,4,4,2,6,4,1,5
diesel,6,5,0,5,5,0,5
diesel's,8,6,0,6,6,0,6
dieseled,8,2,0,2,2,0,2
dieseling,9,3,0,3,3,0,3
diesels,7,2,2,4,2,1,3
diet,4,3,5,8,3,3,6
diet's,6,5,4,9,5,4,9
dietaries,9,5,0,5,4,0,4
dietary,7,5,1,6,4,1,5
dietary's,9,7,0,7,5,0,5
dieted,6,3,2,5,3,2,5
dieter,6,4,2,6,4,2,6
dieter's,8,5,1,6,5,1,6
dieters,7,4,2,6,4,1,5
dietetic,8,3,1,4,1,3,4
dietetics,9,3,1,4,3,0,3
dietetics's,11,2,0,2,2,0,2
dietician,9,3,2,5,4,2,6
dietician's,11,5,1,6,4,1,5
dieticians,10,5,1,6,4,1,5
dieting,7,5,2,7,5,2,7
dietitian,9,3,2,5,4,2,6
dietitian's,11,5,1,6,4,1,5
dietitians,10,5,1,6,4,1,5
diets,5,4,4,8,4,5,9
differ,6,5,7,12,4,6,10
differed,8,5,3,8,5,1,6
difference,10,2,1,3,2,1,3
difference's,12,3,0,3,3,0,3
differences,11,3,0,3,3,0,3
different,9,3,2,5,3,2,5
differential,12,2,1,3,2,1,3
differential's,14,4,0,4,3,0,3
differentials,13,4,0,4,3,0,3
differentiate,13,2,1,3,2,1,3
differentiated,14,2,1,3,2,1,3
differentiates,14,3,0,3,3,0,3
differentiating,15,2,1,3,4,1,5
differentiation,15,2,1,3,4,1,5
differentiation's,17,2,0,2,1,1,2
differently,11,2,1,3,4,1,5
differing,9,6,4,10,7,4,11
differs,7,6,5,11,6,9,15
difficult,9,2,2,4,3,2,5
difficulties,12,4,0,4,5,0,5
difficulty,10,2,2,4,2,3,5
difficulty's,12,2,3,5,4,2,6
diffidence,10,4,1,5,4,1,5
diffidence's,12,6,0,6,6,0,6
diffident,9,4,3,7,4,3,7
diffidently,11,3,1,4,4,1,5
diffraction,11,4,1,5,3,2,5
diffraction's,13,6,0,6,4,1,5
diffuse,7,3,1,4,3,1,4
diffused,8,3,0,3,3,0,3
diffusely,9,4,1,5,4,1,5
diffuseness,11,3,0,3,3,0,3
diffuseness's,13,3,0,3,3,0,3
diffuses,8,5,1,6,5,1,6
diffusing,9,3,1,4,3,1,4
diffusion,9,3,1,4,3,1,4
diffusion's,11,3,1,4,3,1,4
dig,3,3,6,9,3,6,9
dig's,5,5,6,11,5,7,12
digest,6,6,0,6,6,0,6
digest's,8,3,1,4,5,1,6
digested,8,6,0,6,6,0,6
digestible,10,4,0,4,3,0,3
digesting,9,6,0,6,5,0,5
digestion,9,5,0,5,5,0,5
digestion's,11,5,0,5,5,0,5
digestions,10,5,1,6,4,1,5
digestive,9,4,0,4,4,0,4
digests,7,6,1,7,6,1,7
digger,6,5,6,11,5,6,11
digger's,8,7,5,12,7,6,13
diggers,7,6,6,12,6,7,13
digging,7,4,2,6,4,3,7
digit,5,3,5,8,2,7,9
digit's,7,5,4,9,5,5,10
digital,7,3,2,5,2,5,7
digitalis,9,3,3,6,3,2,5
digitalis's,11,4,0,4,3,0,3
digitally,9,4,2,6,4,2,6
digitization,12,4,1,5,2,1,3
digitize,8,4,3,7,3,4,7
digitized,9,3,1,4,3,1,4
digitizes,9,5,1,6,4,2,6
digitizing,10,3,2,5,3,2,5
digits,6,4,4,8,4,7,11
dignified,9,3,1,4,3,1,4
dignifies,9,7,0,7,7,0,7
dignify,7,6,2,8,6,3,9
dignifying,10,3,2,5,3,2,5
dignitaries,11,4,0,4,4,0,4
dignitary,9,2,2,4,2,3,5
dignitary's,11,5,1,6,5,1,6
dignities,9,6,1,7,6,1,7
dignity,7,5,3,8,5,4,9
dignity's,9,4,3,7,3,3,6
digraph,7,3,3,6,3,3,6
digraph's,9,7,1,8,4,3,7
digraphs,8,6,2,8,6,2,8
digress,7,4,3,7,4,2,6
digressed,9,3,0,3,3,0,3
digresses,9,6,0,6,4,0,4
digressing,10,3,0,3,3,0,3
digression,10,4,0,4,4,0,4
digression's,12,2,0,2,4,0,4
digressions,11,6,0,6,4,0,4
digressive,10,4,0,4,4,0,4
digs,4,4,6,10,4,6,10
dike,4,4,6,10,4,6,10
dike's,6,6,8,14,6,7,13
diked,5,4,2,6,4,2,6
dikes,5,5,7,12,4,7,11
diking,6,5,7,12,5,7,12
dilapidated,11,4,1,5,3,1,4
dilapidation,12,2,1,3,1,2,3
dilapidation's,14,4,0,4,3,0,3
dilate,6,5,1,6,5,1,6
dilated,7,6,2,8,6,2,8
dilates,7,6,1,7,6,1,7
dilating,8,7,2,9,7,2,9
dilation,8,6,2,8,7,2,9
dilation's,10,8,1,9,8,1,9
dilatory,8,7,2,9,7,2,9
dilemma,7,3,2,5,3,1,4
dilemma's,9,5,1,6,5,1,6
dilemmas,8,4,2,6,4,0,4
dilettante,10,3,1,4,3,1,4
dilettante's,12,4,0,4,3,1,4
dilettantes,11,4,0,4,4,0,4
dilettanti,10,3,1,4,3,1,4
dilettantism,12,2,0,2,2,0,2
dilettantism's,14,4,0,4,3,0,3
diligence,9,4,2,6,4,2,6
diligence's,11,6,1,7,6,1,7
diligent,8,4,1,5,4,2,6
diligently,10,3,1,4,3,1,4
dill,4,3,10,13,3,10,13
dill's,6,5,9,14,5,9,14
dillies,7,5,2,7,5,2,7
dills,5,4,6,10,4,6,10
dilly,5,4,5,9,4,6,10
dilly's,7,6,4,10,6,5,11
dillydallied,12,2,2,4,2,2,4
dillydallies,12,3,0,3,3,0,3
dillydally,10,2,2,4,2,2,4
dillydallying,13,3,1,4,3,1,4
dilute,6,4,1,5,3,1,4
diluted,7,5,3,8,5,3,8
dilutes,7,5,1,6,5,1,6
diluting,8,6,3,9,6,3,9
dilution,8,4,3,7,6,3,9
dilution's,10,3,2,5,3,2,5
dim,3,3,7,10,3,7,10
dime,4,4,7,11,4,7,11
dime's,6,5,8,13,6,3,9
dimension,9,4,1,5,4,0,4
dimension's,11,3,1,4,3,1,4
dimensional,11,3,0,3,3,0,3
dimensionless,13,2,0,2,2,0,2
dimensions,10,3,0,3,3,0,3
dimer,5,5,1,6,5,1,6
dimes,5,4,8,12,5,5,10
diminish,8,3,1,4,3,1,4
diminished,10,2,0,2,3,0,3
diminishes,10,4,1,5,3,1,4
diminishing,11,3,0,3,2,1,3
diminuendo,10,2,2,4,2,2,4
diminuendo's,12,4,1,5,3,1,4
diminuendoes,12,4,1,5,3,1,4
diminuendos,11,3,1,4,4,0,4
diminution,10,6,2,8,6,2,8
diminution's,12,3,2,5,8,1,9
diminutions,11,3,2,5,3,2,5
diminutive,10,2,2,4,3,1,4
diminutive's,12,4,0,4,3,0,3
diminutives,11,4,0,4,4,0,4
dimly,5,4,5,9,4,4,8
dimmed,6,4,6,10,4,6,10
dimmer,6,4,8,12,5,7,12
dimmer's,8,6,6,12,6,7,13
dimmers,7,6,7,13,5,10,15
dimmest,7,5,0,5,5,0,5
dimming,7,4,7,11,5,7,12
dimness,7,5,3,8,5,3,8
dimness's,9,6,3,9,6,3,9
dimple,6,5,1,6,5,1,6
dimple's,8,6,1,7,6,3,9
dimpled,7,3,4,7,3,4,7
dimples,7,5,2,7,5,2,7
dimpling,8,5,3,8,4,6,10
dims,4,4,7,11,4,7,11
dimwit,6,2,4,6,3,3,6
dimwit's,8,4,4,8,4,4,8
dimwits,7,3,5,8,3,4,7
dimwitted,9,3,1,4,3,1,4
din,3,3,8,11,3,8,11
din's,5,5,6,11,5,9,14
dine,4,4,3,7,4,3,7
dined,5,4,3,7,4,3,7
diner,5,5,2,7,5,2,7
diner's,7,7,3,10,7,4,11
diners,6,6,6,12,6,6,12
dines,5,5,3,8,5,3,8
dinette,7,3,3,6,3,2,5
dinette's,9,4,2,6,5,2,7
dinettes,8,5,1,6,5,1,6
ding,4,4,8,12,3,7,10
ding's,6,6,5,11,6,5,11
dinged,6,4,4,8,5,1,6
dinghies,8,4,1,5,4,1,5
dinghy,6,2,6,8,3,4,7
dinghy's,8,4,4,8,3,4,7
dingier,7,6,1,7,6,1,7
dingiest,8,7,0,7,5,3,8
dinginess,9,5,0,5,5,0,5
dinginess's,11,6,0,6,5,0,5
dinging,7,4,3,7,4,4,8
dingo,5,5,5,10,5,5,10
dingo's,7,7,4,11,7,4,11
dingoes,7,5,3,8,5,3,8
dings,5,4,5,9,4,6,10
dingy,5,4,7,11,5,5,10
dining,6,4,3,7,4,3,7
dinkier,7,5,2,7,5,2,7
dinkies,7,5,2,7,5,2,7
dinkiest,8,6,1,7,6,0,6
dinky,5,4,5,9,4,6,10
dinky's,7,6,4,10,6,5,11
dinned,6,4,4,8,4,1,5
dinner,6,5,0,5,5,1,6
dinner's,8,7,3,10,7,3,10
dinnered,8,5,4,9,5,2,7
dinnering,9,3,1,4,3,1,4
dinners,7,6,3,9,6,3,9
dinning,7,4,3,7,4,4,8
dinosaur,8,4,1,5,4,1,5
dinosaur's,10,3,1,4,3,1,4
dinosaurs,9,4,0,4,3,1,4
dins,4,3,8,11,3,8,11
dint,4,3,6,9,4,6,10
dint's,6,5,6,11,5,6,11
diocesan,8,3,0,3,3,0,3
diocesan's,10,3,0,3,3,0,3
diocesans,9,4,1,5,3,1,4
diocese,7,3,1,4,2,3,5
diocese's,9,4,0,4,4,1,5
dioceses,8,3,0,3,3,0,3
diode,5,3,6,9,3,5,8
diode's,7,5,5,10,5,4,9
diodes,6,3,2,5,3,2,5
diorama,7,2,3,5,2,3,5
diorama's,9,4,2,6,4,2,6
dioramas,8,2,1,3,2,1,3
dioxide,7,4,3,7,3,3,6
dioxin,6,4,4,8,4,6,10
dioxin's,8,3,5,8,6,4,10
dioxins,7,5,4,9,5,4,9
dip,3,2,9,11,2,9,11
dip's,5,5,7,12,5,5,10
diphtheria,10,3,1,4,3,1,4
diphtheria's,12,5,0,5,4,0,4
diphthong,9,2,3,5,2,3,5
diphthong's,11,5,2,7,4,2,6
diphthongs,10,4,2,6,4,2,6
diploma,7,3,2,5,2,3,5
diploma's,9,9,1,10,9,1,10
diplomacy,9,3,2,5,3,2,5
diplomacy's,11,4,4,8,4,2,6
diplomas,8,4,1,5,5,1,6
diplomat,8,3,2,5,3,2,5
diplomat's,10,5,1,6,4,1,5
diplomata,9,2,2,4,2,2,4
diplomatic,10,2,2,4,2,2,4
diplomatically,14,2,1,3,2,1,3
diplomats,9,8,2,10,8,2,10
dipole,6,5,1,6,5,1,6
dipped,6,3,7,10,3,7,10
dipper,6,5,3,8,5,3,8
dipper's,8,7,4,11,7,4,11
dippers,7,5,8,13,6,6,12
dipping,7,5,3,8,5,4,9
dips,4,4,3,7,4,3,7
dipsomania,10,2,1,3,2,1,3
dipsomania's,12,9,1,10,9,1,10
dipsomaniac,11,3,1,4,2,1,3
dipsomaniac's,13,3,0,3,3,0,3
dipsomaniacs,12,8,2,10,8,2,10
dipstick,8,7,1,8,7,1,8
dipstick's,10,8,2,10,8,1,9
dipsticks,9,7,2,9,7,1,8
dire,4,4,2,6,4,2,6
direct,6,2,5,7,2,5,7
directed,8,4,1,5,4,1,5
directer,8,2,1,3,2,1,3
directest,9,3,0,3,3,0,3
directing,9,6,1,7,7,1,8
direction,9,3,2,5,3,2,5
direction's,11,6,1,7,4,0,4
directional,11,2,1,3,2,1,3
directions,10,4,1,5,5,1,6
directive,9,3,2,5,3,2,5
directive's,11,4,1,5,4,0,4
directives,10,5,0,5,4,1,5
directly,8,3,3,6,3,3,6
directness,10,4,0,4,4,0,4
directness's,12,5,0,5,4,0,4
director,8,3,2,5,3,2,5
director's,10,5,1,6,4,1,5
directorate,11,2,1,3,3,1,4
directorate's,13,3,0,3,3,0,3
directorates,12,3,0,3,3,0,3
directorial,11,2,2,4,2,2,4
directories,11,4,1,5,3,0,3
directors,9,6,1,7,5,2,7
directorship,12,3,0,3,3,0,3
directorship's,14,4,0,4,3,0,3
directorships,13,3,0,3,3,0,3
directory,9,2,3,5,2,3,5
directory's,11,4,1,5,3,1,4
directs,7,5,3,8,5,5,10
direr,5,3,2,5,3,2,5
direst,6,6,1,7,6,1,7
dirge,5,4,5,9,4,6,10
dirge's,7,5,4,9,4,4,8
dirges,6,5,0,5,5,0,5
dirigible,9,2,2,4,2,2,4
dirigible's,11,4,1,5,3,1,4
dirigibles,10,3,1,4,3,0,3
dirk,4,4,6,10,2,8,10
dirk's,6,4,7,11,4,7,11
dirks,5,4,6,10,3,8,11
dirt,4,3,7,10,4,6,10
dirt's,6,6,5,11,6,5,11
dirtied,7,3,1,4,3,1,4
dirtier,7,3,1,4,3,1,4
dirties,7,5,0,5,5,0,5
dirtiest,8,4,1,5,4,1,5
dirtiness,9,6,0,6,5,1,6
dirtiness's,11,7,0,7,6,1,7
dirty,5,4,6,10,3,7,10
dirtying,8,5,4,9,5,2,7
dis,3,3,4,7,3,4,7
dis's,5,3,4,7,3,4,7
disabilities,12,2,0,2,2,0,2
disability,10,4,0,4,4,0,4
disability's,12,2,0,2,2,0,2
disable,7,5,0,5,6,0,6
disabled,8,6,0,6,6,0,6
disablement,11,3,0,3,3,0,3
disablement's,13,3,0,3,3,0,3
disables,8,5,0,5,5,0,5
disabling,9,6,2,8,6,2,8
disabuse,8,4,0,4,5,1,6
disabused,9,5,0,5,5,0,5
disabuses,9,5,0,5,5,0,5
disabusing,10,6,1,7,6,0,6
disadvantage,12,4,0,4,4,0,4
disadvantage's,14,4,0,4,3,0,3
disadvantaged,13,4,0,4,4,0,4
disadvantageous,15,3,0,3,3,0,3
disadvantageously,17,2,0,2,2,0,2
disadvantages,13,4,0,4,4,0,4
disadvantaging,14,3,0,3,3,0,3
disaffect,9,5,0,5,5,0,5
disaffected,11,5,0,5,5,0,5
disaffecting,12,7,0,7,7,0,7
disaffection,12,4,0,4,4,0,4
disaffection's,14,7,0,7,3,0,3
disaffects,10,3,1,4,3,1,4
disagree,8,3,0,3,3,0,3
disagreeable,12,3,0,3,3,0,3
disagreeably,12,3,0,3,3,0,3
disagreed,9,2,0,2,2,0,2
disagreeing,11,4,0,4,4,0,4
disagreement,12,3,0,3,3,0,3
disagreement's,14,5,0,5,3,0,3
disagreements,13,3,0,3,3,0,3
disagrees,9,2,0,2,2,0,2
disallow,8,4,1,5,5,1,6
disallowed,10,5,0,5,5,0,5
disallowing,11,6,0,6,6,0,6
disallows,9,3,1,4,4,1,5
disambiguate,12,4,0,4,2,1,3
disambiguation,14,2,0,2,2,0,2
disappear,9,4,1,5,5,0,5
disappearance,13,3,0,3,3,0,3
disappearance's,15,4,0,4,3,0,3
disappearances,14,2,1,3,3,0,3
disappeared,11,5,0,5,5,0,5
disappearing,12,7,0,7,7,0,7
disappears,10,4,0,4,4,0,4
disappoint,10,3,1,4,4,1,5
disappointed,12,4,0,4,4,0,4
disappointing,13,3,0,3,3,0,3
disappointingly,15,2,0,2,2,0,2
disappointment,14,3,0,3,3,0,3
disappointment's,16,3,0,3,3,0,3
disappointments,15,3,0,3,3,0,3
disappoints,11,3,1,4,3,1,4
disapprobation,14,4,0,4,4,0,4
disapprobation's,16,4,0,4,3,0,3
disapproval,11,3,1,4,3,1,4
disapproval's,13,3,1,4,3,1,4
disapprove,10,5,0,5,5,0,5
disapproved,11,6,0,6,6,0,6
disapproves,11,5,0,5,6,0,6
disapproving,12,5,1,6,5,1,6
disapprovingly,14,5,0,5,3,0,3
disarm,6,3,1,4,3,1,4
disarmament,11,4,0,4,4,0,4
disarmament's,13,4,0,4,4,0,4
disarmed,8,5,1,6,5,1,6
disarming,9,5,1,6,5,1,6
disarms,7,3,2,5,3,2,5
disarrange,10,5,0,5,5,0,5
disarranged,11,5,0,5,5,0,5
disarrangement,14,5,0,5,4,0,4
disarrangement's,16,4,0,4,3,0,3
disarranges,11,4,0,4,5,0,5
disarranging,12,3,0,3,3,0,3
disarray,8,3,1,4,3,2,5
disarray's,10,4,2,6,3,2,5
disarrayed,10,5,0,5,5,0,5
disarraying,11,5,0,5,5,0,5
disarrays,9,2,2,4,4,1,5
disassemble,11,3,0,3,2,0,2
disassembled,12,2,0,2,2,0,2
disassembles,12,1,0,1,1,0,1
disassembling,13,2,0,2,2,0,2
disassociate,12,2,0,2,2,0,2
disassociated,13,2,0,2,2,0,2
disassociates,13,1,0,1,1,0,1
disassociating,14,1,0,1,1,0,1
disaster,8,2,0,2,2,0,2
disaster's,10,5,0,5,2,0,2
disasters,9,3,0,3,2,0,2
disastrous,10,5,0,5,2,0,2
disastrously,12,1,0,1,1,0,1
disavow,7,4,1,5,4,2,6
disavowal,9,3,1,4,3,1,4
disavowal's,11,3,1,4,3,1,4
disavowals,10,3,2,5,4,1,5
disavowed,9,5,1,6,5,1,6
disavowing,10,6,1,7,6,2,8
disavows,8,3,1,4,3,1,4
disband,7,5,1,6,5,1,6
disbanded,9,6,0,6,6,0,6
disbanding,10,6,0,6,6,0,6
disbands,8,5,2,7,5,1,6
disbar,6,4,3,7,4,2,6
disbarment,10,5,0,5,5,0,5
disbarment's,12,4,0,4,4,0,4
disbarred,9,5,0,5,5,0,5
disbarring,10,6,0,6,6,0,6
disbars,7,3,4,7,3,4,7
disbelief,9,4,0,4,4,0,4
disbelief's,11,3,0,3,3,0,3
disbelieve,10,4,0,4,4,0,4
disbelieved,11,3,0,3,3,0,3
disbelieves,11,2,0,2,2,0,2
disbelieving,12,2,0,2,2,0,2
disburse,8,4,0,4,5,1,6
disbursed,9,5,0,5,5,0,5
disbursement,12,2,0,2,3,0,3
disbursement's,14,3,0,3,2,0,2
disbursements,13,2,0,2,3,0,3
disburses,9,5,0,5,5,0,5
disbursing,10,6,1,7,6,0,6
disc,4,2,7,9,2,7,9
disc's,6,3,6,9,3,6,9
discard,7,6,0,6,4,2,6
discard's,9,5,3,8,7,1,8
discarded,9,5,1,6,5,1,6
discarding,10,8,0,8,8,0,8
discards,8,4,3,7,4,2,6
discern,7,4,2,6,6,0,6
discerned,9,5,0,5,4,1,5
discernible,11,3,0,3,4,0,4
discerning,10,3,0,3,4,0,4
discernment,11,3,0,3,3,0,3
discernment's,13,3,0,3,3,0,3
discerns,8,4,1,5,4,1,5
discharge,9,5,0,5,5,0,5
discharge's,11,5,0,5,4,0,4
discharged,10,6,0,6,6,0,6
discharges,10,5,0,5,5,0,5
discharging,11,5,0,5,5,0,5
disciple,8,3,0,3,3,0,3
disciple's,10,4,0,4,4,0,4
disciples,9,3,0,3,3,0,3
disciplinarian,14,2,0,2,2,0,2
disciplinarian's,16,2,0,2,2,0,2
disciplinarians,15,2,0,2,2,0,2
disciplinary,12,2,0,2,2,0,2
discipline,10,4,0,4,3,0,3
discipline's,12,2,0,2,2,0,2
disciplined,11,2,0,2,2,0,2
disciplines,11,3,0,3,3,0,3
disciplining,12,2,0,2,2,0,2
disclaim,8,4,1,5,3,2,5
disclaimed,10,8,0,8,4,0,4
disclaimer,10,8,0,8,4,0,4
disclaimer's,12,3,0,3,3,0,3
disclaimers,11,4,1,5,4,0,4
disclaiming,11,4,0,4,4,0,4
disclaims,9,2,3,5,4,1,5
disclose,8,2,1,3,4,2,6
disclosed,9,4,1,5,4,1,5
discloses,9,4,1,5,4,1,5
disclosing,10,5,2,7,6,1,7
disclosure,10,4,0,4,5,0,5
disclosure's,12,2,0,2,2,0,2
disclosures,11,2,0,2,2,0,2
disco,5,4,3,7,4,3,7
disco's,7,5,2,7,5,2,7
discoed,7,4,1,5,3,1,4
discoing,8,6,1,7,6,1,7
discolor,8,6,2,8,6,1,7
discoloration,13,4,0,4,4,0,4
discoloration's,15,3,0,3,3,0,3
discolorations,14,4,0,4,3,0,3
discolored,10,7,1,8,7,1,8
discoloring,11,8,1,9,6,1,7
discolors,9,6,2,8,6,2,8
discombobulate,14,3,0,3,3,0,3
discombobulated,15,3,0,3,3,0,3
discombobulates,15,2,1,3,3,0,3
discombobulating,16,3,0,3,3,0,3
discomfit,9,3,1,4,4,1,5
discomfited,11,3,0,3,3,0,3
discomfiting,12,3,0,3,3,0,3
discomfits,10,4,2,6,4,1,5
discomfiture,12,4,0,4,4,0,4
discomfiture's,14,4,0,4,3,0,3
discomfort,10,4,1,5,4,1,5
discomfort's,12,3,1,4,3,1,4
discomforted,12,4,0,4,4,0,4
discomforting,13,4,0,4,4,0,4
discomforts,11,3,1,4,3,1,4
discommode,10,3,0,3,3,0,3
discommoded,11,4,0,4,4,0,4
discommodes,11,3,1,4,4,0,4
discommoding,12,5,0,5,5,0,5
discompose,10,2,0,2,2,0,2
discomposed,11,2,0,2,2,0,2
discomposes,11,2,1,3,2,0,2
discomposing,12,2,0,2,2,0,2
discomposure,12,3,0,3,3,0,3
discomposure's,14,3,0,3,2,0,2
disconcert,10,5,0,5,5,0,5
disconcerted,12,4,0,4,5,0,5
disconcerting,13,4,0,4,4,0,4
disconcerts,11,4,0,4,4,0,4
disconnect,10,5,0,5,5,0,5
disconnected,12,4,0,4,5,0,5
disconnectedly,14,4,0,4,5,0,5
disconnecting,13,3,0,3,3,0,3
disconnection,13,3,0,3,3,0,3
disconnection's,15,4,0,4,4,0,4
disconnections,14,3,0,3,4,0,4
disconnects,11,4,0,4,4,0,4
disconsolate,12,3,0,3,3,0,3
disconsolately,14,4,0,4,2,0,2
discontent,10,5,0,5,5,0,5
discontent's,12,4,0,4,4,0,4
discontented,12,4,0,4,5,0,5
discontentedly,14,4,0,4,5,0,5
discontenting,13,3,0,3,3,0,3
discontentment,14,3,0,3,3,0,3
discontentment's,16,4,0,4,3,0,3
discontents,11,3,0,3,3,0,3
discontinuance,14,3,0,3,3,0,3
discontinuance's,16,3,0,3,3,0,3
discontinuances,15,3,0,3,3,0,3
discontinuation,15,2,0,2,2,0,2
discontinuation's,17,1,0,1,1,0,1
discontinuations,16,2,0,2,2,0,2
discontinue,11,5,0,5,4,0,4
discontinued,12,4,0,4,4,0,4
discontinues,12,3,0,3,3,0,3
discontinuing,13,3,0,3,3,0,3
discontinuities,15,2,0,2,2,0,2
discontinuity,13,3,0,3,3,0,3
discontinuity's,15,2,0,2,2,0,2
discontinuous,13,4,0,4,4,0,4
discord,7,5,1,6,3,2,5
discord's,9,3,3,6,6,2,8
discordant,10,3,0,3,3,0,3
discorded,9,4,1,5,4,1,5
discording,10,7,1,8,7,1,8
discords,8,5,3,8,4,3,7
discos,6,4,2,6,4,3,7
discotheque,11,3,0,3,3,0,3
discotheque's,13,3,0,3,3,0,3
discotheques,12,3,0,3,3,0,3
discount,8,8,2,10,8,1,9
discount's,10,9,1,10,9,1,10
discounted,10,9,1,10,9,1,10
discountenance,14,3,0,3,3,0,3
discountenanced,15,3,0,3,3,0,3
discountenances,15,3,0,3,3,0,3
discountenancing,16,2,0,2,3,0,3
discounting,11,9,0,9,9,0,9
discounts,9,8,2,10,8,2,10
discourage,10,5,0,5,5,0,5
discouraged,11,6,0,6,6,0,6
discouragement,14,5,0,5,4,0,4
discouragement's,16,4,0,4,3,0,3
discouragements,15,3,0,3,3,0,3
discourages,11,5,0,5,6,0,6
discouraging,12,4,0,4,5,0,5
discouragingly,14,5,0,5,3,0,3
discourse,9,2,0,2,2,0,2
discourse's,11,3,0,3,2,1,3
discoursed,10,4,0,4,3,0,3
discourses,10,3,1,4,2,0,2
discoursing,11,6,0,6,6,0,6
discourteous,12,4,0,4,5,0,5
discourteously,14,4,0,4,2,0,2
discourtesies,13,6,0,6,2,0,2
discourtesy,11,2,0,2,3,0,3
discourtesy's,13,6,0,6,2,0,2
discover,8,4,0,4,4,0,4
discovered,10,4,0,4,4,0,4
discoverer,10,4,0,4,4,0,4
discoverer's,12,3,0,3,3,0,3
discoverers,11,2,0,2,2,0,2
discoveries,11,3,0,3,3,0,3
discovering,11,8,1,9,6,1,7
discovers,9,5,1,6,5,2,7
discovery,9,5,0,5,4,1,5
discovery's,11,4,1,5,3,0,3
discredit,9,6,0,6,4,0,4
discredit's,11,7,0,7,4,0,4
discreditable,13,3,0,3,4,0,4
discredited,11,3,0,3,3,0,3
discrediting,12,3,0,3,3,0,3
discredits,10,6,1,7,2,2,4
discreet,8,2,0,2,2,0,2
discreeter,10,4,0,4,4,0,4
discreetest,11,2,0,2,2,0,2
discreetly,10,4,0,4,4,0,4
discrepancies,13,2,0,2,2,0,2
discrepancy,11,3,0,3,3,0,3
discrepancy's,13,3,0,3,3,0,3
discrete,8,3,0,3,3,1,4
discretion,10,6,0,6,6,0,6
discretion's,12,7,0,7,6,0,6
discretionary,13,3,0,3,3,0,3
discriminant,12,5,0,5,3,0,3
discriminate,12,5,0,5,3,0,3
discriminated,13,2,0,2,2,0,2
discriminates,13,2,0,2,2,0,2
discriminating,14,5,0,5,3,0,3
discrimination,14,5,0,5,3,0,3
discrimination's,16,2,0,2,2,0,2
discriminatory,14,2,0,2,2,0,2
discs,5,4,4,8,4,4,8
discursive,10,4,0,4,2,1,3
discus,6,5,3,8,5,4,9
discus's,8,6,0,6,6,0,6
discuses,8,4,1,5,4,1,5
discuss,7,3,1,4,2,1,3
discussant,10,2,0,2,2,0,2
discussant's,12,3,0,3,2,0,2
discussants,11,4,0,4,2,0,2
discussed,9,2,1,3,4,0,4
discusses,9,4,0,4,3,0,3
discussing,10,5,0,5,6,0,6
discussion,10,5,0,5,6,0,6
discussion's,12,6,0,6,2,0,2
discussions,11,2,0,2,2,0,2
disdain,7,4,0,4,3,1,4
disdain's,9,4,2,6,3,2,5
disdained,9,3,0,3,3,0,3
disdainful,10,3,0,3,3,0,3
disdainfully,12,5,0,5,3,0,3
disdaining,10,3,0,3,3,0,3
disdains,8,2,2,4,3,1,4
disease,7,4,0,4,4,2,6
disease's,9,3,0,3,3,0,3
diseased,8,4,0,4,3,0,3
diseases,8,4,1,5,4,1,5
disembark,9,6,0,6,4,0,4
disembarkation,14,5,0,5,4,0,4
disembarkation's,16,5,0,5,3,0,3
disembarked,11,4,0,4,4,0,4
disembarking,12,6,0,6,6,0,6
disembarks,10,5,1,6,5,1,6
disembodied,11,2,2,4,3,1,4
disembodies,11,4,0,4,3,0,3
disembody,9,6,0,6,4,0,4
disembodying,12,5,0,5,4,0,4
disembowel,10,4,0,4,4,0,4
disemboweled,12,3,0,3,3,0,3
disemboweling,13,4,0,4,4,0,4
disembowelled,13,3,0,3,3,0,3
disembowelling,14,4,0,4,4,0,4
disembowels,11,3,0,3,3,0,3
disenchant,10,4,0,4,4,0,4
disenchanted,12,4,0,4,5,0,5
disenchanting,13,3,0,3,3,0,3
disenchantment,14,3,0,3,3,0,3
disenchantment's,16,4,0,4,3,0,3
disenchants,11,2,1,3,4,0,4
disencumber,11,4,0,4,4,0,4
disencumbered,13,3,0,3,3,0,3
disencumbering,14,3,0,3,3,0,3
disencumbers,12,3,0,3,3,0,3
disenfranchise,14,2,0,2,2,0,2
disenfranchised,15,2,0,2,2,0,2
disenfranchisement,18,1,0,1,1,0,1
disenfranchisement's,20,1,0,1,1,0,1
disenfranchises,15,2,0,2,2,0,2
disenfranchising,16,1,0,1,1,0,1
disengage,9,4,0,4,4,0,4
disengaged,10,4,0,4,4,0,4
disengagement,13,3,0,3,3,0,3
disengagement's,15,3,0,3,3,0,3
disengagements,14,4,0,4,3,0,3
disengages,10,2,0,2,2,0,2
disengaging,11,3,0,3,3,0,3
disentangle,11,3,0,3,3,0,3
disentangled,12,4,0,4,5,0,5
disentanglement,15,3,0,3,3,0,3
disentanglement's,17,2,0,2,2,0,2
disentangles,12,3,0,3,3,0,3
disentangling,13,3,0,3,3,0,3
disestablish,12,1,0,1,1,0,1
disestablished,14,1,0,1,1,0,1
disestablishes,14,1,0,1,1,0,1
disestablishing,15,1,0,1,1,0,1
disfavor,8,4,2,6,5,1,6
disfavor's,10,4,1,5,4,2,6
disfavored,10,5,1,6,5,1,6
disfavoring,11,5,1,6,6,0,6
disfavors,9,3,2,5,5,1,6
disfigure,9,3,0,3,3,0,3
disfigured,10,4,0,4,2,1,3
disfigurement,13,2,0,2,2,0,2
disfigurement's,15,2,0,2,2,0,2
disfigurements,14,4,0,4,2,0,2
disfigures,10,3,0,3,3,0,3
disfiguring,11,3,0,3,3,0,3
disfranchise,12,2,0,2,2,0,2
disfranchised,13,2,0,2,2,0,2
disfranchisement,16,2,0,2,2,0,2
disfranchisement's,18,1,0,1,1,0,1
disfranchises,13,2,0,2,2,0,2
disfranchising,14,1,0,1,1,0,1
disgorge,8,5,0,5,5,0,5
disgorged,9,6,1,7,5,1,6
disgorges,9,5,0,5,5,0,5
disgorging,10,4,0,4,5,0,5
disgrace,8,6,0,6,5,0,5
disgrace's,10,6,0,6,7,0,7
disgraced,9,6,0,6,6,0,6
disgraceful,11,3,0,3,3,0,3
disgracefully,13,3,0,3,3,0,3
disgraces,9,6,0,6,5,0,5
disgracing,10,4,0,4,5,0,5
disgruntle,10,4,1,5,4,1,5
disgruntled,11,5,0,5,5,0,5
disgruntles,11,4,0,4,5,0,5
disgruntling,12,3,0,3,3,0,3
disguise,8,4,0,4,3,1,4
disguise's,10,4,0,4,4,0,4
disguised,9,2,0,2,4,0,4
disguises,9,3,0,3,3,0,3
disguising,10,3,1,4,2,0,2
disgust,7,3,1,4,4,1,5
disgust's,9,1,1,2,1,1,2
disgusted,9,2,0,2,2,0,2
disgustedly,11,3,0,3,3,0,3
disgusting,10,5,0,5,3,0,3
disgustingly,12,2,0,2,1,1,2
disgusts,8,3,2,5,3,2,5
dish,4,4,5,9,4,5,9
dish's,6,5,4,9,5,4,9
disharmonious,13,3,0,3,3,0,3
disharmony,10,4,1,5,4,1,5
disharmony's,12,3,1,4,3,1,4
dishcloth,9,3,1,4,3,1,4
dishcloth's,11,3,1,4,3,1,4
dishcloths,10,7,2,9,5,1,6
dishearten,10,4,0,4,4,0,4
disheartened,12,3,0,3,3,0,3
disheartening,13,3,0,3,3,0,3
disheartens,11,5,0,5,5,0,5
dished,6,4,5,9,4,5,9
dishes,6,4,2,6,4,2,6
dishevel,8,3,0,3,3,1,4
disheveled,10,4,0,4,4,0,4
disheveling,11,5,2,7,5,2,7
dishevelled,11,3,0,3,3,0,3
dishevelling,12,6,0,6,6,0,6
dishevels,9,3,0,3,3,0,3
dishing,7,6,0,6,6,1,7
dishonest,9,3,1,4,3,1,4
dishonestly,11,3,0,3,3,0,3
dishonesty,10,4,0,4,3,0,3
dishonesty's,12,2,0,2,2,0,2
dishonor,8,5,3,8,5,2,7
dishonor's,10,4,1,5,3,1,4
dishonorable,12,4,0,4,4,0,4
dishonorably,12,2,1,3,2,1,3
dishonored,10,6,2,8,6,2,8
dishonoring,11,6,0,6,6,0,6
dishonors,9,5,3,8,5,3,8
dishpan,7,5,0,5,6,2,8
dishpan's,9,5,1,6,7,1,8
dishpans,8,4,1,5,6,1,7
dishrag,7,4,1,5,5,3,8
dishrag's,9,4,2,6,6,2,8
dishrags,8,3,2,5,5,2,7
dishtowel,9,6,0,6,5,0,5
dishtowel's,11,3,0,3,3,0,3
dishtowels,10,3,1,4,3,1,4
dishwasher,10,3,1,4,4,0,4
dishwasher's,12,4,1,5,2,1,3
dishwashers,11,5,0,5,2,1,3
dishwater,9,4,1,5,5,0,5
dishwater's,11,3,0,3,3,0,3
disillusion,11,2,0,2,2,0,2
disillusion's,13,3,0,3,1,1,2
disillusioned,13,2,0,2,2,0,2
disillusioning,14,1,0,1,1,0,1
disillusionment,15,2,0,2,2,0,2
disillusionment's,17,1,0,1,1,0,1
disillusions,12,2,0,2,2,0,2
disincentive,12,3,0,3,3,0,3
disinclination,14,2,0,2,2,0,2
disinclination's,16,2,0,2,2,0,2
disincline,10,3,0,3,3,0,3
disinclined,11,2,0,2,2,0,2
disinclines,11,3,0,3,3,0,3
disinclining,12,2,0,2,2,0,2
disinfect,9,3,0,3,3,0,3
disinfectant,12,4,0,4,3,0,3
disinfectant's,14,2,0,2,4,0,4
disinfectants,13,3,0,3,3,0,3
disinfected,11,5,0,5,6,0,6
disinfecting,12,6,0,6,4,1,5
disinfects,10,3,0,3,3,0,3
disinformation,14,5,0,5,5,0,5
disinformation's,16,5,0,5,5,0,5
disingenuous,12,2,0,2,2,0,2
disinherit,10,2,0,2,2,0,2
disinherited,12,2,0,2,2,0,2
disinheriting,13,3,0,3,3,0,3
disinherits,11,3,0,3,3,0,3
disintegrate,12,4,0,4,3,0,3
disintegrated,13,2,0,2,2,0,2
disintegrates,13,4,0,4,3,0,3
disintegrating,14,3,0,3,3,0,3
disintegration,14,4,0,4,4,0,4
disintegration's,16,4,0,4,4,0,4
disinter,8,4,0,4,4,0,4
disinterest,11,2,0,2,2,0,2
disinterest's,13,2,0,2,2,0,2
disinterested,13,2,0,2,2,0,2
disinterestedly,15,2,0,2,2,0,2
disinterests,12,2,0,2,2,0,2
disinterment,12,4,0,4,4,0,4
disinterment's,14,2,0,2,4,0,4
disinterred,11,5,0,5,6,0,6
disinterring,12,4,1,5,5,0,5
disinters,9,3,2,5,3,1,4
disjoint,8,5,2,7,5,2,7
disjointed,10,5,0,5,4,0,4
disjointedly,12,5,0,5,3,0,3
disjointing,11,6,0,6,6,0,6
disjoints,9,5,2,7,5,1,6
disk,4,4,6,10,4,6,10
disk's,6,5,5,10,5,5,10
diskette,8,2,0,2,2,0,2
diskette's,10,5,0,5,5,0,5
diskettes,9,3,0,3,3,0,3
disks,5,3,5,8,3,5,8
dislike,7,3,2,5,3,2,5
dislike's,9,5,0,5,5,0,5
disliked,8,4,0,4,4,0,4
dislikes,8,3,1,4,3,1,4
disliking,9,4,2,6,4,2,6
dislocate,9,4,0,4,4,0,4
dislocated,10,5,0,5,5,0,5
dislocates,10,4,0,4,4,0,4
dislocating,11,6,0,6,6,0,6
dislocation,11,4,0,4,4,0,4
dislocation's,13,5,0,5,3,0,3
dislocations,12,3,0,3,3,0,3
dislodge,8,4,0,4,4,0,4
dislodged,9,3,0,3,3,0,3
dislodges,9,4,0,4,4,0,4
dislodging,10,5,0,5,3,0,3
disloyal,8,3,1,4,3,2,5
disloyally,10,7,1,8,5,1,6
disloyalty,10,7,1,8,5,1,6
disloyalty's,12,4,1,5,4,1,5
dismal,6,6,1,7,6,1,7
dismally,8,3,3,6,6,2,8
dismantle,9,5,0,5,5,0,5
dismantled,10,6,0,6,6,0,6
dismantles,10,5,0,5,5,0,5
dismantling,11,5,1,6,5,1,6
dismay,6,5,2,7,5,2,7
dismay's,8,5,2,7,4,2,6
dismayed,8,5,0,5,5,0,5
dismaying,9,5,1,6,5,1,6
dismays,7,4,2,6,4,1,5
dismember,9,6,0,6,5,0,5
dismembered,11,3,0,3,3,0,3
dismembering,12,6,0,6,6,0,6
dismemberment,13,3,0,3,3,0,3
dismemberment's,15,4,0,4,2,1,3
dismembers,10,4,1,5,4,1,5
dismiss,7,3,1,4,2,1,3
dismissal,9,1,1,2,1,1,2
dismissal's,11,1,1,2,2,0,2
dismissals,10,2,0,2,2,0,2
dismissed,9,3,1,4,4,0,4
dismisses,9,4,0,4,3,0,3
dismissing,10,5,0,5,5,0,5
dismissive,10,4,1,5,4,1,5
dismount,8,6,3,9,6,2,8
dismount's,10,7,2,9,7,2,9
dismounted,10,8,2,10,8,2,10
dismounting,11,7,1,8,8,1,9
dismounts,9,6,3,9,7,3,10
disobedience,12,3,0,3,3,0,3
disobedience's,14,3,1,4,3,0,3
disobedient,11,3,0,3,3,0,3
disobediently,13,3,0,3,4,0,4
disobey,7,4,2,6,4,1,5
disobeyed,9,3,0,3,3,0,3
disobeying,10,6,2,8,6,2,8
disobeys,8,4,2,6,4,2,6
disoblige,9,5,0,5,5,0,5
disobliged,10,5,0,5,5,0,5
disobliges,10,5,0,5,5,0,5
disobliging,11,5,0,5,3,0,3
disorder,8,3,0,3,3,0,3
disorder's,10,4,0,4,4,0,4
disordered,10,3,0,3,3,0,3
disordering,11,5,1,6,5,1,6
disorderliness,14,1,0,1,1,0,1
disorderliness's,16,1,0,1,1,0,1
disorderly,10,3,0,3,3,0,3
disorders,9,3,1,4,4,1,5
disorganization,15,2,0,2,2,0,2
disorganization's,17,1,0,1,1,0,1
disorganize,11,3,0,3,3,0,3
disorganized,12,3,0,3,3,0,3
disorganizes,12,3,0,3,3,0,3
disorganizing,13,3,0,3,3,0,3
disorient,9,3,0,3,3,0,3
disorientation,14,2,0,2,2,0,2
disorientation's,16,2,0,2,2,0,2
disoriented,11,4,0,4,4,0,4
disorienting,12,3,0,3,3,0,3
disorients,10,4,0,4,5,0,5
disown,6,3,2,5,3,2,5
disowned,8,5,1,6,5,1,6
disowning,9,3,1,4,3,1,4
disowns,7,3,3,6,4,2,6
disparage,9,8,0,8,8,0,8
disparaged,10,5,0,5,5,0,5
disparagement,13,4,0,4,5,0,5
disparagement's,15,4,0,4,5,0,5
disparages,10,6,0,6,5,1,6
disparaging,11,5,0,5,5,0,5
disparate,9,7,1,8,7,1,8
disparities,11,3,0,3,3,0,3
disparity,9,2,2,4,2,2,4
disparity's,11,3,1,4,3,1,4
dispassionate,13,1,0,1,1,0,1
dispassionately,15,1,0,1,1,0,1
dispatch,8,4,2,6,3,4,7
dispatch's,10,5,3,8,3,3,6
dispatched,10,6,0,6,6,0,6
dispatcher,10,4,0,4,4,0,4
dispatcher's,12,4,0,4,5,0,5
dispatchers,11,4,1,5,4,0,4
dispatches,10,4,1,5,4,1,5
dispatching,11,9,0,9,8,2,10
dispel,6,4,2,6,4,2,6
dispelled,9,4,1,5,5,0,5
dispelling,10,6,2,8,6,1,7
dispels,7,4,3,7,4,3,7
dispensable,11,3,0,3,4,0,4
dispensaries,12,2,0,2,2,0,2
dispensary,10,3,0,3,5,0,5
dispensary's,12,3,0,3,3,0,3
dispensation,12,2,0,2,2,0,2
dispensation's,14,3,0,3,2,0,2
dispensations,13,2,0,2,2,0,2
dispense,8,6,0,6,6,1,7
dispensed,9,6,0,6,6,0,6
dispenser,9,5,0,5,4,0,4
dispenser's,11,2,0,2,1,2,3
dispensers,10,3,0,3,4,1,5
dispenses,9,6,0,6,6,0,6
dispensing,10,3,0,3,3,0,3
dispersal,9,3,0,3,4,0,4
dispersal's,11,3,0,3,2,1,3
disperse,8,5,1,6,5,2,7
dispersed,9,5,1,6,5,1,6
disperses,9,5,1,6,5,1,6
dispersing,10,3,0,3,5,2,7
dispersion,10,3,0,3,3,0,3
dispersion's,12,3,0,3,4,0,4
dispirit,8,2,1,3,2,1,3
dispirited,10,2,0,2,2,0,2
dispiriting,11,2,0,2,2,0,2
dispirits,9,2,2,4,2,1,3
displace,8,6,1,7,6,1,7
displaced,9,8,1,9,8,1,9
displacement,12,4,0,4,4,0,4
displacement's,14,5,0,5,4,0,4
displacements,13,4,0,4,4,0,4
displaces,9,6,1,7,6,1,7
displacing,10,9,1,10,9,1,10
display,7,5,0,5,4,3,7
display's,9,8,1,9,5,2,7
displayable,11,4,0,4,4,0,4
displayed,9,7,2,9,7,2,9
displaying,10,8,2,10,8,2,10
displays,8,7,1,8,4,2,6
displease,9,2,0,2,2,0,2
displeased,10,1,1,2,3,0,3
displeases,10,3,1,4,2,0,2
displeasing,11,5,1,6,5,1,6
displeasure,11,3,0,3,3,0,3
displeasure's,13,3,0,3,2,0,2
disport,7,5,1,6,5,1,6
disported,9,7,0,7,6,0,6
disporting,10,7,0,7,7,0,7
disports,8,6,3,9,5,3,8
disposable,10,3,0,3,3,0,3
disposable's,12,3,0,3,2,0,2
disposables,11,3,0,3,3,0,3
disposal,8,4,0,4,4,0,4
disposal's,10,2,0,2,4,0,4
disposals,9,2,0,2,2,0,2
dispose,7,4,0,4,3,1,4
disposed,8,4,0,4,3,0,3
disposes,8,4,1,5,4,1,5
disposing,9,4,0,4,4,0,4
disposition,11,2,0,2,2,0,2
disposition's,13,1,0,1,1,0,1
dispositions,12,2,0,2,1,1,2
dispossess,10,1,0,1,1,0,1
dispossessed,12,1,0,1,1,0,1
dispossesses,12,1,0,1,1,0,1
dispossessing,13,2,0,2,3,0,3
dispossession,13,2,0,2,3,0,3
dispossession's,15,1,0,1,1,0,1
disproof,8,4,2,6,4,1,5
disproportion,13,4,0,4,4,0,4
disproportion's,15,3,0,3,3,0,3
disproportionate,16,2,0,2,2,0,2
disproportionately,18,2,0,2,2,0,2
disproportions,14,4,0,4,3,0,3
disprove,8,5,1,6,5,2,7
disproved,9,5,1,6,5,1,6
disproven,9,5,1,6,4,1,5
disproves,9,5,1,6,5,2,7
disproving,10,6,0,6,6,0,6
disputable,10,5,0,5,5,0,5
disputant,9,3,2,5,3,2,5
disputant's,11,2,2,4,2,2,4
disputants,10,2,3,5,3,2,5
disputation,11,5,0,5,4,0,4
disputation's,13,5,0,5,3,0,3
disputations,12,6,0,6,5,0,5
disputatious,12,6,0,6,5,0,5
dispute,7,4,2,6,5,1,6
dispute's,9,6,0,6,6,0,6
disputed,8,4,2,6,4,2,6
disputes,8,4,1,5,4,1,5
disputing,9,5,3,8,5,3,8
disqualification,16,3,0,3,2,0,2
disqualification's,18,3,0,3,2,0,2
disqualifications,17,1,0,1,1,0,1
disqualified,12,3,0,3,3,0,3
disqualifies,12,2,0,2,2,0,2
disqualify,10,5,1,6,5,1,6
disqualifying,13,3,0,3,3,0,3
disquiet,8,4,0,4,4,0,4
disquiet's,10,4,0,4,5,0,5
disquieted,10,5,0,5,4,0,4
disquieting,11,3,0,3,3,0,3
disquiets,9,3,2,5,3,1,4
disquisition,12,2,0,2,2,0,2
disquisition's,14,3,0,3,2,0,2
disquisitions,13,2,0,2,2,0,2
disregard,9,4,0,4,3,1,4
disregard's,11,4,1,5,4,1,5
disregarded,11,5,0,5,4,0,4
disregarding,12,4,0,4,5,0,5
disregards,10,3,1,4,3,1,4
disrepair,9,3,0,3,3,1,4
disrepair's,11,4,1,5,4,1,5
disreputable,12,3,0,3,3,0,3
disreputably,12,3,0,3,3,0,3
disrepute,9,3,0,3,4,0,4
disrepute's,11,5,0,5,5,0,5
disrespect,10,3,0,3,3,0,3
disrespect's,12,3,0,3,2,0,2
disrespected,12,1,1,2,2,0,2
disrespectful,13,3,0,3,3,0,3
disrespectfully,15,2,0,2,2,0,2
disrespecting,13,2,0,2,2,0,2
disrespects,11,3,0,3,3,0,3
disrobe,7,5,1,6,4,2,6
disrobed,8,5,1,6,5,1,6
disrobes,8,5,0,5,5,0,5
disrobing,9,6,2,8,6,2,8
disrupt,7,4,2,6,5,1,6
disrupted,9,5,0,5,5,0,5
disrupting,10,6,0,6,6,0,6
disruption,10,6,0,6,6,0,6
disruption's,12,7,0,7,6,0,6
disruptions,11,4,1,5,4,1,5
disruptive,10,4,2,6,4,2,6
disrupts,8,4,3,7,5,3,8
diss,4,3,5,8,3,5,8
diss's,6,4,3,7,4,3,7
dissatisfaction,15,3,0,3,2,0,2
dissatisfaction's,17,1,0,1,1,0,1
dissatisfied,12,1,0,1,1,0,1
dissatisfies,12,1,1,2,2,0,2
dissatisfy,10,2,1,3,3,0,3
dissatisfying,13,1,0,1,1,0,1
dissect,7,6,0,6,6,1,7
dissected,9,6,0,6,6,0,6
dissecting,10,6,0,6,6,0,6
dissection,10,4,0,4,4,0,4
dissection's,12,4,0,4,3,0,3
dissections,11,2,0,2,3,0,3
dissects,8,6,1,7,6,1,7
dissed,6,4,5,9,4,5,9
dissemble,9,3,0,3,3,1,4
dissembled,10,3,0,3,3,0,3
dissembles,10,3,1,4,3,1,4
dissembling,11,4,0,4,4,0,4
disseminate,11,3,0,3,3,0,3
disseminated,12,5,0,5,2,0,2
disseminates,12,2,0,2,2,0,2
disseminating,13,3,0,3,3,0,3
dissemination,13,3,0,3,3,0,3
dissemination's,15,3,0,3,2,0,2
dissension,10,2,0,2,3,0,3
dissension's,12,2,0,2,3,0,3
dissensions,11,1,0,1,1,0,1
dissent,7,5,1,6,5,2,7
dissent's,9,4,0,4,3,1,4
dissented,9,5,1,6,5,1,6
dissenter,9,5,0,5,3,0,3
dissenter's,11,6,0,6,3,0,3
dissenters,10,3,0,3,3,0,3
dissenting,10,3,0,3,3,0,3
dissents,8,5,2,7,5,2,7
dissertation,12,2,0,2,2,0,2
dissertation's,14,3,0,3,2,0,2
dissertations,13,2,0,2,2,0,2
disservice,10,2,1,3,2,1,3
disservice's,12,2,0,2,2,0,2
disservices,11,2,0,2,3,0,3
disses,6,3,1,4,3,1,4
dissidence,10,3,0,3,3,0,3
dissidence's,12,2,0,2,2,0,2
dissident,9,4,0,4,4,0,4
dissident's,11,5,0,5,4,0,4
dissidents,10,2,1,3,2,1,3
dissimilar,10,2,0,2,2,0,2
dissimilarities,15,7,0,7,2,0,2
dissimilarity,13,2,0,2,2,0,2
dissimilarity's,15,7,0,7,2,0,2
dissimulate,11,2,0,2,2,0,2
dissimulated,12,5,0,5,2,0,2
dissimulates,12,3,0,3,3,0,3
dissimulating,13,3,0,3,9,0,9
dissimulation,13,4,0,4,9,0,9
dissimulation's,15,4,0,4,2,0,2
dissing,7,5,0,5,5,1,6
dissipate,9,3,0,3,3,0,3
dissipated,10,3,0,3,3,0,3
dissipates,10,3,0,3,3,0,3
dissipating,11,3,0,3,7,0,7
dissipation,11,3,0,3,7,0,7
dissipation's,13,2,0,2,2,0,2
dissociate,10,2,0,2,2,0,2
dissociated,11,3,0,3,3,0,3
dissociates,11,3,0,3,2,0,2
dissociating,12,4,0,4,3,0,3
dissociation,12,3,0,3,3,0,3
dissociation's,14,3,0,3,2,0,2
dissolute,9,3,0,3,3,0,3
dissolutely,11,2,0,2,2,0,2
dissoluteness,13,1,0,1,1,0,1
dissoluteness's,15,1,0,1,1,0,1
dissolution,11,3,0,3,3,0,3
dissolution's,13,3,0,3,3,0,3
dissolve,8,4,0,4,3,1,4
dissolved,9,4,0,4,3,0,3
dissolves,9,4,1,5,3,1,4
dissolving,10,5,1,6,5,1,6
dissonance,10,3,0,3,3,0,3
dissonance's,12,2,0,2,2,0,2
dissonances,11,3,0,3,3,0,3
dissonant,9,2,1,3,2,1,3
dissuade,8,4,0,4,4,0,4
dissuaded,9,4,0,4,3,0,3
dissuades,9,4,1,5,4,0,4
dissuading,10,5,0,5,4,0,4
dissuasion,10,2,0,2,3,0,3
dissuasion's,12,2,0,2,3,0,3
distaff,7,5,0,5,5,1,6
distaff's,9,5,2,7,5,1,6
distaffs,8,4,2,6,5,1,6
distance,8,6,1,7,4,2,6
distance's,10,6,0,6,7,0,7
distanced,9,5,1,6,5,1,6
distances,9,6,1,7,4,2,6
distancing,10,5,0,5,4,0,4
distant,7,5,0,5,5,1,6
distantly,9,3,1,4,3,1,4
distaste,8,4,0,4,4,0,4
distaste's,10,2,0,2,4,0,4
distasteful,11,3,0,3,3,0,3
distastefully,13,3,0,3,3,0,3
distastes,9,3,0,3,3,0,3
distemper,9,6,0,6,5,0,5
distemper's,11,3,0,3,3,0,3
distend,7,4,2,6,3,1,4
distended,9,3,0,3,3,0,3
distending,10,5,1,6,5,1,6
distends,8,4,1,5,4,1,5
distension,10,3,0,3,3,0,3
distension's,12,3,0,3,4,0,4
distensions,11,3,0,3,2,0,2
distention,10,3,0,3,4,0,4
distention's,12,3,0,3,3,0,3
distentions,11,6,0,6,5,0,5
distil,6,5,1,6,3,1,4
distill,7,4,2,6,4,2,6
distillate,10,7,0,7,7,0,7
distillate's,12,3,0,3,4,0,4
distillates,11,3,0,3,3,0,3
distillation,12,5,0,5,3,0,3
distillation's,14,5,0,5,3,0,3
distillations,13,2,0,2,2,0,2
distilled,9,4,0,4,4,0,4
distiller,9,4,0,4,4,0,4
distiller's,11,5,1,6,3,1,4
distilleries,12,2,0,2,2,0,2
distillers,10,4,2,6,3,2,5
distillery,10,3,0,3,3,0,3
distillery's,12,3,0,3,4,0,4
distilling,10,4,0,4,3,0,3
distills,8,4,1,5,4,2,6
distils,7,5,2,7,5,1,6
distinct,8,2,1,3,2,1,3
distincter,10,4,0,4,7,0,7
distinctest,11,2,0,2,3,0,3
distinction,11,3,0,3,3,0,3
distinction's,13,2,0,2,2,0,2
distinctions,12,2,0,2,2,0,2
distinctive,11,3,0,3,3,0,3
distinctively,13,2,0,2,2,0,2
distinctiveness,15,3,0,3,3,0,3
distinctiveness's,17,1,0,1,1,0,1
distinctly,10,2,1,3,6,1,7
distinguish,11,2,0,2,2,1,3
distinguishable,15,2,0,2,2,0,2
distinguished,13,2,0,2,2,0,2
distinguishes,13,2,0,2,2,0,2
distinguishing,14,1,0,1,1,0,1
distort,7,5,1,6,4,2,6
distorted,9,7,0,7,6,0,6
distorter,9,5,0,5,5,0,5
distorting,10,7,0,7,7,0,7
distortion,10,4,0,4,5,0,5
distortion's,12,4,0,4,4,0,4
distortions,11,3,1,4,3,1,4
distorts,8,6,3,9,5,3,8
distract,8,3,1,4,3,2,5
distracted,10,6,0,6,6,0,6
distracting,11,5,0,5,5,0,5
distraction,11,5,0,5,4,0,4
distraction's,13,3,0,3,3,0,3
distractions,12,4,0,4,4,0,4
distracts,9,3,2,5,4,2,6
distrait,8,3,2,5,4,1,5
distraught,10,3,2,5,3,2,5
distress,8,6,1,7,6,1,7
distress's,10,7,1,8,7,1,8
distressed,10,5,0,5,3,0,3
distresses,10,6,0,6,6,0,6
distressful,11,2,0,2,2,0,2
distressing,11,2,0,2,2,0,2
distressingly,13,2,0,2,2,0,2
distribute,10,3,0,3,3,0,3
distributed,11,4,0,4,4,0,4
distributes,11,3,0,3,3,0,3
distributing,12,8,0,8,8,0,8
distribution,12,8,0,8,8,0,8
distribution's,14,5,0,5,2,0,2
distributions,13,2,0,2,2,0,2
distributive,12,7,1,8,7,1,8
distributor,11,3,0,3,3,0,3
distributor's,13,2,0,2,2,0,2
distributors,12,2,0,2,2,0,2
district,8,3,3,6,3,2,5
district's,10,4,1,5,4,1,5
districts,9,3,2,5,3,1,4
distrust,8,6,1,7,6,0,6
distrust's,10,7,0,7,3,2,5
distrusted,10,7,0,7,3,0,3
distrustful,11,8,1,9,8,1,9
distrustfully,13,2,0,2,2,0,2
distrusting,11,8,0,8,8,0,8
distrusts,9,6,1,7,6,1,7
disturb,7,5,1,6,4,2,6
disturbance,11,4,0,4,4,0,4
disturbance's,13,4,0,4,4,0,4
disturbances,12,4,0,4,4,0,4
disturbed,9,5,1,6,6,0,6
disturbing,10,7,0,7,7,0,7
disturbingly,12,4,0,4,4,0,4
disturbs,8,4,3,7,5,3,8
disunite,8,4,0,4,4,0,4
disunited,9,4,0,4,4,0,4
disunites,9,4,0,4,4,0,4
disuniting,10,4,0,4,4,0,4
disunity,8,3,1,4,3,1,4
disunity's,10,4,1,5,4,1,5
disuse,6,5,2,7,5,2,7
disuse's,8,6,0,6,6,0,6
disused,7,5,0,5,3,0,3
disuses,7,5,0,5,5,0,5
disusing,8,6,0,6,6,0,6
ditch,5,5,8,13,5,8,13
ditch's,7,7,7,14,7,7,14
ditched,7,3,3,6,4,2,6
ditches,7,7,2,9,7,2,9
ditching,8,7,4,11,5,2,7
dither,6,6,1,7,6,0,6
dither's,8,8,2,10,8,2,10
dithered,8,4,5,9,4,5,9
dithering,9,8,2,10,8,1,9
dithers,7,7,2,9,7,1,8
ditties,7,5,3,8,5,0,5
ditto,5,3,6,9,3,6,9
ditto's,7,5,6,11,5,5,10
dittoed,7,3,3,6,4,2,6
dittoes,7,4,1,5,4,1,5
dittoing,8,4,3,7,5,2,7
dittos,6,4,5,9,4,5,9
ditty,5,4,6,10,4,8,12
ditty's,7,6,5,11,6,5,11
diuretic,8,4,1,5,3,2,5
diuretic's,10,5,1,6,4,1,5
diuretics,9,4,1,5,3,3,6
diurnal,7,4,2,6,4,3,7
diurnally,9,4,2,6,4,2,6
diva,4,3,5,8,3,5,8
diva's,6,5,5,10,5,5,10
divan,5,3,6,9,3,6,9
divan's,7,5,4,9,5,4,9
divans,6,5,5,10,4,5,9
divas,5,4,4,8,4,4,8
dive,4,3,8,11,3,8,11
dive's,6,6,7,13,6,7,13
dived,5,3,4,7,3,4,7
diver,5,4,3,7,4,3,7
diver's,7,6,7,13,6,7,13
diverge,7,1,4,5,2,4,6
diverged,8,6,1,7,6,1,7
divergence,10,2,1,3,2,1,3
divergence's,12,3,0,3,3,0,3
divergences,11,4,0,4,3,1,4
divergent,9,3,1,4,2,2,4
diverges,8,4,2,6,4,2,6
diverging,9,4,1,5,4,1,5
divers,6,5,7,12,5,7,12
diverse,7,4,0,4,4,3,7
diversely,9,5,0,5,5,0,5
diversification,15,2,0,2,2,0,2
diversification's,17,1,0,1,1,0,1
diversified,11,4,0,4,3,0,3
diversifies,11,7,0,7,7,0,7
diversify,9,8,0,8,8,1,9
diversifying,12,3,0,3,3,0,3
diversion,9,6,1,7,4,0,4
diversion's,11,8,0,8,8,0,8
diversionary,12,3,0,3,3,0,3
diversions,10,6,0,6,4,0,4
diversities,11,6,1,7,6,1,7
diversity,9,7,1,8,7,2,9
diversity's,11,7,1,8,7,1,8
divert,6,2,6,8,2,6,8
diverted,8,5,2,7,5,2,7
diverting,9,6,1,7,7,1,8
diverts,7,6,3,9,5,5,10
dives,5,5,4,9,5,4,9
divest,6,5,2,7,5,2,7
divested,8,5,1,6,5,1,6
divesting,9,6,0,6,5,0,5
divests,7,5,2,7,5,2,7
divide,6,4,0,4,3,0,3
divide's,8,6,0,6,5,2,7
divided,7,2,2,4,2,2,4
dividend,8,1,5,6,4,2,6
dividend's,10,5,2,7,5,1,6
dividends,9,3,2,5,3,3,6
divider,7,4,1,5,4,1,5
divider's,9,7,1,8,6,3,9
dividers,8,4,4,8,4,5,9
divides,7,5,0,5,4,0,4
dividing,8,2,3,5,2,3,5
divination,10,5,3,8,5,3,8
divination's,12,7,1,8,7,2,9
divine,6,4,0,4,3,0,3
divine's,8,6,0,6,5,2,7
divined,7,3,4,7,3,2,5
divinely,8,4,3,7,3,2,5
diviner,7,4,1,5,4,1,5
diviner's,9,7,1,8,6,3,9
diviners,8,5,2,7,5,1,6
divines,7,5,0,5,4,0,4
divinest,8,5,0,5,5,0,5
diving,6,4,7,11,4,7,11
diving's,8,6,4,10,6,4,10
divining,8,2,2,4,2,2,4
divinities,10,5,2,7,5,1,6
divinity,8,5,2,7,3,2,5
divinity's,10,6,4,10,6,4,10
divisibility,12,2,0,2,2,0,2
divisibility's,14,3,0,3,2,0,2
divisible,9,3,1,4,3,2,5
division,8,3,1,4,3,1,4
division's,10,2,2,4,2,2,4
divisional,10,2,1,3,2,1,3
divisions,9,2,0,2,3,2,5
divisive,8,3,0,3,3,0,3
divisively,10,3,0,3,3,0,3
divisiveness,12,3,0,3,3,0,3
divisiveness's,14,4,0,4,3,0,3
divisor,7,3,2,5,3,2,5
divisor's,9,3,0,3,3,2,5
divisors,8,3,3,6,4,1,5
divorce,7,3,2,5,3,2,5
divorce's,9,5,1,6,5,1,6
divorced,8,4,1,5,3,1,4
divorces,8,4,1,5,4,1,5
divorcing,9,4,2,6,4,2,6
divorcée,8,3,3,6,3,3,6
divorcée's,10,5,2,7,4,2,6
divorcées,9,4,2,6,4,2,6
divot,5,5,5,10,5,5,10
divot's,7,7,4,11,7,4,11
divots,6,6,3,9,6,3,9
divulge,7,3,3,6,3,3,6
divulged,8,3,2,5,3,4,7
divulges,8,4,2,6,4,2,6
divulging,9,4,2,6,4,2,6
divvied,7,4,4,8,4,2,6
divvies,7,5,4,9,5,3,8
divvy,5,4,8,12,4,7,11
divvy's,7,5,6,11,5,6,11
divvying,8,6,5,11,5,4,9
dizzied,7,3,5,8,3,3,6
dizzier,7,5,4,9,5,3,8
dizzies,7,4,5,9,5,4,9
dizziest,8,6,3,9,6,2,8
dizzily,7,4,3,7,4,4,8
dizziness,9,5,1,6,6,0,6
dizziness's,11,6,1,7,7,0,7
dizzy,5,3,9,12,4,8,12
dizzying,8,5,6,11,5,5,10
djinn,5,2,8,10,2,8,10
djinn's,7,4,7,11,4,7,11
djinni,6,2,4,6,3,4,7
djinni's,8,4,4,8,3,4,7
djinns,6,2,7,9,2,7,9
do,2,2,4,6,2,4,6
do's,4,4,4,8,4,4,8
doable,6,5,3,8,5,4,9
doc,3,3,6,9,3,6,9
doc's,5,5,6,11,5,6,11
docent,6,5,2,7,5,4,9
docent's,8,5,3,8,5,3,8
docents,7,6,2,8,6,3,9
docile,6,4,2,6,4,3,7
docilely,8,2,2,4,5,2,7
docility,8,4,3,7,4,3,7
docility's,10,7,3,10,7,3,10
dock,4,4,7,11,4,7,11
dock's,6,6,6,12,6,6,12
docked,6,4,4,8,3,7,10
docket,6,4,4,8,4,4,8
docket's,8,7,5,12,7,5,12
docketed,8,2,3,5,2,3,5
docketing,9,9,2,11,9,2,11
dockets,7,6,5,11,6,5,11
docking,7,7,7,14,7,8,15
docks,5,5,6,11,5,6,11
dockyard,8,3,5,8,4,5,9
dockyard's,10,7,2,9,6,2,8
dockyards,9,6,3,9,5,3,8
docs,4,4,5,9,4,5,9
doctor,6,3,5,8,2,5,7
doctor's,8,5,3,8,4,3,7
doctoral,8,4,3,7,4,3,7
doctorate,9,4,1,5,4,1,5
doctorate's,11,6,0,6,6,0,6
doctorates,10,5,0,5,5,1,6
doctored,8,4,2,6,3,1,4
doctoring,9,6,3,9,5,3,8
doctors,7,3,7,10,3,3,6
doctrinaire,11,3,1,4,4,1,5
doctrinaire's,13,5,0,5,4,0,4
doctrinaires,12,3,0,3,3,0,3
doctrinal,9,3,2,5,2,2,4
doctrine,8,5,2,7,5,2,7
doctrine's,10,6,1,7,7,1,8
doctrines,9,6,1,7,6,0,6
docudrama,9,2,3,5,1,4,5
docudrama's,11,4,1,5,2,3,5
docudramas,10,2,1,3,2,1,3
document,8,4,3,7,3,4,7
document's,10,5,2,7,5,1,6
documentaries,13,4,1,5,3,0,3
documentary,11,2,2,4,3,1,4
documentary's,13,8,1,9,4,0,4
documentation,13,4,1,5,3,1,4
documentation's,15,6,0,6,4,0,4
documented,10,2,2,4,2,2,4
documenting,11,5,1,6,3,1,4
documents,9,6,2,8,6,1,7
dodder,6,4,2,6,4,2,6
dodder's,8,6,8,14,6,1,7
doddered,8,2,1,3,2,1,3
doddering,9,7,3,10,7,3,10
dodders,7,5,8,13,5,2,7
dodge,5,4,4,8,4,4,8
dodge's,7,6,3,9,6,3,9
dodged,6,2,1,3,2,1,3
dodger,6,4,2,6,4,2,6
dodger's,8,7,5,12,6,1,7
dodgers,7,6,5,11,5,2,7
dodges,6,4,1,5,3,1,4
dodging,7,4,3,7,4,4,8
dodo,4,1,9,10,2,6,8
dodo's,6,4,7,11,4,6,10
dodoes,6,4,1,5,3,1,4
dodos,5,3,3,6,3,3,6
doe,3,3,3,6,3,4,7
doe's,5,5,0,5,5,0,5
doer,4,3,3,6,3,2,5
doer's,6,5,1,6,5,1,6
doers,5,4,3,7,4,3,7
does,4,4,1,5,4,0,4
doesn't,7,3,1,4,3,1,4
doff,4,2,12,14,2,11,13
doffed,6,4,5,9,4,2,6
doffing,7,4,9,13,4,9,13
doffs,5,3,9,12,3,9,12
dog,3,3,7,10,3,7,10
dog's,5,4,7,11,4,7,11
dogcatcher,10,3,1,4,7,1,8
dogcatcher's,12,9,0,9,9,0,9
dogcatchers,11,8,1,9,8,0,8
dogfight,8,3,3,6,3,4,7
dogfight's,10,4,2,6,4,2,6
dogfights,9,3,4,7,4,2,6
dogfish,7,6,3,9,6,3,9
dogfish's,9,5,4,9,4,3,7
dogfishes,9,5,3,8,6,2,8
dogged,6,4,6,10,4,3,7
doggedly,8,4,3,7,3,4,7
doggedness,10,4,0,4,5,0,5
doggedness's,12,5,0,5,5,0,5
doggerel,8,3,1,4,3,1,4
doggerel's,10,5,1,6,3,1,4
doggie,6,3,6,9,4,4,8
doggie's,8,6,4,10,6,4,10
doggier,7,6,4,10,6,3,9
doggies,7,6,1,7,6,1,7
doggiest,8,7,1,8,7,0,7
dogging,7,5,4,9,5,4,9
doggone,7,2,6,8,3,4,7
doggoned,8,4,3,7,4,2,6
doggoneder,10,2,2,4,2,2,4
doggonedest,11,4,0,4,2,1,3
doggoner,8,4,2,6,3,5,8
doggones,8,3,4,7,3,4,7
doggonest,9,5,3,8,4,3,7
doggoning,9,3,2,5,4,2,6
doggy,5,4,6,10,4,5,9
doggy's,7,5,7,12,4,9,13
doghouse,8,5,0,5,5,0,5
doghouse's,10,6,1,7,6,0,6
doghouses,9,5,0,5,4,0,4
dogie,5,4,6,10,4,6,10
dogie's,7,6,5,11,6,5,11
dogies,6,5,2,7,5,2,7
dogma,5,3,4,7,3,4,7
dogma's,7,5,4,9,5,2,7
dogmas,6,4,3,7,4,2,6
dogmata,7,3,3,6,3,3,6
dogmatic,8,4,2,6,4,2,6
dogmatically,12,5,1,6,6,1,7
dogmatism,9,6,1,7,6,1,7
dogmatism's,11,5,0,5,7,1,8
dogmatist,9,4,1,5,4,1,5
dogmatist's,11,6,1,7,4,1,5
dogmatists,10,5,1,6,4,1,5
dogs,4,4,6,10,4,6,10
dogtrot,7,4,5,9,4,5,9
dogtrot's,9,6,3,9,6,3,9
dogtrots,8,5,3,8,5,2,7
dogtrotted,10,2,2,4,4,2,6
dogtrotting,11,3,1,4,3,2,5
dogwood,7,2,4,6,2,4,6
dogwood's,9,4,2,6,4,2,6
dogwoods,8,4,3,7,3,2,5
doilies,7,5,1,6,5,1,6
doily,5,4,3,7,4,3,7
doily's,7,5,2,7,5,3,8
doing,5,4,5,9,4,5,9
doing's,7,6,4,10,6,3,9
doings,6,5,4,9,5,4,9
doldrums,8,4,3,7,4,3,7
doldrums's,10,5,3,8,3,3,6
dole,4,4,2,6,4,2,6
dole's,6,6,1,7,6,1,7
doled,5,4,2,6,4,2,6
doleful,7,3,3,6,3,3,6
dolefully,9,6,3,9,5,3,8
doles,5,5,4,9,5,4,9
doling,6,6,5,11,6,5,11
doll,4,3,6,9,3,5,8
doll's,6,5,5,10,5,4,9
dollar,6,3,5,8,4,4,8
dollar's,8,5,4,9,6,3,9
dollars,7,5,3,8,5,3,8
dolled,6,4,7,11,4,4,8
dollhouse,9,6,0,6,6,0,6
dollhouse's,11,7,1,8,7,0,7
dollhouses,10,6,1,7,6,0,6
dollies,7,6,1,7,6,1,7
dolling,7,6,3,9,6,3,9
dollop,6,2,7,9,2,8,10
dollop's,8,4,5,9,4,6,10
dolloped,8,3,4,7,3,3,6
dolloping,9,5,4,9,4,5,9
dollops,7,3,6,9,3,6,9
dolls,5,4,4,8,4,4,8
dolly,5,4,3,7,4,3,7
dolly's,7,6,2,8,6,3,9
dolmen,6,4,2,6,4,2,6
dolmen's,8,5,1,6,5,1,6
dolmens,7,4,6,10,4,6,10
dolorous,8,3,3,6,3,3,6
dolphin,7,4,3,7,4,3,7
dolphin's,9,6,2,8,4,3,7
dolphins,8,5,3,8,5,3,8
dolt,4,4,7,11,4,6,10
dolt's,6,6,6,12,6,5,11
doltish,7,6,3,9,6,2,8
dolts,5,5,5,10,5,5,10
domain,6,4,4,8,4,3,7
domain's,8,5,4,9,6,3,9
domains,7,4,3,7,5,2,7
dome,4,4,6,10,4,6,10
dome's,6,6,6,12,6,7,13
domed,5,4,3,7,4,3,7
domes,5,5,5,10,5,7,12
domestic,8,5,1,6,5,1,6
domestic's,10,6,2,8,5,2,7
domestically,12,5,0,5,4,0,4
domesticate,11,3,0,3,4,0,4
domesticated,12,3,0,3,4,0,4
domesticates,12,3,0,3,4,0,4
domesticating,13,4,0,4,4,0,4
domestication,13,3,0,3,4,0,4
domestication's,15,4,0,4,3,0,3
domesticity,11,3,0,3,3,0,3
domesticity's,13,4,0,4,4,0,4
domestics,9,4,2,6,5,1,6
domicile,8,6,2,8,5,2,7
domicile's,10,8,0,8,5,1,6
domiciled,9,3,1,4,3,1,4
domiciles,9,7,0,7,5,0,5
domiciling,10,3,2,5,2,2,4
dominance,9,6,1,7,4,1,5
dominance's,11,7,0,7,4,2,6
dominant,8,6,2,8,6,2,8
dominant's,10,5,1,6,5,1,6
dominantly,10,2,2,4,3,2,5
dominants,9,4,2,6,4,1,5
dominate,8,7,1,8,7,1,8
dominated,9,3,1,4,3,1,4
dominates,9,8,0,8,8,0,8
dominating,10,7,2,9,7,2,9
domination,10,3,2,5,3,2,5
domination's,12,4,1,5,4,1,5
domineer,8,3,2,5,3,2,5
domineered,10,1,2,3,3,1,4
domineering,11,4,1,5,2,1,3
domineers,9,5,1,6,4,2,6
doming,6,6,6,12,6,6,12
dominion,8,2,2,4,2,2,4
dominion's,10,3,4,7,3,4,7
dominions,9,3,2,5,3,4,7
domino,6,4,4,8,3,4,7
domino's,8,4,2,6,3,3,6
dominoes,8,4,2,6,5,1,6
dominos,7,3,3,6,3,2,5
don,3,3,4,7,3,3,6
don's,5,5,4,9,5,4,9
don't,5,5,4,9,5,5,10
donate,6,4,4,8,5,1,6
donated,7,3,4,7,3,3,6
donates,7,5,3,8,5,2,7
donating,8,4,2,6,4,2,6
donation,8,3,2,5,3,2,5
donation's,10,6,1,7,6,1,7
donations,9,6,1,7,6,1,7
done,4,4,5,9,4,5,9
donkey,6,3,3,6,3,3,6
donkey's,8,5,2,7,5,2,7
donkeys,7,7,3,10,4,5,9
donned,6,4,2,6,4,2,6
donning,7,4,5,9,4,5,9
donor,5,4,3,7,4,3,7
donor's,7,6,2,8,6,2,8
donors,6,5,3,8,5,3,8
dons,4,3,7,10,3,7,10
donut,5,3,5,8,4,6,10
donut's,7,5,4,9,5,3,8
donuts,6,3,4,7,3,4,7
doodad,6,2,3,5,2,3,5
doodad's,8,4,2,6,4,2,6
doodads,7,3,3,6,4,2,6
doodle,6,4,2,6,4,2,6
doodle's,8,6,3,9,5,3,8
doodled,7,3,3,6,3,3,6
doodler,7,4,4,8,5,3,8
doodler's,9,6,4,10,7,1,8
doodlers,8,5,5,10,6,2,8
doodles,7,5,3,8,4,2,6
doodling,8,5,4,9,6,3,9
doohickey,9,3,1,4,3,1,4
doohickey's,11,5,1,6,4,2,6
doohickeys,10,3,2,5,5,1,6
doom,4,3,3,6,3,3,6
doom's,6,5,2,7,5,2,7
doomed,6,3,2,5,3,2,5
dooming,7,6,5,11,6,6,12
dooms,5,4,3,7,4,3,7
doomsday,8,4,2,6,4,2,6
doomsday's,10,5,2,7,5,2,7
door,4,2,5,7,2,6,8
door's,6,4,3,7,4,3,7
doorbell,8,3,3,6,2,3,5
doorbell's,10,4,1,5,4,2,6
doorbells,9,4,2,6,4,1,5
doorknob,8,1,4,5,1,4,5
doorknob's,10,2,2,4,2,2,4
doorknobs,9,2,2,4,2,2,4
doorman,7,6,3,9,6,2,8
doorman's,9,7,1,8,8,1,9
doormat,7,5,4,9,5,3,8
doormat's,9,7,2,9,7,2,9
doormats,8,4,1,5,4,1,5
doormen,7,3,1,4,3,1,4
doors,5,3,5,8,3,5,8
doorstep,8,4,0,4,4,0,4
doorstep's,10,4,0,4,3,0,3
doorsteps,9,4,1,5,4,1,5
doorway,7,4,4,8,4,3,7
doorway's,9,6,3,9,6,2,8
doorways,8,4,2,6,4,2,6
dope,4,4,6,10,4,6,10
dope's,6,6,5,11,6,5,11
doped,5,4,4,8,4,4,8
dopes,5,5,6,11,5,3,8
dopey,5,3,4,7,3,4,7
dopier,6,5,3,8,5,4,9
dopiest,7,6,2,8,6,2,8
doping,6,6,4,10,6,5,11
dopy,4,3,8,11,3,8,11
dories,6,5,0,5,5,0,5
dork,4,4,4,8,4,8,12
dork's,6,6,2,8,6,6,12
dorkier,7,5,2,7,5,2,7
dorkiest,8,7,2,9,7,1,8
dorks,5,4,6,10,4,6,10
dorky,5,4,5,9,4,6,10
dorm,4,4,5,9,4,6,10
dorm's,6,6,3,9,6,5,11
dormancy,8,6,3,9,3,4,7
dormancy's,10,8,1,9,6,1,7
dormant,7,3,3,6,5,2,7
dormer,6,4,3,7,4,3,7
dormer's,8,6,3,9,6,3,9
dormers,7,5,1,6,5,1,6
dormice,7,6,2,8,6,1,7
dormitories,11,3,1,4,3,1,4
dormitory,9,2,3,5,2,4,6
dormitory's,11,4,3,7,4,3,7
dormouse,8,4,1,5,4,1,5
dormouse's,10,5,2,7,5,1,6
dorms,5,5,6,11,5,6,11
dorsal,6,3,3,6,3,1,4
dory,4,3,6,9,3,7,10
dory's,6,5,4,9,5,6,11
dos,3,2,8,10,2,8,10
dosage,6,6,1,7,5,4,9
dosage's,8,5,1,6,5,1,6
dosages,7,4,2,6,4,3,7
dose,4,4,7,11,4,7,11
dose's,6,5,3,8,5,3,8
dosed,5,4,0,4,4,0,4
doses,5,4,1,5,4,1,5
dosing,6,6,1,7,6,1,7
dossier,7,6,1,7,6,1,7
dossier's,9,4,1,5,3,1,4
dossiers,8,3,1,4,3,1,4
dot,3,3,1,4,3,1,4
dot's,5,5,2,7,5,2,7
dotage,6,5,2,7,4,1,5
dotage's,8,7,2,9,7,4,11
dotcom,6,2,5,7,2,7,9
dotcom's,8,4,3,7,4,5,9
dotcoms,7,4,4,8,3,4,7
dote,4,4,6,10,4,6,10
doted,5,4,5,9,4,5,9
dotes,5,5,7,12,5,5,10
doth,4,4,9,13,4,9,13
doting,6,6,7,13,6,7,13
dotingly,8,7,4,11,7,4,11
dots,4,4,4,8,4,4,8
dotted,6,3,8,11,4,5,9
dotting,7,6,8,14,6,7,13
dotty,5,3,7,10,3,7,10
double,6,4,2,6,4,2,6
double's,8,6,3,9,7,2,9
doubled,7,4,3,7,6,4,10
doubles,7,5,3,8,5,2,7
doublet,7,3,2,5,3,2,5
doublet's,9,6,2,8,5,3,8
doublets,8,5,4,9,5,3,8
doubling,8,6,4,10,6,3,9
doubloon,8,2,4,6,2,5,7
doubloon's,10,4,3,7,4,3,7
doubloons,9,4,2,6,3,2,5
doubly,6,6,4,10,6,4,10
doubt,5,3,6,9,3,7,10
doubt's,7,5,5,10,5,6,11
doubted,7,4,4,8,5,5,10
doubter,7,5,5,10,5,5,10
doubter's,9,7,3,10,6,3,9
doubters,8,6,5,11,5,4,9
doubtful,8,5,4,9,3,4,7
doubtfully,10,6,4,10,6,4,10
doubting,8,4,6,10,4,6,10
doubtless,9,6,1,7,6,1,7
doubtlessly,11,7,1,8,7,1,8
doubts,6,4,5,9,4,5,9
douche,6,4,3,7,4,3,7
douche's,8,6,3,9,6,4,10
douched,7,2,6,8,4,5,9
douches,7,7,4,11,7,4,11
douching,8,8,4,12,8,4,12
dough,5,5,7,12,5,7,12
dough's,7,7,6,13,7,6,13
doughier,8,6,2,8,4,3,7
doughiest,9,6,2,8,5,3,8
doughnut,8,2,5,7,3,4,7
doughnut's,10,4,3,7,5,3,8
doughnuts,9,3,3,6,5,3,8
doughtier,9,3,1,4,3,1,4
doughtiest,10,8,0,8,8,0,8
doughty,7,4,5,9,6,5,11
doughy,6,3,7,10,5,6,11
dour,4,4,3,7,4,4,8
dourer,6,5,0,5,5,0,5
dourest,7,5,2,7,5,3,8
dourly,6,5,5,10,5,5,10
douse,5,5,1,6,5,1,6
doused,6,5,3,8,5,6,11
douses,6,5,1,6,5,1,6
dousing,7,7,2,9,7,2,9
dove,4,4,8,12,4,8,12
dove's,6,5,9,14,6,8,14
doves,5,5,8,13,5,8,13
dovetail,8,2,4,6,2,4,6
dovetail's,10,5,0,5,4,2,6
dovetailed,10,3,2,5,3,2,5
dovetailing,11,5,2,7,4,1,5
dovetails,9,4,1,5,4,0,4
dowager,7,5,4,9,5,4,9
dowager's,9,6,4,10,7,4,11
dowagers,8,5,6,11,7,4,11
dowdier,7,5,6,11,5,5,10
dowdies,7,5,1,6,5,1,6
dowdiest,8,6,1,7,6,0,6
dowdily,7,4,5,9,3,5,8
dowdiness,9,6,0,6,6,1,7
dowdiness's,11,7,0,7,7,1,8
dowdy,5,3,5,8,3,4,7
dowel,5,4,3,7,4,3,7
dowel's,7,7,3,10,7,3,10
doweled,7,2,1,3,2,0,2
doweling,8,7,2,9,7,2,9
dowelled,8,2,2,4,2,2,4
dowelling,9,8,2,10,7,1,8
dowels,6,6,3,9,6,3,9
down,4,4,5,9,4,5,9
down's,6,6,5,11,6,5,11
downbeat,8,3,1,4,4,2,6
downbeat's,10,6,1,7,6,1,7
downbeats,9,4,1,5,4,1,5
downcast,8,3,2,5,3,2,5
downed,6,4,2,6,3,2,5
downer,6,5,2,7,5,2,7
downer's,8,6,4,10,7,1,8
downers,7,6,3,9,5,2,7
downfall,8,3,4,7,4,4,8
downfall's,10,5,2,7,6,2,8
downfalls,9,4,3,7,5,1,6
downgrade,9,2,3,5,2,3,5
downgrade's,11,4,2,6,6,0,6
downgraded,10,4,1,5,4,1,5
downgrades,10,3,2,5,5,1,6
downgrading,11,3,1,4,3,2,5
downhearted,11,2,2,4,2,1,3
downhill,8,2,3,5,2,3,5
downhill's,10,4,3,7,4,2,6
downhills,9,3,3,6,5,2,7
downier,7,5,4,9,5,3,8
downiest,8,6,3,9,6,2,8
downing,7,4,4,8,4,4,8
download,8,4,3,7,3,3,6
download's,10,6,2,8,4,1,5
downloadable,12,3,2,5,2,2,4
downloaded,10,4,1,5,4,1,5
downloading,11,4,1,5,4,2,6
downloads,9,5,1,6,4,1,5
downplay,8,6,3,9,3,3,6
downplayed,10,4,1,5,4,1,5
downplaying,11,4,1,5,4,2,6
downplays,9,5,1,6,5,1,6
downpour,8,2,4,6,2,4,6
downpour's,10,4,2,6,3,2,5
downpours,9,3,3,6,4,2,6
downright,9,6,3,9,3,4,7
downs,5,5,5,10,5,5,10
downscale,9,4,1,5,4,1,5
downsize,8,5,1,6,4,1,5
downsized,9,3,1,4,3,1,4
downsizes,9,4,1,5,3,1,4
downsizing,10,5,1,6,4,2,6
downsizing's,12,3,1,4,3,1,4
downstage,9,5,0,5,5,0,5
downstairs,10,6,2,8,5,1,6
downstairs's,12,2,0,2,2,0,2
downstate,9,5,0,5,5,0,5
downstate's,11,5,0,5,4,1,5
downstream,10,3,1,4,3,1,4
downswing,9,4,1,5,3,1,4
downswing's,11,3,3,6,4,2,6
downswings,10,3,3,6,3,3,6
downtime,8,6,2,8,5,2,7
downtime's,10,7,1,8,6,2,8
downtown,8,1,5,6,1,5,6
downtown's,10,3,3,6,3,2,5
downtrodden,11,4,3,7,3,2,5
downturn,8,3,4,7,3,4,7
downturn's,10,4,3,7,4,3,7
downturns,9,3,3,6,4,3,7
downward,8,5,3,8,5,4,9
downwards,9,5,2,7,5,1,6
downwind,8,2,3,5,2,3,5
downy,5,4,5,9,4,4,8
dowries,7,5,2,7,5,2,7
dowry,5,3,4,7,4,6,10
dowry's,7,5,3,8,5,5,10
dowse,5,3,4,7,3,4,7
dowsed,6,4,4,8,4,7,11
dowses,6,4,2,6,4,2,6
dowsing,7,6,3,9,6,3,9
doxologies,10,5,1,6,5,1,6
doxology,8,5,4,9,5,4,9
doxology's,10,7,2,9,7,2,9
doyen,5,3,2,5,3,2,5
doyen's,7,7,4,11,7,4,11
doyens,6,4,3,7,4,3,7
doze,4,3,9,12,3,9,12
doze's,6,5,10,15,5,9,14
dozed,5,3,6,9,3,6,9
dozen,5,3,4,7,3,4,7
dozen's,7,6,5,11,6,5,11
dozens,6,4,5,9,5,6,11
dozes,5,4,9,13,4,9,13
dozing,6,5,8,13,5,8,13
drab,4,4,2,6,4,2,6
drab's,6,6,2,8,6,2,8
drabber,7,5,4,9,5,3,8
drabbest,8,5,2,7,5,2,7
drably,6,4,3,7,4,3,7
drabness,8,6,1,7,6,2,8
drabness's,10,7,1,8,7,2,9
drabs,5,5,2,7,5,2,7
drachma,7,4,4,8,4,3,7
drachma's,9,6,2,8,6,2,8
drachmae,8,2,1,3,2,1,3
drachmai,8,2,2,4,2,2,4
drachmas,8,3,2,5,3,2,5
draconian,9,3,2,5,3,2,5
draft,5,5,5,10,5,4,9
draft's,7,7,3,10,7,3,10
drafted,7,5,1,6,5,3,8
draftee,7,4,1,5,2,1,3
draftee's,9,6,0,6,6,0,6
draftees,8,5,0,5,5,0,5
draftier,8,5,1,6,5,3,8
draftiest,9,7,1,8,7,1,8
draftiness,10,6,2,8,8,1,9
draftiness's,12,7,2,9,7,3,10
drafting,8,6,5,11,6,6,12
drafts,6,6,4,10,6,3,9
draftsman,9,7,3,10,7,3,10
draftsman's,11,8,3,11,8,3,11
draftsmanship,13,10,1,11,10,1,11
draftsmanship's,15,11,1,12,11,1,12
draftsmen,9,8,1,9,8,1,9
drafty,6,4,6,10,3,7,10
drag,4,4,6,10,4,6,10
drag's,6,5,5,10,5,5,10
dragged,7,5,2,7,5,2,7
dragging,8,5,4,9,5,4,9
dragnet,7,4,2,6,4,1,5
dragnet's,9,6,2,8,6,2,8
dragnets,8,5,3,8,5,3,8
dragon,6,3,3,6,4,3,7
dragon's,8,6,2,8,5,1,6
dragonflies,11,4,0,4,4,0,4
dragonfly,9,3,3,6,3,3,6
dragonfly's,11,4,1,5,3,2,5
dragons,7,4,5,9,4,5,9
dragoon,7,4,3,7,4,3,7
dragoon's,9,6,2,8,6,1,7
dragooned,9,2,2,4,2,2,4
dragooning,10,4,2,6,4,2,6
dragoons,8,5,3,8,5,1,6
drags,5,4,3,7,4,3,7
drain,5,5,3,8,5,4,9
drain's,7,7,3,10,7,3,10
drainage,8,3,2,5,3,2,5
drainage's,10,5,0,5,5,1,6
drained,7,5,3,8,5,4,9
drainer,7,6,1,7,6,1,7
drainer's,9,5,2,7,6,3,9
drainers,8,5,5,10,4,5,9
draining,8,6,3,9,6,3,9
drainpipe,9,3,2,5,4,1,5
drainpipe's,11,5,1,6,5,0,5
drainpipes,10,4,0,4,3,0,3
drains,6,6,3,9,6,4,10
drake,5,5,2,7,5,2,7
drake's,7,7,1,8,7,1,8
drakes,6,6,0,6,6,0,6
dram,4,4,4,8,4,4,8
dram's,6,6,8,14,6,8,14
drama,5,2,3,5,2,5,7
drama's,7,4,2,6,4,4,8
dramas,6,4,2,6,4,3,7
dramatic,8,2,2,4,2,2,4
dramatically,12,2,1,3,2,1,3
dramatics,9,2,2,4,2,2,4
dramatics's,11,4,1,5,3,1,4
dramatist,9,3,2,5,3,2,5
dramatist's,11,5,0,5,3,2,5
dramatists,10,5,0,5,4,1,5
dramatization,13,3,1,4,2,1,3
dramatization's,15,5,0,5,3,0,3
dramatizations,14,4,0,4,3,0,3
dramatize,9,3,1,4,3,1,4
dramatized,10,3,1,4,3,1,4
dramatizes,10,4,0,4,4,0,4
dramatizing,11,5,1,6,4,2,6
drams,5,5,5,10,5,5,10
drank,5,5,4,9,5,5,10
drape,5,4,3,7,4,3,7
drape's,7,6,2,8,6,2,8
draped,6,4,0,4,4,0,4
draperies,9,6,0,6,6,0,6
drapery,7,5,2,7,5,2,7
drapery's,9,7,1,8,7,1,8
drapes,6,5,1,6,5,1,6
draping,7,6,4,10,7,4,11
drastic,7,6,1,7,6,1,7
drastically,11,4,0,4,3,2,5
draw,4,3,7,10,3,7,10
draw's,6,5,8,13,5,8,13
drawback,8,3,3,6,2,4,6
drawback's,10,5,2,7,4,2,6
drawbacks,9,6,3,9,3,3,6
drawbridge,10,3,1,4,3,1,4
drawbridge's,12,4,1,5,3,1,4
drawbridges,11,4,1,5,4,0,4
drawer,6,4,5,9,4,5,9
drawer's,8,6,2,8,6,2,8
drawers,7,5,1,6,5,1,6
drawing,7,6,5,11,6,5,11
drawing's,9,7,2,9,7,3,10
drawings,8,6,3,9,6,2,8
drawl,5,3,5,8,3,6,9
drawl's,7,5,4,9,5,4,9
drawled,7,4,4,8,4,5,9
drawling,8,8,4,12,6,3,9
drawls,6,4,6,10,4,7,11
drawn,5,5,4,9,5,5,10
draws,5,4,9,13,4,9,13
drawstring,10,3,1,4,5,1,6
drawstring's,12,5,1,6,5,1,6
drawstrings,11,4,2,6,5,1,6
dray,4,4,4,8,4,4,8
dray's,6,6,4,10,6,4,10
drays,5,5,5,10,5,5,10
dread,5,4,2,6,4,2,6
dread's,7,6,0,6,6,0,6
dreaded,7,2,1,3,3,0,3
dreadful,8,3,2,5,2,3,5
dreadfully,10,2,2,4,2,2,4
dreading,8,7,1,8,7,1,8
dreadlocks,10,6,0,6,6,0,6
dreadlocks's,12,2,1,3,2,1,3
dreadnought,11,3,2,5,3,2,5
dreadnought's,13,3,0,3,4,1,5
dreadnoughts,12,3,1,4,3,1,4
dreads,6,5,1,6,5,1,6
dream,5,4,2,6,4,2,6
dream's,7,6,0,6,6,0,6
dreamed,7,2,2,4,3,1,4
dreamer,7,3,1,4,3,1,4
dreamer's,9,6,1,7,6,1,7
dreamers,8,5,1,6,5,1,6
dreamier,8,5,2,7,5,2,7
dreamiest,9,7,1,8,7,1,8
dreamily,8,3,3,6,4,3,7
dreaming,8,7,1,8,7,1,8
dreamland,9,3,2,5,4,2,6
dreamland's,11,5,1,6,5,0,5
dreamless,9,3,1,4,3,1,4
dreamlike,9,3,1,4,3,1,4
dreams,6,5,1,6,5,1,6
dreamy,6,5,2,7,5,3,8
drearier,8,2,1,3,2,1,3
dreariest,9,5,0,5,4,0,4
drearily,8,4,2,6,4,2,6
dreariness,10,3,0,3,3,0,3
dreariness's,12,6,0,6,3,0,3
dreary,6,2,1,3,2,1,3
dredge,6,3,2,5,4,1,5
dredge's,8,5,1,6,4,1,5
dredged,7,2,1,3,3,0,3
dredger,7,2,1,3,3,0,3
dredger's,9,5,2,7,5,2,7
dredgers,8,4,1,5,4,1,5
dredges,7,4,1,5,3,0,3
dredging,8,5,1,6,5,1,6
dregs,5,4,3,7,4,5,9
dregs's,7,4,1,5,4,1,5
drench,6,6,3,9,6,4,10
drenched,8,3,1,4,3,1,4
drenches,8,7,2,9,7,2,9
drenching,9,8,1,9,8,1,9
dress,5,4,3,7,4,3,7
dress's,7,5,1,6,5,1,6
dressage,8,2,2,4,3,1,4
dressage's,10,4,1,5,3,0,3
dressed,7,3,0,3,4,0,4
dresser,7,3,0,3,4,0,4
dresser's,9,4,1,5,4,0,4
dressers,8,3,0,3,3,0,3
dresses,7,4,0,4,3,0,3
dressier,8,2,2,4,4,0,4
dressiest,9,4,0,4,3,0,3
dressiness,10,4,0,4,3,0,3
dressiness's,12,4,0,4,3,0,3
dressing,8,7,0,7,7,0,7
dressing's,10,8,0,8,6,0,6
dressings,9,7,0,7,7,0,7
dressmaker,10,2,0,2,2,0,2
dressmaker's,12,2,0,2,2,0,2
dressmakers,11,2,0,2,2,0,2
dressmaking,11,2,0,2,2,0,2
dressmaking's,13,3,0,3,2,0,2
dressy,6,3,0,3,3,0,3
drew,4,4,2,6,3,1,4
dribble,7,6,3,9,6,3,9
dribble's,9,8,2,10,8,2,10
dribbled,8,6,1,7,5,1,6
dribbler,8,4,1,5,4,1,5
dribbler's,10,5,2,7,5,1,6
dribblers,9,4,3,7,4,3,7
dribbles,8,7,1,8,7,1,8
dribbling,9,7,3,10,5,4,9
driblet,7,6,1,7,6,2,8
driblet's,9,8,1,9,8,1,9
driblets,8,7,2,9,7,2,9
dried,5,3,1,4,3,1,4
drier,5,4,1,5,4,1,5
drier's,7,6,2,8,6,2,8
driers,6,5,3,8,5,3,8
dries,5,5,2,7,5,2,7
driest,6,6,0,6,6,0,6
drift,5,3,7,10,3,7,10
drift's,7,6,5,11,6,5,11
drifted,7,5,3,8,4,5,9
drifter,7,5,1,6,5,1,6
drifter's,9,7,0,7,7,0,7
drifters,8,6,1,7,6,0,6
drifting,8,5,2,7,5,6,11
drifts,6,3,8,11,3,9,12
driftwood,9,4,2,6,3,2,5
driftwood's,11,3,3,6,2,3,5
drill,5,4,4,8,4,4,8
drill's,7,6,3,9,6,3,9
drilled,7,5,4,9,5,3,8
drilling,8,6,4,10,6,3,9
drills,6,5,7,12,5,4,9
drily,5,3,5,8,3,5,8
drink,5,4,7,11,4,7,11
drink's,7,6,6,12,6,7,13
drinkable,9,8,1,9,3,2,5
drinker,7,4,3,7,3,4,7
drinker's,9,5,2,7,7,3,10
drinkers,8,6,4,10,4,4,8
drinking,8,4,5,9,4,5,9
drinkings,9,6,3,9,6,3,9
drinks,6,5,6,11,5,8,13
drip,4,2,8,10,3,7,10
drip's,6,4,6,10,4,6,10
dripped,7,4,5,9,5,4,9
dripping,8,5,5,10,6,2,8
dripping's,10,7,4,11,7,4,11
drippings,9,6,4,10,6,4,10
drips,5,4,5,9,4,5,9
drive,5,4,7,11,4,7,11
drive's,7,6,4,10,6,4,10
drivel,6,6,2,8,6,2,8
drivel's,8,6,3,9,5,3,8
driveled,8,3,1,4,3,1,4
driveling,9,5,1,6,5,1,6
drivelled,9,3,1,4,4,1,5
drivelling,10,3,1,4,5,1,6
drivels,7,5,3,8,5,3,8
driven,6,5,3,8,5,3,8
driver,6,4,3,7,4,3,7
driver's,8,6,2,8,6,2,8
drivers,7,5,2,7,5,2,7
drives,6,4,5,9,4,5,9
driveway,8,4,1,5,5,2,7
driveway's,10,4,0,4,5,0,5
driveways,9,4,1,5,3,2,5
driving,7,5,6,11,5,6,11
drivings,8,6,4,10,6,4,10
drizzle,7,5,4,9,5,4,9
drizzle's,9,7,3,10,7,3,10
drizzled,8,5,2,7,4,2,6
drizzles,8,6,2,8,6,2,8
drizzling,9,6,4,10,7,2,9
drizzly,7,6,4,10,6,3,9
droll,5,3,6,9,3,6,9
droller,7,4,4,8,4,5,9
drolleries,10,4,0,4,4,0,4
drollery,8,4,2,6,4,3,7
drollery's,10,6,2,8,6,3,9
drollest,8,4,4,8,5,3,8
drollness,9,6,1,7,6,1,7
drollness's,11,7,1,8,7,1,8
drolly,6,4,6,10,3,7,10
dromedaries,11,3,1,4,3,0,3
dromedary,9,3,3,6,3,2,5
dromedary's,11,5,0,5,4,1,5
drone,5,5,4,9,5,5,10
drone's,7,7,3,10,7,4,11
droned,6,4,3,7,3,2,5
drones,6,5,4,9,5,4,9
droning,7,5,4,9,5,4,9
drool,5,3,6,9,3,6,9
drool's,7,5,5,10,5,5,10
drooled,7,5,2,7,5,1,6
drooling,8,5,4,9,6,4,10
drools,6,4,6,10,4,6,10
droop,5,4,4,8,4,4,8
droop's,7,6,3,9,6,3,9
drooped,7,4,3,7,4,2,6
droopier,8,4,2,6,4,4,8
droopiest,9,7,2,9,7,2,9
drooping,8,7,3,10,7,3,10
droops,6,5,4,9,5,4,9
droopy,6,4,5,9,4,5,9
drop,4,3,4,7,3,4,7
drop's,6,5,4,9,5,4,9
droplet,7,5,2,7,5,3,8
droplet's,9,7,2,9,7,2,9
droplets,8,6,3,9,6,3,9
dropout,7,2,5,7,3,5,8
dropout's,9,5,3,8,5,3,8
dropouts,8,4,2,6,4,2,6
dropped,7,5,2,7,5,1,6
dropper,7,4,3,7,4,3,7
dropper's,9,6,3,9,6,2,8
droppers,8,5,3,8,5,2,7
dropping,8,6,4,10,6,4,10
droppings,9,6,2,8,6,2,8
droppings's,11,8,0,8,8,0,8
drops,5,4,4,8,4,4,8
dropsy,6,6,2,8,6,2,8
dropsy's,8,3,4,7,3,3,6
dross,5,3,2,5,3,2,5
dross's,7,4,3,7,4,3,7
drought,7,7,5,12,7,5,12
drought's,9,6,3,9,6,3,9
droughts,8,5,3,8,5,3,8
drouth,6,5,4,9,5,4,9
drouth's,8,7,2,9,7,2,9
drouthes,8,5,3,8,6,3,9
drouths,7,6,3,9,6,3,9
drove,5,5,4,9,4,6,10
drove's,7,7,4,11,6,5,11
drover,6,4,3,7,3,4,7
drover's,8,6,3,9,5,4,9
drovers,7,4,3,7,4,3,7
droves,6,6,4,10,6,4,10
drown,5,5,5,10,5,5,10
drowned,7,4,3,7,4,2,6
drowning,8,7,4,11,7,4,11
drowning's,10,8,3,11,8,3,11
drownings,9,4,2,6,6,2,8
drowns,6,6,5,11,6,5,11
drowse,6,4,3,7,4,3,7
drowse's,8,6,2,8,6,2,8
drowsed,7,3,0,3,4,0,4
drowses,7,5,4,9,5,3,8
drowsier,8,7,0,7,7,0,7
drowsiest,9,8,0,8,8,0,8
drowsily,8,3,2,5,3,2,5
drowsiness,10,4,1,5,4,1,5
drowsiness's,12,5,1,6,5,1,6
drowsing,8,7,2,9,7,2,9
drowsy,6,5,3,8,5,3,8
drub,4,4,6,10,4,6,10
drubbed,7,5,4,9,5,4,9
drubbing,8,6,6,12,6,6,12
drubbing's,10,8,3,11,5,4,9
drubbings,9,3,3,6,2,5,7
drubs,5,3,6,9,3,6,9
drudge,6,4,3,7,4,3,7
drudge's,8,7,4,11,6,0,6
drudged,7,3,1,4,3,1,4
drudgery,8,4,4,8,4,3,7
drudgery's,10,7,3,10,6,3,9
drudges,7,6,4,10,5,3,8
drudging,8,6,2,8,4,3,7
drug,4,4,7,11,4,7,11
drug's,6,5,6,11,6,6,12
drugged,7,5,5,10,5,5,10
drugging,8,4,4,8,4,4,8
druggist,8,4,3,7,3,4,7
druggist's,10,5,2,7,4,3,7
druggists,9,4,3,7,5,3,8
drugs,5,4,5,9,4,5,9
drugstore,9,3,2,5,4,1,5
drugstore's,11,4,1,5,5,1,6
drugstores,10,4,1,5,3,1,4
druid,5,4,4,8,3,4,7
druid's,7,6,3,9,4,3,7
druids,6,5,5,10,5,4,9
drum,4,3,8,11,3,8,11
drum's,6,4,7,11,5,7,12
drummed,7,4,6,10,4,6,10
drummer,7,5,5,10,5,6,11
drummer's,9,5,5,10,5,4,9
drummers,8,4,6,10,5,3,8
drumming,8,6,5,11,6,5,11
drums,5,4,7,11,4,7,11
drumstick,9,6,3,9,5,2,7
drumstick's,11,5,3,8,6,1,7
drumsticks,10,4,2,6,4,2,6
drunk,5,4,7,11,4,7,11
drunk's,7,4,7,11,3,9,12
drunkard,8,2,4,6,2,4,6
drunkard's,10,4,3,7,4,3,7
drunkards,9,3,4,7,4,3,7
drunken,7,3,2,5,4,1,5
drunkenly,9,3,2,5,2,4,6
drunkenness,11,4,0,4,3,0,3
drunkenness's,13,2,0,2,3,0,3
drunker,7,4,6,10,4,7,11
drunkest,8,5,3,8,5,3,8
drunks,6,3,8,11,3,8,11
dry,3,3,8,11,3,8,11
dry's,5,5,7,12,5,7,12
dryad,5,3,6,9,4,5,9
dryad's,7,5,5,10,6,4,10
dryads,6,3,5,8,3,5,8
dryer,5,3,2,5,3,2,5
dryer's,7,6,1,7,5,1,6
dryers,6,5,2,7,4,2,6
dryest,6,6,1,7,6,1,7
drying,6,6,6,12,6,6,12
dryly,5,4,6,10,4,6,10
dryness,7,6,3,9,5,3,8
dryness's,9,7,3,10,6,3,9
drys,4,3,6,9,3,6,9
drywall,7,2,5,7,3,3,6
drywall's,9,5,2,7,5,1,6
dual,4,2,4,6,3,4,7
dualism,7,4,3,7,3,3,6
duality,7,7,4,11,7,4,11
duality's,9,9,2,11,9,3,12
dub,3,3,5,8,3,5,8
dub's,5,5,5,10,5,5,10
dubbed,6,4,4,8,4,4,8
dubbing,7,6,6,12,6,7,13
dubiety,7,2,4,6,2,4,6
dubiety's,9,6,3,9,5,3,8
dubious,7,4,4,8,4,3,7
dubiously,9,6,1,7,6,2,8
dubiousness,11,4,0,4,3,0,3
dubiousness's,13,5,0,5,3,0,3
dubs,4,4,5,9,4,5,9
ducal,5,4,7,11,3,7,10
ducat,5,3,6,9,3,7,10
ducat's,7,5,5,10,5,5,10
ducats,6,4,4,8,4,4,8
duchess,7,3,3,6,3,3,6
duchess's,9,4,2,6,4,2,6
duchesses,9,3,2,5,3,2,5
duchies,7,5,6,11,4,8,12
duchy,5,2,12,14,2,12,14
duchy's,7,6,8,14,5,11,16
duck,4,4,11,15,4,12,16
duck's,6,6,8,14,6,11,17
duckbill,8,3,5,8,4,5,9
duckbill's,10,6,3,9,4,3,7
duckbills,9,5,3,8,4,3,7
ducked,6,4,5,9,4,6,10
ducking,7,7,6,13,7,9,16
duckling,8,6,4,10,7,5,12
duckling's,10,9,3,12,9,3,12
ducklings,9,6,4,10,6,4,10
ducks,5,5,9,14,5,11,16
duct,4,3,9,12,3,10,13
duct's,6,4,8,12,5,9,14
ductile,7,5,3,8,5,3,8
ductility,9,4,3,7,3,3,6
ductility's,11,5,3,8,4,3,7
ducting,7,5,6,11,6,8,14
ductless,8,4,3,7,4,2,6
ducts,5,3,10,13,3,11,14
dud,3,2,13,15,2,11,13
dud's,5,4,12,16,4,8,12
dude,4,3,4,7,3,3,6
dude's,6,5,4,9,5,4,9
duded,5,2,1,3,2,1,3
dudes,5,4,6,10,4,5,9
dudgeon,7,5,2,7,2,4,6
dudgeon's,9,7,2,9,4,3,7
duding,6,5,6,11,5,6,11
duds,4,3,13,16,3,10,13
due,3,3,5,8,3,5,8
due's,5,5,4,9,5,4,9
duel,4,4,4,8,4,3,7
duel's,6,6,3,9,6,3,9
dueled,6,2,3,5,2,3,5
dueling,7,7,2,9,7,2,9
duelist,7,3,2,5,3,2,5
duelist's,9,6,1,7,6,1,7
duelists,8,4,2,6,4,2,6
duelled,7,4,1,5,4,1,5
duelling,8,7,2,9,7,2,9
duellist,8,3,1,4,3,1,4
duellist's,10,6,2,8,5,0,5
duellists,9,3,2,5,5,1,6
duels,5,5,3,8,5,3,8
dues,4,4,4,8,4,4,8
duet,4,2,5,7,3,4,7
duet's,6,3,7,10,3,7,10
duets,5,3,7,10,3,7,10
duff,4,3,11,14,3,11,14
duffer,6,5,7,12,5,7,12
duffer's,8,6,6,12,6,6,12
duffers,7,5,8,13,5,7,12
dug,3,3,5,8,3,5,8
dugout,6,3,5,8,3,5,8
dugout's,8,5,3,8,5,3,8
dugouts,7,4,4,8,4,4,8
duh,3,2,10,12,2,10,12
duke,4,4,4,8,4,3,7
duke's,6,6,4,10,6,4,10
dukedom,7,5,3,8,3,4,7
dukedom's,9,7,2,9,5,3,8
dukedoms,8,4,2,6,5,1,6
dukes,5,5,6,11,5,5,10
dulcet,6,4,4,8,4,4,8
dulcimer,8,5,1,6,4,1,5
dulcimer's,10,6,0,6,6,1,7
dulcimers,9,5,2,7,5,2,7
dull,4,3,10,13,3,9,12
dullard,7,3,6,9,4,3,7
dullard's,9,6,2,8,6,2,8
dullards,8,4,2,6,4,2,6
dulled,6,4,6,10,4,5,9
duller,6,5,9,14,5,7,12
dullest,7,6,4,10,6,5,11
dulling,7,6,6,12,6,6,12
dullness,8,6,2,8,6,1,7
dullness's,10,7,2,9,7,1,8
dulls,5,4,7,11,4,7,11
dully,5,4,9,13,4,7,11
dulness,7,6,4,10,4,4,8
dulness's,9,7,4,11,5,4,9
duly,4,3,7,10,3,8,11
dumb,4,3,11,14,3,11,14
dumbbell,8,2,4,6,3,5,8
dumbbell's,10,4,4,8,5,3,8
dumbbells,9,4,2,6,3,2,5
dumber,6,6,4,10,6,4,10
dumbest,7,7,2,9,7,3,10
dumbfound,9,1,4,5,1,4,5
dumbfounded,11,2,3,5,3,2,5
dumbfounding,12,4,1,5,4,3,7
dumbfounds,10,3,3,6,2,4,6
dumbly,6,6,5,11,6,5,11
dumbness,8,4,4,8,4,4,8
dumbness's,10,5,4,9,5,4,9
dumbwaiter,10,3,1,4,5,2,7
dumbwaiter's,12,7,1,8,7,1,8
dumbwaiters,11,6,2,8,6,1,7
dumfound,8,3,4,7,3,4,7
dumfounded,10,3,1,4,3,2,5
dumfounding,11,4,2,6,4,2,6
dumfounds,9,3,4,7,3,4,7
dummies,7,6,3,9,6,2,8
dummy,5,4,6,10,4,5,9
dummy's,7,5,9,14,6,5,11
dump,4,4,11,15,4,11,15
dump's,6,6,10,16,6,10,16
dumped,6,4,7,11,4,7,11
dumpier,7,7,4,11,7,4,11
dumpiest,8,8,3,11,8,2,10
dumping,7,7,7,14,7,7,14
dumpling,8,8,4,12,6,6,12
dumpling's,10,8,4,12,8,4,12
dumplings,9,7,4,11,7,4,11
dumps,5,5,10,15,5,10,15
dumpster,8,6,1,7,6,1,7
dumpy,5,5,6,11,5,6,11
dun,3,3,7,10,3,7,10
dun's,5,5,8,13,5,8,13
dunce,5,4,6,10,4,6,10
dunce's,7,6,5,11,6,5,11
dunces,6,4,3,7,4,3,7
dune,4,4,6,10,4,5,9
dune's,6,6,5,11,6,5,11
dunes,5,5,5,10,5,5,10
dung,4,4,11,15,4,11,15
dung's,6,5,12,17,5,10,15
dungaree,8,2,1,3,2,1,3
dungaree's,10,5,0,5,5,0,5
dungarees,9,3,0,3,3,0,3
dunged,6,5,3,8,4,2,6
dungeon,7,3,2,5,3,2,5
dungeon's,9,4,2,6,4,2,6
dungeons,8,4,3,7,3,4,7
dunging,7,5,3,8,5,4,9
dungs,5,4,10,14,4,11,15
dunk,4,4,8,12,4,8,12
dunk's,6,6,7,13,6,7,13
dunked,6,4,4,8,3,3,6
dunking,7,6,4,10,6,4,10
dunks,5,5,8,13,5,9,14
dunned,6,4,3,7,3,3,6
dunner,6,5,5,10,5,5,10
dunnest,7,6,3,9,6,4,10
dunning,7,5,4,9,5,4,9
dunno,5,2,7,9,2,7,9
duns,4,4,9,13,4,7,11
duo,3,2,5,7,2,5,7
duo's,5,4,6,10,4,6,10
duodena,7,4,4,8,4,4,8
duodenal,8,4,2,6,3,1,4
duodenum,8,4,2,6,3,3,6
duodenum's,10,5,1,6,4,2,6
duodenums,9,4,3,7,4,2,6
duos,4,3,4,7,3,4,7
dupe,4,3,7,10,3,6,9
dupe's,6,5,6,11,5,6,11
duped,5,2,4,6,2,4,6
dupes,5,4,7,11,4,6,10
duping,6,5,6,11,5,6,11
duplex,6,3,5,8,2,5,7
duplex's,8,5,3,8,4,5,9
duplexes,8,3,3,6,3,2,5
duplicate,9,5,1,6,5,1,6
duplicate's,11,8,0,8,4,2,6
duplicated,10,4,1,5,4,1,5
duplicates,10,6,0,6,6,0,6
duplicating,11,8,2,10,6,2,8
duplication,11,8,2,10,8,2,10
duplication's,13,10,1,11,9,1,10
duplicator,10,3,2,5,3,2,5
duplicator's,12,7,1,8,5,1,6
duplicators,11,6,2,8,5,1,6
duplicity,9,4,3,7,4,3,7
duplicity's,11,7,3,10,5,3,8
durability,10,6,3,9,4,3,7
durability's,12,6,1,7,4,1,5
durable,7,5,4,9,6,3,9
durably,7,5,4,9,1,6,7
duration,8,7,2,9,7,2,9
duration's,10,9,1,10,9,1,10
duress,6,3,1,4,3,1,4
duress's,8,3,1,4,3,1,4
during,6,6,6,12,6,6,12
dusk,4,4,6,10,4,6,10
dusk's,6,5,5,10,5,5,10
duskier,7,7,3,10,7,2,9
duskiest,8,7,1,8,7,1,8
dusky,5,5,4,9,5,5,10
dust,4,4,6,10,4,6,10
dust's,6,5,4,9,5,4,9
dustbin,7,3,3,6,3,3,6
dustbin's,9,4,3,7,4,3,7
dustbins,8,5,1,6,4,2,6
dusted,6,3,8,11,3,8,11
duster,6,6,5,11,6,5,11
duster's,8,7,2,9,7,2,9
dusters,7,5,3,8,5,3,8
dustier,7,7,2,9,7,1,8
dustiest,8,6,0,6,6,0,6
dustiness,9,7,1,8,7,1,8
dustiness's,11,8,1,9,8,1,9
dusting,7,7,2,9,7,4,11
dustless,8,3,2,5,3,2,5
dustman,7,7,2,9,7,2,9
dustmen,7,6,2,8,3,2,5
dustpan,7,6,3,9,6,3,9
dustpan's,9,3,3,6,4,2,6
dustpans,8,4,2,6,4,2,6
dusts,5,4,2,6,4,2,6
dusty,5,5,2,7,5,2,7
duteous,7,3,2,5,4,3,7
dutiable,8,6,1,7,6,1,7
duties,6,4,3,7,4,3,7
dutiful,7,2,4,6,2,4,6
dutifully,9,2,3,5,2,3,5
duty,4,2,12,14,2,12,14
duty's,6,4,7,11,4,10,14
duvet,5,2,4,6,2,4,6
dwarf,5,3,5,8,3,5,8
dwarf's,7,5,4,9,5,4,9
dwarfed,7,3,1,4,3,1,4
dwarfing,8,6,3,9,6,3,9
dwarfish,8,5,2,7,5,2,7
dwarfism,8,3,3,6,3,3,6
dwarfism's,10,5,1,6,6,2,8
dwarfs,6,4,5,9,4,5,9
dwarves,7,5,3,8,5,2,7
dweeb,5,2,3,5,2,4,6
dweeb's,7,4,2,6,4,4,8
dweebs,6,4,3,7,3,4,7
dwell,5,3,3,6,3,2,5
dwelled,7,3,2,5,3,2,5
dweller,7,3,1,4,3,2,5
dweller's,9,5,1,6,5,1,6
dwellers,8,4,1,5,4,1,5
dwelling,8,5,3,8,5,3,8
dwelling's,10,5,1,6,5,1,6
dwellings,9,5,2,7,5,1,6
dwells,6,4,2,6,4,2,6
dwelt,5,3,3,6,3,2,5
dwindle,7,6,3,9,5,3,8
dwindled,8,2,1,3,2,2,4
dwindles,8,7,1,8,5,2,7
dwindling,9,4,3,7,4,3,7
dyadic,6,2,4,6,2,4,6
dye,3,3,5,8,3,5,8
dye's,5,5,5,10,5,5,10
dyed,4,2,5,7,2,2,4
dyeing,6,4,5,9,4,5,9
dyer,4,2,4,6,4,1,5
dyer's,6,4,2,6,4,2,6
dyers,5,4,4,8,4,4,8
dyes,4,3,5,8,3,5,8
dyestuff,8,3,1,4,3,1,4
dyestuff's,10,5,0,5,4,0,4
dying,5,5,7,12,5,7,12
dying's,7,4,7,11,4,6,10
dyke,4,3,7,10,3,7,10
dyke's,6,5,7,12,5,7,12
dykes,5,4,7,11,5,7,12
dynamic,7,5,2,7,3,3,6
dynamic's,9,7,2,9,5,2,7
dynamical,9,6,3,9,4,2,6
dynamically,11,4,1,5,4,2,6
dynamics,8,6,2,8,6,2,8
dynamics's,10,4,1,5,3,1,4
dynamism,8,4,2,6,4,2,6
dynamism's,10,4,1,5,5,2,7
dynamite,8,4,2,6,4,2,6
dynamite's,10,6,0,6,5,1,6
dynamited,9,3,1,4,3,1,4
dynamites,9,5,1,6,4,2,6
dynamiting,10,4,2,6,3,2,5
dynamo,6,3,3,6,3,2,5
dynamo's,8,5,2,7,4,2,6
dynamos,7,3,3,6,3,4,7
dynastic,8,7,1,8,7,1,8
dynasties,9,6,0,6,3,0,3
dynasty,7,2,2,4,3,1,4
dynasty's,9,2,2,4,2,2,4
dysentery,9,3,0,3,3,0,3
dysentery's,11,4,0,4,4,0,4
dysfunction,11,3,1,4,3,1,4
dysfunction's,13,4,0,4,3,1,4
dysfunctional,13,4,0,4,4,0,4
dysfunctions,12,4,0,4,4,0,4
dyslexia,8,8,1,9,8,1,9
dyslexia's,10,9,1,10,9,1,10
dyslexic,8,7,2,9,7,2,9
dyslexic's,10,8,2,10,8,2,10
dyslexics,9,6,1,7,6,1,7
dyspepsia,9,3,0,3,3,0,3
dyspepsia's,11,3,0,3,2,1,3
dyspeptic,9,5,0,5,4,0,4
dyspeptic's,11,4,0,4,4,0,4
dyspeptics,10,4,0,4,4,0,4
débutante,9,3,2,5,3,2,5
débutante's,11,6,0,6,4,1,5
débutantes,10,4,1,5,4,1,5
décolleté,9,3,3,6,2,3,5
dérailleur,10,2,2,4,2,2,4
dérailleur's,12,4,1,5,3,1,4
dérailleurs,11,4,2,6,3,0,3
détente,7,2,3,5,3,2,5
détente's,9,4,1,5,3,1,4
e,1,1,4,5,1,4,5
e'er,4,3,3,6,3,2,5
eBay,4,2,3,5,2,3,5
eBay's,6,4,2,6,4,2,6
eMusic,6,3,0,3,3,0,3
eMusic's,8,4,0,4,4,0,4
each,4,2,2,4,2,2,4
eager,5,4,3,7,4,3,7
eagerer,7,2,1,3,2,0,2
eagerest,8,2,0,2,2,0,2
eagerly,7,4,2,6,3,2,5
eagerness,9,2,0,2,2,0,2
eagerness's,11,2,0,2,2,0,2
eagle,5,3,2,5,3,2,5
eagle's,7,5,2,7,5,1,6
eagles,6,4,0,4,4,1,5
eaglet,6,3,2,5,3,3,6
eaglet's,8,5,0,5,4,2,6
eaglets,7,4,1,5,3,2,5
ear,3,3,10,13,3,9,12
ear's,5,4,2,6,4,2,6
earache,7,3,1,4,3,0,3
earache's,9,5,0,5,4,0,4
earaches,8,4,1,5,4,1,5
earbud,6,5,2,7,5,2,7
earbud's,8,7,1,8,5,2,7
earbuds,7,6,2,8,6,2,8
eardrum,7,3,2,5,3,2,5
eardrum's,9,5,0,5,5,0,5
eardrums,8,3,1,4,3,1,4
earful,6,4,3,7,4,3,7
earful's,8,6,2,8,6,1,7
earfuls,7,5,3,8,5,3,8
earl,4,4,1,5,4,0,4
earl's,6,6,0,6,6,0,6
earldom,7,4,2,6,4,2,6
earldom's,9,6,0,6,5,1,6
earldoms,8,5,1,6,4,2,6
earlier,7,3,2,5,2,2,4
earliest,8,4,0,4,4,0,4
earliness,9,4,0,4,4,0,4
earliness's,11,5,0,5,5,0,5
earlobe,7,4,2,6,4,1,5
earlobe's,9,6,1,7,6,1,7
earlobes,8,3,1,4,3,1,4
earls,5,5,2,7,5,2,7
early,5,2,4,6,3,4,7
earmark,7,3,3,6,3,3,6
earmark's,9,5,1,6,5,1,6
earmarked,9,3,1,4,3,1,4
earmarking,10,5,1,6,4,1,5
earmarks,8,3,1,4,3,1,4
earmuff,7,3,3,6,3,3,6
earmuff's,9,6,0,6,4,1,5
earmuffs,8,5,1,6,6,1,7
earn,4,3,3,6,4,2,6
earned,6,3,2,5,3,0,3
earner,6,2,5,7,2,3,5
earner's,8,4,2,6,3,3,6
earners,7,3,2,5,3,1,4
earnest,7,4,0,4,4,0,4
earnest's,9,3,1,4,2,0,2
earnestly,9,2,0,2,2,0,2
earnestness,11,2,0,2,2,0,2
earnestness's,13,2,0,2,2,0,2
earnests,8,2,0,2,2,0,2
earning,7,3,1,4,3,1,4
earnings,8,6,2,8,4,0,4
earnings's,10,4,0,4,3,0,3
earns,5,4,3,7,4,3,7
earphone,8,2,1,3,2,1,3
earphone's,10,4,1,5,4,0,4
earphones,9,3,0,3,3,0,3
earplug,7,4,2,6,4,2,6
earplug's,9,5,1,6,5,0,5
earplugs,8,5,3,8,5,1,6
earring,7,5,3,8,5,3,8
earring's,9,5,0,5,4,0,4
earrings,8,3,1,4,5,0,5
ears,4,4,7,11,3,3,6
earshot,7,2,1,3,2,1,3
earshot's,9,3,1,4,2,1,3
earsplitting,12,4,0,4,4,0,4
earth,5,3,3,6,4,3,7
earth's,7,4,2,6,4,2,6
earthed,7,4,1,5,4,1,5
earthen,7,3,2,5,2,2,4
earthenware,11,1,2,3,1,1,2
earthenware's,13,3,0,3,2,0,2
earthier,8,2,2,4,2,2,4
earthiest,9,2,0,2,2,0,2
earthiness,10,3,0,3,3,0,3
earthiness's,12,2,0,2,2,0,2
earthing,8,6,1,7,5,1,6
earthlier,9,2,2,4,2,3,5
earthliest,10,4,0,4,4,0,4
earthling,9,6,1,7,6,1,7
earthling's,11,5,1,6,4,0,4
earthlings,10,5,0,5,4,0,4
earthly,7,4,2,6,4,2,6
earthquake,10,2,1,3,2,1,3
earthquake's,12,3,0,3,3,0,3
earthquakes,11,3,0,3,3,0,3
earths,6,3,1,4,3,1,4
earthshaking,12,3,0,3,3,0,3
earthward,9,6,2,8,2,2,4
earthwork,9,8,2,10,8,2,10
earthwork's,11,10,0,10,10,1,11
earthworks,10,9,0,9,9,1,10
earthworm,9,7,3,10,7,3,10
earthworm's,11,9,1,10,9,2,11
earthworms,10,8,1,9,8,2,10
earthy,6,3,3,6,3,3,6
earwax,6,3,2,5,3,2,5
earwax's,8,5,1,6,4,1,5
earwig,6,2,4,6,2,4,6
earwig's,8,6,1,7,5,2,7
earwigs,7,4,3,7,4,3,7
ease,4,3,2,5,3,2,5
ease's,6,3,1,4,3,1,4
eased,5,2,1,3,3,0,3
easel,5,3,1,4,2,1,3
easel's,7,4,1,5,4,1,5
easels,6,2,1,3,2,1,3
eases,5,2,0,2,2,0,2
easier,6,4,1,5,4,2,6
easiest,7,3,0,3,2,0,2
easily,6,5,0,5,5,0,5
easiness,8,2,0,2,2,0,2
easiness's,10,2,0,2,2,0,2
easing,6,4,1,5,4,1,5
east,4,4,1,5,4,1,5
east's,6,4,0,4,3,0,3
eastbound,9,6,0,6,5,1,6
easterlies,10,2,0,2,2,0,2
easterly,8,2,0,2,2,0,2
easterly's,10,2,0,2,2,0,2
eastern,7,2,1,3,5,0,5
easterner,9,2,0,2,2,0,2
easterner's,11,2,0,2,2,0,2
easterners,10,2,0,2,2,0,2
easternmost,11,3,0,3,2,0,2
eastward,8,4,0,4,3,0,3
eastwards,9,2,1,3,4,1,5
easy,4,3,2,5,3,2,5
easygoing,9,5,1,6,6,0,6
eat,3,3,6,9,3,5,8
eatable,7,2,2,4,2,1,3
eatable's,9,5,1,6,4,1,5
eatables,8,3,2,5,3,2,5
eaten,5,1,4,5,1,4,5
eater,5,4,2,6,4,2,6
eater's,7,5,1,6,5,1,6
eateries,8,3,0,3,3,0,3
eaters,6,5,0,5,5,0,5
eatery,6,3,1,4,3,1,4
eatery's,8,3,0,3,3,0,3
eating,6,5,1,6,4,3,7
eats,4,4,3,7,3,1,4
eave,4,2,1,3,2,3,5
eave's,6,4,2,6,4,2,6
eaves,5,4,0,4,4,0,4
eavesdrop,9,3,0,3,2,1,3
eavesdropped,12,6,1,7,4,1,5
eavesdropper,12,6,1,7,4,1,5
eavesdropper's,14,2,1,3,2,1,3
eavesdroppers,13,2,1,3,2,0,2
eavesdropping,13,5,0,5,4,0,4
eavesdrops,10,3,0,3,3,0,3
ebb,3,2,5,7,2,5,7
ebb's,5,4,4,8,4,4,8
ebbed,5,3,2,5,3,2,5
ebbing,6,5,2,7,5,1,6
ebbs,4,3,6,9,3,6,9
ebonies,7,4,0,4,4,0,4
ebony,5,4,2,6,4,2,6
ebony's,7,6,1,7,6,1,7
ebullience,10,4,1,5,2,1,3
ebullience's,12,5,0,5,3,0,3
ebullient,9,5,1,6,6,1,7
eccentric,9,2,1,3,2,1,3
eccentric's,11,3,0,3,3,0,3
eccentrically,13,3,1,4,4,1,5
eccentricities,14,3,0,3,2,0,2
eccentricity,12,2,1,3,2,1,3
eccentricity's,14,3,0,3,3,0,3
eccentrics,10,4,0,4,3,0,3
ecclesiastic,12,2,0,2,3,0,3
ecclesiastic's,14,3,0,3,2,0,2
ecclesiastical,14,2,0,2,2,0,2
ecclesiastics,13,1,0,1,1,0,1
echelon,7,2,1,3,2,1,3
echelon's,9,3,0,3,3,1,4
echelons,8,4,1,5,4,1,5
echo,4,3,6,9,3,6,9
echo's,6,5,5,10,5,5,10
echoed,6,3,1,4,3,1,4
echoes,6,3,2,5,3,2,5
echoing,7,5,1,6,5,2,7
echos,5,5,3,8,5,3,8
eclectic,8,2,2,4,2,2,4
eclectic's,10,4,0,4,3,1,4
eclectically,12,4,1,5,4,1,5
eclecticism,11,4,0,4,4,0,4
eclecticism's,13,5,0,5,4,0,4
eclectics,9,2,2,4,3,1,4
eclipse,7,5,1,6,3,1,4
eclipse's,9,6,1,7,3,0,3
eclipsed,8,4,0,4,4,0,4
eclipses,8,5,0,5,3,0,3
eclipsing,9,3,0,3,3,0,3
ecliptic,8,4,1,5,4,1,5
ecliptic's,10,3,1,4,4,0,4
ecological,10,6,1,7,5,1,6
ecologically,12,7,1,8,4,1,5
ecologist,9,7,0,7,7,0,7
ecologist's,11,8,1,9,8,0,8
ecologists,10,7,1,8,7,0,7
ecology,7,5,3,8,5,3,8
ecology's,9,7,2,9,7,2,9
econometric,11,2,2,4,2,1,3
economic,8,3,1,4,3,1,4
economical,10,6,1,7,5,1,6
economically,12,7,1,8,4,1,5
economics,9,3,1,4,3,2,5
economics's,11,4,0,4,3,0,3
economies,9,3,1,4,3,1,4
economist,9,6,1,7,6,1,7
economist's,11,6,1,7,7,1,8
economists,10,4,1,5,6,1,7
economize,9,2,2,4,2,2,4
economized,10,4,2,6,3,2,5
economizes,10,3,1,4,4,1,5
economizing,11,5,1,6,3,1,4
economy,7,4,4,8,4,4,8
economy's,9,6,3,9,6,3,9
ecosystem,9,2,0,2,2,0,2
ecosystem's,11,3,0,3,2,0,2
ecosystems,10,2,0,2,2,0,2
ecotourism,10,3,0,3,3,0,3
ecotourism's,12,5,0,5,3,1,4
ecru,4,2,5,7,2,6,8
ecru's,6,4,4,8,3,5,8
ecstasies,9,3,0,3,3,0,3
ecstasy,7,2,1,3,2,0,2
ecstasy's,9,3,0,3,3,0,3
ecstatic,8,3,0,3,3,0,3
ecstatically,12,3,0,3,4,0,4
ecumenical,10,2,1,3,3,1,4
ecumenically,12,3,1,4,3,1,4
eczema,6,3,2,5,3,2,5
eczema's,8,3,2,5,3,2,5
edamame,7,3,1,4,3,0,3
eddied,6,2,1,3,2,0,2
eddies,6,3,1,4,2,0,2
eddy,4,3,4,7,3,4,7
eddy's,6,5,3,8,5,3,8
eddying,7,5,2,7,5,1,6
edelweiss,9,2,0,2,2,0,2
edelweiss's,11,2,0,2,2,0,2
edema,5,2,4,6,2,4,6
edema's,7,6,0,6,6,0,6
edge,4,1,3,4,1,3,4
edge's,6,3,3,6,3,3,6
edged,5,2,2,4,2,2,4
edger,5,3,4,7,3,4,7
edges,5,2,1,3,2,1,3
edgeways,8,2,3,5,2,3,5
edgewise,8,2,0,2,2,0,2
edgier,6,2,1,3,2,0,2
edgiest,7,4,1,5,4,1,5
edginess,8,2,0,2,2,0,2
edginess's,10,2,0,2,2,0,2
edging,6,4,1,5,4,1,5
edging's,8,6,1,7,7,0,7
edgings,7,4,1,5,4,1,5
edgy,4,3,4,7,3,4,7
edibility,9,3,1,4,1,4,5
edibility's,11,4,1,5,3,0,3
edible,6,2,2,4,2,2,4
edible's,8,3,3,6,3,3,6
edibles,7,3,1,4,3,1,4
edict,5,5,1,6,5,1,6
edict's,7,5,2,7,5,2,7
edicts,6,6,1,7,6,1,7
edification,11,7,1,8,3,1,4
edification's,13,9,0,9,4,0,4
edifice,7,2,2,4,2,1,3
edifice's,9,4,2,6,4,2,6
edifices,8,3,0,3,3,0,3
edified,7,2,1,3,2,1,3
edifies,7,3,1,4,3,1,4
edify,5,3,4,7,3,4,7
edifying,8,4,2,6,4,2,6
edit,4,4,3,7,4,3,7
edit's,6,6,4,10,6,4,10
editable,8,5,1,6,6,2,8
edited,6,2,1,3,2,0,2
editing,7,6,1,7,5,1,6
edition,7,3,1,4,3,1,4
edition's,9,4,1,5,4,1,5
editions,8,3,2,5,3,1,4
editor,6,2,3,5,3,2,5
editor's,8,6,2,8,5,2,7
editorial,9,2,1,3,3,2,5
editorial's,11,4,0,4,3,0,3
editorialize,12,1,1,2,1,1,2
editorialized,13,1,1,2,1,1,2
editorializes,13,3,0,3,3,0,3
editorializing,14,1,1,2,1,1,2
editorially,11,2,1,3,2,1,3
editorials,10,4,0,4,3,0,3
editors,7,4,2,6,4,2,6
editorship,10,4,0,4,3,0,3
edits,5,5,1,6,5,1,6
educable,8,4,2,6,5,3,8
educate,7,5,1,6,5,1,6
educated,8,2,1,3,2,1,3
educates,8,4,1,5,4,1,5
educating,9,5,3,8,5,3,8
education,9,8,1,9,8,1,9
education's,11,10,0,10,10,0,10
educational,11,2,1,3,2,1,3
educationally,13,5,1,6,2,1,3
educations,10,9,0,9,9,0,9
educator,8,7,2,9,7,3,10
educator's,10,9,0,9,9,1,10
educators,9,8,2,10,8,1,9
eel,3,1,2,3,1,2,3
eel's,5,2,0,2,2,0,2
eels,4,2,1,3,2,0,2
eerie,5,1,1,2,1,1,2
eerier,6,1,0,1,1,0,1
eeriest,7,2,0,2,1,0,1
eerily,6,1,0,1,1,0,1
eeriness,8,2,0,2,2,0,2
eeriness's,10,2,0,2,2,0,2
eery,4,1,2,3,1,1,2
efface,6,3,4,7,2,4,6
effaced,7,3,4,7,4,3,7
effacement,10,4,1,5,3,1,4
effacement's,12,5,0,5,4,0,4
effaces,7,4,2,6,4,2,6
effacing,8,4,4,8,6,1,7
effect,6,4,1,5,4,1,5
effect's,8,4,1,5,4,1,5
effected,8,5,1,6,4,2,6
effecting,9,7,1,8,6,1,7
effective,9,2,1,3,2,1,3
effectively,11,2,1,3,2,1,3
effectiveness,13,3,0,3,2,0,2
effectiveness's,15,3,0,3,2,0,2
effects,7,5,1,6,5,1,6
effectual,9,2,2,4,2,2,4
effectually,11,3,2,5,3,1,4
effectuate,10,3,1,4,2,1,3
effectuated,11,1,2,3,2,1,3
effectuates,11,3,0,3,3,0,3
effectuating,12,4,2,6,4,1,5
effeminacy,10,2,1,3,2,1,3
effeminacy's,12,3,0,3,2,1,3
effeminate,10,3,1,4,2,1,3
effervesce,10,3,0,3,2,1,3
effervesced,11,2,0,2,2,0,2
effervescence,13,3,0,3,2,0,2
effervescence's,15,3,0,3,2,0,2
effervescent,12,2,0,2,2,0,2
effervesces,11,2,1,3,2,0,2
effervescing,12,2,0,2,2,0,2
effete,6,1,1,2,1,1,2
efficacious,11,5,0,5,4,0,4
efficaciously,13,6,0,6,4,0,4
efficacy,8,4,1,5,3,1,4
efficacy's,10,3,1,4,3,0,3
efficiencies,12,2,0,2,2,0,2
efficiency,10,2,1,3,2,1,3
efficiency's,12,3,0,3,3,0,3
efficient,9,4,2,6,4,2,6
efficiently,11,2,2,4,2,1,3
effigies,8,3,1,4,3,1,4
effigy,6,4,2,6,4,3,7
effigy's,8,4,3,7,5,2,7
effluent,8,5,1,6,3,1,4
effluent's,10,3,0,3,3,0,3
effluents,9,3,0,3,4,0,4
effort,6,4,3,7,5,2,7
effort's,8,7,1,8,6,1,7
effortless,10,3,0,3,3,0,3
effortlessly,12,2,0,2,2,0,2
efforts,7,5,3,8,6,2,8
effrontery,10,2,1,3,2,1,3
effrontery's,12,4,0,4,3,0,3
effulgence,10,4,1,5,2,1,3
effulgence's,12,5,0,5,3,0,3
effulgent,9,4,1,5,4,1,5
effusion,8,5,0,5,5,0,5
effusion's,10,5,1,6,6,0,6
effusions,9,4,0,4,4,1,5
effusive,8,3,0,3,3,0,3
effusively,10,3,0,3,3,0,3
effusiveness,12,4,0,4,2,0,2
effusiveness's,14,3,0,3,2,0,2
egalitarian,11,3,1,4,3,1,4
egalitarian's,13,3,0,3,4,0,4
egalitarianism,14,2,0,2,2,0,2
egalitarianism's,16,3,0,3,2,0,2
egalitarians,12,4,0,4,4,0,4
egg,3,2,4,6,2,3,5
egg's,5,4,3,7,4,3,7
eggbeater,9,4,1,5,3,1,4
eggbeater's,11,6,0,6,5,0,5
eggbeaters,10,2,1,3,3,1,4
egged,5,2,3,5,2,3,5
egghead,7,1,2,3,1,2,3
egghead's,9,3,0,3,3,1,4
eggheads,8,4,1,5,3,1,4
egging,6,4,1,5,4,1,5
eggnog,6,2,3,5,2,3,5
eggnog's,8,4,2,6,3,2,5
eggplant,8,4,2,6,3,2,5
eggplant's,10,7,0,7,3,1,4
eggplants,9,4,1,5,4,1,5
eggs,4,3,5,8,3,5,8
eggshell,8,2,1,3,2,1,3
eggshell's,10,3,1,4,2,1,3
eggshells,9,2,1,3,2,1,3
egis,4,3,5,8,3,5,8
egis's,6,4,2,6,4,2,6
eglantine,9,4,1,5,3,1,4
eglantine's,11,3,0,3,3,0,3
eglantines,10,5,0,5,4,0,4
ego,3,3,2,5,3,2,5
ego's,5,5,2,7,5,2,7
egocentric,10,3,1,4,3,1,4
egocentric's,12,3,0,3,3,0,3
egocentrics,11,4,0,4,4,0,4
egoism,6,6,0,6,6,0,6
egoism's,8,7,0,7,7,0,7
egoist,6,5,1,6,5,1,6
egoist's,8,6,1,7,6,1,7
egoistic,8,3,0,3,3,0,3
egoists,7,5,1,6,5,1,6
egos,4,4,3,7,4,3,7
egotism,7,5,0,5,4,0,4
egotism's,9,6,0,6,5,0,5
egotist,7,4,0,4,4,0,4
egotist's,9,5,0,5,5,0,5
egotistic,9,3,0,3,2,1,3
egotistical,11,3,0,3,3,0,3
egotistically,13,5,0,5,3,0,3
egotists,8,3,0,3,4,0,4
egregious,9,3,1,4,3,0,3
egregiously,11,6,1,7,4,1,5
egress,6,3,0,3,3,0,3
egress's,8,4,0,4,4,0,4
egresses,8,3,0,3,3,0,3
egret,5,2,2,4,2,2,4
egret's,7,4,1,5,4,1,5
egrets,6,3,1,4,3,1,4
eh,2,2,4,6,2,4,6
eider,5,3,4,7,3,4,7
eider's,7,5,2,7,5,2,7
eiderdown,9,3,1,4,3,1,4
eiderdown's,11,3,0,3,3,0,3
eiderdowns,10,3,0,3,4,0,4
eiders,6,5,1,6,5,1,6
eigenvalue,10,4,1,5,4,2,6
eigenvalues,11,5,0,5,5,0,5
eight,5,2,1,3,2,1,3
eight's,7,4,0,4,4,0,4
eighteen,8,2,1,3,2,1,3
eighteen's,10,3,0,3,3,0,3
eighteens,9,3,0,3,3,0,3
eighteenth,10,1,1,2,1,1,2
eighteenth's,12,2,0,2,2,0,2
eighteenths,11,2,0,2,2,0,2
eighth,6,4,1,5,3,1,4
eighth's,8,6,0,6,4,0,4
eighths,7,3,4,7,3,4,7
eighties,8,3,0,3,3,0,3
eightieth,9,2,1,3,2,1,3
eightieth's,11,4,0,4,3,0,3
eightieths,10,2,2,4,2,2,4
eights,6,4,3,7,4,3,7
eighty,6,4,1,5,3,1,4
eighty's,8,6,0,6,4,0,4
either,6,2,3,5,3,3,6
ejaculate,9,3,2,5,3,2,5
ejaculated,10,5,1,6,5,1,6
ejaculates,10,4,1,5,4,1,5
ejaculating,11,7,1,8,3,2,5
ejaculation,11,4,1,5,4,1,5
ejaculation's,13,7,0,7,5,0,5
ejaculations,12,6,0,6,5,0,5
eject,5,4,3,7,4,3,7
ejected,7,5,1,6,5,0,5
ejecting,8,7,1,8,7,1,8
ejection,8,7,1,8,7,1,8
ejection's,10,9,0,9,9,0,9
ejections,9,8,1,9,8,1,9
ejects,6,5,2,7,5,2,7
eke,3,2,3,5,2,3,5
eked,4,3,4,7,3,3,6
ekes,4,3,1,4,3,0,3
eking,5,4,6,10,4,6,10
elaborate,9,6,1,7,6,1,7
elaborated,10,5,1,6,5,1,6
elaborately,11,2,2,4,1,2,3
elaborateness,13,3,0,3,2,0,2
elaborateness's,15,3,0,3,2,0,2
elaborates,10,7,0,7,7,0,7
elaborating,11,7,1,8,9,1,10
elaboration,11,8,1,9,8,1,9
elaboration's,13,10,0,10,10,0,10
elaborations,12,6,0,6,5,0,5
elapse,6,3,3,6,3,3,6
elapsed,7,4,1,5,4,1,5
elapses,7,3,2,5,3,1,4
elapsing,8,6,0,6,6,0,6
elastic,7,3,0,3,3,0,3
elastic's,9,4,0,4,3,0,3
elasticity,10,4,0,4,3,0,3
elasticity's,12,3,0,3,3,0,3
elastics,8,3,0,3,3,0,3
elate,5,4,1,5,4,1,5
elated,6,4,3,7,4,2,6
elates,6,5,0,5,5,1,6
elating,7,5,3,8,5,3,8
elation,7,5,1,6,4,1,5
elation's,9,4,0,4,6,1,7
elbow,5,3,4,7,2,5,7
elbow's,7,4,4,8,4,4,8
elbowed,7,3,4,7,3,4,7
elbowing,8,5,2,7,5,2,7
elbowroom,9,2,3,5,2,3,5
elbowroom's,11,3,0,3,3,1,4
elbows,6,4,3,7,3,4,7
elder,5,3,2,5,3,2,5
elder's,7,5,1,6,5,1,6
elderberries,12,4,0,4,4,0,4
elderberry,10,2,2,4,1,2,3
elderberry's,12,4,1,5,2,1,3
eldercare,9,1,2,3,1,2,3
eldercare's,11,2,0,2,2,0,2
elderly,7,4,2,6,3,2,5
elders,6,4,2,6,4,2,6
eldest,6,3,1,4,2,1,3
elect,5,3,4,7,3,4,7
elect's,7,5,2,7,5,2,7
elected,7,5,2,7,5,1,6
electing,8,7,2,9,7,2,9
election,8,7,2,9,7,2,9
election's,10,9,1,10,9,1,10
electioneer,11,2,2,4,1,1,2
electioneered,13,2,1,3,2,1,3
electioneering,14,2,1,3,2,1,3
electioneers,12,2,0,2,2,0,2
elections,9,7,2,9,7,2,9
elective,8,2,2,4,3,2,5
elective's,10,4,0,4,4,0,4
electives,9,3,0,3,3,0,3
elector,7,2,2,4,2,2,4
elector's,9,5,1,6,4,1,5
electoral,9,4,1,5,2,1,3
electorate,10,3,1,4,2,1,3
electorate's,12,4,0,4,3,0,3
electorates,11,4,0,4,2,1,3
electors,8,4,0,4,4,0,4
electric,8,2,2,4,2,2,4
electrical,10,1,2,3,1,2,3
electrically,12,3,1,4,3,1,4
electrician,11,4,1,5,3,1,4
electrician's,13,4,0,4,5,0,5
electricians,12,3,0,3,3,0,3
electricity,11,3,2,5,3,1,4
electricity's,13,3,0,3,5,0,5
electrification,15,2,1,3,3,1,4
electrification's,17,3,0,3,4,0,4
electrified,11,3,2,5,3,1,4
electrifies,11,4,0,4,4,0,4
electrify,9,4,1,5,3,1,4
electrifying,12,7,1,8,4,1,5
electrocardiogram,17,3,0,3,2,0,2
electrocardiogram's,19,12,0,12,12,0,12
electrocardiograms,18,2,0,2,2,0,2
electrocardiograph,18,1,1,2,1,1,2
electrocardiograph's,20,1,0,1,1,0,1
electrocardiographs,19,11,1,12,11,1,12
electrocute,11,2,2,4,3,1,4
electrocuted,12,1,2,3,1,2,3
electrocutes,12,3,0,3,4,0,4
electrocuting,13,5,1,6,3,1,4
electrocution,13,4,1,5,3,1,4
electrocution's,15,3,0,3,4,0,4
electrocutions,14,3,0,3,4,0,4
electrode,9,3,1,4,3,1,4
electrode's,11,5,0,5,4,0,4
electrodes,10,3,1,4,3,0,3
electrodynamics,15,3,0,3,3,0,3
electroencephalogram,20,1,0,1,1,0,1
electroencephalogram's,22,3,0,3,7,0,7
electroencephalograms,21,3,0,3,7,0,7
electroencephalograph,21,3,0,3,7,0,7
electroencephalograph's,23,1,0,1,1,0,1
electroencephalographs,22,3,0,3,7,0,7
electrolysis,12,3,0,3,3,0,3
electrolysis's,14,2,0,2,2,0,2
electrolyte,11,2,2,4,3,1,4
electrolyte's,13,3,0,3,2,0,2
electrolytes,12,3,0,3,4,0,4
electrolytic,12,4,1,5,4,1,5
electromagnet,13,4,2,6,2,2,4
electromagnet's,15,3,0,3,2,1,3
electromagnetic,15,2,1,3,2,1,3
electromagnetism,16,2,0,2,3,0,3
electromagnetism's,18,3,0,3,3,0,3
electromagnets,14,3,0,3,2,1,3
electron,8,5,2,7,5,2,7
electron's,10,7,1,8,7,1,8
electronic,10,2,1,3,2,1,3
electronica,11,3,1,4,3,1,4
electronica's,13,4,0,4,3,0,3
electronically,14,3,1,4,3,1,4
electronics,11,4,0,4,3,0,3
electronics's,13,4,0,4,3,0,3
electrons,9,6,1,7,6,1,7
electroplate,12,1,2,3,1,2,3
electroplated,13,4,2,6,2,2,4
electroplates,13,3,0,3,3,0,3
electroplating,14,2,1,3,3,1,4
electrostatic,13,2,1,3,2,0,2
elects,6,4,3,7,4,3,7
elegance,8,2,2,4,3,2,5
elegance's,10,3,1,4,3,1,4
elegant,7,3,1,4,3,1,4
elegantly,9,2,1,3,2,1,3
elegiac,7,3,1,4,3,1,4
elegiac's,9,3,2,5,3,2,5
elegiacs,8,4,0,4,4,0,4
elegies,7,4,0,4,3,1,4
elegy,5,1,5,6,1,5,6
elegy's,7,4,3,7,4,3,7
element,7,2,1,3,2,1,3
element's,9,6,0,6,6,0,6
elemental,9,1,1,2,1,1,2
elementary,10,1,1,2,1,1,2
elements,8,5,0,5,5,0,5
elephant,8,2,1,3,2,1,3
elephant's,10,3,0,3,3,0,3
elephantine,11,2,2,4,2,1,3
elephants,9,3,1,4,3,1,4
elevate,7,3,1,4,3,0,3
elevated,8,3,2,5,3,2,5
elevates,8,4,0,4,4,0,4
elevating,9,5,2,7,7,1,8
elevation,9,5,2,7,7,1,8
elevation's,11,7,1,8,7,1,8
elevations,10,6,1,7,6,1,7
elevator,8,5,1,6,5,1,6
elevator's,10,7,0,7,7,0,7
elevators,9,6,0,6,4,0,4
eleven,6,2,0,2,2,0,2
eleven's,8,4,1,5,4,1,5
elevens,7,3,0,3,1,1,2
eleventh,8,1,1,2,1,1,2
eleventh's,10,2,0,2,2,0,2
elevenths,9,5,1,6,5,1,6
elf,3,3,3,6,3,3,6
elf's,5,5,1,6,5,1,6
elfin,5,3,3,6,4,3,7
elfish,6,4,1,5,4,1,5
elicit,6,4,1,5,4,1,5
elicited,8,3,2,5,3,2,5
eliciting,9,3,1,4,3,1,4
elicits,7,3,3,6,3,3,6
elide,5,4,2,6,4,2,6
elided,6,4,1,5,4,0,4
elides,6,5,1,6,5,0,5
eliding,7,5,2,7,5,1,6
eligibility,11,2,1,3,2,1,3
eligibility's,13,3,1,4,3,0,3
eligible,8,2,2,4,2,2,4
eliminate,9,4,1,5,4,1,5
eliminated,10,5,1,6,5,1,6
eliminates,10,5,0,5,5,0,5
eliminating,11,3,1,4,3,1,4
elimination,11,3,1,4,3,1,4
elimination's,13,6,0,6,4,0,4
eliminations,12,6,0,6,3,0,3
elision,7,3,0,3,3,0,3
elision's,9,4,0,4,3,0,3
elisions,8,3,0,3,3,0,3
elite,5,3,2,5,3,2,5
elite's,7,5,0,5,3,0,3
elites,6,4,1,5,4,2,6
elitism,7,5,0,5,4,0,4
elitism's,9,4,1,5,4,0,4
elitist,7,4,0,4,4,0,4
elitist's,9,4,0,4,4,0,4
elitists,8,3,0,3,4,0,4
elixir,6,3,2,5,3,2,5
elixir's,8,5,0,5,4,0,4
elixirs,7,4,2,6,4,2,6
elk,3,3,4,7,3,4,7
elk's,5,5,2,7,5,2,7
elks,4,4,4,8,4,3,7
ell,3,2,2,4,2,2,4
ell's,5,4,0,4,4,0,4
ellipse,7,5,1,6,3,1,4
ellipse's,9,6,1,7,3,0,3
ellipses,8,5,0,5,3,0,3
ellipsis,8,3,0,3,3,1,4
ellipsis's,10,3,0,3,2,0,2
elliptic,8,4,1,5,4,1,5
elliptical,10,2,1,3,2,1,3
elliptically,12,4,1,5,2,1,3
ells,4,3,4,7,3,3,6
elm,3,2,5,7,2,5,7
elm's,5,4,3,7,4,3,7
elms,4,3,5,8,3,4,7
elocution,9,7,1,8,6,1,7
elocution's,11,9,0,9,8,0,8
elocutionist,12,5,0,5,4,0,4
elocutionist's,14,4,0,4,3,0,3
elocutionists,13,4,0,4,4,0,4
elongate,8,3,1,4,3,1,4
elongated,9,4,1,5,4,1,5
elongates,9,4,1,5,4,1,5
elongating,10,3,1,4,3,1,4
elongation,10,3,1,4,3,1,4
elongation's,12,3,0,3,5,0,5
elongations,11,3,0,3,5,0,5
elope,5,2,3,5,2,3,5
eloped,6,4,1,5,4,1,5
elopement,9,5,1,6,5,1,6
elopement's,11,7,0,7,7,0,7
elopements,10,2,0,2,2,0,2
elopes,6,3,2,5,3,2,5
eloping,7,6,1,7,6,2,8
eloquence,9,4,1,5,1,2,3
eloquence's,11,6,0,6,2,1,3
eloquent,8,5,1,6,2,2,4
eloquently,10,2,1,3,2,1,3
else,4,2,3,5,2,2,4
elsewhere,9,2,0,2,2,0,2
elucidate,9,5,1,6,5,1,6
elucidated,10,3,1,4,3,1,4
elucidates,10,6,0,6,6,0,6
elucidating,11,5,1,6,9,1,10
elucidation,11,6,1,7,9,1,10
elucidation's,13,8,0,8,6,0,6
elucidations,12,8,0,8,5,0,5
elude,5,3,3,6,3,3,6
eluded,6,3,2,5,3,1,4
eludes,6,4,2,6,4,1,5
eluding,7,7,2,9,7,1,8
elusive,7,5,0,5,4,1,5
elusively,9,3,0,3,3,0,3
elusiveness,11,4,0,4,3,0,3
elusiveness's,13,4,0,4,3,0,3
elves,5,3,1,4,3,1,4
em,2,2,5,7,2,5,7
em's,4,4,3,7,4,5,9
emaciate,8,5,1,6,5,1,6
emaciated,9,6,1,7,6,1,7
emaciates,9,6,0,6,6,0,6
emaciating,10,6,1,7,7,1,8
emaciation,10,6,1,7,7,1,8
emaciation's,12,6,0,6,3,0,3
email,5,3,2,5,3,2,5
email's,7,5,1,6,5,1,6
emailed,7,5,2,7,5,2,7
emailing,8,4,2,6,4,2,6
emails,6,3,3,6,3,3,6
emanate,7,3,1,4,3,0,3
emanated,8,3,1,4,3,1,4
emanates,8,3,1,4,3,1,4
emanating,9,3,1,4,2,1,3
emanation,9,3,1,4,2,1,3
emanation's,11,5,0,5,4,0,4
emanations,10,5,0,5,4,0,4
emancipate,10,2,1,3,2,1,3
emancipated,11,7,1,8,2,1,3
emancipates,11,4,0,4,3,0,3
emancipating,12,3,1,4,3,1,4
emancipation,12,2,1,3,2,1,3
emancipation's,14,4,0,4,4,0,4
emancipator,11,7,1,8,3,1,4
emancipator's,13,7,0,7,3,0,3
emancipators,12,3,0,3,3,0,3
emasculate,10,5,0,5,3,0,3
emasculated,11,4,0,4,2,0,2
emasculates,11,2,0,2,2,0,2
emasculating,12,5,0,5,4,0,4
emasculation,12,7,0,7,4,0,4
emasculation's,14,4,0,4,3,0,3
embalm,6,1,5,6,2,4,6
embalmed,8,3,2,5,3,2,5
embalmer,8,3,2,5,3,2,5
embalmer's,10,5,0,5,4,0,4
embalmers,9,4,0,4,4,0,4
embalming,9,5,1,6,5,1,6
embalms,7,3,3,6,3,3,6
embankment,10,2,1,3,2,1,3
embankment's,12,4,0,4,3,0,3
embankments,11,4,0,4,3,0,3
embargo,7,4,3,7,3,3,6
embargo's,9,6,1,7,5,1,6
embargoed,9,3,2,5,4,2,6
embargoes,9,5,0,5,4,1,5
embargoing,10,4,1,5,4,1,5
embark,6,3,4,7,2,4,6
embarkation,11,6,1,7,3,1,4
embarkation's,13,8,0,8,4,0,4
embarkations,12,6,0,6,4,0,4
embarked,8,3,4,7,3,4,7
embarking,9,5,3,8,7,3,10
embarks,7,4,4,8,3,4,7
embarrass,9,3,0,3,3,0,3
embarrassed,11,3,0,3,3,0,3
embarrasses,11,3,0,3,3,0,3
embarrassing,12,5,0,5,4,0,4
embarrassingly,14,2,0,2,2,0,2
embarrassment,13,2,0,2,2,0,2
embarrassment's,15,3,0,3,2,0,2
embarrassments,14,2,0,2,2,0,2
embassies,9,1,1,2,3,0,3
embassy,7,2,1,3,2,0,2
embassy's,9,3,1,4,2,1,3
embattled,9,5,1,6,4,1,5
embed,5,3,2,5,3,2,5
embedded,8,2,1,3,2,1,3
embedding,9,5,2,7,5,2,7
embeds,6,2,3,5,2,3,5
embellish,9,2,0,2,2,0,2
embellished,11,2,0,2,2,0,2
embellishes,11,2,1,3,2,0,2
embellishing,12,2,0,2,2,0,2
embellishment,13,3,0,3,2,0,2
embellishment's,15,3,0,3,2,0,2
embellishments,14,2,0,2,2,0,2
ember,5,2,5,7,2,5,7
ember's,7,4,3,7,4,3,7
embers,6,3,2,5,3,2,5
embezzle,8,2,1,3,2,1,3
embezzled,9,3,1,4,3,1,4
embezzlement,12,1,2,3,1,2,3
embezzlement's,14,3,0,3,2,1,3
embezzler,9,1,2,3,1,2,3
embezzler's,11,5,0,5,4,0,4
embezzlers,10,3,0,3,3,0,3
embezzles,9,3,0,3,3,0,3
embezzling,10,5,1,6,4,1,5
embitter,8,4,2,6,4,2,6
embittered,10,3,1,4,3,1,4
embittering,11,4,1,5,2,1,3
embitters,9,5,0,5,5,0,5
emblazon,8,3,3,6,2,2,4
emblazoned,10,3,1,4,3,1,4
emblazoning,11,4,1,5,3,1,4
emblazons,9,3,2,5,3,2,5
emblem,6,3,3,6,3,2,5
emblem's,8,4,1,5,4,1,5
emblematic,10,3,1,4,1,2,3
emblems,7,3,2,5,4,1,5
embodied,8,2,1,3,2,1,3
embodies,8,5,0,5,5,0,5
embodiment,10,5,1,6,4,1,5
embodiment's,12,7,0,7,5,0,5
embody,6,4,4,8,1,5,6
embodying,9,5,3,8,6,4,10
embolden,8,2,1,3,2,1,3
emboldened,10,2,1,3,2,1,3
emboldening,11,4,1,5,2,1,3
emboldens,9,2,2,4,2,2,4
embolism,8,3,0,3,3,0,3
embolism's,10,4,1,5,3,0,3
embolisms,9,3,0,3,3,0,3
emboss,6,2,0,2,2,0,2
embossed,8,2,0,2,2,0,2
embosses,8,2,0,2,2,0,2
embossing,9,5,0,5,3,0,3
embrace,7,3,2,5,2,2,4
embrace's,9,7,0,7,7,0,7
embraced,8,3,3,6,3,3,6
embraces,8,4,1,5,4,1,5
embracing,9,6,2,8,7,3,10
embroider,9,2,1,3,2,1,3
embroidered,11,2,2,4,2,1,3
embroideries,12,3,0,3,3,0,3
embroidering,12,3,2,5,2,2,4
embroiders,10,3,0,3,4,1,5
embroidery,10,1,2,3,1,2,3
embroidery's,12,2,1,3,3,1,4
embroil,7,4,2,6,4,2,6
embroiled,9,5,2,7,5,2,7
embroiling,10,5,1,6,5,1,6
embroils,8,4,2,6,6,0,6
embryo,6,3,2,5,3,2,5
embryo's,8,4,1,5,4,2,6
embryologist,12,7,0,7,6,0,6
embryologist's,14,8,0,8,6,0,6
embryologists,13,7,0,7,7,0,7
embryology,10,3,2,5,3,2,5
embryology's,12,4,1,5,4,1,5
embryonic,9,4,1,5,3,1,4
embryos,7,3,2,5,3,2,5
emcee,5,1,1,2,1,1,2
emcee's,7,4,0,4,4,0,4
emceed,6,4,0,4,4,0,4
emceeing,8,1,1,2,1,1,2
emcees,6,3,1,4,3,1,4
emend,5,3,3,6,3,3,6
emendation,10,2,1,3,2,1,3
emendation's,12,3,0,3,3,0,3
emendations,11,3,0,3,3,0,3
emended,7,2,1,3,2,0,2
emending,8,3,2,5,3,2,5
emends,6,4,1,5,4,1,5
emerald,7,3,1,4,3,1,4
emerald's,9,4,0,4,4,0,4
emeralds,8,4,0,4,4,0,4
emerge,6,1,0,1,1,0,1
emerged,7,2,2,4,2,1,3
emergence,9,1,1,2,1,1,2
emergence's,11,2,0,2,2,0,2
emergencies,11,2,0,2,2,0,2
emergency,9,3,1,4,4,1,5
emergency's,11,5,0,5,3,0,3
emergent,8,1,1,2,1,1,2
emerges,7,2,1,3,1,2,3
emerging,8,3,2,5,3,2,5
emeritus,8,4,1,5,5,2,7
emery,5,4,2,6,4,2,6
emery's,7,4,0,4,4,0,4
emetic,6,2,2,4,2,2,4
emetic's,8,4,1,5,5,2,7
emetics,7,3,1,4,3,1,4
emigrant,8,4,2,6,3,2,5
emigrant's,10,7,0,7,5,1,6
emigrants,9,4,1,5,4,1,5
emigrate,8,3,1,4,3,1,4
emigrated,9,4,1,5,4,1,5
emigrates,9,5,1,6,5,1,6
emigrating,10,4,1,5,3,1,4
emigration,10,4,1,5,3,1,4
emigration's,12,6,0,6,3,0,3
emigrations,11,4,0,4,3,0,3
eminence,8,3,1,4,2,1,3
eminence's,10,5,0,5,3,0,3
eminences,9,4,0,4,3,0,3
eminent,7,3,1,4,3,1,4
eminently,9,5,1,6,3,1,4
emir,4,3,2,5,3,2,5
emir's,6,5,1,6,5,1,6
emirate,7,4,2,6,4,2,6
emirate's,9,6,1,7,6,1,7
emirates,8,4,0,4,4,0,4
emirs,5,4,3,7,4,3,7
emissaries,10,4,0,4,3,0,3
emissary,8,2,1,3,5,0,5
emissary's,10,4,0,4,3,0,3
emission,8,3,0,3,3,1,4
emission's,10,5,2,7,3,2,5
emissions,9,5,0,5,2,0,2
emit,4,4,4,8,4,4,8
emits,5,5,2,7,5,2,7
emitted,7,3,1,4,3,1,4
emitting,8,5,1,6,5,1,6
emo,3,2,3,5,2,3,5
emo's,5,4,3,7,4,3,7
emoji,5,3,1,4,2,2,4
emoji's,7,5,0,5,4,1,5
emojis,6,4,3,7,4,3,7
emollient,9,4,2,6,5,2,7
emollient's,11,5,0,5,5,0,5
emollients,10,3,1,4,4,1,5
emolument,9,4,1,5,4,1,5
emolument's,11,5,0,5,5,0,5
emoluments,10,3,1,4,4,1,5
emos,4,3,4,7,3,4,7
emote,5,3,4,7,3,4,7
emoted,6,4,2,6,4,2,6
emotes,6,4,2,6,4,2,6
emoting,7,6,2,8,6,3,9
emotion,7,5,1,6,4,1,5
emotion's,9,5,1,6,6,1,7
emotional,9,3,1,4,3,1,4
emotionalism,12,4,0,4,4,0,4
emotionalism's,14,5,0,5,4,0,4
emotionally,11,2,1,3,2,1,3
emotions,8,4,2,6,4,0,4
emotive,7,3,2,5,5,3,8
empanel,7,2,2,4,2,3,5
empaneled,9,5,1,6,2,1,3
empaneling,10,2,1,3,2,1,3
empanels,8,3,1,4,3,1,4
empathetic,10,2,1,3,2,1,3
empathize,9,3,1,4,2,2,4
empathized,10,4,1,5,4,1,5
empathizes,10,4,0,4,3,1,4
empathizing,11,5,2,7,4,1,5
empathy,7,3,4,7,3,4,7
empathy's,9,5,1,6,3,4,7
emperor,7,2,2,4,2,2,4
emperor's,9,3,1,4,3,0,3
emperors,8,3,2,5,3,2,5
emphases,8,4,0,4,3,2,5
emphasis,8,3,0,3,3,1,4
emphasis's,10,4,0,4,4,0,4
emphasize,9,5,0,5,5,0,5
emphasized,10,2,1,3,2,1,3
emphasizes,10,5,0,5,5,0,5
emphasizing,11,4,0,4,4,0,4
emphatic,8,6,1,7,6,1,7
emphatically,12,5,1,6,6,1,7
emphysema,9,2,0,2,2,0,2
emphysema's,11,2,0,2,2,0,2
empire,6,5,2,7,5,2,7
empire's,8,4,1,5,3,2,5
empires,7,6,1,7,6,1,7
empirical,9,3,1,4,3,2,5
empirically,11,4,1,5,2,1,3
empiricism,10,3,1,4,2,1,3
empiricism's,12,4,0,4,3,0,3
emplacement,11,2,2,4,2,1,3
emplacement's,13,4,0,4,3,0,3
emplacements,12,3,0,3,3,0,3
employ,6,2,4,6,2,4,6
employ's,8,4,3,7,3,3,6
employable,10,6,1,7,6,1,7
employe,7,4,4,8,4,3,7
employe's,9,5,1,6,3,3,6
employed,8,6,2,8,5,2,7
employee,8,1,1,2,1,1,2
employee's,10,2,0,2,2,0,2
employees,9,2,0,2,2,0,2
employer,8,3,3,6,3,3,6
employer's,10,5,0,5,4,0,4
employers,9,4,1,5,4,1,5
employes,8,5,3,8,5,3,8
employing,9,7,2,9,7,2,9
employment,10,5,1,6,4,1,5
employment's,12,7,0,7,5,0,5
employments,11,5,0,5,4,0,4
employs,7,4,3,7,4,3,7
emporia,7,4,1,5,4,1,5
emporium,8,3,2,5,3,2,5
emporium's,10,4,1,5,5,1,6
emporiums,9,3,2,5,3,2,5
empower,7,1,4,5,5,2,7
empowered,9,4,2,6,1,2,3
empowering,10,2,1,3,2,1,3
empowerment,11,1,2,3,1,1,2
empowerment's,13,3,0,3,2,0,2
empowers,8,4,1,5,2,3,5
empress,7,5,0,5,5,0,5
empress's,9,6,0,6,6,0,6
empresses,9,5,0,5,5,0,5
emptied,7,3,2,5,3,2,5
emptier,7,2,3,5,4,3,7
empties,7,4,1,5,4,1,5
emptiest,8,3,0,3,3,0,3
emptily,7,2,3,5,4,3,7
emptiness,9,3,1,4,3,1,4
emptiness's,11,4,1,5,4,1,5
empty,5,2,4,6,2,4,6
empty's,7,5,3,8,5,3,8
emptying,8,5,2,7,5,3,8
ems,3,2,4,6,2,5,7
emu,3,2,6,8,2,7,9
emu's,5,4,5,9,4,5,9
emulate,7,4,2,6,4,2,6
emulated,8,3,3,6,4,3,7
emulates,8,4,2,6,4,2,6
emulating,9,6,2,8,6,2,8
emulation,9,7,2,9,7,2,9
emulation's,11,9,1,10,9,1,10
emulations,10,8,1,9,8,1,9
emulator,8,6,3,9,6,4,10
emulator's,10,8,1,9,8,2,10
emulators,9,7,3,10,7,2,9
emulsification,14,3,0,3,2,0,2
emulsification's,16,3,0,3,3,0,3
emulsified,10,3,0,3,3,0,3
emulsifies,10,2,0,2,2,0,2
emulsify,8,3,1,4,3,1,4
emulsifying,11,3,0,3,3,0,3
emulsion,8,5,0,5,5,0,5
emulsion's,10,5,0,5,6,0,6
emulsions,9,4,0,4,3,2,5
emus,4,3,7,10,3,7,10
enable,6,3,1,4,3,1,4
enabled,7,4,3,7,4,3,7
enables,7,4,1,5,4,1,5
enabling,8,6,2,8,6,2,8
enact,5,5,3,8,5,3,8
enacted,7,6,1,7,6,1,7
enacting,8,5,3,8,5,3,8
enactment,9,2,1,3,2,1,3
enactment's,11,4,0,4,3,0,3
enactments,10,4,1,5,4,1,5
enacts,6,6,2,8,6,2,8
enamel,6,2,3,5,2,3,5
enamel's,8,4,1,5,4,0,4
enameled,8,2,1,3,1,2,3
enameling,9,2,2,4,3,1,4
enamelled,9,2,2,4,2,2,4
enamelling,10,5,1,6,3,1,4
enamels,7,3,1,4,3,0,3
enamor,6,4,2,6,4,2,6
enamored,8,5,1,6,5,1,6
enamoring,9,5,1,6,5,1,6
enamors,7,4,1,5,4,1,5
encamp,6,3,4,7,3,4,7
encamped,8,5,3,8,4,3,7
encamping,9,4,2,6,4,2,6
encampment,10,4,1,5,4,1,5
encampment's,12,5,0,5,5,0,5
encampments,11,5,0,5,4,0,4
encamps,7,5,1,6,5,1,6
encapsulate,11,3,0,3,3,0,3
encapsulated,12,3,0,3,3,0,3
encapsulates,12,2,0,2,2,0,2
encapsulating,13,6,0,6,4,0,4
encapsulation,13,3,0,3,3,0,3
encapsulation's,15,3,0,3,2,0,2
encapsulations,14,2,0,2,2,0,2
encase,6,4,1,5,3,2,5
encased,7,4,1,5,4,1,5
encases,7,3,2,5,3,1,4
encasing,8,4,0,4,4,0,4
encephalitis,12,3,0,3,3,0,3
encephalitis's,14,2,0,2,2,0,2
enchant,7,4,2,6,4,2,6
enchanted,9,6,1,7,5,1,6
enchanter,9,6,2,8,6,2,8
enchanter's,11,8,0,8,8,0,8
enchanters,10,7,0,7,7,0,7
enchanting,10,4,1,5,4,1,5
enchantingly,12,2,1,3,2,1,3
enchantment,11,2,2,4,2,1,3
enchantment's,13,3,0,3,3,0,3
enchantments,12,4,0,4,3,0,3
enchantress,11,2,0,2,2,0,2
enchantress's,13,4,0,4,2,0,2
enchantresses,13,4,0,4,2,0,2
enchants,8,3,3,6,3,2,5
enchilada,9,3,1,4,3,1,4
enchilada's,11,4,1,5,3,0,3
enchiladas,10,3,1,4,3,0,3
encircle,8,2,2,4,2,2,4
encircled,9,4,2,6,4,2,6
encirclement,12,2,1,3,2,1,3
encirclement's,14,3,0,3,3,0,3
encircles,9,4,1,5,4,1,5
encircling,10,3,1,4,3,1,4
enclave,7,3,2,5,6,0,6
enclave's,9,4,2,6,4,1,5
enclaves,8,4,1,5,4,1,5
enclose,7,4,0,4,3,3,6
enclosed,8,4,0,4,4,0,4
encloses,8,4,1,5,3,0,3
enclosing,9,6,0,6,6,0,6
enclosure,9,2,1,3,2,1,3
enclosure's,11,6,0,6,6,0,6
enclosures,10,2,1,3,2,1,3
encode,6,3,2,5,3,2,5
encoded,7,2,1,3,2,1,3
encoder,7,2,1,3,2,1,3
encoder's,9,3,0,3,3,1,4
encoders,8,3,1,4,3,1,4
encodes,7,4,2,6,4,2,6
encoding,8,7,1,8,7,1,8
encompass,9,3,0,3,3,0,3
encompassed,11,3,0,3,3,0,3
encompasses,11,3,0,3,3,0,3
encompassing,12,2,0,2,4,0,4
encore,6,4,1,5,4,1,5
encore's,8,5,0,5,5,0,5
encored,7,5,3,8,5,3,8
encores,7,5,0,5,5,0,5
encoring,8,6,2,8,6,2,8
encounter,9,5,3,8,5,3,8
encounter's,11,7,1,8,7,1,8
encountered,11,1,2,3,3,1,4
encountering,12,2,1,3,2,1,3
encounters,10,6,1,7,6,1,7
encourage,9,2,2,4,2,2,4
encouraged,10,3,2,5,3,2,5
encouragement,13,1,2,3,1,2,3
encouragement's,15,3,0,3,2,1,3
encouragements,14,3,0,3,2,1,3
encourages,10,3,1,4,3,1,4
encouraging,11,3,1,4,4,1,5
encouragingly,13,3,1,4,3,1,4
encroach,8,4,2,6,4,2,6
encroached,10,5,1,6,5,1,6
encroaches,10,4,0,4,3,1,4
encroaching,11,6,1,7,5,1,6
encroachment,12,1,2,3,1,2,3
encroachment's,14,3,0,3,2,1,3
encroachments,13,3,0,3,2,0,2
encrust,7,5,0,5,5,0,5
encrustation,12,4,0,4,4,0,4
encrustation's,14,10,0,10,3,0,3
encrustations,13,5,0,5,3,0,3
encrusted,9,5,0,5,6,0,6
encrusting,10,8,0,8,4,0,4
encrusts,8,5,2,7,5,0,5
encrypt,7,2,3,5,1,4,5
encrypted,9,3,3,6,3,3,6
encryption,10,3,1,4,3,1,4
encrypts,8,5,1,6,4,1,5
encumber,8,3,2,5,3,2,5
encumbered,10,3,1,4,3,1,4
encumbering,11,4,1,5,2,1,3
encumbers,9,4,0,4,4,0,4
encumbrance,11,2,2,4,2,1,3
encumbrance's,13,2,1,3,3,0,3
encumbrances,12,3,0,3,2,1,3
encyclical,10,3,1,4,3,1,4
encyclical's,12,4,0,4,3,0,3
encyclicals,11,2,2,4,4,0,4
encyclopaedia,13,2,1,3,2,1,3
encyclopaedia's,15,2,1,3,3,0,3
encyclopaedias,14,2,1,3,3,0,3
encyclopaedic,13,2,1,3,2,1,3
encyclopedia,12,3,1,4,3,1,4
encyclopedia's,14,2,1,3,4,0,4
encyclopedias,13,2,1,3,3,0,3
encyclopedic,12,3,1,4,3,1,4
end,3,2,7,9,1,8,9
end's,5,3,6,9,3,6,9
endanger,8,2,1,3,2,1,3
endangered,10,2,1,3,2,1,3
endangering,11,3,1,4,2,1,3
endangers,9,4,1,5,4,1,5
endear,6,2,2,4,2,2,4
endeared,8,2,1,3,2,1,3
endearing,9,2,1,3,2,1,3
endearingly,11,3,1,4,2,2,4
endearment,10,3,1,4,2,1,3
endearment's,12,4,0,4,3,0,3
endearments,11,3,0,3,3,0,3
endears,7,3,2,5,3,0,3
endeavor,8,2,1,3,2,1,3
endeavor's,10,3,1,4,3,0,3
endeavored,10,2,1,3,2,1,3
endeavoring,11,4,1,5,2,2,4
endeavors,9,5,0,5,3,0,3
ended,5,2,2,4,2,2,4
endemic,7,3,1,4,3,1,4
endemic's,9,4,1,5,3,1,4
endemics,8,4,1,5,4,1,5
ending,6,3,1,4,3,1,4
ending's,8,5,0,5,4,0,4
endings,7,3,1,4,3,1,4
endive,6,3,3,6,3,3,6
endive's,8,5,1,6,5,1,6
endives,7,4,3,7,4,3,7
endless,7,2,1,3,2,1,3
endlessly,9,4,0,4,3,0,3
endlessness,11,2,0,2,2,0,2
endlessness's,13,2,0,2,2,0,2
endocrine,9,2,2,4,2,2,4
endocrine's,11,3,0,3,3,0,3
endocrines,10,3,1,4,4,1,5
endorse,7,4,0,4,5,3,8
endorsed,8,3,0,3,3,0,3
endorsement,11,2,0,2,2,0,2
endorsement's,13,2,0,2,2,0,2
endorsements,12,2,0,2,2,0,2
endorser,8,3,0,3,3,0,3
endorser's,10,2,0,2,2,0,2
endorsers,9,2,1,3,3,1,4
endorses,8,4,1,5,4,1,5
endorsing,9,6,0,6,6,0,6
endow,5,4,3,7,4,3,7
endowed,7,4,1,5,4,1,5
endowing,8,6,2,8,6,2,8
endowment,9,6,1,7,6,1,7
endowment's,11,8,0,8,8,0,8
endowments,10,7,1,8,7,1,8
endows,6,5,3,8,5,3,8
ends,4,2,8,10,2,8,10
endue,5,2,2,4,2,2,4
endued,6,2,1,3,2,0,2
endues,6,3,1,4,2,0,2
enduing,7,5,1,6,5,1,6
endurable,9,5,1,6,6,1,7
endurance,9,2,2,4,3,1,4
endurance's,11,3,0,3,3,0,3
endure,6,5,0,5,5,0,5
endured,7,3,2,5,3,2,5
endures,7,4,1,5,4,1,5
enduring,8,4,3,7,4,3,7
endways,7,5,1,6,5,1,6
endwise,7,4,1,5,3,2,5
enema,5,4,2,6,4,2,6
enema's,7,5,1,6,5,1,6
enemas,6,3,0,3,3,0,3
enemata,7,2,3,5,2,3,5
enemies,7,3,1,4,2,2,4
enemy,5,3,3,6,3,3,6
enemy's,7,4,1,5,4,1,5
energetic,9,3,1,4,4,1,5
energetically,13,7,1,8,4,1,5
energies,8,2,1,3,2,1,3
energize,8,4,1,5,4,1,5
energized,9,5,1,6,5,1,6
energizer,9,2,1,3,2,1,3
energizer's,11,2,0,2,2,0,2
energizers,10,2,1,3,2,1,3
energizes,9,2,1,3,2,1,3
energizing,10,4,1,5,3,1,4
energy,6,3,1,4,3,1,4
energy's,8,3,2,5,3,1,4
enervate,8,3,2,5,3,2,5
enervated,9,4,2,6,4,2,6
enervates,9,4,0,4,4,0,4
enervating,10,4,1,5,3,1,4
enervation,10,2,1,3,2,1,3
enervation's,12,3,0,3,3,0,3
enfeeble,8,1,1,2,1,1,2
enfeebled,9,1,1,2,1,1,2
enfeebles,9,2,0,2,2,0,2
enfeebling,10,1,1,2,1,1,2
enfold,6,4,3,7,4,3,7
enfolded,8,2,2,4,2,2,4
enfolding,9,6,1,7,6,1,7
enfolds,7,5,2,7,5,2,7
enforce,7,5,3,8,4,4,8
enforceable,11,1,2,3,1,1,2
enforced,8,6,1,7,4,2,6
enforcement,11,6,2,8,6,1,7
enforcement's,13,8,0,8,8,0,8
enforcer,8,4,2,6,4,2,6
enforcer's,10,6,0,6,6,0,6
enforcers,9,5,0,5,5,0,5
enforces,8,6,2,8,5,3,8
enforcing,9,6,2,8,6,2,8
enfranchise,11,2,1,3,3,1,4
enfranchised,12,2,1,3,2,1,3
enfranchisement,15,2,0,2,2,0,2
enfranchisement's,17,2,0,2,2,0,2
enfranchises,12,3,1,4,3,1,4
enfranchising,13,3,0,3,3,0,3
engage,6,3,2,5,4,1,5
engaged,7,5,2,7,4,2,6
engagement,10,4,1,5,3,1,4
engagement's,12,6,0,6,4,0,4
engagements,11,4,0,4,4,0,4
engages,7,4,1,5,4,1,5
engaging,8,4,1,5,4,1,5
engagingly,10,3,1,4,3,1,4
engender,8,2,1,3,2,1,3
engendered,10,2,1,3,2,1,3
engendering,11,3,1,4,2,1,3
engenders,9,4,0,4,3,1,4
engine,6,2,0,2,2,0,2
engine's,8,3,0,3,3,0,3
engineer,8,2,1,3,2,1,3
engineer's,10,3,0,3,3,0,3
engineered,10,1,1,2,1,1,2
engineering,11,2,1,3,1,1,2
engineering's,13,2,1,3,2,0,2
engineers,9,3,0,3,3,0,3
engines,7,3,0,3,3,0,3
engorge,7,4,4,8,5,2,7
engorged,8,5,2,7,5,1,6
engorges,8,5,3,8,6,2,8
engorging,9,4,1,5,3,1,4
engrave,7,2,3,5,4,1,5
engraved,8,4,1,5,4,1,5
engraver,8,2,2,4,2,2,4
engraver's,10,6,0,6,3,1,4
engravers,9,3,0,3,3,0,3
engraves,8,3,3,6,3,3,6
engraving,9,5,1,6,5,1,6
engraving's,11,5,1,6,4,0,4
engravings,10,4,1,5,5,0,5
engross,7,2,0,2,2,0,2
engrossed,9,2,0,2,2,0,2
engrosses,9,2,0,2,2,0,2
engrossing,10,3,0,3,3,0,3
engulf,6,2,5,7,2,5,7
engulfed,8,4,2,6,3,4,7
engulfing,9,4,2,6,4,2,6
engulfs,7,3,3,6,3,3,6
enhance,7,3,1,4,3,0,3
enhanced,8,3,1,4,3,1,4
enhancement,11,3,2,5,2,1,3
enhancement's,13,5,0,5,3,0,3
enhancements,12,4,0,4,3,0,3
enhancer,8,2,3,5,2,3,5
enhances,8,4,1,5,4,1,5
enhancing,9,3,1,4,2,1,3
enigma,6,3,3,6,2,3,5
enigma's,8,5,1,6,4,1,5
enigmas,7,4,1,5,4,1,5
enigmatic,9,2,1,3,3,1,4
enigmatically,13,6,1,7,3,1,4
enjoin,6,3,1,4,3,1,4
enjoined,8,5,1,6,5,1,6
enjoining,9,5,1,6,5,1,6
enjoins,7,3,1,4,3,1,4
enjoy,5,5,2,7,5,2,7
enjoyable,9,5,2,7,5,2,7
enjoyed,7,4,4,8,4,4,8
enjoying,8,5,3,8,5,3,8
enjoyment,9,6,2,8,6,2,8
enjoyment's,11,8,1,9,8,1,9
enjoyments,10,6,2,8,6,2,8
enjoys,6,6,2,8,6,2,8
enlarge,7,3,1,4,3,0,3
enlarged,8,4,2,6,5,1,6
enlargement,11,5,3,8,5,2,7
enlargement's,13,7,1,8,7,1,8
enlargements,12,5,0,5,4,0,4
enlarger,8,3,3,6,3,3,6
enlarger's,10,5,1,6,5,1,6
enlargers,9,4,1,5,4,1,5
enlarges,8,4,1,5,4,1,5
enlarging,9,4,1,5,3,1,4
enlighten,9,3,2,5,2,2,4
enlightened,11,2,1,3,3,1,4
enlightening,12,3,1,4,1,2,3
enlightenment,13,2,1,3,2,1,3
enlightenment's,15,2,0,2,3,0,3
enlightens,10,3,1,4,3,0,3
enlist,6,4,1,5,4,1,5
enlisted,8,2,0,2,2,0,2
enlistee,8,2,0,2,2,0,2
enlistee's,10,2,0,2,2,0,2
enlistees,9,3,1,4,2,1,3
enlisting,9,2,0,2,2,0,2
enlistment,10,3,0,3,2,1,3
enlistment's,12,2,0,2,2,0,2
enlistments,11,2,0,2,2,0,2
enlists,7,4,2,6,4,2,6
enliven,7,2,3,5,2,3,5
enlivened,9,2,2,4,2,1,3
enlivening,10,2,1,3,2,1,3
enlivens,8,3,0,3,3,0,3
enmesh,6,2,1,3,3,0,3
enmeshed,8,2,0,2,2,0,2
enmeshes,8,2,1,3,2,0,2
enmeshing,9,2,1,3,3,0,3
enmities,8,5,0,5,5,0,5
enmity,6,5,2,7,4,1,5
enmity's,8,7,0,7,6,0,6
ennoble,7,3,3,6,3,2,5
ennobled,8,3,1,4,3,1,4
ennoblement,11,3,2,5,2,1,3
ennoblement's,13,5,0,5,3,0,3
ennobles,8,4,2,6,4,2,6
ennobling,9,3,1,4,2,1,3
ennui,5,2,2,4,3,1,4
ennui's,7,4,1,5,5,0,5
enormities,10,3,1,4,3,1,4
enormity,8,3,1,4,3,1,4
enormity's,10,4,0,4,5,0,5
enormous,8,4,2,6,4,2,6
enormously,10,2,1,3,3,0,3
enormousness,12,3,0,3,3,0,3
enormousness's,14,3,0,3,3,0,3
enough,6,3,3,6,3,3,6
enough's,8,4,2,6,3,2,5
enquire,7,2,3,5,6,1,7
enquired,8,4,2,6,4,2,6
enquires,8,4,0,4,4,0,4
enquiries,9,3,1,4,3,1,4
enquiring,9,5,1,6,5,1,6
enquiry,7,3,1,4,3,1,4
enquiry's,9,5,1,6,4,0,4
enrage,6,3,0,3,3,0,3
enraged,7,5,2,7,4,2,6
enrages,7,4,0,4,4,0,4
enraging,8,4,1,5,4,1,5
enrapture,9,4,1,5,3,1,4
enraptured,10,4,1,5,4,1,5
enraptures,10,5,0,5,4,0,4
enrapturing,11,5,1,6,3,1,4
enrich,6,5,2,7,5,3,8
enriched,8,5,1,6,4,2,6
enriches,8,5,0,5,3,1,4
enriching,9,5,1,6,4,2,6
enrichment,10,6,1,7,5,2,7
enrichment's,12,8,0,8,7,1,8
enrol,5,3,4,7,3,4,7
enroll,6,2,3,5,2,3,5
enrolled,8,4,2,6,5,1,6
enrolling,9,6,1,7,6,1,7
enrollment,10,5,2,7,6,1,7
enrollment's,12,7,1,8,8,0,8
enrollments,11,5,0,5,4,0,4
enrolls,7,5,2,7,5,2,7
enrolment,9,5,3,8,5,3,8
enrolment's,11,7,2,9,7,2,9
enrolments,10,3,0,3,3,0,3
enrols,6,4,4,8,4,4,8
ensconce,8,3,0,3,3,0,3
ensconced,9,3,0,3,3,0,3
ensconces,9,3,0,3,3,0,3
ensconcing,10,3,0,3,3,0,3
ensemble,8,2,0,2,2,0,2
ensemble's,10,2,0,2,2,0,2
ensembles,9,2,0,2,2,0,2
enshrine,8,3,0,3,3,0,3
enshrined,9,3,0,3,3,0,3
enshrines,9,3,0,3,3,0,3
enshrining,10,3,0,3,3,0,3
enshroud,8,3,1,4,3,1,4
enshrouded,10,2,1,3,2,1,3
enshrouding,11,4,0,4,4,1,5
enshrouds,9,3,0,3,2,1,3
ensign,6,2,1,3,2,1,3
ensign's,8,4,0,4,3,0,3
ensigns,7,2,1,3,3,0,3
enslave,7,3,1,4,5,1,6
enslaved,8,3,0,3,3,0,3
enslavement,11,2,1,3,2,1,3
enslavement's,13,2,1,3,2,1,3
enslaves,8,4,0,4,3,0,3
enslaving,9,3,0,3,3,0,3
ensnare,7,3,1,4,3,0,3
ensnared,8,3,0,3,3,0,3
ensnares,8,4,0,4,3,0,3
ensnaring,9,3,0,3,3,0,3
ensue,5,2,1,3,2,1,3
ensued,6,2,1,3,4,0,4
ensues,6,2,0,2,2,1,3
ensuing,7,3,0,3,3,0,3
ensure,6,4,1,5,4,1,5
ensured,7,2,1,3,2,0,2
ensures,7,2,0,2,2,0,2
ensuring,8,3,1,4,3,1,4
entail,6,3,1,4,3,1,4
entailed,8,5,2,7,5,2,7
entailing,9,4,2,6,4,2,6
entails,7,4,2,6,4,2,6
entangle,8,3,1,4,3,1,4
entangled,9,5,1,6,4,1,5
entanglement,12,3,2,5,2,2,4
entanglement's,14,4,0,4,3,1,4
entanglements,13,3,0,3,3,0,3
entangles,9,4,1,5,5,0,5
entangling,10,3,1,4,3,1,4
entente,7,1,2,3,2,0,2
entente's,9,3,1,4,4,0,4
ententes,8,3,0,3,3,0,3
enter,5,3,3,6,3,3,6
entered,7,2,1,3,2,0,2
entering,8,4,1,5,3,1,4
enterprise,10,4,0,4,3,0,3
enterprise's,12,5,0,5,3,2,5
enterprises,11,2,2,4,2,2,4
enterprising,12,3,0,3,3,0,3
enters,6,4,1,5,4,1,5
entertain,9,2,1,3,2,1,3
entertained,11,5,1,6,4,1,5
entertainer,11,5,1,6,4,1,5
entertainer's,13,2,0,2,2,0,2
entertainers,12,3,0,3,3,0,3
entertaining,12,2,1,3,2,1,3
entertaining's,14,2,0,2,3,0,3
entertainingly,14,2,1,3,2,1,3
entertainment,13,2,1,3,2,1,3
entertainment's,15,2,0,2,3,0,3
entertainments,14,2,0,2,3,0,3
entertains,10,4,0,4,4,0,4
enthral,7,4,2,6,3,2,5
enthrall,8,4,2,6,3,2,5
enthralled,10,5,1,6,4,2,6
enthralling,11,6,1,7,4,2,6
enthralls,9,5,1,6,5,1,6
enthrals,8,4,1,5,3,2,5
enthrone,8,1,3,4,1,3,4
enthroned,9,3,3,6,3,3,6
enthronement,12,3,2,5,2,2,4
enthronement's,14,4,0,4,3,1,4
enthronements,13,3,0,3,3,0,3
enthrones,9,2,2,4,2,2,4
enthroning,10,3,1,4,3,1,4
enthuse,7,3,2,5,4,3,7
enthused,8,3,1,4,3,1,4
enthuses,8,3,2,5,3,2,5
enthusiasm,10,4,0,4,3,0,3
enthusiasm's,12,2,0,2,3,0,3
enthusiasms,11,4,0,4,3,0,3
enthusiast,10,4,0,4,3,0,3
enthusiast's,12,2,0,2,3,0,3
enthusiastic,12,2,0,2,3,0,3
enthusiastically,16,2,0,2,2,0,2
enthusiasts,11,4,0,4,3,0,3
enthusing,9,5,1,6,5,1,6
entice,6,3,2,5,3,2,5
enticed,7,3,1,4,3,1,4
enticement,10,4,1,5,3,1,4
enticement's,12,6,0,6,4,0,4
enticements,11,4,0,4,4,0,4
entices,7,4,2,6,4,2,6
enticing,8,3,1,4,3,1,4
entire,6,3,2,5,3,2,5
entirely,8,4,1,5,3,1,4
entirety,8,4,1,5,3,1,4
entirety's,10,3,0,3,3,0,3
entities,8,4,0,4,4,0,4
entitle,7,3,3,6,3,1,4
entitled,8,5,2,7,4,2,6
entitlement,11,2,1,3,3,1,4
entitlement's,13,2,0,2,4,0,4
entitlements,12,5,0,5,4,0,4
entitles,8,4,1,5,4,0,4
entitling,9,4,2,6,5,1,6
entity,6,5,2,7,4,1,5
entity's,8,7,0,7,6,0,6
entomb,6,3,4,7,3,4,7
entombed,8,4,4,8,4,3,7
entombing,9,5,3,8,5,3,8
entombment,10,4,1,5,4,1,5
entombment's,12,4,0,4,5,0,5
entombs,7,4,3,7,4,3,7
entomological,13,2,2,4,2,1,3
entomologist,12,4,0,4,3,0,3
entomologist's,14,5,0,5,3,0,3
entomologists,13,3,0,3,3,0,3
entomology,10,3,2,5,2,2,4
entomology's,12,4,0,4,3,1,4
entourage,9,3,1,4,3,1,4
entourage's,11,3,0,3,3,0,3
entourages,10,4,0,4,4,0,4
entrails,8,5,1,6,5,1,6
entrails's,10,4,0,4,3,0,3
entrance,8,3,2,5,3,1,4
entrance's,10,3,0,3,4,0,4
entranced,9,4,1,5,5,1,6
entrances,9,4,0,4,4,0,4
entrancing,10,4,1,5,4,1,5
entrant,7,4,2,6,4,2,6
entrant's,9,7,0,7,6,0,6
entrants,8,4,1,5,5,1,6
entrap,6,2,3,5,2,3,5
entrapment,10,4,1,5,4,1,5
entrapment's,12,4,0,4,5,0,5
entrapped,9,4,2,6,4,1,5
entrapping,10,3,1,4,3,1,4
entraps,7,4,2,6,4,2,6
entreat,7,2,1,3,2,1,3
entreated,9,2,1,3,2,1,3
entreaties,10,4,0,4,4,0,4
entreating,10,5,1,6,3,1,4
entreats,8,3,2,5,2,2,4
entreaty,8,3,1,4,3,1,4
entreaty's,10,2,1,3,2,1,3
entrench,8,2,1,3,2,1,3
entrenched,10,2,1,3,2,1,3
entrenches,10,3,0,3,3,0,3
entrenching,11,2,1,3,2,1,3
entrenchment,12,1,2,3,1,2,3
entrenchment's,14,7,0,7,2,1,3
entrenchments,13,5,0,5,2,0,2
entrepreneur,12,1,2,3,1,2,3
entrepreneur's,14,3,0,3,2,1,3
entrepreneurial,15,2,1,3,2,1,3
entrepreneurs,13,3,0,3,2,0,2
entries,7,6,0,6,6,0,6
entropy,7,4,3,7,3,3,6
entropy's,9,6,2,8,5,0,5
entrust,7,3,0,3,3,0,3
entrusted,9,5,0,5,3,0,3
entrusting,10,7,0,7,4,0,4
entrusts,8,4,2,6,3,0,3
entry,5,4,3,7,2,4,6
entry's,7,5,3,8,5,3,8
entryway,8,2,2,4,3,3,6
entryway's,10,3,0,3,3,1,4
entryways,9,5,1,6,5,1,6
entrée,6,3,0,3,3,0,3
entrée's,8,5,0,5,5,0,5
entrées,7,5,1,6,5,1,6
entwine,7,3,2,5,3,2,5
entwined,8,4,2,6,4,2,6
entwines,8,4,0,4,4,0,4
entwining,9,4,2,6,4,2,6
enumerable,10,3,1,4,3,1,4
enumerate,9,3,1,4,3,1,4
enumerated,10,2,1,3,2,1,3
enumerates,10,4,0,4,4,0,4
enumerating,11,4,1,5,2,1,3
enumeration,11,2,1,3,2,1,3
enumeration's,13,6,0,6,3,0,3
enumerations,12,3,0,3,3,0,3
enunciate,9,5,1,6,5,1,6
enunciated,10,6,1,7,6,1,7
enunciates,10,6,0,6,6,0,6
enunciating,11,2,1,3,3,1,4
enunciation,11,2,1,3,3,1,4
enunciation's,13,5,0,5,4,0,4
enure,5,1,5,6,1,5,6
enured,6,4,2,6,4,0,4
enures,6,4,3,7,4,3,7
enuring,7,5,1,6,5,1,6
envelop,7,2,2,4,2,2,4
envelope,8,2,1,3,2,2,4
envelope's,10,3,0,3,3,1,4
enveloped,9,3,1,4,3,2,5
envelopes,9,3,1,4,3,1,4
enveloping,10,2,1,3,2,1,3
envelopment,11,1,2,3,1,2,3
envelopment's,13,3,0,3,2,0,2
envelops,8,3,2,5,3,2,5
enviable,8,5,1,6,3,1,4
enviably,8,4,1,5,2,2,4
envied,6,3,3,6,3,1,4
envies,6,3,4,7,3,4,7
envious,7,4,2,6,4,2,6
enviously,9,7,0,7,3,0,3
enviousness,11,2,0,2,2,0,2
enviousness's,13,2,0,2,2,0,2
environment,11,2,1,3,2,1,3
environment's,13,3,0,3,3,0,3
environmental,13,2,1,3,2,1,3
environmentalism,16,2,0,2,5,0,5
environmentalism's,18,3,0,3,5,0,5
environmentalist,16,2,0,2,5,0,5
environmentalist's,18,2,0,2,5,0,5
environmentalists,17,1,0,1,1,0,1
environmentally,15,2,1,3,2,1,3
environments,12,4,0,4,3,0,3
environs,8,4,1,5,4,0,4
environs's,10,3,0,3,3,0,3
envisage,8,2,1,3,3,1,4
envisaged,9,2,0,2,2,0,2
envisages,9,4,0,4,3,0,3
envisaging,10,3,0,3,3,0,3
envision,8,4,0,4,4,0,4
envisioned,10,3,0,3,3,0,3
envisioning,11,3,0,3,3,0,3
envisions,9,3,0,3,4,1,5
envoy,5,4,3,7,4,3,7
envoy's,7,5,1,6,5,1,6
envoys,6,5,3,8,5,3,8
envy,4,2,6,8,2,6,8
envy's,6,4,5,9,4,5,9
envying,7,4,2,6,4,2,6
enzyme,6,2,4,6,2,4,6
enzyme's,8,4,2,6,4,2,6
enzymes,7,3,4,7,3,4,7
eon,3,3,9,12,3,9,12
eon's,5,4,1,5,4,1,5
eons,4,3,1,4,3,1,4
epaulet,7,3,2,5,2,4,6
epaulet's,9,3,1,4,3,0,3
epaulets,8,4,1,5,3,1,4
epaulette,9,2,1,3,2,1,3
epaulette's,11,3,0,3,3,0,3
epaulettes,10,2,0,2,2,0,2
ephemeral,9,1,1,2,1,1,2
epic,4,2,6,8,2,6,8
epic's,6,4,5,9,4,5,9
epicenter,9,3,2,5,2,2,4
epicenter's,11,5,1,6,5,1,6
epicenters,10,3,0,3,5,0,5
epics,5,3,4,7,3,4,7
epicure,7,4,2,6,4,2,6
epicure's,9,3,0,3,3,0,3
epicurean,9,2,2,4,2,2,4
epicurean's,11,4,1,5,3,1,4
epicureans,10,3,0,3,3,0,3
epicures,8,3,1,4,3,1,4
epidemic,8,1,2,3,1,2,3
epidemic's,10,3,0,3,3,0,3
epidemics,9,5,0,5,3,0,3
epidemiology,12,2,1,3,2,1,3
epidemiology's,14,2,1,3,3,0,3
epidermal,9,2,2,4,2,2,4
epidermis,9,5,0,5,3,0,3
epidermis's,11,5,0,5,3,0,3
epidermises,11,5,0,5,3,0,3
epiglottides,12,2,1,3,3,0,3
epiglottis,10,3,0,3,3,0,3
epiglottis's,12,4,0,4,4,0,4
epiglottises,12,4,0,4,4,0,4
epigram,7,3,1,4,3,1,4
epigram's,9,4,0,4,5,0,5
epigrammatic,12,2,1,3,2,1,3
epigrams,8,3,2,5,5,0,5
epilepsy,8,2,0,2,2,0,2
epilepsy's,10,4,1,5,2,0,2
epileptic,9,3,1,4,2,1,3
epileptic's,11,4,0,4,4,0,4
epileptics,10,4,0,4,4,0,4
epilog,6,3,1,4,3,1,4
epilog's,8,5,2,7,6,1,7
epilogs,7,4,3,7,4,3,7
epilogue,8,2,2,4,2,2,4
epilogue's,10,3,1,4,3,1,4
epilogues,9,3,1,4,3,1,4
episcopacy,10,5,0,5,4,0,4
episcopacy's,12,3,0,3,3,0,3
episcopal,9,2,0,2,2,0,2
episcopate,10,5,0,5,3,0,3
episcopate's,12,2,0,2,2,0,2
episode,7,5,0,5,5,1,6
episode's,9,6,0,6,6,0,6
episodes,8,5,0,5,5,0,5
episodic,8,3,0,3,3,0,3
epistemology,12,2,0,2,2,0,2
epistle,7,4,1,5,4,2,6
epistle's,9,5,1,6,5,1,6
epistles,8,4,1,5,4,1,5
epistolary,10,5,0,5,4,0,4
epitaph,7,3,1,4,3,1,4
epitaph's,9,4,2,6,4,1,5
epitaphs,8,4,2,6,5,0,5
epithet,7,3,3,6,2,4,6
epithet's,9,3,1,4,3,0,3
epithets,8,4,1,5,4,2,6
epitome,7,3,3,6,3,3,6
epitome's,9,4,2,6,4,2,6
epitomes,8,4,0,4,4,0,4
epitomize,9,2,2,4,2,2,4
epitomized,10,4,2,6,3,2,5
epitomizes,10,3,1,4,3,1,4
epitomizing,11,2,1,3,2,1,3
epoch,5,4,4,8,4,4,8
epoch's,7,6,3,9,6,3,9
epochal,7,4,2,6,3,2,5
epochs,6,3,4,7,3,4,7
epoxied,7,6,3,9,6,3,9
epoxies,7,4,1,5,4,1,5
epoxy,5,3,4,7,3,4,7
epoxy's,7,5,3,8,5,3,8
epoxyed,7,5,4,9,5,4,9
epoxying,8,5,3,8,5,3,8
epsilon,7,3,0,3,3,1,4
equability,10,2,2,4,2,2,4
equability's,12,4,1,5,10,0,10
equable,7,2,2,4,2,1,3
equably,7,6,3,9,4,3,7
equal,5,3,4,7,3,3,6
equal's,7,5,2,7,5,2,7
equaled,7,5,3,8,5,4,9
equaling,8,7,2,9,8,2,10
equality,8,3,2,5,2,3,5
equality's,10,3,1,4,4,2,6
equalization,12,7,1,8,6,1,7
equalization's,14,7,0,7,7,0,7
equalize,8,3,1,4,2,2,4
equalized,9,4,1,5,3,3,6
equalizer,9,1,3,4,3,3,6
equalizer's,11,2,1,3,3,1,4
equalizers,10,3,1,4,5,1,6
equalizes,9,3,1,4,3,1,4
equalizing,10,5,1,6,5,1,6
equalled,8,4,2,6,4,2,6
equalling,9,6,1,7,6,1,7
equally,7,6,3,9,4,3,7
equals,6,3,3,6,3,3,6
equanimity,10,3,1,4,3,1,4
equanimity's,12,3,0,3,9,1,10
equate,6,2,3,5,2,3,5
equated,7,5,2,7,4,1,5
equates,7,4,3,7,4,3,7
equating,8,6,1,7,7,3,10
equation,8,4,2,6,4,2,6
equation's,10,6,1,7,6,1,7
equations,9,5,2,7,5,2,7
equator,7,5,3,8,5,3,8
equator's,9,7,1,8,7,1,8
equatorial,10,2,2,4,2,2,4
equators,8,3,1,4,3,1,4
equestrian,10,2,0,2,2,0,2
equestrian's,12,2,0,2,2,0,2
equestrians,11,2,0,2,2,0,2
equestrienne,12,3,0,3,3,0,3
equestrienne's,14,3,0,3,2,0,2
equestriennes,13,2,1,3,2,0,2
equidistant,11,3,0,3,2,0,2
equilateral,11,2,1,3,1,1,2
equilateral's,13,3,1,4,2,0,2
equilaterals,12,4,0,4,3,1,4
equilibrium,11,2,2,4,2,1,3
equilibrium's,13,2,1,3,3,0,3
equine,6,4,1,5,4,1,5
equine's,8,6,1,7,6,1,7
equines,7,5,0,5,5,0,5
equinoctial,11,2,1,3,3,1,4
equinox,7,2,2,4,2,2,4
equinox's,9,5,1,6,4,2,6
equinoxes,9,4,1,5,4,1,5
equip,5,3,3,6,3,3,6
equipage,8,3,1,4,3,1,4
equipage's,10,4,1,5,3,1,4
equipages,9,3,1,4,3,1,4
equipment,9,5,1,6,4,2,6
equipment's,11,6,0,6,5,0,5
equipoise,9,2,0,2,2,0,2
equipoise's,11,4,0,4,2,0,2
equipped,8,3,4,7,3,4,7
equipping,9,4,1,5,4,1,5
equips,6,3,4,7,3,4,7
equitable,9,5,1,6,7,2,9
equitably,9,3,1,4,3,2,5
equities,8,4,1,5,4,1,5
equity,6,4,3,7,4,4,8
equity's,8,5,1,6,4,3,7
equivalence,11,2,1,3,1,1,2
equivalence's,13,2,1,3,2,0,2
equivalences,12,3,0,3,3,0,3
equivalent,10,3,2,5,2,2,4
equivalent's,12,5,1,6,3,1,4
equivalently,12,2,1,3,2,1,3
equivalents,11,5,0,5,3,1,4
equivocal,9,2,2,4,3,2,5
equivocally,11,2,1,3,2,1,3
equivocate,10,2,1,3,2,1,3
equivocated,11,4,1,5,2,1,3
equivocates,11,4,0,4,3,0,3
equivocating,12,6,1,7,4,1,5
equivocation,12,4,1,5,4,1,5
equivocation's,14,6,0,6,4,0,4
equivocations,13,5,0,5,3,0,3
era,3,3,1,4,3,1,4
era's,5,4,3,7,4,3,7
eradicate,9,4,1,5,4,1,5
eradicated,10,2,1,3,2,1,3
eradicates,10,5,0,5,5,0,5
eradicating,11,4,1,5,4,1,5
eradication,11,6,1,7,4,1,5
eradication's,13,8,0,8,5,0,5
eras,4,3,1,4,3,1,4
erase,5,2,1,3,2,1,3
erased,6,3,0,3,3,3,6
eraser,6,3,0,3,3,1,4
eraser's,8,3,1,4,4,0,4
erasers,7,2,1,3,3,0,3
erases,6,3,1,4,3,2,5
erasing,7,4,0,4,4,0,4
erasure,7,2,1,3,3,0,3
erasure's,9,3,1,4,3,1,4
erasures,8,2,1,3,2,1,3
ere,3,2,4,6,2,4,6
erect,5,2,1,3,2,1,3
erected,7,4,3,7,4,2,6
erectile,8,2,1,3,2,1,3
erecting,8,6,3,9,6,3,9
erection,8,6,3,9,6,3,9
erection's,10,8,2,10,8,2,10
erections,9,4,0,4,4,0,4
erectly,7,3,1,4,3,1,4
erectness,9,2,0,2,2,0,2
erectness's,11,2,0,2,2,0,2
erects,6,3,2,5,3,2,5
erg,3,2,4,6,2,3,5
erg's,5,4,3,7,4,3,7
ergo,4,3,3,6,3,3,6
ergonomic,9,4,1,5,2,1,3
ergonomics,10,3,1,4,3,0,3
ergonomics's,12,4,0,4,3,0,3
ergs,4,3,4,7,3,3,6
ermine,6,3,2,5,3,2,5
ermine's,8,5,2,7,5,2,7
ermines,7,4,1,5,4,1,5
erode,5,3,2,5,3,2,5
eroded,6,3,2,5,3,1,4
erodes,6,4,1,5,4,1,5
eroding,7,6,3,9,6,2,8
erogenous,9,3,1,4,3,1,4
erosion,7,4,1,5,5,0,5
erosion's,9,5,1,6,6,0,6
erosive,7,4,1,5,4,4,8
erotic,6,6,2,8,6,2,8
erotica,7,4,2,6,3,4,7
erotica's,9,5,0,5,4,0,4
erotically,10,9,1,10,9,1,10
eroticism,9,3,0,3,3,0,3
eroticism's,11,5,0,5,3,0,3
err,3,1,8,9,2,6,8
errand,6,5,2,7,5,2,7
errand's,8,5,1,6,4,1,5
errands,7,6,1,7,5,1,6
errant,6,4,3,7,4,3,7
errata,6,3,2,5,3,2,5
errata's,8,5,1,6,4,1,5
erratas,7,3,2,5,3,2,5
erratic,7,4,1,5,4,1,5
erratically,11,5,1,6,3,1,4
erratum,7,3,2,5,3,2,5
erratum's,9,5,0,5,4,0,4
erred,5,2,1,3,2,1,3
erring,6,4,3,7,5,2,7
erroneous,9,3,0,3,3,1,4
erroneously,11,6,0,6,5,0,5
error,5,2,5,7,3,3,6
error's,7,5,2,7,5,2,7
errors,6,3,4,7,4,3,7
errs,4,3,3,6,3,2,5
ersatz,6,3,0,3,3,0,3
ersatz's,8,3,1,4,2,1,3
ersatzes,8,3,0,3,2,1,3
erstwhile,9,2,0,2,2,0,2
erudite,7,3,2,5,3,2,5
eruditely,9,2,1,3,2,1,3
erudition,9,3,1,4,4,1,5
erudition's,11,6,0,6,4,0,4
erupt,5,3,5,8,3,5,8
erupted,7,5,3,8,5,2,7
erupting,8,7,2,9,5,3,8
eruption,8,5,2,7,5,2,7
eruption's,10,7,1,8,7,1,8
eruptions,9,6,2,8,6,2,8
erupts,6,5,2,7,5,2,7
erythrocyte,11,2,2,4,2,1,3
erythrocyte's,13,2,1,3,3,0,3
erythrocytes,12,3,0,3,3,0,3
es,2,2,2,4,2,2,4
escalate,8,5,0,5,5,0,5
escalated,9,4,0,4,3,0,3
escalates,9,5,0,5,5,0,5
escalating,10,4,0,4,8,0,8
escalation,10,4,0,4,8,0,8
escalation's,12,2,0,2,2,0,2
escalations,11,4,0,4,7,0,7
escalator,9,4,0,4,3,0,3
escalator's,11,4,0,4,7,0,7
escalators,10,4,0,4,3,0,3
escapade,8,4,1,5,4,1,5
escapade's,10,4,0,4,3,0,3
escapades,9,4,1,5,4,1,5
escape,6,4,1,5,3,2,5
escape's,8,5,1,6,4,1,5
escaped,7,4,1,5,2,0,2
escapee,7,4,1,5,2,0,2
escapee's,9,2,1,3,3,0,3
escapees,8,3,1,4,3,0,3
escapes,7,4,1,5,3,1,4
escaping,8,3,0,3,4,0,4
escapism,8,7,0,7,7,0,7
escapism's,10,8,0,8,8,0,8
escapist,8,6,1,7,6,1,7
escapist's,10,7,1,8,7,1,8
escapists,9,4,0,4,3,0,3
escarole,8,2,1,3,3,0,3
escarole's,10,3,1,4,2,1,3
escaroles,9,3,0,3,3,0,3
escarpment,10,3,0,3,3,0,3
escarpment's,12,3,0,3,3,0,3
escarpments,11,3,0,3,3,0,3
eschatology,11,1,1,2,1,1,2
eschew,6,4,1,5,4,2,6
eschewed,8,2,1,3,2,0,2
eschewing,9,1,3,4,2,1,3
eschews,7,2,1,3,2,0,2
escort,6,3,0,3,3,0,3
escort's,8,4,1,5,3,1,4
escorted,8,3,1,4,3,0,3
escorting,9,3,1,4,2,1,3
escorts,7,3,1,4,3,0,3
escrow,6,3,0,3,3,0,3
escrow's,8,4,1,5,3,1,4
escrows,7,3,1,4,3,0,3
escutcheon,10,2,1,3,2,1,3
escutcheon's,12,2,1,3,2,1,3
escutcheons,11,1,2,3,2,1,3
esophagi,8,3,0,3,3,0,3
esophagus,9,3,0,3,3,0,3
esophagus's,11,3,0,3,3,0,3
esophaguses,11,3,0,3,3,0,3
esoteric,8,4,1,5,3,0,3
esoterically,12,2,0,2,2,0,2
espadrille,10,3,0,3,3,0,3
espadrille's,12,3,0,3,3,0,3
espadrilles,11,3,0,3,3,0,3
especial,8,4,0,4,2,0,2
especially,10,3,0,3,3,0,3
espied,6,2,1,3,3,3,6
espies,6,2,0,2,2,1,3
espionage,9,3,0,3,3,0,3
espionage's,11,3,0,3,3,0,3
esplanade,9,2,0,2,2,0,2
esplanade's,11,2,0,2,2,0,2
esplanades,10,2,0,2,2,0,2
espousal,8,4,0,4,2,0,2
espousal's,10,2,0,2,2,0,2
espouse,7,1,1,2,2,3,5
espoused,8,4,0,4,2,0,2
espouses,8,1,1,2,2,0,2
espousing,9,2,0,2,2,0,2
espresso,8,1,0,1,1,0,1
espresso's,10,1,0,1,1,0,1
espressos,9,1,0,1,1,0,1
espy,4,2,1,3,2,1,3
espying,7,2,1,3,2,1,3
esquire,7,2,1,3,5,2,7
esquire's,9,3,1,4,2,1,3
esquires,8,3,2,5,2,1,3
essay,5,2,1,3,2,1,3
essay's,7,3,1,4,2,0,2
essayed,7,2,0,2,2,0,2
essaying,8,2,0,2,2,0,2
essayist,8,2,0,2,2,0,2
essayist's,10,3,0,3,2,0,2
essayists,9,1,0,1,1,0,1
essays,6,2,0,2,2,0,2
essence,7,2,1,3,3,0,3
essence's,9,1,1,2,1,1,2
essences,8,2,0,2,2,0,2
essential,9,2,0,2,2,0,2
essential's,11,2,0,2,2,0,2
essentially,11,2,0,2,2,0,2
essentials,10,2,0,2,2,0,2
establish,9,3,0,3,3,0,3
established,11,1,0,1,1,0,1
establishes,11,3,0,3,2,0,2
establishing,12,2,0,2,2,0,2
establishment,13,1,0,1,1,0,1
establishment's,15,1,0,1,1,0,1
establishments,14,2,0,2,2,0,2
estate,6,3,2,5,4,1,5
estate's,8,4,2,6,5,0,5
estates,7,3,2,5,4,0,4
esteem,6,1,2,3,2,0,2
esteem's,8,3,1,4,2,1,3
esteemed,8,2,1,3,2,0,2
esteeming,9,3,1,4,2,1,3
esteems,7,2,1,3,2,0,2
ester,5,3,1,4,2,2,4
ester's,7,2,1,3,2,0,2
esters,6,2,0,2,2,0,2
esthete,7,2,1,3,2,0,2
esthete's,9,3,1,4,2,1,3
esthetes,8,2,3,5,2,1,3
esthetic,8,4,1,5,3,0,3
esthetics,9,2,2,4,2,1,3
estimable,9,3,0,3,3,0,3
estimate,8,3,0,3,3,0,3
estimate's,10,5,0,5,3,0,3
estimated,9,4,0,4,3,0,3
estimates,9,3,0,3,3,0,3
estimating,10,3,0,3,7,0,7
estimation,10,5,0,5,7,0,7
estimation's,12,5,0,5,3,0,3
estimations,11,6,0,6,4,0,4
estimator,9,4,0,4,3,0,3
estimator's,11,6,0,6,4,0,4
estimators,10,5,0,5,3,0,3
estrange,8,3,0,3,3,0,3
estranged,9,4,0,4,2,1,3
estrangement,12,2,0,2,2,0,2
estrangement's,14,2,0,2,2,0,2
estrangements,13,2,0,2,2,0,2
estranges,9,5,0,5,5,0,5
estranging,10,4,0,4,3,0,3
estrogen,8,3,1,4,3,0,3
estrogen's,10,2,1,3,2,1,3
estuaries,9,5,0,5,5,0,5
estuary,7,3,1,4,3,0,3
estuary's,9,4,0,4,3,0,3
eta,3,2,2,4,2,2,4
etch,4,1,6,7,2,6,8
etched,6,3,3,6,3,2,5
etcher,6,2,3,5,3,3,6
etcher's,8,4,2,6,4,1,5
etchers,7,2,3,5,3,1,4
etches,6,2,4,6,2,4,6
etching,7,4,4,8,4,4,8
etching's,9,5,1,6,5,1,6
etchings,8,4,2,6,4,1,5
eternal,7,2,1,3,2,1,3
eternally,9,2,1,3,2,1,3
eternities,10,3,1,4,3,0,3
eternity,8,2,1,3,2,1,3
eternity's,10,3,0,3,3,0,3
ether,5,3,2,5,3,2,5
ether's,7,5,1,6,5,1,6
ethereal,8,1,1,2,1,1,2
ethereally,10,1,1,2,1,1,2
ethic,5,2,4,6,2,4,6
ethic's,7,4,2,6,4,2,6
ethical,7,3,1,4,3,1,4
ethically,9,3,1,4,3,2,5
ethics,6,3,1,4,3,1,4
ethics's,8,4,1,5,3,0,3
ethnic,6,3,1,4,3,1,4
ethnic's,8,6,0,6,4,0,4
ethnically,10,7,1,8,4,1,5
ethnicity,9,3,1,4,4,1,5
ethnicity's,11,4,1,5,4,0,4
ethnics,7,5,2,7,5,2,7
ethnological,12,9,1,10,9,1,10
ethnologist,11,8,0,8,8,0,8
ethnologist's,13,9,0,9,9,0,9
ethnologists,12,8,0,8,8,0,8
ethnology,9,3,2,5,4,1,5
ethnology's,11,4,0,4,4,1,5
ethos,5,4,4,8,4,4,8
ethos's,7,3,2,5,3,2,5
etiologies,10,3,1,4,3,1,4
etiology,8,2,2,4,3,2,5
etiology's,10,4,0,4,5,1,6
etiquette,9,3,2,5,2,1,3
etiquette's,11,5,1,6,3,0,3
etymological,12,8,2,10,8,2,10
etymologies,11,3,0,3,2,1,3
etymologist,11,7,1,8,7,1,8
etymologist's,13,8,1,9,8,1,9
etymologists,12,7,1,8,7,1,8
etymology,9,3,2,5,2,3,5
etymology's,11,4,0,4,4,1,5
eucalypti,9,2,1,3,5,2,7
eucalyptus,10,4,0,4,3,1,4
eucalyptus's,12,2,1,3,2,1,3
eucalyptuses,12,2,1,3,2,1,3
eugenics,8,4,1,5,4,1,5
eugenics's,10,5,2,7,2,0,2
eulogies,8,4,1,5,4,1,5
eulogistic,10,5,1,6,3,0,3
eulogize,8,2,3,5,3,3,6
eulogized,9,4,2,6,4,2,6
eulogizes,9,4,1,5,4,1,5
eulogizing,10,4,1,5,4,1,5
eulogy,6,3,5,8,2,4,6
eulogy's,8,4,3,7,3,3,6
eunuch,6,3,4,7,4,3,7
eunuch's,8,5,3,8,6,2,8
eunuchs,7,3,1,4,3,1,4
euphemism,9,5,0,5,5,0,5
euphemism's,11,4,1,5,6,0,6
euphemisms,10,2,3,5,3,0,3
euphemistic,11,2,0,2,2,0,2
euphemistically,15,5,0,5,3,0,3
euphony,7,4,3,7,3,3,6
euphony's,9,6,2,8,4,2,6
euphoria,8,2,2,4,2,2,4
euphoria's,10,4,1,5,4,0,4
euphoric,8,5,2,7,5,2,7
eureka,6,2,3,5,2,3,5
euro,4,3,4,7,3,4,7
euro's,6,5,3,8,5,3,8
euros,5,4,4,8,4,4,8
eutectic,8,2,2,4,2,2,4
euthanasia,10,2,2,4,2,1,3
euthanasia's,12,3,1,4,2,0,2
evacuate,8,4,2,6,4,2,6
evacuated,9,5,2,7,5,2,7
evacuates,9,5,1,6,5,1,6
evacuating,10,9,1,10,9,1,10
evacuation,10,9,1,10,9,1,10
evacuation's,12,11,0,11,11,0,11
evacuations,11,10,0,10,10,0,10
evacuee,7,1,1,2,2,0,2
evacuee's,9,2,1,3,2,1,3
evacuees,8,2,0,2,2,0,2
evade,5,3,3,6,3,3,6
evaded,6,3,3,6,3,2,5
evades,6,4,2,6,4,2,6
evading,7,5,3,8,5,3,8
evaluate,8,3,2,5,3,2,5
evaluated,9,4,2,6,4,2,6
evaluates,9,4,1,5,4,1,5
evaluating,10,8,2,10,8,2,10
evaluation,10,8,2,10,8,2,10
evaluation's,12,10,1,11,10,1,11
evaluations,11,9,1,10,9,1,10
evanescent,10,2,1,3,2,0,2
evangelical,11,2,1,3,2,1,3
evangelical's,13,2,1,3,3,0,3
evangelicals,12,3,0,3,4,0,4
evangelism,10,4,2,6,2,1,3
evangelism's,12,6,1,7,10,0,10
evangelist,10,4,0,4,4,1,5
evangelist's,12,5,0,5,9,1,10
evangelistic,12,5,0,5,3,1,4
evangelists,11,3,1,4,4,0,4
evangelize,10,3,1,4,3,1,4
evangelized,11,2,1,3,2,1,3
evangelizes,11,3,0,3,3,0,3
evangelizing,12,2,1,3,2,1,3
evaporate,9,5,2,7,5,2,7
evaporated,10,4,2,6,4,2,6
evaporates,10,6,1,7,6,1,7
evaporating,11,6,2,8,8,2,10
evaporation,11,7,2,9,7,2,9
evaporation's,13,9,1,10,9,1,10
evasion,7,5,0,5,5,0,5
evasion's,9,6,0,6,6,0,6
evasions,8,3,1,4,3,1,4
evasive,7,4,0,4,3,1,4
evasively,9,3,0,3,3,0,3
evasiveness,11,4,0,4,3,0,3
evasiveness's,13,4,0,4,3,0,3
eve,3,2,2,4,2,2,4
eve's,5,4,0,4,4,0,4
even,4,2,4,6,2,3,5
even's,6,4,2,6,4,2,6
evened,6,4,0,4,4,0,4
evener,6,3,1,4,3,1,4
evenest,7,4,1,5,4,1,5
evenhanded,10,2,1,3,2,1,3
evening,7,2,3,5,2,3,5
evening's,9,3,1,4,3,1,4
evenings,8,3,2,5,3,1,4
evenly,6,3,1,4,3,1,4
evenness,8,2,0,2,2,0,2
evenness's,10,2,0,2,2,0,2
evens,5,3,2,5,3,2,5
event,5,2,4,6,2,4,6
event's,7,4,3,7,4,3,7
eventful,8,4,1,5,5,1,6
eventfully,10,6,1,7,6,1,7
eventfulness,12,2,0,2,2,0,2
eventfulness's,14,2,0,2,2,0,2
eventide,8,1,3,4,1,3,4
eventide's,10,5,0,5,5,0,5
events,6,3,2,5,3,2,5
eventual,8,4,1,5,5,1,6
eventualities,13,7,0,7,3,0,3
eventuality,11,3,1,4,3,1,4
eventuality's,13,7,0,7,2,1,3
eventually,10,6,1,7,6,1,7
eventuate,9,4,2,6,3,2,5
eventuated,10,2,1,3,2,1,3
eventuates,10,4,1,5,3,0,3
eventuating,11,3,2,5,2,1,3
ever,4,3,4,7,3,3,6
everglade,9,3,3,6,2,3,5
everglade's,11,3,1,4,2,1,3
everglades,10,5,0,5,2,1,3
evergreen,9,1,1,2,1,1,2
evergreen's,11,2,0,2,2,0,2
evergreens,10,2,0,2,2,0,2
everlasting,11,3,0,3,2,0,2
everlasting's,13,2,0,2,2,0,2
everlastings,12,2,1,3,2,0,2
evermore,8,2,1,3,2,1,3
every,5,3,3,6,3,3,6
everybody,9,2,2,4,1,3,4
everybody's,11,4,0,4,2,1,3
everyday,8,1,3,4,1,3,4
everyone,8,3,1,4,3,1,4
everyone's,10,5,0,5,5,0,5
everyplace,10,2,1,3,2,1,3
everything,10,5,1,6,5,1,6
everything's,12,3,0,3,3,0,3
everywhere,10,1,1,2,1,1,2
eves,4,3,2,5,3,1,4
evict,5,4,2,6,4,2,6
evicted,7,4,2,6,4,3,7
evicting,8,5,1,6,5,1,6
eviction,8,3,1,4,3,1,4
eviction's,10,5,0,5,3,0,3
evictions,9,5,1,6,4,1,5
evicts,6,5,2,7,5,2,7
evidence,8,3,1,4,2,1,3
evidence's,10,5,0,5,5,0,5
evidenced,9,2,2,4,2,2,4
evidences,9,4,0,4,3,0,3
evidencing,10,2,1,3,2,1,3
evident,7,5,1,6,5,1,6
evidently,9,5,1,6,3,1,4
evil,4,3,5,8,3,5,8
evil's,6,5,3,8,5,3,8
evildoer,8,2,1,3,2,1,3
evildoer's,10,4,1,5,3,1,4
evildoers,9,4,1,5,3,2,5
eviler,6,2,4,6,2,4,6
evilest,7,4,1,5,4,1,5
eviller,7,2,4,6,3,3,6
evillest,8,4,0,4,4,0,4
evilly,6,3,1,4,3,1,4
evils,5,4,2,6,4,2,6
evince,6,2,0,2,2,0,2
evinced,7,3,4,7,3,4,7
evinces,7,4,0,4,4,0,4
evincing,8,3,1,4,3,1,4
eviscerate,10,4,0,4,3,0,3
eviscerated,11,4,0,4,3,0,3
eviscerates,11,4,0,4,3,0,3
eviscerating,12,3,0,3,9,0,9
evisceration,12,4,0,4,9,0,9
evisceration's,14,4,0,4,3,0,3
evocation,9,6,2,8,5,2,7
evocation's,11,8,1,9,7,1,8
evocations,10,4,0,4,6,0,6
evocative,9,3,1,4,3,1,4
evoke,5,2,5,7,2,5,7
evoked,6,3,3,6,3,3,6
evokes,6,3,3,6,3,3,6
evoking,7,5,4,9,5,4,9
evolution,9,5,2,7,6,1,7
evolution's,11,7,1,8,8,0,8
evolutionary,12,4,1,5,3,1,4
evolve,6,1,5,6,2,5,7
evolved,7,3,4,7,3,4,7
evolves,7,3,3,6,3,3,6
evolving,8,5,2,7,6,2,8
ewe,3,2,5,7,2,5,7
ewe's,5,4,1,5,4,1,5
ewer,4,2,5,7,2,4,6
ewer's,6,4,1,5,4,1,5
ewers,5,3,2,5,3,2,5
ewes,4,3,3,6,3,2,5
ex,2,1,6,7,1,6,7
ex's,4,3,4,7,3,6,9
exacerbate,10,2,1,3,2,1,3
exacerbated,11,1,2,3,1,1,2
exacerbates,11,4,0,4,3,0,3
exacerbating,12,5,1,6,4,1,5
exacerbation,12,6,1,7,4,1,5
exacerbation's,14,7,0,7,3,0,3
exact,5,4,4,8,4,4,8
exacted,7,5,2,7,5,2,7
exacter,7,2,3,5,2,4,6
exactest,8,3,0,3,3,0,3
exacting,8,8,1,9,8,1,9
exactingly,10,3,1,4,3,1,4
exactitude,10,2,1,3,2,1,3
exactitude's,12,3,0,3,3,0,3
exactly,7,2,2,4,2,2,4
exactness,9,4,0,4,4,0,4
exactness's,11,5,0,5,5,0,5
exacts,6,5,3,8,5,3,8
exaggerate,10,2,1,3,2,1,3
exaggerated,11,1,2,3,2,1,3
exaggerates,11,3,0,3,3,0,3
exaggerating,12,3,1,4,3,1,4
exaggeration,12,6,1,7,4,1,5
exaggeration's,14,7,0,7,3,0,3
exaggerations,13,6,0,6,3,0,3
exalt,5,3,4,7,3,4,7
exaltation,10,7,1,8,5,1,6
exaltation's,12,8,0,8,5,0,5
exalted,7,3,3,6,4,2,6
exalting,8,7,2,9,7,2,9
exalts,6,3,4,7,3,4,7
exam,4,3,2,5,3,2,5
exam's,6,5,2,7,5,2,7
examination,11,5,1,6,4,1,5
examination's,13,6,0,6,5,0,5
examinations,12,6,0,6,4,0,4
examine,7,5,1,6,5,2,7
examined,8,3,1,4,3,1,4
examiner,8,3,2,5,3,2,5
examiner's,10,5,0,5,4,0,4
examiners,9,4,0,4,4,0,4
examines,8,4,0,4,4,0,4
examining,9,3,1,4,2,1,3
example,7,4,2,6,4,3,7
example's,9,5,1,6,4,1,5
exampled,8,3,2,5,3,2,5
examples,8,3,1,4,3,1,4
exampling,9,6,1,7,6,1,7
exams,5,4,3,7,4,3,7
exasperate,10,4,0,4,3,0,3
exasperated,11,2,1,3,3,0,3
exasperates,11,4,0,4,3,0,3
exasperating,12,5,0,5,4,0,4
exasperation,12,7,0,7,4,0,4
exasperation's,14,4,0,4,3,0,3
excavate,8,2,1,3,2,1,3
excavated,9,3,1,4,3,1,4
excavates,9,3,0,3,3,0,3
excavating,10,5,1,6,4,1,5
excavation,10,8,1,9,8,1,9
excavation's,12,10,0,10,10,0,10
excavations,11,9,0,9,9,0,9
excavator,9,2,2,4,2,2,4
excavator's,11,5,1,6,4,1,5
excavators,10,7,0,7,3,1,4
exceed,6,2,1,3,1,2,3
exceeded,8,1,1,2,1,1,2
exceeding,9,1,1,2,1,1,2
exceedingly,11,2,1,3,1,1,2
exceeds,7,3,1,4,3,1,4
excel,5,4,3,7,4,3,7
excelled,8,5,2,7,5,1,6
excellence,10,2,1,3,2,1,3
excellence's,12,3,0,3,3,0,3
excellent,9,5,1,6,4,1,5
excellently,11,1,2,3,3,1,4
excelling,9,7,1,8,7,1,8
excels,6,5,1,6,5,1,6
except,6,3,1,4,3,1,4
excepted,8,4,1,5,3,2,5
excepting,9,6,2,8,6,2,8
exception,9,3,1,4,3,1,4
exception's,11,3,0,3,3,0,3
exceptionable,13,8,1,9,2,1,3
exceptional,11,3,1,4,3,1,4
exceptionally,13,8,1,9,2,1,3
exceptions,10,6,0,6,3,1,4
excepts,7,4,1,5,4,1,5
excerpt,7,2,3,5,2,3,5
excerpt's,9,3,1,4,5,0,5
excerpted,9,2,2,4,3,2,5
excerpting,10,4,2,6,3,2,5
excerpts,8,3,0,3,3,0,3
excess,6,2,1,3,2,1,3
excess's,8,3,1,4,3,1,4
excesses,8,2,1,3,2,1,3
excessive,9,3,1,4,3,0,3
excessively,11,4,0,4,2,0,2
exchange,8,3,2,5,3,1,4
exchange's,10,4,1,5,3,0,3
exchangeable,12,1,2,3,1,2,3
exchanged,9,6,1,7,4,1,5
exchanges,9,4,0,4,4,0,4
exchanging,10,5,1,6,4,1,5
exchequer,9,2,2,4,1,3,4
exchequer's,11,4,1,5,5,1,6
exchequers,10,3,0,3,2,2,4
excise,6,5,1,6,5,1,6
excise's,8,4,1,5,6,0,6
excised,7,6,0,6,6,0,6
excises,7,5,1,6,5,0,5
excising,8,4,0,4,4,0,4
excision,8,4,0,4,4,0,4
excision's,10,4,1,5,5,0,5
excisions,9,4,0,4,4,1,5
excitability,12,5,1,6,3,1,4
excitability's,14,6,0,6,3,0,3
excitable,9,4,3,7,6,3,9
excitation,10,6,1,7,4,1,5
excitation's,12,9,0,9,4,0,4
excite,6,2,3,5,2,3,5
excited,7,4,1,5,4,3,7
excitedly,9,1,1,2,1,1,2
excitement,10,4,1,5,3,1,4
excitement's,12,5,0,5,4,0,4
excitements,11,4,0,4,3,0,3
excites,7,3,2,5,3,2,5
exciting,8,6,1,7,6,1,7
excitingly,10,2,1,3,2,1,3
exclaim,7,3,2,5,3,2,5
exclaimed,9,4,2,6,5,2,7
exclaiming,10,7,1,8,7,1,8
exclaims,8,7,2,9,7,0,7
exclamation,11,6,1,7,4,1,5
exclamation's,13,8,0,8,5,0,5
exclamations,12,6,0,6,5,0,5
exclamatory,11,9,2,11,9,2,11
exclude,7,5,4,9,2,4,6
excluded,8,5,1,6,5,1,6
excludes,8,6,3,9,6,3,9
excluding,9,6,2,8,6,2,8
exclusion,9,8,0,8,8,0,8
exclusion's,11,9,0,9,9,0,9
exclusive,9,3,1,4,3,1,4
exclusive's,11,6,0,6,6,0,6
exclusively,11,8,0,8,8,0,8
exclusiveness,13,8,0,8,8,0,8
exclusiveness's,15,9,0,9,9,0,9
exclusives,10,3,1,4,3,1,4
exclusivity,11,3,1,4,3,1,4
exclusivity's,13,5,0,5,3,0,3
excommunicate,13,2,1,3,2,1,3
excommunicated,14,3,1,4,3,1,4
excommunicates,14,3,0,3,3,0,3
excommunicating,15,2,1,3,2,1,3
excommunication,15,2,1,3,2,1,3
excommunication's,17,2,0,2,2,0,2
excommunications,16,3,0,3,2,0,2
excoriate,9,5,1,6,4,2,6
excoriated,10,6,1,7,5,2,7
excoriates,10,6,0,6,5,1,6
excoriating,11,6,1,7,4,1,5
excoriation,11,6,1,7,3,1,4
excoriation's,13,8,0,8,4,0,4
excoriations,12,5,0,5,3,0,3
excrement,9,4,2,6,4,2,6
excrement's,11,6,1,7,6,1,7
excrescence,11,2,0,2,2,0,2
excrescence's,13,2,0,2,2,0,2
excrescences,12,2,0,2,2,0,2
excreta,7,2,1,3,2,1,3
excreta's,9,3,1,4,2,2,4
excrete,7,4,1,5,2,0,2
excreted,8,1,2,3,2,1,3
excretes,8,4,0,4,5,0,5
excreting,9,6,1,7,3,1,4
excretion,9,6,1,7,3,1,4
excretion's,11,3,0,3,3,0,3
excretions,10,3,0,3,3,0,3
excretory,9,5,1,6,2,2,4
excruciating,12,6,1,7,4,1,5
excruciatingly,14,2,1,3,2,1,3
exculpate,9,5,2,7,6,2,8
exculpated,10,6,2,8,7,2,9
exculpates,10,6,1,7,7,1,8
exculpating,11,5,1,6,5,1,6
excursion,9,8,0,8,8,0,8
excursion's,11,9,0,9,9,0,9
excursions,10,8,0,8,8,0,8
excusable,9,2,0,2,2,0,2
excuse,6,4,2,6,4,2,6
excuse's,8,5,1,6,5,1,6
excused,7,5,1,6,5,1,6
excuses,7,4,2,6,4,1,5
excusing,8,5,1,6,5,1,6
exec,4,1,5,6,1,4,5
exec's,6,3,3,6,3,3,6
execrable,9,3,1,4,3,1,4
execrate,8,2,1,3,2,1,3
execrated,9,2,1,3,2,1,3
execrates,9,4,0,4,4,0,4
execrating,10,4,2,6,5,1,6
execs,5,2,3,5,2,3,5
executable,10,3,1,4,2,1,3
execute,7,2,2,4,2,1,3
executed,8,5,1,6,5,1,6
executes,8,3,1,4,3,1,4
executing,9,7,1,8,7,2,9
execution,9,7,1,8,7,2,9
execution's,11,9,0,9,9,0,9
executioner,11,2,1,3,2,1,3
executioner's,13,3,0,3,2,0,2
executioners,12,4,0,4,3,0,3
executions,10,8,0,8,8,0,8
executive,9,2,2,4,2,2,4
executive's,11,5,0,5,4,0,4
executives,10,3,0,3,3,0,3
executor,8,4,2,6,4,2,6
executor's,10,6,1,7,6,1,7
executors,9,5,1,6,3,1,4
executrices,11,3,0,3,4,0,4
executrix,9,3,1,4,2,2,4
executrix's,11,2,1,3,4,0,4
executrixes,11,4,0,4,4,0,4
exegeses,8,2,0,2,2,0,2
exegesis,8,2,0,2,2,0,2
exegesis's,10,4,0,4,4,0,4
exemplar,8,2,2,4,2,2,4
exemplar's,10,2,1,3,2,1,3
exemplars,9,3,1,4,4,0,4
exemplary,9,7,2,9,7,1,8
exemplification,15,2,1,3,3,1,4
exemplification's,17,5,0,5,4,0,4
exemplifications,16,2,0,2,2,0,2
exemplified,11,2,3,5,3,1,4
exemplifies,11,2,1,3,4,0,4
exemplify,9,6,3,9,6,2,8
exemplifying,12,7,1,8,4,1,5
exempt,6,1,3,4,1,3,4
exempted,8,4,2,6,4,2,6
exempting,9,6,2,8,6,3,9
exemption,9,6,2,8,6,3,9
exemption's,11,8,1,9,8,1,9
exemptions,10,7,1,8,7,1,8
exempts,7,3,1,4,3,1,4
exercise,8,2,0,2,2,0,2
exercise's,10,4,2,6,2,0,2
exercised,9,3,2,5,2,0,2
exercises,9,2,0,2,2,0,2
exercising,10,6,0,6,2,0,2
exert,5,3,3,6,3,3,6
exerted,7,3,2,5,3,1,4
exerting,8,5,2,7,5,2,7
exertion,8,4,2,6,4,2,6
exertion's,10,6,1,7,6,1,7
exertions,9,3,1,4,3,1,4
exerts,6,3,2,5,3,2,5
exes,4,3,4,7,3,3,6
exhalation,10,7,2,9,7,2,9
exhalation's,12,9,1,10,9,1,10
exhalations,11,8,1,9,8,1,9
exhale,6,2,5,7,1,6,7
exhaled,7,4,4,8,4,5,9
exhales,7,3,4,7,3,4,7
exhaling,8,6,3,9,5,3,8
exhaust,7,4,1,5,4,1,5
exhaust's,9,3,1,4,2,1,3
exhausted,9,2,1,3,5,1,6
exhaustible,11,3,0,3,3,0,3
exhausting,10,6,0,6,3,0,3
exhaustion,10,5,0,5,3,0,3
exhaustion's,12,3,0,3,3,0,3
exhaustive,10,2,1,3,2,0,2
exhaustively,12,2,0,2,2,0,2
exhausts,8,4,3,7,4,1,5
exhibit,7,2,1,3,2,1,3
exhibit's,9,4,1,5,4,1,5
exhibited,9,3,2,5,3,2,5
exhibiting,10,4,1,5,7,1,8
exhibition,10,4,1,5,7,1,8
exhibition's,12,6,0,6,3,0,3
exhibitionism,13,6,0,6,3,0,3
exhibitionism's,15,7,0,7,3,0,3
exhibitionist,13,6,0,6,3,0,3
exhibitionist's,15,7,0,7,3,0,3
exhibitionists,14,2,0,2,2,0,2
exhibitions,11,4,0,4,3,0,3
exhibitor,9,3,1,4,2,3,5
exhibitor's,11,6,0,6,3,0,3
exhibitors,10,6,1,7,3,0,3
exhibits,8,3,2,5,3,0,3
exhilarate,10,2,1,3,2,1,3
exhilarated,11,4,1,5,2,1,3
exhilarates,11,4,0,4,3,0,3
exhilarating,12,5,1,6,9,1,10
exhilaration,12,5,1,6,9,1,10
exhilaration's,14,6,0,6,3,0,3
exhort,6,6,2,8,6,3,9
exhortation,11,9,1,10,9,1,10
exhortation's,13,11,0,11,11,0,11
exhortations,12,4,0,4,5,0,5
exhorted,8,7,3,10,7,3,10
exhorting,9,9,2,11,9,2,11
exhorts,7,7,2,9,7,3,10
exhumation,10,6,1,7,5,1,6
exhumation's,12,7,0,7,6,0,6
exhumations,11,7,0,7,5,0,5
exhume,6,2,3,5,2,3,5
exhumed,7,2,5,7,2,5,7
exhumes,7,2,4,6,2,4,6
exhuming,8,5,3,8,4,4,8
exigencies,10,3,0,3,3,0,3
exigency,8,2,1,3,2,1,3
exigency's,10,4,0,4,4,0,4
exigent,7,4,2,6,4,2,6
exiguous,8,3,3,6,4,1,5
exile,5,3,3,6,3,3,6
exile's,7,5,1,6,5,2,7
exiled,6,2,4,6,2,4,6
exiles,6,3,1,4,3,2,5
exiling,7,5,2,7,6,2,8
exist,5,3,1,4,3,1,4
existed,7,2,0,2,2,0,2
existence,9,2,0,2,2,0,2
existence's,11,2,0,2,2,0,2
existences,10,2,0,2,2,0,2
existent,8,3,0,3,3,0,3
existential,11,3,0,3,2,0,2
existentialism,14,2,0,2,2,0,2
existentialism's,16,6,0,6,3,0,3
existentialist,14,2,0,2,2,0,2
existentialist's,16,6,0,6,3,0,3
existentialists,15,1,0,1,1,0,1
existentially,13,2,0,2,2,0,2
existing,8,3,0,3,3,0,3
exists,6,2,1,3,2,1,3
exit,4,3,5,8,3,5,8
exit's,6,5,5,10,5,5,10
exited,6,3,4,7,3,3,6
exiting,7,5,2,7,5,3,8
exits,5,4,3,7,4,3,7
exodus,6,4,2,6,4,2,6
exodus's,8,5,1,6,5,2,7
exoduses,8,2,2,4,2,3,5
exonerate,9,3,1,4,3,1,4
exonerated,10,2,1,3,2,1,3
exonerates,10,3,0,3,3,0,3
exonerating,11,4,1,5,2,1,3
exoneration,11,3,1,4,2,1,3
exoneration's,13,6,0,6,3,0,3
exoplanet,9,2,2,4,2,2,4
exoplanet's,11,3,0,3,3,0,3
exoplanets,10,2,2,4,4,0,4
exorbitance,11,3,1,4,3,1,4
exorbitance's,13,4,0,4,3,0,3
exorbitant,10,3,1,4,3,1,4
exorbitantly,12,3,1,4,2,1,3
exorcise,8,2,0,2,2,0,2
exorcised,9,2,0,2,2,0,2
exorcises,9,2,0,2,2,0,2
exorcising,10,6,0,6,3,0,3
exorcism,8,8,0,8,3,0,3
exorcism's,10,5,2,7,3,0,3
exorcisms,9,8,0,8,8,0,8
exorcist,8,7,1,8,2,1,3
exorcist's,10,5,0,5,2,1,3
exorcists,9,7,1,8,7,1,8
exorcize,8,3,2,5,2,3,5
exorcized,9,4,2,6,4,2,6
exorcizes,9,4,1,5,4,1,5
exorcizing,10,4,2,6,4,2,6
exotic,6,5,3,8,5,3,8
exotic's,8,6,0,6,4,3,7
exotically,10,8,2,10,8,2,10
exotics,7,3,4,7,3,4,7
expand,6,3,3,6,3,3,6
expandable,10,2,1,3,2,1,3
expanded,8,5,2,7,4,2,6
expanding,9,6,1,7,3,1,4
expands,7,5,2,7,4,2,6
expanse,7,3,0,3,3,0,3
expanse's,9,3,1,4,3,1,4
expanses,8,4,0,4,3,1,4
expansion,9,4,0,4,3,0,3
expansion's,11,4,0,4,4,0,4
expansionist,12,1,0,1,1,0,1
expansionist's,14,1,0,1,1,0,1
expansionists,13,2,0,2,2,0,2
expansions,10,3,0,3,4,0,4
expansive,9,5,0,5,5,0,5
expansively,11,6,0,6,4,0,4
expansiveness,13,4,0,4,3,0,3
expansiveness's,15,3,0,3,3,0,3
expatiate,9,2,1,3,2,1,3
expatiated,10,3,1,4,3,1,4
expatiates,10,3,0,3,3,0,3
expatiating,11,4,1,5,4,1,5
expatriate,10,2,1,3,2,1,3
expatriate's,12,3,0,3,3,0,3
expatriated,11,2,1,3,2,1,3
expatriates,11,3,0,3,3,0,3
expatriating,12,6,1,7,4,1,5
expatriation,12,6,1,7,5,1,6
expatriation's,14,7,0,7,6,0,6
expect,6,3,2,5,3,2,5
expectancy,10,2,1,3,2,1,3
expectancy's,12,3,0,3,3,0,3
expectant,9,2,2,4,2,2,4
expectantly,11,3,2,5,2,1,3
expectation,11,6,1,7,2,1,3
expectation's,13,6,0,6,3,0,3
expectations,12,3,0,3,3,0,3
expected,8,4,2,6,3,3,6
expecting,9,6,2,8,5,2,7
expectorant,11,3,2,5,2,1,3
expectorant's,13,3,0,3,3,0,3
expectorants,12,6,0,6,3,0,3
expectorate,11,1,2,3,2,1,3
expectorated,12,1,2,3,1,2,3
expectorates,12,4,0,4,3,0,3
expectorating,13,5,1,6,3,1,4
expectoration,13,4,1,5,3,1,4
expectoration's,15,4,0,4,4,0,4
expects,7,4,2,6,4,2,6
expedience,10,7,1,8,7,1,8
expedience's,12,9,0,9,9,0,9
expediences,11,8,0,8,8,0,8
expediencies,12,3,0,3,3,0,3
expediency,10,3,1,4,2,1,3
expediency's,12,5,0,5,3,0,3
expedient,9,4,2,6,3,2,5
expedient's,11,3,0,3,2,1,3
expediently,11,2,2,4,3,1,4
expedients,10,3,0,3,3,0,3
expedite,8,1,2,3,2,2,4
expedited,9,2,1,3,2,1,3
expediter,9,2,1,3,2,1,3
expediter's,11,4,1,5,3,1,4
expediters,10,2,1,3,3,1,4
expedites,9,3,1,4,3,1,4
expediting,10,4,1,5,3,1,4
expedition,10,2,1,3,2,1,3
expedition's,12,6,0,6,3,0,3
expeditionary,13,2,1,3,2,1,3
expeditions,11,9,0,9,9,0,9
expeditious,11,8,1,9,8,1,9
expeditiously,13,6,0,6,4,0,4
expeditor,9,2,2,4,1,3,4
expeditor's,11,3,0,3,3,0,3
expeditors,10,5,0,5,3,0,3
expel,5,3,4,7,3,4,7
expelled,8,4,3,7,4,2,6
expelling,9,4,3,7,4,3,7
expels,6,4,2,6,4,2,6
expend,6,1,3,4,1,3,4
expendable,10,8,1,9,4,2,6
expendable's,12,3,0,3,3,0,3
expendables,11,5,0,5,5,0,5
expended,8,5,1,6,5,1,6
expending,9,7,1,8,7,1,8
expenditure,11,4,1,5,2,1,3
expenditure's,13,5,0,5,2,0,2
expenditures,12,4,0,4,3,0,3
expends,7,3,2,5,2,3,5
expense,7,2,0,2,3,0,3
expense's,9,3,1,4,2,0,2
expenses,8,2,0,2,2,0,2
expensive,9,7,0,7,7,0,7
expensively,11,9,0,9,9,0,9
experience,10,6,2,8,6,2,8
experience's,12,8,1,9,8,1,9
experienced,11,2,2,4,1,1,2
experiences,11,7,1,8,7,1,8
experiencing,12,2,1,3,2,1,3
experiment,10,3,1,4,2,1,3
experiment's,12,4,0,4,3,0,3
experimental,12,7,1,8,2,1,3
experimentally,14,2,1,3,2,1,3
experimentation,15,1,1,2,1,1,2
experimentation's,17,1,0,1,1,0,1
experimented,12,8,1,9,3,1,4
experimenter,12,8,1,9,3,1,4
experimenter's,14,3,1,4,2,1,3
experimenters,13,3,0,3,2,0,2
experimenting,13,3,1,4,2,1,3
experiments,11,3,0,3,3,0,3
expert,6,3,3,6,3,3,6
expert's,8,5,1,6,5,1,6
expertise,9,2,0,2,2,0,2
expertise's,11,4,1,5,2,0,2
expertly,8,3,1,4,2,2,4
expertness,10,2,0,2,2,0,2
expertness's,12,2,0,2,2,0,2
experts,7,3,2,5,3,1,4
expiate,7,4,2,6,4,2,6
expiated,8,3,4,7,3,4,7
expiates,8,3,1,4,4,0,4
expiating,9,4,1,5,4,1,5
expiation,9,4,1,5,4,1,5
expiation's,11,6,0,6,4,0,4
expiration,10,6,1,7,4,1,5
expiration's,12,6,0,6,4,0,4
expire,6,4,3,7,4,3,7
expired,7,3,4,7,3,4,7
expires,7,5,2,7,5,2,7
expiring,8,5,2,7,5,2,7
expiry,6,3,4,7,3,5,8
explain,7,4,1,5,4,1,5
explained,9,4,2,6,4,1,5
explaining,10,3,1,4,3,1,4
explains,8,6,3,9,6,1,7
explanation,11,4,1,5,4,1,5
explanation's,13,7,0,7,5,0,5
explanations,12,6,0,6,5,0,5
explanatory,11,8,3,11,8,3,11
expletive,9,2,1,3,2,1,3
expletive's,11,2,0,2,2,0,2
expletives,10,2,1,3,2,1,3
explicable,10,5,2,7,5,2,7
explicate,9,5,1,6,5,1,6
explicated,10,5,1,6,5,1,6
explicates,10,6,0,6,6,0,6
explicating,11,9,1,10,9,1,10
explication,11,9,1,10,9,1,10
explication's,13,11,0,11,6,0,6
explications,12,8,0,8,5,0,5
explicit,8,2,1,3,2,1,3
explicitly,10,2,1,3,2,1,3
explicitness,12,2,0,2,2,0,2
explicitness's,14,2,0,2,2,0,2
explode,7,6,3,9,6,2,8
exploded,8,4,3,7,4,2,6
explodes,8,7,2,9,7,2,9
exploding,9,9,1,10,9,1,10
exploit,7,4,2,6,4,2,6
exploit's,9,4,1,5,5,1,6
exploitation,12,3,1,4,4,1,5
exploitation's,14,4,0,4,4,0,4
exploitative,12,2,2,4,2,2,4
exploited,9,5,2,7,5,2,7
exploiter,9,2,3,5,3,3,6
exploiter's,11,5,1,6,3,1,4
exploiters,10,4,1,5,5,1,6
exploiting,10,6,2,8,6,2,8
exploits,8,5,3,8,5,1,6
exploration,11,5,1,6,5,1,6
exploration's,13,9,0,9,5,0,5
explorations,12,6,0,6,5,0,5
exploratory,11,5,2,7,2,2,4
explore,7,5,4,9,5,3,8
explored,8,5,3,8,3,3,6
explorer,8,2,2,4,2,2,4
explorer's,10,3,0,3,3,0,3
explorers,9,3,0,3,3,0,3
explores,8,6,3,9,6,3,9
exploring,9,8,2,10,8,2,10
explosion,9,6,0,6,4,0,4
explosion's,11,5,0,5,3,0,3
explosions,10,5,0,5,3,0,3
explosive,9,4,1,5,4,1,5
explosive's,11,4,1,5,4,1,5
explosively,11,7,1,8,7,1,8
explosiveness,13,7,1,8,7,1,8
explosiveness's,15,8,1,9,8,1,9
explosives,10,4,1,5,4,1,5
expo,4,2,7,9,2,7,9
expo's,6,4,6,10,4,6,10
exponent,8,2,1,3,2,1,3
exponent's,10,3,0,3,3,0,3
exponential,11,2,1,3,2,1,3
exponentially,13,2,1,3,2,1,3
exponentiation,14,2,1,3,2,1,3
exponents,9,3,0,3,4,0,4
export,6,5,3,8,5,4,9
export's,8,6,2,8,5,3,8
exportation,11,8,2,10,8,2,10
exportation's,13,10,1,11,10,1,11
exported,8,6,4,10,6,4,10
exporter,8,2,3,5,2,3,5
exporter's,10,4,1,5,4,1,5
exporters,9,3,1,4,3,1,4
exporting,9,8,3,11,8,3,11
exports,7,6,3,9,6,4,10
expos,5,3,5,8,3,5,8
expose,6,3,2,5,3,2,5
expose's,8,4,2,6,4,1,5
exposed,7,4,1,5,4,1,5
exposes,7,3,2,5,3,1,4
exposing,8,6,0,6,6,0,6
exposition,10,3,0,3,3,0,3
exposition's,12,3,0,3,3,0,3
expositions,11,2,0,2,2,0,2
expository,10,3,0,3,3,0,3
expostulate,11,2,0,2,2,0,2
expostulated,12,2,1,3,2,1,3
expostulates,12,2,0,2,2,0,2
expostulating,13,5,0,5,4,0,4
expostulation,13,3,0,3,3,0,3
expostulation's,15,3,0,3,3,0,3
expostulations,14,3,0,3,3,0,3
exposure,8,3,0,3,2,2,4
exposure's,10,2,0,2,2,0,2
exposures,9,2,1,3,2,1,3
expound,7,1,4,5,2,3,5
expounded,9,2,1,3,2,1,3
expounding,10,5,1,6,4,1,5
expounds,8,3,3,6,3,2,5
express,7,4,1,5,4,1,5
express's,9,5,1,6,5,1,6
expressed,9,2,0,2,2,0,2
expresses,9,4,1,5,4,1,5
expressible,11,2,0,2,2,0,2
expressing,10,7,0,7,7,0,7
expression,10,7,0,7,7,0,7
expression's,12,6,0,6,7,0,7
expressionism,13,9,0,9,9,0,9
expressionism's,15,10,0,10,10,0,10
expressionist,13,8,1,9,8,1,9
expressionist's,15,9,1,10,9,1,10
expressionists,14,6,0,6,3,0,3
expressionless,14,2,0,2,2,0,2
expressions,11,6,0,6,6,0,6
expressive,10,3,0,3,3,0,3
expressively,12,3,0,3,2,0,2
expressiveness,14,5,0,5,2,0,2
expressiveness's,16,3,0,3,2,0,2
expressly,9,4,0,4,3,0,3
expressway,10,3,1,4,2,1,3
expressway's,12,3,1,4,6,1,7
expressways,11,5,1,6,5,1,6
expropriate,11,2,1,3,2,1,3
expropriated,12,2,1,3,2,1,3
expropriates,12,3,0,3,3,0,3
expropriating,13,4,1,5,3,1,4
expropriation,13,4,1,5,3,1,4
expropriation's,15,5,0,5,4,0,4
expropriations,14,5,0,5,4,0,4
expulsion,9,7,1,8,7,1,8
expulsion's,11,8,1,9,8,1,9
expulsions,10,7,1,8,7,1,8
expunge,7,3,4,7,2,3,5
expunged,8,3,1,4,3,1,4
expunges,8,4,3,7,4,3,7
expunging,9,6,1,7,3,1,4
expurgate,9,5,2,7,6,2,8
expurgated,10,6,2,8,7,2,9
expurgates,10,6,1,7,7,1,8
expurgating,11,6,1,7,5,1,6
expurgation,11,6,1,7,5,1,6
expurgation's,13,8,0,8,5,0,5
expurgations,12,7,0,7,5,0,5
exquisite,9,3,0,3,3,0,3
exquisitely,11,6,0,6,4,0,4
extant,6,2,4,6,2,4,6
extemporaneous,14,4,0,4,2,1,3
extemporaneously,16,1,0,1,1,0,1
extempore,9,2,1,3,2,1,3
extemporize,11,2,2,4,2,1,3
extemporized,12,2,1,3,2,1,3
extemporizes,12,4,0,4,3,0,3
extemporizing,13,3,2,5,2,2,4
extend,6,2,2,4,2,2,4
extendable,10,7,2,9,8,1,9
extended,8,4,2,6,4,2,6
extendible,10,1,2,3,7,2,9
extending,9,6,2,8,6,2,8
extends,7,3,1,4,3,1,4
extension,9,2,0,2,2,0,2
extension's,11,2,0,2,2,0,2
extensional,11,2,0,2,2,0,2
extensions,10,2,0,2,2,0,2
extensive,9,6,1,7,6,1,7
extensively,11,8,1,9,8,1,9
extensiveness,13,4,0,4,2,0,2
extensiveness's,15,3,0,3,2,0,2
extent,6,2,1,3,2,1,3
extent's,8,3,0,3,3,0,3
extents,7,3,1,4,3,1,4
extenuate,9,2,1,3,2,1,3
extenuated,10,2,1,3,2,1,3
extenuates,10,2,0,2,2,0,2
extenuating,11,4,1,5,3,1,4
extenuation,11,4,1,5,3,1,4
extenuation's,13,3,0,3,3,0,3
exterior,8,2,1,3,2,1,3
exterior's,10,5,0,5,3,0,3
exteriors,9,3,1,4,3,0,3
exterminate,11,4,1,5,2,1,3
exterminated,12,3,1,4,3,1,4
exterminates,12,4,0,4,3,0,3
exterminating,13,3,1,4,4,1,5
extermination,13,6,1,7,4,1,5
extermination's,15,5,0,5,5,0,5
exterminations,14,7,0,7,5,0,5
exterminator,12,4,1,5,3,2,5
exterminator's,14,3,0,3,3,0,3
exterminators,13,3,0,3,3,0,3
external,8,4,1,5,3,1,4
external's,10,3,1,4,4,0,4
externally,10,2,1,3,2,1,3
externals,9,3,0,3,5,0,5
extinct,7,3,1,4,3,1,4
extincted,9,4,2,6,4,2,6
extincting,10,3,1,4,3,1,4
extinction,10,3,1,4,3,1,4
extinction's,12,3,0,3,4,0,4
extinctions,11,5,0,5,4,0,4
extincts,8,3,2,5,4,1,5
extinguish,10,3,0,3,3,0,3
extinguishable,14,3,0,3,3,0,3
extinguished,12,10,0,10,10,0,10
extinguisher,12,9,1,10,9,1,10
extinguisher's,14,3,0,3,2,0,2
extinguishers,13,2,0,2,2,0,2
extinguishes,12,5,1,6,3,0,3
extinguishing,13,4,0,4,4,0,4
extirpate,9,4,1,5,5,1,6
extirpated,10,5,1,6,6,1,7
extirpates,10,5,0,5,6,0,6
extirpating,11,4,1,5,8,1,9
extirpation,11,4,1,5,8,1,9
extirpation's,13,9,0,9,3,0,3
extol,5,3,4,7,3,4,7
extoll,6,2,5,7,2,4,6
extolled,8,3,3,6,3,3,6
extolling,9,5,2,7,5,2,7
extolls,7,3,3,6,3,3,6
extols,6,5,1,6,5,1,6
extort,6,4,2,6,4,2,6
extorted,8,4,3,7,4,3,7
extorting,9,6,2,8,5,2,7
extortion,9,4,1,5,3,1,4
extortion's,11,3,0,3,5,0,5
extortionate,12,4,1,5,3,1,4
extortionist,12,3,0,3,3,0,3
extortionist's,14,4,0,4,3,0,3
extortionists,13,4,0,4,3,0,3
extorts,7,4,2,6,4,2,6
extra,5,3,4,7,2,3,5
extra's,7,4,2,6,4,2,6
extract,7,2,3,5,2,3,5
extract's,9,6,1,7,5,1,6
extracted,9,4,1,5,5,2,7
extracting,10,5,1,6,4,1,5
extraction,10,5,1,6,4,1,5
extraction's,12,5,0,5,4,0,4
extractions,11,6,0,6,4,0,4
extractor,9,2,2,4,2,2,4
extractor's,11,4,0,4,4,1,5
extractors,10,3,0,3,4,1,5
extracts,8,3,3,6,4,2,6
extracurricular,15,2,1,3,2,1,3
extradite,9,3,1,4,3,1,4
extradited,10,3,1,4,3,1,4
extradites,10,3,0,3,3,0,3
extraditing,11,6,1,7,4,1,5
extradition,11,3,1,4,3,1,4
extradition's,13,7,0,7,3,0,3
extraditions,12,4,0,4,3,0,3
extramarital,12,3,1,4,3,1,4
extraneous,10,3,0,3,3,0,3
extraneously,12,7,0,7,5,1,6
extraordinarily,15,2,1,3,2,1,3
extraordinary,13,3,1,4,3,1,4
extrapolate,11,2,2,4,3,1,4
extrapolated,12,1,2,3,1,2,3
extrapolates,12,3,0,3,3,0,3
extrapolating,13,4,1,5,3,1,4
extrapolation,13,4,1,5,3,1,4
extrapolation's,15,5,0,5,4,0,4
extrapolations,14,4,0,4,4,0,4
extras,6,4,2,6,4,2,6
extrasensory,12,2,0,2,1,1,2
extraterrestrial,16,3,0,3,2,0,2
extraterrestrial's,18,3,0,3,2,0,2
extraterrestrials,17,2,0,2,2,0,2
extravagance,12,1,2,3,1,2,3
extravagance's,14,4,0,4,2,1,3
extravagances,13,3,0,3,3,0,3
extravagant,11,3,2,5,2,2,4
extravagantly,13,1,2,3,1,2,3
extravaganza,12,1,2,3,1,2,3
extravaganza's,14,4,0,4,2,1,3
extravaganzas,13,3,0,3,2,1,3
extravert,9,6,1,7,6,1,7
extravert's,11,8,0,8,8,0,8
extraverted,11,7,2,9,7,1,8
extraverts,10,5,1,6,7,0,7
extreme,7,4,1,5,2,0,2
extreme's,9,4,0,4,3,0,3
extremely,9,3,1,4,3,1,4
extremer,8,2,1,3,2,1,3
extremes,8,4,0,4,5,0,5
extremest,9,2,0,2,2,0,2
extremism,9,4,1,5,4,1,5
extremism's,11,5,0,5,5,1,6
extremist,9,3,0,3,3,0,3
extremist's,11,5,0,5,3,0,3
extremists,10,4,0,4,3,0,3
extremities,11,4,0,4,3,0,3
extremity,9,2,1,3,2,2,4
extremity's,11,3,0,3,3,0,3
extricate,9,4,1,5,5,1,6
extricated,10,5,1,6,6,1,7
extricates,10,5,0,5,6,0,6
extricating,11,6,1,7,8,1,9
extrication,11,5,1,6,8,1,9
extrication's,13,9,0,9,5,0,5
extrinsic,9,2,2,4,3,0,3
extrinsically,13,3,0,3,2,0,2
extroversion,12,3,0,3,3,0,3
extroversion's,14,4,0,4,3,0,3
extrovert,9,5,2,7,5,2,7
extrovert's,11,7,1,8,7,1,8
extroverted,11,6,3,9,6,2,8
extroverts,10,4,1,5,6,1,7
extrude,7,4,5,9,3,4,7
extruded,8,4,2,6,3,3,6
extrudes,8,5,4,9,5,4,9
extruding,9,5,3,8,5,2,7
extrusion,9,7,1,8,7,1,8
extrusion's,11,8,1,9,8,1,9
extrusions,10,6,0,6,6,0,6
exuberance,10,3,1,4,3,1,4
exuberance's,12,2,0,2,2,0,2
exuberant,9,2,1,3,2,2,4
exuberantly,11,1,2,3,2,1,3
exude,5,2,4,6,2,4,6
exuded,6,2,4,6,2,3,5
exudes,6,3,3,6,3,3,6
exuding,7,6,3,9,6,2,8
exult,5,2,5,7,2,5,7
exultant,8,4,2,6,3,2,5
exultantly,10,2,2,4,1,3,4
exultation,10,7,1,8,5,1,6
exultation's,12,9,0,9,6,0,6
exulted,7,4,4,8,4,3,7
exulting,8,6,3,9,5,3,8
exults,6,4,3,7,4,3,7
eye,3,1,6,7,1,6,7
eye's,5,3,2,5,3,2,5
eyeball,7,2,1,3,2,1,3
eyeball's,9,3,2,5,3,2,5
eyeballed,9,1,2,3,1,2,3
eyeballing,10,5,1,6,4,2,6
eyeballs,8,3,0,3,3,0,3
eyebrow,7,3,2,5,2,2,4
eyebrow's,9,3,0,3,3,0,3
eyebrows,8,3,2,5,2,3,5
eyed,4,2,5,7,2,4,6
eyeful,6,3,1,4,3,1,4
eyeful's,8,3,1,4,3,1,4
eyefuls,7,4,2,6,4,2,6
eyeglass,8,2,0,2,2,0,2
eyeglass's,10,2,0,2,2,0,2
eyeglasses,10,2,0,2,2,0,2
eyeing,6,2,2,4,2,2,4
eyelash,7,2,0,2,2,0,2
eyelash's,9,3,1,4,2,0,2
eyelashes,9,2,1,3,2,0,2
eyelet,6,1,1,2,1,1,2
eyelet's,8,3,0,3,3,0,3
eyelets,7,3,0,3,2,0,2
eyelid,6,3,1,4,3,1,4
eyelid's,8,5,0,5,4,0,4
eyelids,7,4,2,6,4,2,6
eyeliner,8,1,2,3,1,2,3
eyeliner's,10,2,0,2,2,0,2
eyeliners,9,2,0,2,2,0,2
eyepiece,8,1,1,2,1,1,2
eyepiece's,10,2,0,2,2,0,2
eyepieces,9,2,0,2,2,0,2
eyes,4,2,5,7,2,4,6
eyesight,8,2,0,2,2,0,2
eyesight's,10,2,0,2,2,0,2
eyesore,7,2,0,2,1,1,2
eyesore's,9,2,0,2,2,0,2
eyesores,8,2,0,2,2,0,2
eyestrain,9,2,0,2,2,0,2
eyestrain's,11,2,0,2,2,0,2
eyeteeth,8,1,1,2,1,1,2
eyetooth,8,2,1,3,2,1,3
eyetooth's,10,3,0,3,3,0,3
eyewitness,10,2,0,2,2,0,2
eyewitness's,12,2,0,2,2,0,2
eyewitnesses,12,2,0,2,2,0,2
eying,5,3,3,6,3,3,6
eyrie,5,3,3,6,3,4,7
eyrie's,7,5,0,5,3,1,4
f,1,1,5,6,1,5,6
fa,2,2,6,8,2,6,8
fa's,4,3,11,14,3,13,16
fable,5,5,5,10,5,4,9
fable's,7,7,4,11,7,4,11
fabled,6,6,3,9,6,3,9
fables,6,6,3,9,6,4,10
fabric,6,4,5,9,4,5,9
fabric's,8,5,5,10,6,4,10
fabricate,9,4,1,5,4,1,5
fabricated,10,5,1,6,5,1,6
fabricates,10,5,0,5,6,0,6
fabricating,11,6,1,7,4,2,6
fabrication,11,5,1,6,4,2,6
fabrication's,13,7,0,7,5,1,6
fabrications,12,3,1,4,5,1,6
fabrics,7,4,4,8,4,4,8
fabulous,8,4,3,7,4,4,8
fabulously,10,3,1,4,3,0,3
facade,6,3,4,7,3,4,7
facade's,8,5,3,8,5,3,8
facades,7,5,4,9,5,2,7
face,4,3,7,10,3,5,8
face's,6,5,8,13,5,9,14
faced,5,5,5,10,5,5,10
faceless,8,4,3,7,3,4,7
facelift,8,4,3,7,2,4,6
facelift's,10,7,1,8,5,2,7
facelifts,9,5,1,6,5,2,7
faces,5,5,5,10,5,7,12
facet,5,3,5,8,3,5,8
facet's,7,5,3,8,5,3,8
faceted,7,4,4,8,4,3,7
faceting,8,5,3,8,5,3,8
facetious,9,5,1,6,5,1,6
facetiously,11,7,0,7,5,0,5
facetiousness,13,6,0,6,4,0,4
facetiousness's,15,6,0,6,4,0,4
facets,6,4,6,10,4,6,10
facetted,8,5,1,6,5,1,6
facetting,9,6,1,7,6,2,8
facial,6,5,3,8,5,3,8
facial's,8,6,2,8,6,2,8
facially,8,6,2,8,6,2,8
facials,7,5,4,9,5,5,10
facile,6,4,1,5,4,3,7
facilitate,10,3,1,4,3,1,4
facilitated,11,3,1,4,3,1,4
facilitates,11,4,0,4,4,0,4
facilitating,12,6,1,7,7,1,8
facilitation,12,6,1,7,7,1,8
facilitation's,14,5,0,5,4,0,4
facilities,10,5,0,5,5,0,5
facility,8,4,5,9,4,5,9
facility's,10,6,3,9,6,3,9
facing,6,6,6,12,6,6,12
facing's,8,7,5,12,7,4,11
facings,7,6,6,12,6,6,12
facsimile,9,4,0,4,3,1,4
facsimile's,11,5,0,5,2,2,4
facsimiled,10,3,1,4,3,1,4
facsimileing,12,2,0,2,2,0,2
facsimiles,10,3,1,4,3,1,4
fact,4,3,5,8,3,5,8
fact's,6,6,5,11,5,5,10
faction,7,4,2,6,4,2,6
faction's,9,6,1,7,6,1,7
factional,9,4,2,6,3,2,5
factionalism,12,4,0,4,4,0,4
factionalism's,14,5,0,5,4,0,4
factions,8,5,2,7,5,2,7
factitious,10,4,3,7,5,1,6
factor,6,4,4,8,4,4,8
factor's,8,7,1,8,6,3,9
factored,8,6,1,7,6,1,7
factorial,9,3,3,6,3,3,6
factories,9,6,1,7,6,1,7
factoring,9,6,3,9,6,2,8
factorization,13,3,1,4,3,1,4
factorize,9,4,3,7,5,3,8
factorizing,11,7,2,9,4,2,6
factors,7,6,2,8,6,2,8
factory,7,4,4,8,3,5,8
factory's,9,5,3,8,5,4,9
factotum,8,3,4,7,3,4,7
factotum's,10,5,2,7,5,2,7
factotums,9,4,3,7,4,2,6
facts,5,4,6,10,4,6,10
factual,7,2,6,8,2,6,8
factually,9,4,3,7,3,3,6
faculties,9,5,0,5,5,0,5
faculty,7,3,4,7,3,3,6
faculty's,9,4,4,8,4,4,8
fad,3,3,11,14,3,8,11
fad's,5,4,11,15,5,9,14
faddish,7,5,6,11,5,4,9
fade,4,4,8,12,4,9,13
fade's,6,6,6,12,6,7,13
faded,5,4,1,5,4,1,5
fades,5,5,5,10,5,6,11
fading,6,6,7,13,6,7,13
fads,4,4,6,10,4,9,13
faecal,6,2,2,4,2,2,4
faeces,6,4,3,7,3,2,5
faeces's,8,3,2,5,3,2,5
fag,3,3,6,9,3,6,9
fag's,5,5,6,11,5,6,11
fagged,6,5,7,12,5,4,9
fagging,7,5,3,8,5,3,8
faggot,6,5,5,10,5,5,10
faggot's,8,4,5,9,7,4,11
faggots,7,6,4,10,6,5,11
fagot,5,3,6,9,3,6,9
fagot's,7,5,6,11,5,6,11
fagots,6,5,6,11,5,6,11
fags,4,4,5,9,4,5,9
fail,4,4,4,8,4,4,8
fail's,6,6,3,9,6,3,9
failed,6,6,2,8,6,2,8
failing,7,6,3,9,6,3,9
failing's,9,8,1,9,8,1,9
failings,8,7,3,10,5,3,8
fails,5,5,4,9,5,3,8
failure,7,3,1,4,3,0,3
failure's,9,5,0,5,5,0,5
failures,8,4,0,4,4,0,4
fain,4,4,6,10,4,6,10
fainer,6,6,1,7,6,1,7
fainest,7,7,0,7,7,0,7
faint,5,5,4,9,5,4,9
faint's,7,7,3,10,7,3,10
fainted,7,7,3,10,7,3,10
fainter,7,7,2,9,7,1,8
faintest,8,4,0,4,4,0,4
fainthearted,12,3,1,4,3,1,4
fainting,8,5,3,8,5,3,8
faintly,7,3,2,5,4,2,6
faintness,9,6,0,6,6,0,6
faintness's,11,7,0,7,7,0,7
faints,6,6,3,9,6,3,9
fair,4,4,4,8,4,4,8
fair's,6,6,3,9,6,3,9
fairer,6,3,1,4,3,1,4
fairest,7,5,1,6,5,1,6
fairground,10,3,2,5,3,2,5
fairground's,12,8,1,9,3,1,4
fairgrounds,11,4,1,5,4,1,5
fairies,7,5,2,7,5,2,7
fairly,6,4,3,7,4,3,7
fairness,8,5,0,5,5,0,5
fairness's,10,6,0,6,6,0,6
fairs,5,5,2,7,5,3,8
fairway,7,5,2,7,4,2,6
fairway's,9,5,2,7,5,2,7
fairways,8,5,3,8,5,3,8
fairy,5,5,3,8,5,3,8
fairy's,7,5,3,8,5,3,8
fairyland,9,2,3,5,2,3,5
fairyland's,11,5,1,6,4,2,6
fairylands,10,5,2,7,4,2,6
faith,5,3,4,7,3,4,7
faith's,7,6,3,9,6,3,9
faithful,8,2,3,5,4,2,6
faithful's,10,5,2,7,4,2,6
faithfully,10,3,2,5,3,2,5
faithfulness,12,6,0,6,5,0,5
faithfulness's,14,7,0,7,5,0,5
faithfuls,9,3,3,6,3,3,6
faithless,9,6,1,7,6,1,7
faithlessly,11,5,0,5,4,0,4
faithlessness,13,7,0,7,7,0,7
faithlessness's,15,8,0,8,8,0,8
faiths,6,3,4,7,4,3,7
fake,4,4,11,15,4,10,14
fake's,6,6,8,14,6,8,14
faked,5,5,9,14,5,9,14
faker,5,4,8,12,4,8,12
faker's,7,7,1,8,7,5,12
fakers,6,6,6,12,6,6,12
fakes,5,5,8,13,5,8,13
faking,6,6,8,14,6,8,14
fakir,5,3,8,11,3,8,11
fakir's,7,6,2,8,6,2,8
fakirs,6,5,4,9,5,4,9
falcon,6,4,5,9,4,5,9
falcon's,8,6,4,10,6,4,10
falconer,8,5,3,8,4,2,6
falconer's,10,6,1,7,6,0,6
falconers,9,5,1,6,5,1,6
falconry,8,3,3,6,3,3,6
falconry's,10,6,1,7,6,1,7
falcons,7,4,3,7,4,3,7
fall,4,3,7,10,3,7,10
fall's,6,5,6,11,5,6,11
fallacies,9,6,0,6,6,0,6
fallacious,10,5,3,8,5,3,8
fallaciously,12,5,0,5,4,0,4
fallacy,7,4,4,8,4,3,7
fallacy's,9,6,2,8,6,2,8
fallen,6,4,6,10,4,6,10
fallibility,11,6,1,7,6,2,8
fallibility's,13,8,1,9,8,1,9
fallible,8,4,1,5,4,1,5
fallibly,8,3,2,5,3,2,5
falling,7,6,4,10,6,4,10
falloff,7,4,5,9,4,3,7
falloff's,9,6,2,8,6,2,8
falloffs,8,4,2,6,4,2,6
fallout,7,4,5,9,4,3,7
fallout's,9,6,2,8,6,2,8
fallow,6,5,5,10,5,5,10
fallow's,8,7,3,10,7,3,10
fallowed,8,7,2,9,7,3,10
fallowing,9,8,2,10,8,3,11
fallows,7,6,3,9,6,3,9
falls,5,4,6,10,4,5,9
false,5,4,3,7,4,3,7
falsehood,9,3,0,3,3,0,3
falsehood's,11,3,0,3,3,0,3
falsehoods,10,3,0,3,3,0,3
falsely,7,3,0,3,3,0,3
falseness,9,3,0,3,3,0,3
falseness's,11,5,0,5,3,0,3
falser,6,5,6,11,5,5,10
falsest,7,4,0,4,3,0,3
falsetto,8,3,0,3,3,0,3
falsetto's,10,3,0,3,3,0,3
falsettos,9,3,0,3,3,0,3
falsifiable,11,2,2,4,3,0,3
falsification,13,5,0,5,3,0,3
falsification's,15,5,0,5,3,0,3
falsifications,14,2,0,2,2,0,2
falsified,9,4,1,5,3,1,4
falsifies,9,6,0,6,4,0,4
falsify,7,6,2,8,4,2,6
falsifying,10,4,1,5,4,1,5
falsities,9,6,0,6,4,0,4
falsity,7,6,2,8,4,2,6
falsity's,9,7,2,9,7,2,9
falter,6,6,3,9,6,3,9
falter's,8,8,1,9,8,1,9
faltered,8,7,2,9,7,2,9
faltering,9,9,1,10,9,1,10
falteringly,11,4,1,5,2,1,3
falterings,10,6,0,6,7,1,8
falters,7,7,1,8,7,2,9
fame,4,4,11,15,4,10,14
fame's,6,5,9,14,5,9,14
famed,5,5,4,9,5,4,9
familial,8,4,4,8,3,4,7
familiar,8,4,4,8,3,4,7
familiar's,10,5,2,7,4,2,6
familiarity,11,7,2,9,2,2,4
familiarity's,13,4,0,4,3,1,4
familiarization,15,1,1,2,1,1,2
familiarization's,17,1,0,1,1,0,1
familiarize,11,6,3,9,3,1,4
familiarized,12,1,1,2,1,1,2
familiarizes,12,3,0,3,3,0,3
familiarizing,13,1,1,2,1,1,2
familiarly,10,2,2,4,2,2,4
familiars,9,4,2,6,3,2,5
families,8,4,1,5,4,1,5
family,6,5,5,10,5,5,10
family's,8,6,3,9,6,3,9
famine,6,6,1,7,6,0,6
famine's,8,8,1,9,8,2,10
famines,7,7,0,7,7,0,7
famish,6,5,3,8,5,3,8
famished,8,7,2,9,7,2,9
famishes,8,5,4,9,5,3,8
famishing,9,6,2,8,6,2,8
famous,6,4,7,11,4,7,11
famously,8,3,1,4,3,1,4
fan,3,3,11,14,3,11,14
fan's,5,4,12,16,4,12,16
fanatic,7,3,2,5,2,4,6
fanatic's,9,4,3,7,3,2,5
fanatical,9,4,2,6,2,2,4
fanatically,11,3,1,4,2,2,4
fanaticism,10,3,0,3,3,0,3
fanaticism's,12,6,0,6,3,0,3
fanatics,8,2,3,5,2,3,5
fanboy,6,4,5,9,4,5,9
fanboy's,8,5,2,7,5,4,9
fanboys,7,4,6,10,4,4,8
fancied,7,5,5,10,3,6,9
fancier,7,5,4,9,5,5,10
fancier's,9,7,2,9,7,3,10
fanciers,8,6,3,9,5,2,7
fancies,7,6,2,8,6,3,9
fanciest,8,6,3,9,6,5,11
fanciful,8,3,2,5,3,2,5
fancifully,10,3,2,5,3,2,5
fancily,7,3,2,5,6,3,9
fanciness,9,6,1,7,6,1,7
fanciness's,11,7,1,8,7,1,8
fancy,5,4,6,10,4,6,10
fancy's,7,6,3,9,6,3,9
fancying,8,5,4,9,5,4,9
fandom,6,3,5,8,3,5,8
fanfare,7,4,2,6,4,1,5
fanfare's,9,6,2,8,6,2,8
fanfares,8,5,2,7,5,2,7
fang,4,4,9,13,4,8,12
fang's,6,6,7,13,6,7,13
fangs,5,5,6,11,5,5,10
fanned,6,5,5,10,5,6,11
fannies,7,5,1,6,5,3,8
fanning,7,5,5,10,5,5,10
fanny,5,4,3,7,4,3,7
fanny's,7,6,2,8,6,2,8
fans,4,4,9,13,4,11,15
fantasied,9,5,1,6,4,2,6
fantasies,9,4,1,5,4,0,4
fantasize,9,3,1,4,3,1,4
fantasized,10,2,1,3,4,0,4
fantasizes,10,3,1,4,3,1,4
fantasizing,11,3,1,4,2,2,4
fantastic,9,4,1,5,4,1,5
fantastically,13,3,0,3,3,0,3
fantasy,7,3,2,5,2,3,5
fantasy's,9,4,2,6,3,3,6
fantasying,10,3,1,4,3,1,4
fanzine,7,3,6,9,4,2,6
far,3,3,11,14,3,10,13
faraway,7,4,5,9,4,4,8
farce,5,3,6,9,3,6,9
farce's,7,5,4,9,5,4,9
farces,6,5,2,7,5,2,7
farcical,8,4,3,7,3,3,6
fare,4,4,6,10,4,5,9
fare's,6,6,4,10,6,4,10
fared,5,5,4,9,5,4,9
fares,5,5,5,10,5,4,9
farewell,8,4,2,6,2,3,5
farewell's,10,4,2,6,5,1,6
farewells,9,3,2,5,6,0,6
farina,6,4,5,9,4,5,9
farina's,8,6,4,10,6,4,10
farinaceous,11,3,1,4,5,0,5
faring,6,6,6,12,6,6,12
farm,4,4,6,10,4,6,10
farm's,6,6,4,10,6,4,10
farmed,6,6,3,9,6,2,8
farmer,6,5,1,6,5,2,7
farmer's,8,7,1,8,7,1,8
farmers,7,6,1,7,6,1,7
farmhand,8,7,3,10,3,4,7
farmhand's,10,6,3,9,5,2,7
farmhands,9,4,2,6,4,3,7
farmhouse,9,6,1,7,6,1,7
farmhouse's,11,7,1,8,7,1,8
farmhouses,10,6,1,7,6,1,7
farming,7,7,5,12,7,6,13
farming's,9,8,2,10,8,2,10
farmland,8,6,4,10,4,3,7
farmland's,10,8,1,9,6,1,7
farms,5,5,6,11,5,5,10
farmyard,8,4,4,8,4,5,9
farmyard's,10,6,2,8,6,3,9
farmyards,9,5,3,8,5,4,9
farrow,6,5,3,8,5,3,8
farrow's,8,7,1,8,7,2,9
farrowed,8,7,1,8,7,1,8
farrowing,9,8,3,11,8,3,11
farrows,7,6,3,9,6,3,9
farsighted,10,4,0,4,4,0,4
farsightedness,14,2,0,2,2,0,2
farsightedness's,16,2,0,2,2,0,2
fart,4,4,6,10,4,6,10
fart's,6,6,5,11,6,5,11
farted,6,5,5,10,5,5,10
farther,7,4,4,8,4,4,8
farthest,8,7,1,8,7,1,8
farthing,8,7,4,11,7,4,11
farthing's,10,7,2,9,4,3,7
farthings,9,6,3,9,3,5,8
farting,7,6,8,14,6,8,14
farts,5,5,4,9,5,5,10
fascinate,9,4,0,4,5,0,5
fascinated,10,4,0,4,4,0,4
fascinates,10,4,0,4,5,0,5
fascinating,11,4,0,4,5,0,5
fascination,11,4,0,4,5,0,5
fascination's,13,5,0,5,4,0,4
fascinations,12,5,0,5,3,0,3
fascism,7,6,0,6,6,1,7
fascism's,9,7,0,7,7,0,7
fascist,7,5,1,6,5,2,7
fascist's,9,6,1,7,6,1,7
fascists,8,4,0,4,4,0,4
fashion,7,5,1,6,5,2,7
fashion's,9,6,2,8,6,2,8
fashionable,11,10,0,10,10,0,10
fashionably,11,9,1,10,9,1,10
fashioned,9,7,1,8,7,1,8
fashioning,10,6,1,7,6,1,7
fashionista,11,2,0,2,2,0,2
fashionista's,13,2,0,2,2,0,2
fashionistas,12,2,0,2,3,0,3
fashions,8,5,2,7,5,2,7
fast,4,4,4,8,4,4,8
fast's,6,5,4,9,5,4,9
fasted,6,6,3,9,6,3,9
fasten,6,6,2,8,6,2,8
fastened,8,7,0,7,7,1,8
fastener,8,6,1,7,6,0,6
fastener's,10,7,0,7,7,0,7
fasteners,9,2,1,3,2,1,3
fastening,9,8,0,8,8,0,8
fastening's,11,5,0,5,5,0,5
fastenings,10,5,1,6,5,1,6
fastens,7,6,2,8,6,2,8
faster,6,6,2,8,6,2,8
fastest,7,5,1,6,5,0,5
fastidious,10,6,2,8,6,1,7
fastidiously,12,5,0,5,4,0,4
fastidiousness,14,8,0,8,8,0,8
fastidiousness's,16,9,0,9,9,0,9
fasting,7,7,2,9,7,3,10
fastness,8,6,1,7,6,1,7
fastness's,10,7,1,8,7,1,8
fastnesses,10,2,1,3,2,1,3
fasts,5,4,3,7,4,3,7
fat,3,3,7,10,3,6,9
fat's,5,5,6,11,5,6,11
fatal,5,3,5,8,2,6,8
fatalism,8,4,1,5,4,1,5
fatalism's,10,6,1,7,5,1,6
fatalist,8,4,1,5,4,1,5
fatalist's,10,5,0,5,5,1,6
fatalistic,10,4,1,5,4,1,5
fatalists,9,3,1,4,4,1,5
fatalities,10,4,0,4,5,0,5
fatality,8,4,3,7,3,3,6
fatality's,10,5,1,6,4,1,5
fatally,7,2,3,5,2,3,5
fate,4,4,8,12,4,7,11
fate's,6,6,8,14,6,7,13
fated,5,5,7,12,5,7,12
fateful,7,5,1,6,4,1,5
fatefully,9,4,2,6,3,2,5
fates,5,5,1,6,5,1,6
fathead,7,4,3,7,4,3,7
fathead's,9,6,0,6,6,1,7
fatheads,8,4,1,5,4,1,5
father,6,6,1,7,6,1,7
father's,8,8,0,8,8,0,8
fathered,8,7,1,8,7,1,8
fatherhood,10,2,3,5,2,3,5
fatherhood's,12,4,2,6,4,1,5
fathering,9,9,2,11,9,2,11
fatherland,10,4,3,7,5,1,6
fatherland's,12,6,0,6,4,1,5
fatherlands,11,5,2,7,4,0,4
fatherless,10,7,1,8,7,1,8
fatherly,8,5,2,7,5,2,7
fathers,7,7,0,7,7,0,7
fathom,6,3,5,8,3,5,8
fathom's,8,5,4,9,5,4,9
fathomable,10,6,1,7,6,2,8
fathomed,8,4,4,8,4,5,9
fathoming,9,6,3,9,4,4,8
fathomless,10,4,1,5,4,1,5
fathoms,7,5,5,10,5,6,11
fatigue,7,5,1,6,4,1,5
fatigue's,9,7,0,7,7,0,7
fatigued,8,6,3,9,4,4,8
fatigues,8,6,0,6,6,1,7
fatigues's,10,4,0,4,4,1,5
fatiguing,9,3,2,5,3,2,5
fating,6,6,6,12,6,6,12
fatness,7,5,2,7,5,2,7
fatness's,9,6,2,8,6,2,8
fats,4,4,4,8,4,4,8
fatten,6,4,6,10,4,6,10
fattened,8,5,3,8,5,3,8
fattening,9,6,3,9,6,3,9
fattens,7,5,3,8,5,3,8
fatter,6,5,2,7,5,2,7
fattest,7,5,0,5,5,0,5
fattier,7,5,6,11,5,5,10
fatties,7,6,4,10,6,4,10
fattiest,8,6,2,8,6,2,8
fatty,5,3,7,10,3,7,10
fatty's,7,4,4,8,4,4,8
fatuous,7,4,6,10,6,5,11
fatuously,9,7,0,7,7,1,8
fatuousness,11,6,0,6,4,0,4
fatuousness's,13,7,0,7,4,0,4
faucet,6,3,5,8,3,6,9
faucet's,8,5,3,8,5,4,9
faucets,7,4,3,7,4,3,7
fault,5,5,6,11,5,6,11
fault's,7,7,3,10,7,3,10
faulted,7,7,2,9,7,2,9
faultfinding,12,5,1,6,2,2,4
faultfinding's,14,4,0,4,4,0,4
faultier,8,5,2,7,5,1,6
faultiest,9,7,0,7,7,0,7
faultily,8,4,3,7,3,3,6
faultiness,10,5,0,5,6,0,6
faultiness's,12,6,0,6,6,0,6
faulting,8,8,2,10,8,2,10
faultless,9,3,2,5,3,2,5
faultlessly,11,4,0,4,3,0,3
faults,6,6,5,11,6,5,11
faulty,6,2,5,7,2,5,7
faun,4,2,8,10,2,8,10
faun's,6,4,7,11,4,7,11
fauna,5,2,4,6,2,4,6
fauna's,7,4,3,7,4,3,7
faunae,6,3,1,4,3,1,4
faunas,6,4,4,8,4,5,9
fauns,5,3,7,10,3,7,10
favor,5,4,4,8,4,4,8
favor's,7,6,2,8,6,2,8
favorable,9,6,1,7,6,1,7
favorably,9,2,3,5,2,3,5
favored,7,6,2,8,6,1,7
favoring,8,7,3,10,7,3,10
favorite,8,4,3,7,4,4,8
favorite's,10,6,2,8,6,0,6
favorites,9,5,1,6,6,1,7
favoritism,10,3,0,3,3,0,3
favoritism's,12,3,1,4,3,0,3
favors,6,5,3,8,5,3,8
fawn,4,4,6,10,4,6,10
fawn's,6,6,5,11,6,5,11
fawned,6,6,3,9,6,4,10
fawning,7,6,3,9,6,3,9
fawns,5,5,6,11,5,6,11
fax,3,3,12,15,2,12,14
fax's,5,4,12,16,4,12,16
faxed,5,4,11,15,4,10,14
faxes,5,5,11,16,5,12,17
faxing,6,6,9,15,6,9,15
faze,4,3,12,15,3,11,14
fazed,5,5,7,12,5,7,12
fazes,5,5,12,17,4,13,17
fazing,6,5,10,15,5,10,15
fealty,6,4,4,8,4,4,8
fealty's,8,6,3,9,6,3,9
fear,4,4,3,7,4,4,8
fear's,6,6,3,9,6,3,9
feared,6,5,0,5,5,2,7
fearful,7,6,3,9,4,3,7
fearfully,9,7,2,9,4,2,6
fearfulness,11,4,0,4,4,0,4
fearfulness's,13,5,0,5,3,0,3
fearing,7,7,3,10,7,3,10
fearless,8,4,1,5,5,1,6
fearlessly,10,5,0,5,4,0,4
fearlessness,12,5,0,5,4,0,4
fearlessness's,14,6,0,6,4,0,4
fears,5,5,3,8,5,3,8
fearsome,8,2,1,3,2,1,3
feasibility,11,3,0,3,3,0,3
feasibility's,13,5,1,6,3,1,4
feasible,8,3,0,3,3,0,3
feasibly,8,2,1,3,3,0,3
feast,5,5,1,6,5,1,6
feast's,7,6,1,7,6,1,7
feasted,7,3,2,5,3,4,7
feasting,8,5,1,6,5,1,6
feasts,6,5,2,7,5,2,7
feat,4,4,3,7,4,5,9
feat's,6,6,4,10,6,4,10
feather,7,6,2,8,6,2,8
feather's,9,8,0,8,8,0,8
featherbedding,14,3,1,4,3,1,4
featherbedding's,16,4,0,4,3,1,4
feathered,9,7,1,8,7,1,8
featherier,10,2,1,3,2,1,3
featheriest,11,3,0,3,3,0,3
feathering,10,9,1,10,9,1,10
feathers,8,7,1,8,7,2,9
featherweight,13,3,1,4,2,1,3
featherweight's,15,2,0,2,3,0,3
featherweights,14,2,0,2,3,0,3
feathery,8,3,2,5,3,2,5
feats,5,5,6,11,5,5,10
feature,7,5,2,7,5,1,6
feature's,9,7,1,8,7,1,8
featured,8,6,1,7,6,1,7
featureless,11,3,0,3,2,1,3
features,8,6,1,7,6,1,7
featuring,9,6,2,8,6,2,8
febrile,7,2,3,5,3,1,4
fecal,5,5,2,7,5,4,9
feces,5,3,1,4,3,1,4
feces's,7,4,0,4,4,1,5
feckless,8,4,2,6,4,2,6
fecund,6,3,5,8,3,5,8
fecundity,9,3,1,4,3,1,4
fecundity's,11,5,0,5,4,0,4
fed,3,3,8,11,3,8,11
fed's,5,5,5,10,5,5,10
federal,7,4,1,5,4,1,5
federal's,9,6,0,6,6,0,6
federalism,10,4,1,5,2,1,3
federalism's,12,7,1,8,9,1,10
federalist,10,6,0,6,4,1,5
federalist's,12,7,0,7,10,0,10
federalists,11,6,0,6,5,0,5
federally,9,2,3,5,2,3,5
federals,8,3,3,6,4,2,6
federate,8,5,2,7,4,2,6
federated,9,2,2,4,2,2,4
federates,9,6,1,7,6,1,7
federating,10,5,1,6,5,1,6
federation,10,7,1,8,7,1,8
federation's,12,9,0,9,9,0,9
federations,11,8,0,8,8,0,8
fedora,6,5,1,6,5,1,6
fedora's,8,7,0,7,6,1,7
fedoras,7,4,1,5,4,1,5
feds,4,4,3,7,4,2,6
fee,3,2,5,7,2,5,7
fee's,5,4,7,11,4,7,11
feeble,6,3,1,4,3,1,4
feebleness,10,2,0,2,2,0,2
feebleness's,12,2,0,2,2,0,2
feebler,7,3,2,5,3,1,4
feeblest,8,3,1,4,3,1,4
feebly,6,3,4,7,3,4,7
feed,4,3,4,7,3,2,5
feed's,6,5,2,7,5,2,7
feedback,8,1,3,4,2,2,4
feedback's,10,4,0,4,3,0,3
feedbag,7,3,2,5,3,2,5
feedbag's,9,4,1,5,4,1,5
feedbags,8,3,2,5,3,2,5
feeder,6,4,0,4,4,0,4
feeder's,8,6,1,7,6,1,7
feeders,7,5,1,6,5,1,6
feeding,7,6,3,9,6,1,7
feeding's,9,8,0,8,8,0,8
feedings,8,7,1,8,7,0,7
feeds,5,4,1,5,4,1,5
feel,4,3,8,11,3,7,10
feel's,6,4,5,9,4,5,9
feeler,6,3,4,7,2,5,7
feeler's,8,5,2,7,5,2,7
feelers,7,4,2,6,4,2,6
feeling,7,6,4,10,6,3,9
feeling's,9,7,1,8,7,1,8
feelingly,9,6,1,7,3,1,4
feelings,8,6,2,8,6,1,7
feels,5,4,2,6,4,2,6
fees,4,3,4,7,3,3,6
feet,4,3,7,10,3,6,9
feign,5,4,4,8,4,4,8
feigned,7,3,3,6,3,2,5
feigning,8,5,2,7,5,2,7
feigns,6,6,3,9,5,4,9
feint,5,3,5,8,3,6,9
feint's,7,5,4,9,5,5,10
feinted,7,3,3,6,3,2,5
feinting,8,3,1,4,3,1,4
feints,6,4,3,7,4,3,7
feistier,8,4,0,4,4,0,4
feistiest,9,3,0,3,4,0,4
feisty,6,2,2,4,2,2,4
feldspar,8,3,1,4,3,2,5
feldspar's,10,6,1,7,4,2,6
felicities,10,6,2,8,4,0,4
felicitous,10,5,1,6,4,2,6
felicity,8,5,2,7,4,2,6
felicity's,10,6,1,7,6,1,7
feline,6,4,3,7,4,3,7
feline's,8,6,2,8,6,3,9
felines,7,4,3,7,3,3,6
fell,4,3,8,11,3,7,10
fell's,6,5,7,12,5,7,12
fellatio,8,3,3,6,2,4,6
fellatio's,10,6,1,7,3,2,5
felled,6,4,2,6,4,2,6
feller,6,4,6,10,4,6,10
fellest,7,4,3,7,4,3,7
felling,7,6,2,8,6,2,8
fellow,6,5,4,9,5,4,9
fellow's,8,7,3,10,7,3,10
fellows,7,6,4,10,6,4,10
fellowship,10,5,0,5,4,0,4
fellowship's,12,6,0,6,3,0,3
fellowships,11,2,0,2,2,0,2
fells,5,4,8,12,4,7,11
felon,5,3,7,10,5,5,10
felon's,7,5,4,9,5,4,9
felonies,8,6,1,7,6,1,7
felonious,9,5,1,6,5,1,6
felons,6,5,5,10,4,4,8
felony,6,4,5,9,4,5,9
felony's,8,5,3,8,5,4,9
felt,4,4,4,8,4,3,7
felt's,6,6,4,10,6,3,9
felted,6,5,2,7,5,2,7
felting,7,7,2,9,7,2,9
felts,5,5,5,10,5,4,9
female,6,3,3,6,3,5,8
female's,8,6,2,8,6,2,8
females,7,4,4,8,4,5,9
feminine,8,3,2,5,3,2,5
feminine's,10,5,1,6,5,1,6
feminines,9,4,0,4,4,0,4
femininity,10,5,1,6,3,1,4
femininity's,12,7,1,8,4,0,4
feminism,8,6,0,6,6,0,6
feminism's,10,4,0,4,5,0,5
feminist,8,6,0,6,6,0,6
feminist's,10,4,0,4,5,0,5
feminists,9,4,1,5,4,1,5
femora,6,4,3,7,4,3,7
femoral,7,4,4,8,4,3,7
femur,5,5,3,8,5,2,7
femur's,7,7,2,9,7,1,8
femurs,6,6,5,11,6,2,8
fen,3,3,6,9,3,8,11
fen's,5,5,4,9,5,4,9
fence,5,3,7,10,4,4,8
fence's,7,5,4,9,5,3,8
fenced,6,4,4,8,3,4,7
fencer,6,4,4,8,4,4,8
fencer's,8,5,5,10,6,2,8
fencers,7,4,4,8,4,4,8
fences,6,4,3,7,4,4,8
fencing,7,4,3,7,4,3,7
fencing's,9,5,1,6,5,1,6
fend,4,4,5,9,4,5,9
fended,6,4,1,5,4,0,4
fender,6,5,2,7,5,1,6
fender's,8,7,1,8,7,2,9
fenders,7,6,1,7,6,1,7
fending,7,6,2,8,6,2,8
fends,5,5,3,8,5,4,9
fennel,6,4,3,7,4,3,7
fennel's,8,6,1,7,6,1,7
fens,4,4,3,7,4,2,6
fer,3,3,7,10,3,10,13
feral,5,5,3,8,3,5,8
ferment,7,6,1,7,6,1,7
ferment's,9,7,0,7,7,0,7
fermentation,12,6,1,7,5,1,6
fermentation's,14,5,0,5,4,0,4
fermented,9,6,1,7,5,1,6
fermenting,10,2,1,3,2,1,3
ferments,8,6,1,7,6,1,7
fern,4,4,3,7,4,2,6
fern's,6,6,1,7,6,2,8
ferns,5,5,2,7,5,3,8
ferocious,9,6,2,8,6,2,8
ferociously,11,8,1,9,8,1,9
ferociousness,13,7,0,7,7,0,7
ferociousness's,15,8,0,8,8,0,8
ferocity,8,7,3,10,7,2,9
ferocity's,10,9,1,10,9,1,10
ferret,6,2,0,2,2,1,3
ferret's,8,4,0,4,3,0,3
ferreted,8,3,1,4,3,1,4
ferreting,9,5,1,6,4,2,6
ferrets,7,3,0,3,3,0,3
ferric,6,2,3,5,2,3,5
ferried,7,4,2,6,5,1,6
ferries,7,4,1,5,4,2,6
ferrous,7,3,1,4,3,1,4
ferrule,7,3,1,4,3,0,3
ferrule's,9,5,1,6,5,0,5
ferrules,8,4,0,4,4,0,4
ferry,5,4,8,12,4,7,11
ferry's,7,5,7,12,5,6,11
ferryboat,9,3,2,5,2,2,4
ferryboat's,11,4,1,5,3,1,4
ferryboats,10,4,1,5,4,0,4
ferrying,8,6,2,8,6,2,8
fertile,7,4,2,6,4,0,4
fertility,9,4,2,6,3,2,5
fertility's,11,8,0,8,8,0,8
fertilization,13,8,1,9,3,2,5
fertilization's,15,7,0,7,5,1,6
fertilize,9,3,3,6,3,2,5
fertilized,10,4,1,5,4,1,5
fertilizer,10,2,2,4,2,2,4
fertilizer's,12,4,0,4,3,0,3
fertilizers,11,3,1,4,3,0,3
fertilizes,10,4,1,5,4,1,5
fertilizing,11,4,1,5,2,1,3
fervency,8,3,1,4,3,1,4
fervency's,10,5,0,5,3,1,4
fervent,7,5,2,7,5,2,7
fervently,9,4,1,5,3,1,4
fervid,6,4,4,8,4,4,8
fervidly,8,5,1,6,4,1,5
fervor,6,2,1,3,2,1,3
fervor's,8,4,0,4,4,1,5
fest,4,4,4,8,4,3,7
fest's,6,5,3,8,5,3,8
festal,6,3,2,5,3,2,5
fester,6,5,2,7,5,3,8
fester's,8,6,2,8,6,2,8
festered,8,6,0,6,6,0,6
festering,9,8,0,8,8,1,9
festers,7,5,0,5,5,0,5
festival,8,5,1,6,5,1,6
festival's,10,7,0,7,6,1,7
festivals,9,4,2,6,4,2,6
festive,7,6,1,7,5,2,7
festively,9,8,0,8,8,0,8
festivities,11,3,0,3,3,0,3
festivity,9,3,0,3,3,0,3
festivity's,11,3,0,3,3,0,3
festoon,7,4,1,5,4,1,5
festoon's,9,4,0,4,4,0,4
festooned,9,4,1,5,4,1,5
festooning,10,4,0,4,4,0,4
festoons,8,3,0,3,3,0,3
fests,5,4,2,6,4,2,6
feta,4,4,5,9,4,5,9
feta's,6,5,5,10,5,5,10
fetal,5,4,4,8,4,5,9
fetch,5,5,7,12,5,4,9
fetched,7,4,5,9,4,4,8
fetches,7,6,3,9,6,4,10
fetching,8,5,5,10,5,5,10
fetchingly,10,7,1,8,7,1,8
feted,5,4,2,6,4,2,6
fetich,6,4,5,9,4,5,9
fetich's,8,5,3,8,5,3,8
fetiches,8,5,3,8,5,3,8
fetid,5,3,5,8,3,5,8
feting,6,5,6,11,5,6,11
fetish,6,4,3,7,4,2,6
fetish's,8,6,1,7,6,2,8
fetishes,8,4,2,6,4,1,5
fetishism,9,2,0,2,4,0,4
fetishism's,11,6,0,6,3,1,4
fetishist,9,3,0,3,4,0,4
fetishist's,11,6,0,6,3,1,4
fetishistic,11,2,0,2,2,0,2
fetishists,10,2,0,2,2,1,3
fetlock,7,6,4,10,6,3,9
fetlock's,9,8,3,11,8,2,10
fetlocks,8,7,3,10,7,3,10
fetter,6,4,1,5,4,2,6
fetter's,8,6,2,8,5,3,8
fettered,8,5,2,7,5,2,7
fettering,9,7,3,10,7,3,10
fetters,7,5,1,6,5,1,6
fettle,6,4,4,8,4,1,5
fettle's,8,6,2,8,6,0,6
fetus,5,4,6,10,4,6,10
fetus's,7,5,2,7,5,2,7
fetuses,7,4,2,6,3,4,7
feud,4,2,6,8,2,7,9
feud's,6,4,6,10,4,6,10
feudal,6,4,3,7,4,3,7
feudalism,9,3,2,5,5,1,6
feudalism's,11,6,1,7,5,1,6
feudalistic,11,4,0,4,4,0,4
feuded,6,2,4,6,3,3,6
feuding,7,5,5,10,5,5,10
feuds,5,3,8,11,3,9,12
fever,5,3,5,8,3,5,8
fever's,7,5,4,9,5,4,9
fevered,7,5,1,6,5,0,5
feverish,8,4,0,4,2,1,3
feverishly,10,3,0,3,3,0,3
fevers,6,4,1,5,4,1,5
few,3,3,6,9,3,6,9
few's,5,5,4,9,5,5,10
fewer,5,4,2,6,4,2,6
fewest,6,5,1,6,5,0,5
fey,3,3,9,12,2,11,13
fez,3,3,10,13,3,8,11
fez's,5,5,7,12,5,6,11
fezes,5,2,5,7,2,5,7
fezzes,6,3,5,8,3,5,8
fiancé,6,3,4,7,2,5,7
fiancé's,8,5,3,8,4,3,7
fiancée,7,3,3,6,3,2,5
fiancée's,9,5,2,7,6,2,8
fiancées,8,4,1,5,4,1,5
fiancés,7,3,4,7,3,4,7
fiasco,6,4,1,5,3,2,5
fiasco's,8,5,1,6,4,1,5
fiascoes,8,3,1,4,3,0,3
fiascos,7,2,2,4,2,2,4
fiat,4,3,6,9,3,5,8
fiat's,6,5,5,10,5,4,9
fiats,5,4,5,9,4,5,9
fib,3,3,8,11,3,6,9
fib's,5,5,7,12,5,5,10
fibbed,6,5,7,12,5,7,12
fibber,6,3,8,11,4,7,11
fibber's,8,6,8,14,6,8,14
fibbers,7,6,8,14,6,5,11
fibbing,7,5,6,11,5,6,11
fiber,5,5,8,13,5,8,13
fiber's,7,7,5,12,7,5,12
fiberboard,10,4,1,5,3,1,4
fiberboard's,12,6,0,6,5,0,5
fiberglass,10,6,0,6,6,0,6
fiberglass's,12,7,0,7,7,0,7
fibers,6,6,8,14,5,7,12
fibroid,7,2,3,5,2,3,5
fibrous,7,5,5,10,4,5,9
fibs,4,4,8,12,4,6,10
fibula,6,4,3,7,4,3,7
fibula's,8,4,4,8,4,4,8
fibulae,7,2,2,4,2,1,3
fibulas,7,3,3,6,3,2,5
fiche,5,3,6,9,5,4,9
fiche's,7,6,5,11,5,6,11
fiches,6,5,5,10,4,7,11
fickle,6,6,3,9,6,4,10
fickleness,10,5,0,5,5,0,5
fickleness's,12,6,0,6,6,0,6
fickler,7,6,2,8,5,4,9
ficklest,8,6,0,6,6,0,6
fiction,7,5,4,9,5,5,10
fiction's,9,7,4,11,7,4,11
fictional,9,2,2,4,2,2,4
fictionalize,12,1,1,2,1,1,2
fictionalized,13,1,1,2,1,1,2
fictionalizes,13,3,0,3,3,0,3
fictionalizing,14,1,1,2,1,1,2
fictions,8,4,3,7,3,3,6
fictitious,10,3,2,5,3,2,5
fiddle,6,5,3,8,5,2,7
fiddle's,8,7,2,9,7,4,11
fiddled,7,5,4,9,5,4,9
fiddler,7,5,3,8,6,3,9
fiddler's,9,7,4,11,7,1,8
fiddlers,8,6,4,10,6,2,8
fiddles,7,6,1,7,6,1,7
fiddlesticks,12,3,1,4,3,1,4
fiddling,8,6,2,8,6,2,8
fiddly,6,4,6,10,4,4,8
fidelity,8,2,4,6,2,4,6
fidelity's,10,6,2,8,4,2,6
fidget,6,6,2,8,6,2,8
fidget's,8,8,4,12,8,5,13
fidgeted,8,3,3,6,3,3,6
fidgeting,9,4,1,5,4,1,5
fidgets,7,7,4,11,7,4,11
fidgety,7,3,4,7,3,4,7
fiduciaries,11,4,0,4,3,1,4
fiduciary,9,2,2,4,2,3,5
fiduciary's,11,8,1,9,4,1,5
fie,3,3,4,7,3,4,7
fief,4,2,9,11,2,9,11
fief's,6,4,5,9,4,5,9
fiefs,5,4,5,9,4,4,8
field,5,5,4,9,5,2,7
field's,7,7,2,9,7,1,8
fielded,7,5,2,7,5,1,6
fielder,7,4,1,5,3,1,4
fielder's,9,6,0,6,6,0,6
fielders,8,4,1,5,4,1,5
fielding,8,7,1,8,7,1,8
fields,6,6,2,8,6,2,8
fieldwork,9,3,1,4,2,2,4
fieldwork's,11,5,0,5,3,1,4
fiend,5,3,5,8,3,5,8
fiend's,7,5,4,9,5,4,9
fiendish,8,3,0,3,3,0,3
fiendishly,10,3,0,3,3,0,3
fiends,6,5,5,10,5,5,10
fierce,6,4,2,6,4,2,6
fiercely,8,2,2,4,2,2,4
fierceness,10,2,0,2,2,0,2
fierceness's,12,2,0,2,2,0,2
fiercer,7,3,2,5,3,0,3
fiercest,8,4,0,4,4,0,4
fierier,7,3,2,5,3,0,3
fieriest,8,3,2,5,4,1,5
fieriness,9,3,1,4,3,1,4
fieriness's,11,4,1,5,4,1,5
fiery,5,4,4,8,3,4,7
fiesta,6,3,1,4,3,0,3
fiesta's,8,4,1,5,4,0,4
fiestas,7,3,2,5,4,1,5
fife,4,3,12,15,3,11,14
fife's,6,5,9,14,5,10,15
fifes,5,4,8,12,4,7,11
fifteen,7,4,3,7,3,3,6
fifteen's,9,4,2,6,5,2,7
fifteens,8,3,2,5,3,2,5
fifteenth,9,5,1,6,3,1,4
fifteenth's,11,2,1,3,3,0,3
fifteenths,10,3,0,3,3,0,3
fifth,5,4,7,11,4,7,11
fifth's,7,6,5,11,6,6,12
fifths,6,5,5,10,5,5,10
fifties,7,4,3,7,4,3,7
fiftieth,8,4,1,5,3,2,5
fiftieth's,10,4,2,6,3,4,7
fiftieths,9,5,1,6,3,3,6
fifty,5,4,5,9,4,6,10
fifty's,7,5,10,15,5,7,12
fig,3,3,9,12,3,8,11
fig's,5,5,7,12,5,8,13
fight,5,5,6,11,5,6,11
fight's,7,7,5,12,7,5,12
fighter,7,5,2,7,5,2,7
fighter's,9,6,1,7,5,4,9
fighters,8,5,4,9,4,5,9
fighting,8,6,2,8,6,2,8
fighting's,10,8,3,11,8,3,11
fights,6,6,5,11,6,5,11
figment,7,7,3,10,7,3,10
figment's,9,9,3,12,9,2,11
figments,8,8,2,10,8,2,10
figs,4,4,7,11,4,7,11
figurative,10,3,1,4,2,1,3
figuratively,12,1,1,2,1,1,2
figure,6,2,5,7,2,5,7
figure's,8,5,3,8,6,1,7
figured,7,5,2,7,5,3,8
figurehead,10,2,2,4,2,2,4
figurehead's,12,4,1,5,3,1,4
figureheads,11,5,2,7,5,2,7
figures,7,4,4,8,4,4,8
figurine,8,3,2,5,3,2,5
figurine's,10,6,1,7,5,2,7
figurines,9,5,1,6,4,2,6
figuring,8,3,3,6,3,3,6
filament,8,5,1,6,5,1,6
filament's,10,5,0,5,5,0,5
filamentous,11,4,1,5,4,0,4
filaments,9,8,2,10,7,2,9
filbert,7,6,6,12,6,5,11
filbert's,9,8,5,13,8,4,12
filberts,8,4,3,7,4,3,7
filch,5,5,7,12,5,7,12
filched,7,6,3,9,6,3,9
filches,7,4,1,5,4,1,5
filching,8,4,3,7,6,5,11
file,4,4,5,9,4,5,9
file's,6,6,7,13,6,7,13
filed,5,5,3,8,5,3,8
files,5,5,4,9,5,4,9
filet,5,4,5,9,4,5,9
filet's,7,6,3,9,6,3,9
filets,6,5,2,7,5,2,7
filial,6,2,6,8,2,6,8
filibuster,10,3,0,3,3,0,3
filibuster's,12,4,0,4,4,0,4
filibustered,12,4,0,4,3,0,3
filibustering,13,4,0,4,2,0,2
filibusters,11,3,0,3,3,0,3
filigree,8,3,2,5,2,2,4
filigree's,10,5,0,5,5,0,5
filigreed,9,2,1,3,2,1,3
filigreeing,11,3,1,4,1,1,2
filigrees,9,4,1,5,3,1,4
filing,6,5,3,8,5,3,8
filing's,8,7,3,10,7,3,10
filings,7,6,4,10,6,3,9
fill,4,3,11,14,3,11,14
fill's,6,5,10,15,5,10,15
filled,6,5,5,10,5,5,10
filler,6,5,3,8,5,3,8
filler's,8,6,7,13,7,6,13
fillers,7,6,6,12,6,8,14
fillet,6,3,7,10,3,7,10
fillet's,8,5,5,10,5,5,10
filleted,8,5,3,8,4,4,8
filleting,9,6,3,9,6,3,9
fillets,7,5,5,10,5,5,10
fillies,7,5,3,8,5,3,8
filling,7,5,3,8,5,4,9
filling's,9,7,4,11,7,4,11
fillings,8,6,4,10,6,4,10
fillip,6,2,5,7,2,4,6
fillip's,8,4,5,9,4,5,9
filliped,8,3,3,6,4,2,6
filliping,9,4,2,6,4,2,6
fillips,7,3,6,9,3,5,8
fills,5,4,7,11,4,7,11
filly,5,4,8,12,4,7,11
filly's,7,5,6,11,5,6,11
film,4,3,5,8,3,5,8
film's,6,5,4,9,5,4,9
filmed,6,4,6,10,4,6,10
filmier,7,5,3,8,5,4,9
filmiest,8,6,2,8,5,3,8
filming,7,4,4,8,4,5,9
filmmaker,9,4,2,6,4,2,6
filmmaker's,11,5,1,6,5,1,6
filmmakers,10,5,1,6,5,1,6
films,5,4,6,10,4,6,10
filmstrip,9,2,1,3,2,1,3
filmstrip's,11,5,3,8,2,1,3
filmstrips,10,2,2,4,2,2,4
filmy,5,4,6,10,4,4,8
filter,6,6,2,8,6,2,8
filter's,8,8,3,11,8,3,11
filterable,10,3,1,4,3,1,4
filtered,8,6,2,8,6,2,8
filtering,9,6,2,8,6,1,7
filters,7,5,3,8,4,3,7
filth,5,4,7,11,4,7,11
filth's,7,6,5,11,6,6,12
filthier,8,4,2,6,4,2,6
filthiest,9,5,0,5,5,0,5
filthiness,10,5,0,5,5,0,5
filthiness's,12,6,0,6,6,0,6
filthy,6,3,4,7,2,5,7
filtrable,9,5,1,6,3,2,5
filtrate,8,4,1,5,4,1,5
filtrate's,10,7,0,7,6,1,7
filtrated,9,5,1,6,4,2,6
filtrates,9,4,1,5,6,0,6
filtrating,10,4,2,6,4,2,6
filtration,10,2,2,4,2,3,5
filtration's,12,5,1,6,3,1,4
fin,3,3,9,12,3,10,13
fin's,5,5,7,12,5,10,15
finagle,7,4,2,6,5,1,6
finagled,8,4,1,5,4,3,7
finagler,8,4,3,7,4,2,6
finagler's,10,6,0,6,6,0,6
finaglers,9,5,1,6,5,1,6
finagles,8,6,0,6,6,0,6
finagling,9,3,2,5,3,2,5
final,5,4,5,9,4,5,9
final's,7,5,4,9,5,4,9
finale,6,4,2,6,4,4,8
finale's,8,6,3,9,6,7,13
finales,7,6,3,9,5,5,10
finalist,8,5,2,7,5,2,7
finalist's,10,6,1,7,6,2,8
finalists,9,5,2,7,5,2,7
finality,8,3,3,6,3,2,5
finality's,10,7,1,8,7,1,8
finalize,8,6,1,7,5,1,6
finalized,9,7,1,8,7,1,8
finalizes,9,7,0,7,6,0,6
finalizing,10,2,2,4,4,2,6
finally,7,5,3,8,5,3,8
finals,6,4,4,8,4,4,8
finance,7,4,2,6,4,1,5
finance's,9,5,0,5,5,0,5
financed,8,4,1,5,4,3,7
finances,8,5,1,6,6,0,6
financial,9,2,2,4,2,2,4
financially,11,3,1,4,3,2,5
financier,9,3,2,5,3,2,5
financier's,11,6,0,6,6,0,6
financiers,10,5,1,6,4,0,4
financing,9,2,2,4,2,2,4
financing's,11,5,2,7,4,2,6
finch,5,5,6,11,5,6,11
finch's,7,7,5,12,7,5,12
finches,7,7,2,9,7,2,9
find,4,4,7,11,4,8,12
find's,6,6,6,12,6,6,12
finder,6,6,3,9,6,4,10
finder's,8,7,6,13,7,6,13
finders,7,7,5,12,7,5,12
finding,7,5,4,9,5,5,10
finding's,9,7,4,11,7,4,11
findings,8,5,4,9,5,4,9
finds,5,5,6,11,5,7,12
fine,4,4,4,8,4,4,8
fine's,6,6,3,9,6,2,8
fined,5,5,6,11,5,8,13
finely,6,6,2,8,5,2,7
fineness,8,3,0,3,3,0,3
fineness's,10,4,0,4,4,0,4
finer,5,5,5,10,5,5,10
finery,6,5,3,8,6,3,9
finery's,8,8,2,10,8,2,10
fines,5,5,4,9,5,4,9
finesse,7,2,1,3,2,2,4
finesse's,9,3,1,4,2,1,3
finessed,8,3,1,4,2,1,3
finesses,8,2,1,3,2,1,3
finessing,9,2,0,2,2,0,2
finest,6,5,2,7,5,2,7
finger,6,6,1,7,6,2,8
finger's,8,8,3,11,8,3,11
fingerboard,11,2,1,3,3,2,5
fingerboard's,13,4,1,5,4,0,4
fingerboards,12,3,2,5,4,0,4
fingered,8,7,3,10,7,4,11
fingering,9,6,1,7,6,1,7
fingering's,11,6,0,6,4,0,4
fingerings,10,7,0,7,7,2,9
fingernail,10,2,1,3,2,1,3
fingernail's,12,4,0,4,3,0,3
fingernails,11,3,1,4,3,0,3
fingerprint,11,3,1,4,3,1,4
fingerprint's,13,3,0,3,3,0,3
fingerprinted,13,1,1,2,1,1,2
fingerprinting,14,1,1,2,1,1,2
fingerprints,12,3,1,4,3,1,4
fingers,7,7,4,11,7,4,11
fingertip,9,4,1,5,4,1,5
fingertip's,11,5,0,5,5,0,5
fingertips,10,5,1,6,4,2,6
finickier,9,3,2,5,3,2,5
finickiest,10,3,0,3,3,0,3
finicky,7,4,3,7,1,5,6
fining,6,4,4,8,4,4,8
finis,5,4,3,7,4,3,7
finis's,7,3,4,7,3,4,7
finises,7,3,4,7,4,0,4
finish,6,2,1,3,2,1,3
finish's,8,3,0,3,3,2,5
finished,8,5,1,6,5,1,6
finisher,8,6,0,6,6,0,6
finisher's,10,6,1,7,5,1,6
finishers,9,6,0,6,6,2,8
finishes,8,4,1,5,4,0,4
finishing,9,3,1,4,3,1,4
finite,6,3,1,4,3,2,5
finitely,8,6,1,7,3,2,5
fink,4,4,7,11,4,5,9
fink's,6,6,4,10,6,4,10
finked,6,6,4,10,6,4,10
finking,7,5,2,7,5,3,8
finks,5,5,6,11,5,5,10
finny,5,3,11,14,4,7,11
fins,4,4,7,11,4,10,14
fiord,5,2,6,8,2,6,8
fiord's,7,4,5,9,4,5,9
fiords,6,6,4,10,6,4,10
fir,3,3,12,15,3,12,15
fir's,5,5,11,16,5,11,16
fire,4,4,3,7,4,3,7
fire's,6,6,4,10,6,4,10
firearm,7,6,1,7,6,1,7
firearm's,9,8,0,8,8,0,8
firearms,8,7,1,8,7,1,8
fireball,8,7,2,9,7,3,10
fireball's,10,9,0,9,9,0,9
fireballs,9,8,1,9,8,0,8
firebomb,8,4,3,7,3,2,5
firebomb's,10,6,1,7,5,1,6
firebombed,10,5,1,6,5,1,6
firebombing,11,5,2,7,4,2,6
firebombs,9,6,1,7,6,1,7
firebrand,9,5,1,6,4,1,5
firebrand's,11,5,1,6,3,1,4
firebrands,10,4,1,5,7,0,7
firebreak,9,2,2,4,2,2,4
firebreak's,11,4,1,5,3,1,4
firebreaks,10,5,0,5,5,0,5
firebug,7,4,3,7,4,2,6
firebug's,9,6,2,8,6,2,8
firebugs,8,3,3,6,3,3,6
firecracker,11,3,1,4,2,1,3
firecracker's,13,4,1,5,3,0,3
firecrackers,12,2,2,4,4,0,4
fired,5,5,4,9,5,6,11
firefight,9,6,4,10,2,3,5
firefight's,11,4,1,5,4,0,4
firefighter,11,3,1,4,2,1,3
firefighter's,13,4,0,4,3,0,3
firefighters,12,3,1,4,3,2,5
firefighting,12,3,1,4,2,1,3
firefighting's,14,4,0,4,2,1,3
firefights,10,4,1,5,4,2,6
fireflies,9,4,0,4,4,0,4
firefly,7,3,3,6,4,3,7
firefly's,9,5,2,7,4,2,6
firehouse,9,7,0,7,7,0,7
firehouse's,11,4,0,4,8,0,8
firehouses,10,5,1,6,7,0,7
fireman,7,4,2,6,6,3,9
fireman's,9,8,1,9,6,2,8
firemen,7,3,3,6,6,2,8
fireplace,9,2,3,5,2,3,5
fireplace's,11,6,1,7,4,0,4
fireplaces,10,5,0,5,4,1,5
fireplug,8,6,2,8,3,3,6
fireplug's,10,6,2,8,3,3,6
fireplugs,9,6,2,8,6,2,8
firepower,9,4,1,5,4,2,6
firepower's,11,6,0,6,6,1,7
fireproof,9,4,3,7,2,3,5
fireproofed,11,3,1,4,3,1,4
fireproofing,12,5,1,6,4,1,5
fireproofs,10,4,1,5,3,1,4
fires,5,5,5,10,5,7,12
fireside,8,3,0,3,3,0,3
fireside's,10,2,1,3,2,1,3
firesides,9,3,0,3,2,1,3
firestorm,9,6,1,7,5,0,5
firestorm's,11,6,0,6,6,0,6
firestorms,10,4,1,5,4,1,5
firetrap,8,2,2,4,2,2,4
firetrap's,10,6,1,7,6,1,7
firetraps,9,5,1,6,5,0,5
firewall,8,6,3,9,6,4,10
firewall's,10,8,1,9,8,1,9
firewalls,9,7,2,9,7,1,8
firewater,9,4,1,5,3,1,4
firewater's,11,6,0,6,5,0,5
firewood,8,4,3,7,4,2,6
firewood's,10,4,1,5,3,1,4
firework,8,5,2,7,3,2,5
firework's,10,5,1,6,4,1,5
fireworks,9,5,1,6,5,1,6
firing,6,5,4,9,5,4,9
firm,4,3,8,11,3,9,12
firm's,6,4,8,12,4,8,12
firmament,9,4,2,6,5,1,6
firmament's,11,5,0,5,5,0,5
firmaments,10,4,1,5,4,1,5
firmed,6,5,3,8,5,3,8
firmer,6,4,3,7,4,3,7
firmest,7,5,0,5,5,0,5
firming,7,4,5,9,4,7,11
firmly,6,4,5,9,4,5,9
firmness,8,5,1,6,5,1,6
firmness's,10,6,1,7,6,1,7
firms,5,4,7,11,4,9,13
firmware,8,4,3,7,4,3,7
firs,4,2,11,13,3,11,14
first,5,3,4,7,3,4,7
first's,7,5,3,8,4,4,8
firstborn,9,3,1,4,3,1,4
firstborn's,11,4,1,5,3,1,4
firstborns,10,2,2,4,3,1,4
firsthand,9,3,1,4,3,1,4
firstly,7,3,2,5,3,2,5
firsts,6,3,4,7,3,4,7
firth,5,5,7,12,5,7,12
firth's,7,7,5,12,7,6,13
firths,6,6,5,11,6,5,11
fiscal,6,4,3,7,5,3,8
fiscal's,8,6,2,8,5,3,8
fiscally,8,6,1,7,6,3,9
fiscals,7,5,3,8,5,3,8
fish,4,4,6,10,4,6,10
fish's,6,5,5,10,5,5,10
fishbowl,8,3,2,5,3,1,4
fishbowl's,10,4,1,5,3,2,5
fishbowls,9,3,2,5,3,3,6
fished,6,6,6,12,6,6,12
fisher,6,6,6,12,5,6,11
fisher's,8,7,1,8,7,1,8
fisheries,9,3,0,3,3,0,3
fisherman,9,4,0,4,4,1,5
fisherman's,11,3,1,4,4,1,5
fishermen,9,2,1,3,2,1,3
fishers,7,6,1,7,6,1,7
fishery,7,4,2,6,4,1,5
fishery's,9,6,1,7,6,0,6
fishes,6,5,4,9,5,4,9
fishhook,8,4,2,6,4,1,5
fishhook's,10,4,1,5,3,1,4
fishhooks,9,3,2,5,3,3,6
fishier,7,5,1,6,5,0,5
fishiest,8,5,0,5,5,0,5
fishing,7,6,1,7,6,2,8
fishing's,9,3,3,6,3,2,5
fishnet,7,4,2,6,3,3,6
fishnet's,9,5,2,7,5,2,7
fishnets,8,3,3,6,3,3,6
fishtail,8,4,1,5,4,1,5
fishtailed,10,3,0,3,3,0,3
fishtailing,11,4,0,4,4,0,4
fishtails,9,3,2,5,4,1,5
fishwife,8,3,1,4,3,1,4
fishwife's,10,4,0,4,4,0,4
fishwives,9,3,1,4,3,1,4
fishy,5,4,4,8,4,4,8
fission,7,5,0,5,5,1,6
fission's,9,3,1,4,3,2,5
fissure,7,4,0,4,4,1,5
fissure's,9,4,0,4,3,1,4
fissures,8,3,0,3,3,0,3
fist,4,4,3,7,4,3,7
fist's,6,5,5,10,5,5,10
fistful,7,5,2,7,4,2,6
fistful's,9,3,3,6,5,2,7
fistfuls,8,3,4,7,4,3,7
fisticuffs,10,2,3,5,2,1,3
fisticuffs's,12,3,0,3,3,0,3
fists,5,4,4,8,4,4,8
fit,3,3,6,9,3,6,9
fit's,5,5,6,11,5,6,11
fitful,6,3,5,8,2,3,5
fitfully,8,4,4,8,3,4,7
fitly,5,4,5,9,3,5,8
fitness,7,6,1,7,6,1,7
fitness's,9,7,1,8,7,1,8
fits,4,4,5,9,4,5,9
fitted,6,5,8,13,5,8,13
fitter,6,5,2,7,5,1,6
fitter's,8,7,3,10,7,3,10
fitters,7,6,3,9,6,1,7
fittest,7,4,1,5,4,1,5
fitting,7,5,5,10,5,5,10
fitting's,9,6,4,10,6,4,10
fittingly,9,7,2,9,7,2,9
fittings,8,5,4,9,4,5,9
five,4,4,7,11,4,7,11
five's,6,6,8,14,6,8,14
fiver,5,5,9,14,5,9,14
fives,5,5,5,10,5,5,10
fix,3,2,13,15,2,13,15
fix's,5,4,12,16,4,12,16
fixable,7,5,1,6,5,1,6
fixate,6,4,2,6,4,2,6
fixated,7,5,4,9,5,4,9
fixates,7,6,1,7,6,1,7
fixating,8,6,3,9,4,6,10
fixation,8,5,3,8,4,3,7
fixation's,10,7,2,9,7,2,9
fixations,9,7,2,9,7,1,8
fixative,8,3,2,5,4,2,6
fixative's,10,5,1,6,5,0,5
fixatives,9,4,1,5,5,1,6
fixed,5,3,12,15,4,11,15
fixedly,7,3,4,7,3,3,6
fixer,5,4,10,14,4,10,14
fixer's,7,6,6,12,6,6,12
fixers,6,5,9,14,5,8,13
fixes,5,4,8,12,4,8,12
fixing,6,5,9,14,3,12,15
fixings,7,4,7,11,4,6,10
fixings's,9,6,1,7,6,1,7
fixity,6,3,5,8,2,5,7
fixity's,8,4,5,9,3,5,8
fixture,7,7,2,9,7,2,9
fixture's,9,9,1,10,9,1,10
fixtures,8,8,1,9,8,1,9
fizz,4,2,10,12,2,10,12
fizz's,6,4,9,13,4,9,13
fizzed,6,4,9,13,4,9,13
fizzes,6,5,6,11,5,4,9
fizzier,7,4,5,9,4,4,8
fizziest,8,5,4,9,4,4,8
fizzing,7,3,9,12,4,9,13
fizzle,6,5,5,10,5,5,10
fizzle's,8,6,5,11,5,7,12
fizzled,7,4,7,11,4,7,11
fizzles,7,5,5,10,6,4,10
fizzling,8,5,5,10,5,5,10
fizzy,5,3,11,14,3,11,14
fjord,5,3,6,9,3,6,9
fjord's,7,5,5,10,5,5,10
fjords,6,5,5,10,5,5,10
flab,4,4,2,6,4,2,6
flab's,6,6,2,8,6,2,8
flabbergast,11,3,1,4,3,1,4
flabbergasted,13,2,0,2,4,1,5
flabbergasting,14,4,0,4,2,0,2
flabbergasts,12,2,1,3,2,1,3
flabbier,8,5,5,10,5,4,9
flabbiest,9,5,4,9,6,3,9
flabbiness,10,7,1,8,7,1,8
flabbiness's,12,8,1,9,8,0,8
flabby,6,3,5,8,3,5,8
flaccid,7,3,2,5,3,2,5
flack,5,4,4,8,4,4,8
flack's,7,6,3,9,6,3,9
flacks,6,5,4,9,5,4,9
flag,4,4,3,7,4,3,7
flag's,6,6,3,9,6,3,9
flagella,8,2,3,5,3,1,4
flagellate,10,2,2,4,2,2,4
flagellated,11,2,3,5,2,1,3
flagellates,11,4,0,4,3,2,5
flagellating,12,5,1,6,4,1,5
flagellation,12,6,1,7,4,1,5
flagellation's,14,7,0,7,5,0,5
flagellum,9,3,3,6,2,3,5
flagellum's,11,5,1,6,3,2,5
flagellums,10,3,2,5,4,0,4
flagged,7,6,5,11,6,6,12
flagging,8,5,3,8,5,3,8
flagon,6,4,4,8,4,4,8
flagon's,8,6,3,9,6,4,10
flagons,7,5,4,9,5,4,9
flagpole,8,3,2,5,3,2,5
flagpole's,10,5,1,6,3,2,5
flagpoles,9,4,1,5,3,2,5
flagrant,8,5,3,8,5,3,8
flagrantly,10,6,4,10,2,3,5
flags,5,5,3,8,5,3,8
flagship,8,3,2,5,3,2,5
flagship's,10,2,2,4,2,2,4
flagships,9,3,1,4,3,2,5
flagstaff,9,3,2,5,2,3,5
flagstaff's,11,4,1,5,3,2,5
flagstaffs,10,3,2,5,3,2,5
flagstone,9,7,0,7,6,0,6
flagstone's,11,9,0,9,6,0,6
flagstones,10,7,0,7,5,0,5
flail,5,2,3,5,2,3,5
flail's,7,4,2,6,4,2,6
flailed,7,3,2,5,3,2,5
flailing,8,5,2,7,5,2,7
flails,6,3,3,6,3,3,6
flair,5,4,4,8,4,4,8
flair's,7,6,3,9,6,3,9
flairs,6,4,3,7,4,3,7
flak,4,4,4,8,4,4,8
flak's,6,6,4,10,6,4,10
flake,5,5,4,9,5,4,9
flake's,7,7,3,10,7,3,10
flaked,6,6,2,8,6,2,8
flakes,6,4,5,9,6,5,11
flakier,7,6,2,8,6,3,9
flakiest,8,5,2,7,5,3,8
flakiness,9,5,2,7,5,2,7
flakiness's,11,6,2,8,6,2,8
flaking,7,7,3,10,7,3,10
flaky,5,3,3,6,3,7,10
flambeing,9,3,2,5,2,2,4
flambes,7,5,2,7,6,3,9
flamboyance,11,2,2,4,3,1,4
flamboyance's,13,4,1,5,3,2,5
flamboyant,10,2,3,5,2,3,5
flamboyantly,12,1,3,4,1,3,4
flambé,6,3,5,8,3,4,7
flambé's,8,4,3,7,4,4,8
flambéed,8,4,3,7,5,3,8
flame,5,4,5,9,4,5,9
flame's,7,6,4,10,6,4,10
flamed,6,6,3,9,6,3,9
flamenco,8,4,2,6,3,1,4
flamenco's,10,6,1,7,4,0,4
flamencos,9,4,3,7,4,1,5
flames,6,5,4,9,5,6,11
flamethrower,12,3,2,5,2,2,4
flamethrower's,14,4,0,4,3,1,4
flamethrowers,13,3,1,4,3,0,3
flaming,7,7,4,11,7,4,11
flamingo,8,5,3,8,5,3,8
flamingo's,10,5,1,6,4,1,5
flamingoes,10,6,0,6,5,1,6
flamingos,9,3,2,5,3,1,4
flamings,8,5,4,9,3,4,7
flammability,12,2,2,4,2,2,4
flammability's,14,3,0,3,4,0,4
flammable,9,4,2,6,3,2,5
flammable's,11,4,1,5,4,0,4
flammables,10,4,1,5,4,1,5
flan,4,4,5,9,4,5,9
flange,6,5,3,8,3,3,6
flange's,8,5,3,8,7,1,8
flanges,7,5,1,6,5,4,9
flank,5,5,5,10,5,6,11
flank's,7,6,5,11,7,5,12
flanked,7,5,6,11,7,7,14
flanking,8,7,5,12,7,5,12
flanks,6,6,5,11,6,5,11
flannel,7,4,3,7,3,3,6
flannel's,9,5,1,6,4,1,5
flanneled,9,5,2,7,6,2,8
flannelet,9,2,2,4,5,3,8
flannelet's,11,3,0,3,3,0,3
flannelette,11,1,2,3,2,1,3
flannelette's,13,3,0,3,3,0,3
flanneling,10,4,1,5,3,1,4
flannelled,10,5,2,7,4,2,6
flannelling,11,4,1,5,3,1,4
flannels,8,5,2,7,4,3,7
flap,4,4,6,10,4,6,10
flap's,6,6,5,11,6,5,11
flapjack,8,4,4,8,3,4,7
flapjack's,10,6,3,9,6,2,8
flapjacks,9,4,4,8,2,5,7
flapped,7,5,3,8,6,3,9
flapper,7,5,4,9,5,5,10
flapper's,9,8,2,10,8,2,10
flappers,8,6,3,9,7,3,10
flapping,8,7,5,12,7,5,12
flaps,5,5,4,9,5,4,9
flare,5,5,3,8,5,3,8
flare's,7,7,2,9,7,2,9
flared,6,6,2,8,6,2,8
flares,6,6,1,7,6,1,7
flaring,7,6,3,9,6,3,9
flash,5,4,3,7,4,3,7
flash's,7,5,3,8,5,3,8
flashback,9,2,2,4,2,2,4
flashback's,11,3,2,5,2,2,4
flashbacks,10,2,3,5,4,2,6
flashbulb,9,2,2,4,2,2,4
flashbulb's,11,3,2,5,3,2,5
flashbulbs,10,2,4,6,3,2,5
flashed,7,6,3,9,6,3,9
flasher,7,5,2,7,5,2,7
flasher's,9,6,2,8,6,2,8
flashers,8,5,2,7,5,2,7
flashes,7,5,2,7,5,1,6
flashest,8,7,1,8,7,1,8
flashgun,8,3,2,5,3,2,5
flashgun's,10,5,1,6,4,2,6
flashguns,9,3,3,6,3,2,5
flashier,8,7,0,7,7,0,7
flashiest,9,6,0,6,7,0,7
flashily,8,2,3,5,2,3,5
flashiness,10,6,0,6,6,0,6
flashiness's,12,7,0,7,7,0,7
flashing,8,7,3,10,7,3,10
flashing's,10,5,1,6,2,2,4
flashlight,10,2,1,3,2,1,3
flashlight's,12,3,1,4,3,2,5
flashlights,11,2,2,4,3,2,5
flashy,6,3,3,6,3,2,5
flask,5,3,5,8,3,5,8
flask's,7,3,4,7,4,4,8
flasks,6,3,5,8,3,4,7
flat,4,4,7,11,4,7,11
flat's,6,6,6,12,6,6,12
flatbed,7,6,4,10,4,4,8
flatbed's,9,6,1,7,5,2,7
flatbeds,8,4,3,7,4,2,6
flatboat,8,2,4,6,1,5,6
flatboat's,10,2,3,5,2,3,5
flatboats,9,2,4,6,2,4,6
flatcar,7,2,4,6,2,3,5
flatcar's,9,4,2,6,3,2,5
flatcars,8,3,2,5,3,2,5
flatfeet,8,3,1,4,3,1,4
flatfish,8,4,3,7,5,2,7
flatfish's,10,4,0,4,5,2,7
flatfishes,10,5,2,7,6,0,6
flatfoot,8,3,3,6,3,3,6
flatfoot's,10,5,1,6,4,1,5
flatfooted,10,4,2,6,2,3,5
flatfoots,9,4,2,6,4,1,5
flatiron,8,4,2,6,4,2,6
flatiron's,10,7,1,8,6,1,7
flatirons,9,6,2,8,5,2,7
flatly,6,4,3,7,4,3,7
flatness,8,6,2,8,6,1,7
flatness's,10,7,2,9,7,1,8
flats,5,5,5,10,5,5,10
flatted,7,6,4,10,6,5,11
flatten,7,5,4,9,3,3,6
flattened,9,5,4,9,4,2,6
flattening,10,6,2,8,7,1,8
flattens,8,6,3,9,5,2,7
flatter,7,6,5,11,6,4,10
flattered,9,4,4,8,7,2,9
flatterer,9,4,3,7,3,2,5
flatterer's,11,6,1,7,6,1,7
flatterers,10,4,1,5,4,1,5
flattering,10,6,3,9,9,2,11
flatteringly,12,2,1,3,2,1,3
flatters,8,6,4,10,7,1,8
flattery,8,7,1,8,4,1,5
flattery's,10,6,0,6,6,0,6
flattest,8,3,0,3,3,0,3
flatting,8,6,6,12,6,6,12
flattop,7,3,4,7,3,5,8
flattop's,9,5,3,8,5,1,6
flattops,8,4,3,7,4,3,7
flatulence,10,4,2,6,3,3,6
flatulence's,12,6,1,7,5,2,7
flatulent,9,3,1,4,3,1,4
flatware,8,3,2,5,3,2,5
flatware's,10,5,2,7,5,1,6
flaunt,6,5,3,8,5,3,8
flaunt's,8,7,2,9,5,3,8
flaunted,8,5,2,7,4,4,8
flaunting,9,4,2,6,3,2,5
flaunts,7,6,3,9,4,3,7
flavor,6,4,3,7,4,3,7
flavor's,8,6,2,8,6,2,8
flavored,8,6,2,8,6,2,8
flavorful,9,3,3,6,3,3,6
flavoring,9,7,3,10,7,3,10
flavoring's,11,8,1,9,6,1,7
flavorings,10,3,2,5,3,1,4
flavorless,10,5,1,6,5,1,6
flavors,7,5,3,8,5,3,8
flaw,4,4,8,12,4,8,12
flaw's,6,6,7,13,6,7,13
flawed,6,6,4,10,6,4,10
flawing,7,7,5,12,7,5,12
flawless,8,3,1,4,3,1,4
flawlessly,10,4,0,4,3,0,3
flaws,5,5,6,11,5,6,11
flax,4,4,9,13,4,9,13
flax's,6,5,8,13,5,8,13
flaxen,6,5,3,8,5,3,8
flay,4,3,10,13,3,10,13
flayed,6,5,5,10,5,5,10
flaying,7,6,6,12,6,6,12
flays,5,4,7,11,4,7,11
flea,4,4,2,6,4,4,8
flea's,6,6,2,8,6,2,8
fleas,5,5,4,9,5,4,9
fleck,5,3,4,7,3,3,6
fleck's,7,5,3,8,5,2,7
flecked,7,3,3,6,3,3,6
flecking,8,5,3,8,5,3,8
flecks,6,4,2,6,4,2,6
fled,4,4,6,10,4,6,10
fledged,7,5,1,6,5,1,6
fledgeling,10,3,1,4,4,1,5
fledgeling's,12,3,0,3,3,0,3
fledgelings,11,3,0,3,3,0,3
fledgling,9,4,2,6,4,2,6
fledgling's,11,5,1,6,3,1,4
fledglings,10,4,1,5,4,1,5
flee,4,3,3,6,3,2,5
fleece,6,2,2,4,2,2,4
fleece's,8,4,1,5,4,1,5
fleeced,7,5,2,7,5,1,6
fleeces,7,2,1,3,3,2,5
fleecier,8,4,1,5,4,1,5
fleeciest,9,5,1,6,5,1,6
fleecing,8,7,4,11,7,4,11
fleecy,6,3,2,5,3,2,5
fleeing,7,2,2,4,2,2,4
flees,5,4,0,4,4,0,4
fleet,5,2,5,7,2,2,4
fleet's,7,3,5,8,4,1,5
fleeted,7,4,3,7,4,2,6
fleeter,7,3,2,5,3,2,5
fleetest,8,3,0,3,3,0,3
fleeting,8,6,5,11,6,5,11
fleetingly,10,1,2,3,2,1,3
fleetingly's,12,3,0,3,3,0,3
fleetness,9,2,1,3,4,0,4
fleetness's,11,5,0,5,5,0,5
fleets,6,3,3,6,3,3,6
flesh,5,5,1,6,5,1,6
flesh's,7,4,1,5,4,2,6
fleshed,7,3,2,5,4,2,6
fleshes,7,2,2,4,2,2,4
fleshier,8,4,0,4,4,0,4
fleshiest,9,4,0,4,4,0,4
fleshing,8,5,1,6,3,1,4
fleshlier,9,2,0,2,2,0,2
fleshliest,10,3,0,3,2,0,2
fleshly,7,5,2,7,3,2,5
fleshy,6,3,2,5,3,2,5
flew,4,3,7,10,3,7,10
flex,4,3,7,10,2,8,10
flex's,6,5,4,9,4,5,9
flexed,6,3,3,6,3,5,8
flexes,6,3,4,7,2,5,7
flexibility,11,4,1,5,3,1,4
flexibility's,13,5,1,6,4,0,4
flexible,8,2,3,5,2,3,5
flexibly,8,4,2,6,3,2,5
flexing,7,6,3,9,6,3,9
flexitime,9,2,3,5,2,2,4
flexitime's,11,5,0,5,4,1,5
flextime,8,2,3,5,2,3,5
flextime's,10,4,2,6,3,2,5
flibbertigibbet,15,1,1,2,1,1,2
flibbertigibbet's,17,1,0,1,1,0,1
flibbertigibbets,16,2,1,3,2,0,2
flick,5,3,5,8,3,5,8
flick's,7,5,4,9,5,4,9
flicked,7,7,3,10,7,3,10
flicker,7,5,2,7,5,4,9
flicker's,9,7,2,9,7,3,10
flickered,9,5,1,6,5,4,9
flickering,10,5,2,7,6,2,8
flickers,8,6,3,9,6,3,9
flicking,8,5,3,8,5,3,8
flicks,6,4,6,10,4,5,9
flied,5,5,4,9,5,4,9
flier,5,3,4,7,3,4,7
flier's,7,5,2,7,5,2,7
fliers,6,6,3,9,6,3,9
flies,5,5,2,7,5,2,7
fliest,6,4,1,5,4,1,5
flight,6,6,5,11,6,5,11
flight's,8,8,5,13,8,5,13
flightier,9,4,2,6,4,2,6
flightiest,10,5,0,5,4,0,4
flightiness,11,6,1,7,4,0,4
flightiness's,13,7,1,8,5,0,5
flightless,10,4,2,6,4,2,6
flights,7,7,5,12,7,5,12
flighty,7,3,4,7,2,5,7
flimflam,8,2,4,6,3,2,5
flimflam's,10,4,3,7,4,4,8
flimflammed,11,3,1,4,3,3,6
flimflamming,12,2,1,3,2,1,3
flimflams,9,4,3,7,4,3,7
flimsier,8,4,0,4,4,0,4
flimsiest,9,3,0,3,4,0,4
flimsily,8,3,1,4,3,1,4
flimsiness,10,4,0,4,3,0,3
flimsiness's,12,5,0,5,3,0,3
flimsy,6,5,2,7,5,2,7
flinch,6,2,6,8,3,4,7
flinch's,8,6,4,10,6,5,11
flinched,8,6,3,9,4,3,7
flinches,8,7,0,7,7,0,7
flinching,9,5,2,7,5,2,7
fling,5,3,8,11,3,8,11
fling's,7,5,7,12,5,7,12
flinging,8,4,4,8,4,4,8
flings,6,5,6,11,5,5,10
flint,5,5,4,9,5,4,9
flint's,7,7,3,10,7,3,10
flintier,8,6,2,8,6,2,8
flintiest,9,6,1,7,6,1,7
flintlock,9,4,2,6,4,2,6
flintlock's,11,5,2,7,4,2,6
flintlocks,10,5,2,7,5,2,7
flints,6,4,8,12,4,7,11
flinty,6,5,4,9,5,4,9
flip,4,3,9,12,3,9,12
flip's,6,5,8,13,5,8,13
flippancy,9,2,3,5,2,3,5
flippancy's,11,4,2,6,4,1,5
flippant,8,4,2,6,4,2,6
flippantly,10,3,2,5,4,2,6
flipped,7,4,8,12,6,4,10
flipper,7,4,4,8,5,4,9
flipper's,9,7,3,10,7,3,10
flippers,8,5,5,10,6,4,10
flippest,8,5,1,6,5,1,6
flipping,8,4,5,9,4,5,9
flips,5,4,8,12,4,8,12
flirt,5,3,7,10,3,7,10
flirt's,7,5,6,11,5,6,11
flirtation,10,2,2,4,2,2,4
flirtation's,12,6,1,7,3,1,4
flirtations,11,9,1,10,9,1,10
flirtatious,11,8,2,10,8,2,10
flirtatiously,13,4,0,4,4,0,4
flirted,7,5,2,7,5,2,7
flirting,8,5,2,7,5,2,7
flirts,6,4,5,9,3,7,10
flit,4,3,7,10,3,7,10
flit's,6,5,6,11,5,6,11
flits,5,4,6,10,4,6,10
flitted,7,5,6,11,5,6,11
flitting,8,5,4,9,5,4,9
float,5,5,3,8,5,4,9
float's,7,7,2,9,7,2,9
floatation,10,4,2,6,4,2,6
floatation's,12,3,1,4,3,1,4
floatations,11,3,1,4,3,1,4
floated,7,7,4,11,7,5,12
floater,7,4,4,8,5,3,8
floater's,9,6,3,9,6,2,8
floaters,8,5,2,7,6,0,6
floating,8,7,4,11,7,3,10
floats,6,6,3,9,6,4,10
flock,5,3,5,8,3,5,8
flock's,7,5,4,9,5,4,9
flocked,7,6,4,10,6,4,10
flocking,8,7,3,10,7,5,12
flocks,6,5,5,10,5,5,10
floe,4,4,1,5,4,1,5
floe's,6,4,1,5,4,1,5
floes,5,3,2,5,3,2,5
flog,4,4,5,9,4,5,9
flogged,7,4,7,11,5,7,12
flogging,8,5,4,9,5,4,9
flogging's,10,4,2,6,4,2,6
floggings,9,5,2,7,4,2,6
flogs,5,5,6,11,5,6,11
flood,5,3,6,9,3,5,8
flood's,7,5,5,10,5,4,9
flooded,7,4,3,7,4,3,7
flooder,7,4,6,10,4,5,9
floodgate,9,4,2,6,4,2,6
floodgate's,11,5,1,6,5,0,5
floodgates,10,5,1,6,4,1,5
flooding,8,7,3,10,7,3,10
floodlight,10,2,3,5,2,3,5
floodlight's,12,2,2,4,3,2,5
floodlighted,12,2,2,4,2,2,4
floodlighting,13,4,1,5,1,2,3
floodlights,11,2,2,4,2,2,4
floodlit,8,2,3,5,2,3,5
floods,6,3,5,8,3,5,8
floor,5,2,3,5,2,3,5
floor's,7,4,2,6,4,2,6
floorboard,10,3,3,6,2,3,5
floorboard's,12,4,1,5,3,2,5
floorboards,11,3,1,4,3,1,4
floored,7,4,2,6,4,1,5
flooring,8,6,4,10,6,4,10
flooring's,10,4,2,6,3,2,5
floors,6,3,3,6,3,3,6
floozie,7,3,2,5,3,1,4
floozie's,9,5,1,6,5,1,6
floozies,8,5,2,7,5,2,7
floozy,6,4,5,9,4,5,9
floozy's,8,3,3,6,3,3,6
flop,4,4,3,7,4,3,7
flop's,6,6,3,9,6,3,9
flophouse,9,3,0,3,3,0,3
flophouse's,11,4,1,5,3,0,3
flophouses,10,5,1,6,3,0,3
flopped,7,5,6,11,5,5,10
floppier,8,5,4,9,6,2,8
floppies,8,4,2,6,4,2,6
floppiest,9,6,3,9,6,2,8
floppiness,10,6,2,8,6,2,8
floppiness's,12,7,2,9,7,1,8
flopping,8,6,4,10,6,4,10
floppy,6,3,7,10,3,5,8
floppy's,8,4,3,7,4,3,7
flops,5,4,3,7,4,3,7
flora,5,3,3,6,3,3,6
flora's,7,5,2,7,5,2,7
florae,6,3,1,4,4,2,6
floral,6,3,3,6,4,2,6
floras,6,4,3,7,4,3,7
florid,6,6,4,10,6,4,10
floridly,8,2,3,5,2,3,5
florin,6,5,5,10,5,5,10
florin's,8,5,3,8,4,4,8
florins,7,4,3,7,3,4,7
florist,7,4,2,6,4,2,6
florist's,9,5,0,5,5,1,6
florists,8,4,2,6,4,2,6
floss,5,4,3,7,4,3,7
floss's,7,5,3,8,3,5,8
flossed,7,6,2,8,6,2,8
flosses,7,5,2,7,5,2,7
flossing,8,5,3,8,5,3,8
flotation,9,6,2,8,6,2,8
flotation's,11,8,1,9,8,1,9
flotations,10,7,1,8,7,1,8
flotilla,8,3,2,5,3,2,5
flotilla's,10,4,1,5,4,1,5
flotillas,9,3,1,4,3,1,4
flotsam,7,3,2,5,3,2,5
flotsam's,9,2,3,5,3,2,5
flounce,7,6,3,9,6,2,8
flounce's,9,6,2,8,6,2,8
flounced,8,5,3,8,5,4,9
flounces,8,7,2,9,7,2,9
flouncing,9,7,3,10,7,3,10
flounder,8,5,1,6,3,3,6
flounder's,10,6,1,7,5,2,7
floundered,10,4,1,5,4,1,5
floundering,11,4,1,5,3,1,4
flounders,9,5,2,7,4,3,7
flour,5,2,5,7,2,5,7
flour's,7,4,4,8,4,4,8
floured,7,4,3,7,4,1,5
flouring,8,5,6,11,5,6,11
flourish,8,4,3,7,5,2,7
flourish's,10,7,2,9,4,2,6
flourished,10,6,0,6,5,0,5
flourishes,10,5,2,7,4,1,5
flourishing,11,4,1,5,3,1,4
flours,6,3,4,7,3,4,7
floury,6,2,4,6,2,4,6
flout,5,4,6,10,4,6,10
flout's,7,4,5,9,5,5,10
flouted,7,4,4,8,6,6,12
flouting,8,6,4,10,7,4,11
flouts,6,3,6,9,3,6,9
flow,4,4,6,10,4,6,10
flow's,6,6,5,11,6,5,11
flowed,6,6,3,9,6,3,9
flower,6,6,3,9,6,3,9
flower's,8,8,3,11,8,3,11
flowerbed,9,3,2,5,3,2,5
flowerbed's,11,5,0,5,5,0,5
flowerbeds,10,4,1,5,4,1,5
flowered,8,7,5,12,7,5,12
flowerier,9,2,2,4,2,2,4
floweriest,10,5,0,5,5,0,5
floweriness,11,4,0,4,4,0,4
floweriness's,13,4,0,4,4,0,4
flowering,9,6,3,9,6,3,9
flowerpot,9,3,2,5,3,2,5
flowerpot's,11,5,1,6,4,1,5
flowerpots,10,4,2,6,4,1,5
flowers,7,7,1,8,7,1,8
flowery,7,4,1,5,4,3,7
flowing,7,7,4,11,7,4,11
flown,5,3,7,10,3,7,10
flows,5,4,7,11,4,7,11
flu,3,1,7,8,1,7,8
flu's,5,3,7,10,3,7,10
flub,4,3,8,11,3,8,11
flub's,6,5,6,11,5,6,11
flubbed,7,6,5,11,4,4,8
flubbing,8,6,4,10,6,4,10
flubs,5,4,6,10,4,6,10
fluctuate,9,5,1,6,4,1,5
fluctuated,10,6,1,7,5,1,6
fluctuates,10,6,0,6,4,2,6
fluctuating,11,5,2,7,4,3,7
fluctuation,11,5,1,6,4,2,6
fluctuation's,13,5,0,5,5,1,6
fluctuations,12,4,1,5,4,1,5
flue,4,4,5,9,4,5,9
flue's,6,6,5,11,6,5,11
fluency,7,4,4,8,3,4,7
fluency's,9,2,4,6,4,3,7
fluent,6,4,4,8,4,3,7
fluently,8,4,1,5,5,2,7
flues,5,5,5,10,5,5,10
fluff,5,2,10,12,3,6,9
fluff's,7,5,7,12,4,7,11
fluffed,7,5,5,10,4,5,9
fluffier,8,5,4,9,5,3,8
fluffiest,9,5,3,8,6,2,8
fluffiness,10,6,1,7,6,1,7
fluffiness's,12,7,1,8,7,0,7
fluffing,8,6,5,11,5,5,10
fluffs,6,3,8,11,4,7,11
fluffy,6,3,7,10,4,7,11
fluid,5,2,5,7,3,4,7
fluid's,7,4,4,8,4,3,7
fluidity,8,5,3,8,5,3,8
fluidity's,10,5,3,8,4,3,7
fluidly,7,2,4,6,2,4,6
fluids,6,3,5,8,3,5,8
fluke,5,5,5,10,5,5,10
fluke's,7,7,4,11,7,4,11
flukes,6,6,5,11,6,5,11
flukey,6,2,5,7,2,5,7
flukier,7,4,3,7,4,3,7
flukiest,8,5,2,7,5,2,7
fluky,5,3,6,9,4,6,10
flume,5,5,6,11,5,6,11
flume's,7,7,5,12,7,5,12
flumes,6,6,6,12,6,6,12
flummox,7,4,4,8,4,4,8
flummoxed,9,4,3,7,3,3,6
flummoxes,9,4,2,6,4,2,6
flummoxing,10,5,3,8,5,3,8
flung,5,4,10,14,3,7,10
flunk,5,5,7,12,4,6,10
flunk's,7,7,6,13,4,7,11
flunked,7,5,6,11,6,8,14
flunkey,7,4,4,8,2,5,7
flunkey's,9,6,2,8,4,4,8
flunkeys,8,5,3,8,3,4,7
flunkie,7,3,3,6,3,2,5
flunkie's,9,5,2,7,5,2,7
flunkies,8,7,2,9,6,3,9
flunking,8,7,5,12,7,5,12
flunks,6,6,7,13,4,7,11
flunky,6,4,7,11,4,7,11
flunky's,8,4,6,10,2,6,8
fluoresce,9,3,0,3,3,0,3
fluoresced,10,4,1,5,3,0,3
fluorescence,12,4,0,4,4,0,4
fluorescence's,14,4,0,4,4,0,4
fluorescent,11,4,0,4,4,0,4
fluoresces,10,3,1,4,3,0,3
fluorescing,11,8,0,8,5,0,5
fluoridate,10,5,1,6,3,1,4
fluoridated,11,5,1,6,4,1,5
fluoridates,11,4,1,5,4,1,5
fluoridating,12,5,2,7,5,2,7
fluoridation,12,7,1,8,6,2,8
fluoridation's,14,9,0,9,8,1,9
fluoride,8,8,2,10,8,2,10
fluoride's,10,10,1,11,10,1,11
fluorides,9,5,1,6,5,1,6
fluorine,8,8,3,11,8,3,11
fluorine's,10,10,2,12,10,2,12
fluorite,8,7,4,11,7,4,11
fluorite's,10,9,3,12,9,3,12
fluorocarbon,12,1,3,4,1,3,4
fluorocarbon's,14,3,2,5,2,2,4
fluorocarbons,13,2,3,5,3,2,5
fluoroscope,11,3,1,4,4,0,4
fluoroscope's,13,3,0,3,3,0,3
fluoroscopes,12,3,1,4,3,0,3
flurried,8,3,3,6,2,2,4
flurries,8,6,3,9,7,2,9
flurry,6,4,6,10,4,7,11
flurry's,8,4,4,8,3,5,8
flurrying,9,5,5,10,4,5,9
flush,5,5,5,10,5,6,11
flush's,7,6,5,11,6,5,11
flushed,7,6,4,10,6,4,10
flusher,7,7,2,9,7,2,9
flushes,7,4,4,8,4,3,7
flushest,8,6,2,8,6,2,8
flushing,8,6,5,11,6,5,11
fluster,7,6,3,9,6,3,9
fluster's,9,7,3,10,7,3,10
flustered,9,7,2,9,7,2,9
flustering,10,9,2,11,9,2,11
flusters,8,6,2,8,6,2,8
flute,5,4,7,11,4,7,11
flute's,7,6,6,12,6,6,12
fluted,6,6,4,10,6,4,10
flutes,6,6,7,13,6,7,13
fluting,7,7,4,11,7,4,11
fluting's,9,4,3,7,5,3,8
flutist,7,3,3,6,3,3,6
flutist's,9,4,2,6,4,2,6
flutists,8,3,3,6,4,3,7
flutter,7,5,6,11,5,5,10
flutter's,9,6,4,10,7,3,10
fluttered,9,5,4,9,6,3,9
fluttering,10,7,3,10,8,3,11
flutters,8,6,6,12,6,3,9
fluttery,8,6,2,8,3,4,7
flux,4,3,8,11,3,8,11
flux's,6,5,7,12,5,7,12
fluxed,6,5,5,10,5,5,10
fluxes,6,5,8,13,5,8,13
fluxing,7,6,5,11,6,5,11
fly,3,3,7,10,3,7,10
fly's,5,5,6,11,5,6,11
flyby,5,2,6,8,2,6,8
flyby's,7,3,5,8,2,5,7
flybys,6,2,6,8,2,6,8
flycatcher,10,3,2,5,6,2,8
flycatcher's,12,8,1,9,8,1,9
flycatchers,11,7,2,9,7,1,8
flyer,5,3,6,9,3,6,9
flyer's,7,5,4,9,5,4,9
flyers,6,3,5,8,3,5,8
flying,6,6,6,12,6,6,12
flying's,8,5,5,10,6,5,11
flyleaf,7,3,4,7,3,4,7
flyleaf's,9,4,3,7,5,3,8
flyleaves,9,2,3,5,2,3,5
flyover,7,3,7,10,4,5,9
flyover's,9,5,5,10,5,5,10
flyovers,8,5,5,10,5,5,10
flypaper,8,3,3,6,4,2,6
flypaper's,10,5,2,7,6,1,7
flypapers,9,4,3,7,5,2,7
flysheet,8,2,0,2,2,0,2
flyspeck,8,4,1,5,4,1,5
flyspeck's,10,4,1,5,3,1,4
flyspecked,10,5,0,5,4,0,4
flyspecking,11,5,2,7,5,1,6
flyspecks,9,3,2,5,3,2,5
flyswatter,10,4,0,4,4,0,4
flyswatter's,12,5,0,5,3,0,3
flyswatters,11,4,1,5,3,0,3
flyweight,9,2,3,5,2,3,5
flyweight's,11,4,2,6,3,2,5
flyweights,10,3,2,5,4,3,7
flywheel,8,2,1,3,2,1,3
flywheel's,10,4,0,4,4,0,4
flywheels,9,3,2,5,3,1,4
fo'c's'le,9,5,0,5,5,0,5
fo'c's'le's,11,4,0,4,4,0,4
fo'c's'les,10,5,0,5,5,0,5
fo'c'sle,8,2,1,3,2,1,3
fo'c'sle's,10,3,1,4,3,1,4
fo'c'sles,9,2,0,2,3,1,4
foal,4,4,3,7,4,3,7
foal's,6,6,3,9,6,3,9
foaled,6,5,3,8,5,3,8
foaling,7,6,4,10,6,4,10
foals,5,5,3,8,5,3,8
foam,4,3,8,11,3,7,10
foam's,6,5,6,11,5,7,12
foamed,6,5,5,10,5,5,10
foamier,7,4,2,6,4,7,11
foamiest,8,8,1,9,7,5,12
foaming,7,5,6,11,5,6,11
foams,5,4,5,9,4,5,9
foamy,5,2,6,8,2,6,8
fob,3,3,5,8,3,5,8
fob's,5,5,6,11,5,6,11
fobbed,6,5,4,9,5,3,8
fobbing,7,6,6,12,6,5,11
fobs,4,4,4,8,4,4,8
focal,5,5,4,9,5,4,9
foci,4,3,8,11,3,8,11
focus,5,3,7,10,3,7,10
focus's,7,6,3,9,6,3,9
focused,7,5,0,5,5,2,7
focuses,7,5,2,7,5,2,7
focusing,8,4,1,5,4,1,5
focussed,8,4,1,5,3,1,4
focusses,8,2,1,3,2,1,3
focussing,9,4,2,6,2,2,4
fodder,6,4,2,6,4,2,6
fodder's,8,6,7,13,6,1,7
fodders,7,5,7,12,5,2,7
foe,3,3,13,16,3,13,16
foe's,5,5,6,11,5,6,11
foes,4,4,2,6,4,1,5
foetal,6,4,4,8,3,3,6
foetus,6,2,6,8,3,3,6
foetus's,8,4,1,5,4,1,5
foetuses,8,4,0,4,4,0,4
fog,3,3,10,13,3,9,12
fog's,5,5,8,13,5,8,13
fogbound,8,6,4,10,6,4,10
fogey,5,4,7,11,4,7,11
fogey's,7,6,5,11,6,6,12
fogeys,6,5,4,9,5,4,9
fogged,6,5,8,13,5,7,12
foggier,7,5,5,10,5,4,9
foggiest,8,5,6,11,6,4,10
fogginess,9,6,3,9,6,3,9
fogginess's,11,7,3,10,7,3,10
fogging,7,5,5,10,5,5,10
foggy,5,3,9,12,2,11,13
foghorn,7,3,5,8,2,5,7
foghorn's,9,4,3,7,4,3,7
foghorns,8,2,5,7,2,5,7
fogies,6,5,5,10,5,4,9
fogs,4,4,8,12,4,8,12
fogy,4,3,10,13,3,10,13
fogy's,6,5,9,14,4,8,12
foible,6,3,3,6,4,2,6
foible's,8,5,2,7,6,3,9
foibles,7,4,3,7,4,4,8
foil,4,4,7,11,4,6,10
foil's,6,6,6,12,6,5,11
foiled,6,6,4,10,6,4,10
foiling,7,6,5,11,6,5,11
foils,5,5,6,11,5,6,11
foist,5,5,2,7,5,2,7
foisted,7,7,2,9,7,2,9
foisting,8,7,2,9,7,1,8
foists,6,5,3,8,5,3,8
fold,4,4,7,11,4,6,10
fold's,6,6,4,10,6,3,9
foldaway,8,4,4,8,3,4,7
folded,6,5,3,8,5,2,7
folder,6,6,5,11,6,5,11
folder's,8,8,2,10,8,2,10
folders,7,6,2,8,6,2,8
folding,7,7,4,11,7,4,11
folds,5,5,5,10,5,5,10
foliage,7,4,2,6,4,2,6
foliage's,9,6,3,9,6,3,9
folio,5,4,5,9,4,7,11
folio's,7,6,4,10,6,6,12
folios,6,5,5,10,5,4,9
folk,4,3,6,9,3,5,8
folk's,6,5,5,10,5,4,9
folklore,8,3,3,6,3,3,6
folklore's,10,5,2,7,4,1,5
folks,5,4,5,9,4,5,9
folksier,8,5,0,5,5,0,5
folksiest,9,5,0,5,5,0,5
folksy,6,2,3,5,2,3,5
follicle,8,3,2,5,4,2,6
follicle's,10,5,0,5,5,2,7
follicles,9,5,0,5,5,0,5
follies,7,6,2,8,6,2,8
follow,6,4,7,11,4,6,10
followed,8,6,2,8,6,4,10
follower,8,6,4,10,6,2,8
follower's,10,6,1,7,6,1,7
followers,9,4,3,7,5,2,7
following,9,7,2,9,7,2,9
following's,11,4,3,7,3,3,6
followings,10,3,2,5,3,2,5
follows,7,5,5,10,5,5,10
folly,5,4,7,11,4,7,11
folly's,7,6,6,12,6,7,13
foment,6,5,3,8,5,3,8
fomentation,11,3,1,4,5,1,6
fomentation's,13,5,0,5,5,0,5
fomented,8,5,2,7,5,2,7
fomenting,9,5,2,7,4,2,6
foments,7,6,3,9,6,2,8
fond,4,4,8,12,4,8,12
fondant,7,5,3,8,2,4,6
fondant's,9,5,4,9,4,5,9
fondants,8,4,3,7,4,3,7
fonder,6,6,4,10,6,4,10
fondest,7,5,5,10,5,5,10
fondle,6,4,4,8,4,3,7
fondled,7,5,4,9,5,4,9
fondles,7,5,6,11,5,3,8
fondling,8,5,5,10,5,5,10
fondly,6,4,6,10,3,7,10
fondness,8,4,1,5,5,0,5
fondness's,10,5,1,6,6,0,6
fondu,5,2,6,8,2,6,8
fondu's,7,5,4,9,4,4,8
fondue,6,5,3,8,5,3,8
fondue's,8,7,3,10,7,4,11
fondues,7,6,4,10,6,4,10
fondus,6,3,4,7,3,4,7
font,4,4,6,10,4,6,10
font's,6,6,6,12,6,6,12
fonts,5,4,7,11,4,8,12
food,4,3,8,11,3,9,12
food's,6,5,5,10,5,5,10
foods,5,4,6,10,4,6,10
foodstuff,9,3,3,6,3,2,5
foodstuff's,11,4,2,6,2,3,5
foodstuffs,10,2,3,5,2,3,5
fool,4,2,8,10,2,8,10
fool's,6,5,4,9,4,8,12
fooled,6,5,3,8,5,3,8
fooleries,9,5,2,7,5,3,8
foolery,7,4,2,6,4,4,8
foolery's,9,6,4,10,6,4,10
foolhardier,11,3,2,5,3,1,4
foolhardiest,12,3,0,3,3,0,3
foolhardiness,13,4,0,4,3,0,3
foolhardiness's,15,4,0,4,3,0,3
foolhardy,9,2,3,5,2,3,5
fooling,7,5,7,12,5,7,12
foolish,7,4,3,7,4,3,7
foolishly,9,3,1,4,3,1,4
foolishness,11,4,0,4,4,0,4
foolishness's,13,4,0,4,4,0,4
foolproof,9,1,4,5,1,4,5
fools,5,3,7,10,3,8,11
foolscap,8,3,3,6,3,3,6
foolscap's,10,4,3,7,4,3,7
foot,4,3,6,9,3,6,9
foot's,6,5,9,14,5,7,12
footage,7,5,1,6,5,0,5
footage's,9,6,0,6,6,0,6
football,8,5,3,8,4,3,7
football's,10,7,1,8,6,1,7
footballer,10,3,3,6,3,2,5
footballer's,12,5,1,6,5,1,6
footballers,11,4,2,6,4,1,5
footballs,9,6,2,8,6,2,8
footbridge,10,3,2,5,3,2,5
footbridge's,12,5,0,5,4,0,4
footbridges,11,4,0,4,4,1,5
footed,6,5,5,10,5,5,10
footfall,8,5,3,8,4,3,7
footfall's,10,7,1,8,6,1,7
footfalls,9,6,2,8,5,2,7
foothill,8,2,5,7,3,5,8
foothill's,10,5,3,8,4,3,7
foothills,9,3,3,6,3,3,6
foothold,8,1,5,6,1,5,6
foothold's,10,3,3,6,2,3,5
footholds,9,3,3,6,3,3,6
footing,7,6,4,10,6,4,10
footing's,9,7,3,10,7,3,10
footings,8,6,4,10,6,4,10
footlights,10,5,2,7,4,2,6
footlights's,12,2,1,3,2,1,3
footlocker,10,3,3,6,2,2,4
footlocker's,12,5,1,6,4,2,6
footlockers,11,4,2,6,3,2,5
footloose,9,3,0,3,3,0,3
footman,7,3,4,7,3,3,6
footman's,9,6,2,8,5,3,8
footmen,7,5,4,9,4,3,7
footnote,8,3,3,6,3,3,6
footnote's,10,5,2,7,4,1,5
footnoted,9,3,3,6,3,2,5
footnotes,9,4,2,6,4,2,6
footnoting,10,3,2,5,3,2,5
footpath,8,2,5,7,2,6,8
footpath's,10,5,1,6,4,4,8
footpaths,9,4,2,6,4,2,6
footprint,9,4,3,7,3,3,6
footprint's,11,4,2,6,3,2,5
footprints,10,4,2,6,3,4,7
footrest,8,4,1,5,5,1,6
footrest's,10,4,1,5,3,0,3
footrests,9,3,1,4,3,1,4
foots,5,4,6,10,4,6,10
footsie,7,3,0,3,3,1,4
footsie's,9,3,0,3,4,1,5
footsies,8,3,3,6,4,1,5
footsore,8,3,1,4,3,1,4
footstep,8,3,2,5,3,2,5
footstep's,10,4,1,5,4,1,5
footsteps,9,3,1,4,4,1,5
footstool,9,3,2,5,2,2,4
footstool's,11,4,1,5,2,3,5
footstools,10,2,3,5,2,3,5
footwear,8,6,1,7,4,2,6
footwear's,10,6,1,7,6,1,7
footwork,8,4,4,8,3,4,7
footwork's,10,5,2,7,4,2,6
fop,3,3,6,9,3,6,9
fop's,5,5,7,12,5,7,12
foppish,7,5,3,8,5,3,8
fops,4,4,6,10,4,6,10
for,3,1,14,15,1,14,15
fora,4,3,5,8,2,8,10
forage,6,5,2,7,5,5,10
forage's,8,7,3,10,7,2,9
foraged,7,7,1,8,7,1,8
forager,7,3,2,5,3,2,5
forager's,9,5,0,5,5,0,5
foragers,8,4,2,6,4,1,5
forages,7,6,3,9,6,3,9
foraging,8,4,2,6,6,2,8
foray,5,5,5,10,5,5,10
foray's,7,7,3,10,7,4,11
forayed,7,6,2,8,6,2,8
foraying,8,5,3,8,5,3,8
forays,6,6,3,9,6,3,9
forbad,6,3,5,8,3,5,8
forbade,7,4,4,8,6,4,10
forbear,7,2,1,3,2,1,3
forbear's,9,5,2,7,4,0,4
forbearance,11,3,2,5,1,3,4
forbearance's,13,4,1,5,3,0,3
forbearing,10,5,1,6,3,2,5
forbears,8,4,3,7,4,3,7
forbid,6,6,5,11,6,4,10
forbidden,9,5,1,6,4,1,5
forbidding,10,5,2,7,5,2,7
forbiddingly,12,3,1,4,3,1,4
forbiddings,11,2,3,5,3,2,5
forbids,7,3,6,9,3,6,9
forbore,7,3,4,7,3,3,6
forborne,8,3,3,6,3,3,6
force,5,5,4,9,3,7,10
force's,7,7,2,9,5,4,9
forced,6,6,2,8,6,2,8
forceful,8,3,2,5,3,2,5
forcefully,10,2,2,4,2,2,4
forcefulness,12,5,0,5,4,0,4
forcefulness's,14,5,0,5,4,0,4
forceps,7,4,4,8,4,4,8
forceps's,9,5,0,5,5,0,5
forces,6,5,4,9,5,4,9
forcible,8,3,2,5,4,2,6
forcibly,8,6,4,10,6,3,9
forcing,7,7,6,13,7,8,15
ford,4,4,4,8,4,6,10
ford's,6,6,2,8,6,5,11
forded,6,5,1,6,5,1,6
fording,7,7,5,12,7,7,14
fords,5,5,6,11,5,6,11
fore,4,4,5,9,4,5,9
fore's,6,6,6,12,6,6,12
forearm,7,5,2,7,5,2,7
forearm's,9,7,1,8,7,1,8
forearmed,9,2,1,3,2,1,3
forearming,10,4,1,5,4,1,5
forearms,8,6,2,8,6,2,8
forebear,8,2,2,4,2,3,5
forebear's,10,4,2,6,4,2,6
forebears,9,3,0,3,3,0,3
forebode,8,5,3,8,5,3,8
foreboded,9,5,1,6,3,1,4
forebodes,9,3,2,5,3,2,5
foreboding,10,6,2,8,5,3,8
foreboding's,12,8,1,9,7,2,9
forebodings,11,7,1,8,4,0,4
forecast,8,8,1,9,8,1,9
forecast's,10,9,1,10,9,1,10
forecasted,10,7,1,8,4,0,4
forecaster,10,7,1,8,3,0,3
forecaster's,12,6,1,7,2,0,2
forecasters,11,5,0,5,3,0,3
forecasting,11,5,0,5,3,0,3
forecastle,10,2,1,3,2,1,3
forecastle's,12,6,1,7,2,0,2
forecastles,11,2,0,2,2,0,2
forecasts,9,8,1,9,8,1,9
foreclose,9,4,0,4,4,0,4
foreclosed,10,3,0,3,2,0,2
forecloses,10,3,1,4,4,0,4
foreclosing,11,5,0,5,4,0,4
foreclosure,11,2,0,2,2,0,2
foreclosure's,13,2,0,2,2,0,2
foreclosures,12,2,0,2,2,0,2
forefather,10,5,1,6,5,1,6
forefather's,12,7,0,7,7,0,7
forefathers,11,6,1,7,6,0,6
forefeet,8,2,1,3,2,2,4
forefinger,10,4,2,6,4,2,6
forefinger's,12,6,1,7,6,1,7
forefingers,11,5,2,7,5,1,6
forefoot,8,3,2,5,3,2,5
forefoot's,10,6,1,7,5,1,6
forefront,9,2,3,5,2,3,5
forefront's,11,5,1,6,5,0,5
forefronts,10,4,1,5,4,1,5
foregather,10,3,1,4,3,1,4
foregathered,12,1,2,3,1,2,3
foregathering,13,4,1,5,4,1,5
foregathers,11,4,1,5,4,0,4
forego,6,3,4,7,3,4,7
foregoes,8,3,2,5,3,2,5
foregoing,9,4,1,5,4,1,5
foregone,8,4,4,8,4,4,8
foreground,10,4,2,6,2,3,5
foreground's,12,6,1,7,4,1,5
foregrounded,12,2,2,4,2,2,4
foregrounding,13,3,1,4,2,3,5
foregrounds,11,3,1,4,5,0,5
forehand,8,4,3,7,4,3,7
forehand's,10,5,1,6,4,1,5
forehands,9,6,1,7,7,2,9
forehead,8,4,2,6,2,3,5
forehead's,10,7,1,8,4,2,6
foreheads,9,4,1,5,3,2,5
foreign,7,3,4,7,3,3,6
foreigner,9,3,1,4,4,2,6
foreigner's,11,5,0,5,6,1,7
foreigners,10,3,2,5,3,1,4
foreknowledge,13,1,2,3,1,2,3
foreknowledge's,15,2,1,3,2,1,3
foreleg,7,4,2,6,3,1,4
foreleg's,9,5,0,5,4,0,4
forelegs,8,3,1,4,4,0,4
forelock,8,4,2,6,5,2,7
forelock's,10,6,2,8,5,2,7
forelocks,9,3,3,6,3,3,6
foreman,7,6,1,7,7,2,9
foreman's,9,9,0,9,8,1,9
foremast,8,7,2,9,7,2,9
foremast's,10,8,2,10,8,2,10
foremasts,9,7,2,9,7,2,9
foremen,7,3,3,6,5,3,8
foremost,8,4,0,4,4,0,4
forename,8,3,1,4,4,2,6
forename's,10,6,1,7,6,2,8
forenames,9,4,1,5,5,2,7
forenoon,8,2,2,4,2,2,4
forenoon's,10,6,1,7,5,1,6
forenoons,9,4,1,5,4,1,5
forensic,8,3,0,3,3,0,3
forensic's,10,3,0,3,3,0,3
forensics,9,2,1,3,3,1,4
foreordain,10,3,1,4,3,1,4
foreordained,12,3,1,4,3,1,4
foreordaining,13,3,1,4,3,1,4
foreordains,11,3,1,4,4,0,4
foreplay,8,5,3,8,3,2,5
foreplay's,10,6,1,7,3,2,5
forerunner,10,2,1,3,2,1,3
forerunner's,12,4,0,4,3,0,3
forerunners,11,3,1,4,3,0,3
fores,5,5,6,11,5,7,12
foresail,8,4,0,4,4,0,4
foresail's,10,5,0,5,5,0,5
foresails,9,4,1,5,4,0,4
foresaw,7,2,2,4,3,1,4
foresee,7,2,0,2,1,0,1
foreseeable,11,2,0,2,2,0,2
foreseeing,10,2,0,2,2,0,2
foreseen,8,2,0,2,2,0,2
foresees,8,2,1,3,2,0,2
foreshadow,10,2,1,3,2,1,3
foreshadowed,12,2,1,3,2,1,3
foreshadowing,13,5,0,5,4,0,4
foreshadows,11,2,1,3,2,1,3
foreshorten,11,4,0,4,3,0,3
foreshortened,13,3,0,3,2,1,3
foreshortening,14,3,0,3,3,0,3
foreshortens,12,3,0,3,3,0,3
foresight,9,4,0,4,4,0,4
foresight's,11,4,0,4,4,0,4
foreskin,8,4,2,6,4,2,6
foreskin's,10,8,1,9,6,1,7
foreskins,9,5,3,8,3,2,5
forest,6,5,1,6,5,1,6
forest's,8,6,1,7,6,0,6
forestall,9,4,1,5,4,1,5
forestalled,11,4,0,4,3,0,3
forestalling,12,6,0,6,5,0,5
forestalls,10,4,1,5,3,2,5
forestation,11,8,0,8,8,0,8
forestation's,13,9,0,9,9,0,9
forested,8,5,1,6,5,0,5
forester,8,4,1,5,4,1,5
forester's,10,5,0,5,4,0,4
foresters,9,4,1,5,4,1,5
foresting,9,7,0,7,5,0,5
forestry,8,3,3,6,4,2,6
forestry's,10,5,3,8,4,3,7
forests,7,4,2,6,4,2,6
foreswear,9,2,1,3,2,1,3
foreswearing,12,8,0,8,6,0,6
foreswears,10,2,1,3,3,0,3
foreswore,9,2,1,3,2,1,3
foresworn,9,2,1,3,2,1,3
foretaste,9,3,0,3,2,0,2
foretaste's,11,5,0,5,3,0,3
foretasted,10,5,1,6,4,0,4
foretastes,10,3,1,4,3,0,3
foretasting,11,5,0,5,3,0,3
foretell,8,3,3,6,3,3,6
foretelling,11,4,2,6,2,1,3
foretells,9,5,0,5,5,1,6
forethought,11,2,2,4,2,2,4
forethought's,13,3,0,3,3,1,4
foretold,8,4,2,6,5,2,7
forever,7,2,2,4,2,1,3
forever's,9,3,0,3,3,0,3
forevermore,11,1,2,3,2,1,3
forewarn,8,3,1,4,3,1,4
forewarned,10,3,1,4,3,1,4
forewarning,11,4,1,5,3,1,4
forewarns,9,4,0,4,4,1,5
forewent,8,4,1,5,4,1,5
forewoman,9,4,1,5,4,1,5
forewoman's,11,6,0,6,3,1,4
forewomen,9,4,2,6,2,2,4
foreword,8,5,2,7,3,2,5
foreword's,10,6,2,8,5,2,7
forewords,9,4,1,5,4,1,5
forfeit,7,3,3,6,4,2,6
forfeit's,9,5,1,6,5,1,6
forfeited,9,5,2,7,4,3,7
forfeiting,10,3,1,4,4,2,6
forfeits,8,4,3,7,4,3,7
forfeiture,10,2,1,3,2,1,3
forfeiture's,12,4,0,4,4,0,4
forgather,9,4,2,6,4,2,6
forgathered,11,2,2,4,2,2,4
forgathering,12,5,1,6,3,2,5
forgathers,10,4,1,5,4,1,5
forgave,7,4,2,6,4,2,6
forge,5,4,3,7,4,3,7
forge's,7,6,1,7,6,1,7
forged,6,6,3,9,6,3,9
forger,6,4,4,8,5,4,9
forger's,8,7,4,11,7,4,11
forgeries,9,4,0,4,3,0,3
forgers,7,5,3,8,5,3,8
forgery,7,4,2,6,4,2,6
forgery's,9,5,2,7,6,1,7
forges,6,5,3,8,5,3,8
forget,6,4,4,8,4,4,8
forgetful,9,4,2,6,2,3,5
forgetfully,11,2,2,4,2,2,4
forgetfulness,13,3,0,3,2,0,2
forgetfulness's,15,3,0,3,2,0,2
forgets,7,5,4,9,5,4,9
forgettable,11,5,3,8,4,2,6
forgetting,10,4,2,6,5,2,7
forging,7,4,5,9,3,5,8
forgivable,10,9,2,11,9,2,11
forgive,7,4,3,7,5,2,7
forgiven,8,4,2,6,3,3,6
forgiveness,11,8,0,8,8,0,8
forgiveness's,13,9,0,9,9,0,9
forgives,8,6,1,7,6,1,7
forgiving,9,3,2,5,3,2,5
forgo,5,2,4,6,3,3,6
forgoes,7,4,4,8,3,4,7
forgoing,8,3,3,6,3,3,6
forgone,7,5,4,9,5,3,8
forgot,6,2,6,8,2,5,7
forgotten,9,3,2,5,2,3,5
fork,4,4,8,12,4,9,13
fork's,6,6,7,13,6,7,13
forked,6,6,4,10,6,4,10
forking,7,7,6,13,7,8,15
forklift,8,3,4,7,3,4,7
forklift's,10,5,3,8,3,4,7
forklifts,9,3,4,7,3,4,7
forks,5,5,9,14,5,9,14
forlorn,7,3,5,8,2,5,7
forlornly,9,1,4,5,1,4,5
form,4,4,8,12,4,9,13
form's,6,6,7,13,6,8,14
formal,6,6,4,10,5,3,8
formal's,8,8,3,11,7,2,9
formaldehyde,12,4,2,6,3,2,5
formaldehyde's,14,2,1,3,3,1,4
formalism,9,5,2,7,5,2,7
formalism's,11,4,1,5,6,2,8
formalities,11,5,0,5,6,0,6
formality,9,6,3,9,6,3,9
formality's,11,11,1,12,11,2,13
formalization,13,4,1,5,4,1,5
formalization's,15,5,0,5,5,0,5
formalize,9,9,1,10,8,1,9
formalized,10,10,1,11,10,1,11
formalizes,10,10,0,10,10,0,10
formalizing,11,8,1,9,6,2,8
formally,8,5,4,9,7,3,10
formals,7,7,2,9,7,3,10
format,6,5,5,10,3,5,8
format's,8,7,4,11,5,4,9
formation,9,5,3,8,4,3,7
formation's,11,7,2,9,4,2,6
formations,10,6,2,8,5,2,7
formative,9,9,2,11,7,2,9
formats,7,6,3,9,6,4,10
formatted,9,4,3,7,5,2,7
formatting,10,6,2,8,6,2,8
formed,6,5,5,10,5,5,10
former,6,4,6,10,4,5,9
former's,8,6,5,11,6,5,11
formerly,8,2,2,4,3,2,5
formidable,10,8,3,11,8,3,11
formidably,10,4,2,6,4,2,6
forming,7,6,7,13,6,9,15
formless,8,5,2,7,5,2,7
formlessly,10,7,0,7,7,1,8
formlessness,12,7,0,7,7,0,7
formlessness's,14,8,0,8,8,0,8
forms,5,5,7,12,5,7,12
formula,7,4,4,8,3,2,5
formula's,9,4,2,6,4,2,6
formulae,8,3,1,4,3,1,4
formulaic,9,4,2,6,3,2,5
formulas,8,6,2,8,5,1,6
formulate,9,5,3,8,6,2,8
formulated,10,6,3,9,7,2,9
formulates,10,6,2,8,6,2,8
formulating,11,6,2,8,5,2,7
formulation,11,5,2,7,6,2,8
formulation's,13,7,1,8,7,1,8
formulations,12,7,1,8,6,1,7
fornicate,9,4,2,6,4,2,6
fornicated,10,6,1,7,5,2,7
fornicates,10,5,1,6,5,1,6
fornicating,11,5,1,6,2,2,4
fornication,11,2,1,3,2,2,4
fornication's,13,5,0,5,3,1,4
forsake,7,4,1,5,5,5,10
forsaken,8,3,0,3,3,0,3
forsakes,8,3,2,5,5,2,7
forsaking,9,5,1,6,5,1,6
forsook,7,3,3,6,2,4,6
forsooth,8,2,3,5,2,3,5
forswear,8,4,1,5,4,1,5
forswearing,11,6,2,8,6,1,7
forswears,9,3,2,5,3,0,3
forswore,8,3,1,4,3,1,4
forsworn,8,3,4,7,4,3,7
forsythia,9,4,1,5,3,2,5
forsythia's,11,4,1,5,3,1,4
forsythias,10,4,2,6,3,2,5
fort,4,4,7,11,4,8,12
fort's,6,6,6,12,6,7,13
forte,5,4,5,9,4,3,7
forte's,7,6,3,9,6,1,7
fortes,6,5,2,7,5,2,7
forth,5,5,7,12,1,9,10
forthcoming,11,4,2,6,5,2,7
forthcoming's,13,2,2,4,3,1,4
forthright,10,4,3,7,3,3,6
forthrightly,12,5,2,7,1,3,4
forthrightness,14,4,0,4,3,0,3
forthrightness's,16,4,0,4,3,0,3
forthwith,9,1,5,6,1,5,6
forties,7,5,2,7,5,4,9
fortieth,8,4,1,5,3,2,5
fortieth's,10,5,1,6,5,2,7
fortieths,9,5,1,6,4,1,5
fortification,13,8,1,9,6,1,7
fortification's,15,6,0,6,6,0,6
fortifications,14,5,0,5,5,0,5
fortified,9,4,2,6,4,1,5
fortifies,9,4,0,4,4,0,4
fortify,7,6,5,11,4,5,9
fortifying,10,4,2,6,4,2,6
fortissimo,10,3,0,3,3,0,3
fortitude,9,4,2,6,4,2,6
fortitude's,11,6,1,7,5,1,6
fortnight,9,2,2,4,3,3,6
fortnight's,11,6,2,8,3,3,6
fortnightly,11,2,3,5,3,3,6
fortnights,10,5,2,7,4,2,6
fortress,8,3,2,5,3,2,5
fortress's,10,4,1,5,3,1,4
fortresses,10,3,0,3,3,0,3
forts,5,5,6,11,5,6,11
fortuitous,10,4,2,6,3,2,5
fortuitously,12,5,0,5,3,0,3
fortunate,9,4,1,5,4,1,5
fortunately,11,2,2,4,2,1,3
fortune,7,4,4,8,5,3,8
fortune's,9,6,2,8,6,3,9
fortunes,8,4,3,7,4,3,7
forty,5,3,7,10,4,8,12
forty's,7,5,4,9,5,6,11
forum,5,4,5,9,4,6,10
forum's,7,6,4,10,6,5,11
forums,6,4,3,7,4,3,7
forward,7,4,4,8,2,2,4
forward's,9,4,1,5,4,2,6
forwarded,9,4,1,5,4,1,5
forwarder,9,3,1,4,3,1,4
forwardest,10,4,1,5,4,1,5
forwarding,10,6,2,8,6,2,8
forwardness,11,4,0,4,4,2,6
forwardness's,13,5,0,5,5,2,7
forwards,8,3,2,5,3,2,5
forwent,7,5,2,7,4,2,6
fossil,6,2,3,5,2,3,5
fossil's,8,3,3,6,3,3,6
fossilization,13,4,0,4,2,0,2
fossilization's,15,4,0,4,2,0,2
fossilize,9,4,0,4,3,0,3
fossilized,10,2,0,2,2,0,2
fossilizes,10,3,0,3,3,0,3
fossilizing,11,4,0,4,4,0,4
fossils,7,4,3,7,4,3,7
foster,6,5,5,10,6,3,9
fostered,8,5,2,7,5,1,6
fostering,9,7,1,8,7,1,8
fosters,7,6,1,7,6,1,7
fought,6,6,6,12,6,6,12
foul,4,2,7,9,2,6,8
foul's,6,4,6,10,4,5,9
fouled,6,4,4,8,4,4,8
fouler,6,5,5,10,5,6,11
foulest,7,4,3,7,6,2,8
fouling,7,5,4,9,5,4,9
foully,6,4,4,8,4,4,8
foulness,8,5,2,7,5,1,6
foulness's,10,6,2,8,6,1,7
fouls,5,3,5,8,3,5,8
found,5,5,6,11,5,6,11
foundation,10,3,2,5,3,2,5
foundation's,12,4,1,5,5,1,6
foundations,11,5,1,6,5,1,6
founded,7,6,3,9,6,3,9
founder,7,7,5,12,7,5,12
founder's,9,8,4,12,7,3,10
foundered,9,6,2,8,6,2,8
foundering,10,8,2,10,8,2,10
founders,8,7,4,11,6,3,9
founding,8,7,3,10,7,3,10
foundling,9,4,4,8,4,4,8
foundling's,11,5,2,7,4,2,6
foundlings,10,4,2,6,4,2,6
foundries,9,7,2,9,7,2,9
foundry,7,4,5,9,5,5,10
foundry's,9,6,4,10,7,4,11
founds,6,6,4,10,6,4,10
fount,5,4,7,11,4,7,11
fount's,7,6,6,12,6,5,11
fountain,8,7,2,9,7,2,9
fountain's,10,9,1,10,9,1,10
fountainhead,12,2,1,3,2,1,3
fountainhead's,14,3,0,3,3,0,3
fountainheads,13,4,0,4,3,1,4
fountains,9,8,2,10,8,1,9
founts,6,6,5,11,6,5,11
four,4,4,4,8,4,5,9
four's,6,6,2,8,6,3,9
fourfold,8,2,4,6,2,4,6
fours,5,5,4,9,5,4,9
fourscore,9,4,2,6,4,1,5
fourscore's,11,4,1,5,4,1,5
foursome,8,3,1,4,3,1,4
foursome's,10,4,1,5,3,1,4
foursomes,9,3,1,4,3,1,4
foursquare,10,4,0,4,4,0,4
fourteen,8,4,2,6,3,2,5
fourteen's,10,6,1,7,5,1,6
fourteens,9,5,1,6,4,2,6
fourteenth,10,3,1,4,2,1,3
fourteenth's,12,4,0,4,3,0,3
fourteenths,11,4,0,4,3,0,3
fourth,6,3,5,8,3,5,8
fourth's,8,5,4,9,5,4,9
fourthly,8,3,4,7,3,4,7
fourths,7,3,4,7,3,4,7
fowl,4,4,6,10,4,5,9
fowl's,6,6,5,11,6,4,10
fowled,6,6,4,10,6,4,10
fowling,7,7,6,13,7,6,13
fowls,5,5,5,10,5,5,10
fox,3,3,9,12,3,10,13
fox's,5,5,10,15,5,10,15
foxed,5,4,10,14,4,10,14
foxes,5,4,11,15,4,10,14
foxglove,8,3,3,6,3,3,6
foxglove's,10,5,2,7,4,1,5
foxgloves,9,4,2,6,4,2,6
foxhole,7,5,5,10,5,5,10
foxhole's,9,7,4,11,4,4,8
foxholes,8,6,3,9,6,3,9
foxhound,8,5,5,10,5,5,10
foxhound's,10,4,3,7,5,2,7
foxhounds,9,5,4,9,5,4,9
foxier,6,4,5,9,4,5,9
foxiest,7,6,5,11,6,5,11
foxing,6,5,11,16,5,11,16
foxtrot,7,3,6,9,3,6,9
foxtrot's,9,5,4,9,5,4,9
foxtrots,8,4,4,8,4,3,7
foxtrotted,10,4,2,6,4,2,6
foxtrotting,11,4,2,6,4,2,6
foxy,4,3,10,13,3,10,13
foyer,5,4,8,12,4,8,12
foyer's,7,6,4,10,6,4,10
foyers,6,5,5,10,5,5,10
fracas,6,3,3,6,3,4,7
fracas's,8,3,1,4,2,1,3
fracases,8,3,1,4,3,1,4
frack,5,5,4,9,5,4,9
fracked,7,5,3,8,7,2,9
fracking,8,8,4,12,8,4,12
fracks,6,4,5,9,4,5,9
fractal,7,4,4,8,4,3,7
fractal's,9,4,2,6,4,2,6
fractals,8,3,3,6,3,3,6
fraction,8,5,2,7,5,2,7
fraction's,10,7,1,8,5,1,6
fractional,10,3,2,5,3,2,5
fractionally,12,2,1,3,4,2,6
fractions,9,9,2,11,9,1,10
fractious,9,8,3,11,8,2,10
fractiously,11,7,0,7,5,0,5
fracture,8,2,3,5,2,3,5
fracture's,10,4,2,6,4,1,5
fractured,9,4,1,5,3,3,6
fractures,9,3,2,5,4,1,5
fracturing,10,4,2,6,4,2,6
fragile,7,5,1,6,5,0,5
fragility,9,4,4,8,4,4,8
fragility's,11,7,2,9,7,1,8
fragment,8,4,2,6,5,1,6
fragment's,10,8,0,8,7,0,7
fragmentary,11,3,2,5,3,1,4
fragmentary's,13,8,1,9,4,0,4
fragmentation,13,5,1,6,3,1,4
fragmentation's,15,7,0,7,4,0,4
fragmented,10,4,1,5,4,1,5
fragmenting,11,3,1,4,3,1,4
fragments,9,6,2,8,6,0,6
fragrance,9,3,1,4,3,1,4
fragrance's,11,5,0,5,3,1,4
fragrances,10,4,0,4,3,2,5
fragrant,8,2,3,5,2,3,5
fragrantly,10,6,4,10,2,3,5
frail,5,3,7,10,3,7,10
frailer,7,6,2,8,6,2,8
frailest,8,6,0,6,6,0,6
frailties,9,3,0,3,3,0,3
frailty,7,3,2,5,3,2,5
frailty's,9,5,1,6,3,2,5
frame,5,3,6,9,3,6,9
frame's,7,6,4,10,6,4,10
framed,6,4,5,9,4,5,9
framer,6,4,3,7,4,3,7
framer's,8,6,2,8,6,2,8
framers,7,5,2,7,5,2,7
frames,6,4,5,9,4,5,9
framework,9,3,3,6,3,2,5
framework's,11,5,0,5,4,1,5
frameworks,10,4,0,4,4,1,5
framing,7,7,6,13,7,5,12
franc,5,4,6,10,4,6,10
franc's,7,6,5,11,6,4,10
franchise,9,3,1,4,3,1,4
franchise's,11,9,3,12,4,1,5
franchised,10,7,0,7,4,1,5
franchisee,10,7,0,7,2,1,3
franchisee's,12,3,0,3,2,0,2
franchisees,11,2,1,3,2,0,2
franchiser,10,2,0,2,4,1,5
franchiser's,12,2,0,2,3,0,3
franchisers,11,2,1,3,4,1,5
franchises,10,5,2,7,3,2,5
franchising,11,3,1,4,3,1,4
francs,6,5,5,10,4,6,10
frank,5,5,2,7,5,3,8
frank's,7,7,2,9,7,2,9
franked,7,5,5,10,4,6,10
franker,7,5,6,11,4,6,10
frankest,8,7,3,10,4,4,8
frankfurter,11,4,2,6,3,1,4
frankfurter's,13,3,1,4,3,0,3
frankfurters,12,3,1,4,3,2,5
frankincense,12,2,1,3,2,1,3
frankincense's,14,3,0,3,2,0,2
franking,8,6,5,11,6,5,11
frankly,7,6,4,10,6,5,11
frankness,9,6,1,7,6,1,7
frankness's,11,7,1,8,7,1,8
franks,6,6,2,8,6,3,9
frantic,7,5,2,7,4,2,6
frantically,11,7,1,8,7,2,9
frappes,7,4,4,8,4,3,7
frappé,6,2,6,8,2,6,8
frappé's,8,4,5,9,5,6,11
frat,4,3,8,11,3,8,11
frat's,6,4,10,14,4,10,14
fraternal,9,3,1,4,3,1,4
fraternally,11,2,2,4,3,1,4
fraternities,12,3,0,3,3,0,3
fraternity,10,3,1,4,3,1,4
fraternity's,12,5,0,5,4,0,4
fraternization,14,5,1,6,2,1,3
fraternization's,16,6,0,6,3,0,3
fraternize,10,4,1,5,3,1,4
fraternized,11,3,1,4,3,1,4
fraternizes,11,4,0,4,3,0,3
fraternizing,12,5,1,6,4,1,5
fratricide,10,3,1,4,2,1,3
fratricide's,12,4,0,4,3,0,3
fratricides,11,3,0,3,3,0,3
frats,5,3,9,12,3,9,12
fraud,5,3,6,9,3,7,10
fraud's,7,5,4,9,5,5,10
frauds,6,4,6,10,4,7,11
fraudulence,11,2,2,4,4,1,5
fraudulence's,13,6,1,7,5,0,5
fraudulent,10,4,2,6,3,3,6
fraudulently,12,5,2,7,1,3,4
fraught,7,2,6,8,2,5,7
fray,4,4,5,9,4,5,9
fray's,6,6,5,11,6,5,11
frayed,6,6,2,8,6,2,8
fraying,7,6,7,13,6,6,12
frays,5,5,6,11,5,6,11
frazzle,7,5,4,9,4,4,8
frazzle's,9,7,3,10,6,4,10
frazzled,8,6,3,9,7,3,10
frazzles,8,6,4,10,5,5,10
frazzling,9,6,5,11,5,5,10
freak,5,5,5,10,5,5,10
freak's,7,6,3,9,6,3,9
freaked,7,6,3,9,6,2,8
freakier,8,4,3,7,4,3,7
freakiest,9,6,2,8,6,2,8
freaking,8,8,4,12,8,4,12
freakish,8,4,0,4,4,0,4
freaks,6,6,4,10,6,4,10
freaky,6,5,3,8,4,4,8
freckle,7,3,3,6,3,3,6
freckle's,9,5,1,6,5,1,6
freckled,8,4,1,5,4,1,5
freckles,8,4,1,5,4,1,5
freckling,9,7,2,9,5,3,8
free,4,3,2,5,3,1,4
freebase,8,2,0,2,2,0,2
freebase's,10,3,1,4,2,0,2
freebased,9,3,1,4,2,0,2
freebases,9,2,0,2,2,0,2
freebasing,10,6,0,6,2,0,2
freebee,7,1,1,2,1,0,1
freebee's,9,2,0,2,2,0,2
freebees,8,2,0,2,2,0,2
freebie,7,2,1,3,3,0,3
freebie's,9,2,0,2,2,0,2
freebies,8,4,0,4,3,0,3
freebooter,10,4,1,5,4,1,5
freebooter's,12,6,0,6,5,0,5
freebooters,11,5,0,5,5,0,5
freed,5,4,4,8,4,4,8
freedman,8,4,2,6,4,2,6
freedman's,10,6,1,7,6,1,7
freedmen,8,2,1,3,2,1,3
freedom,7,4,1,5,4,1,5
freedom's,9,6,0,6,5,1,6
freedoms,8,4,0,4,5,1,6
freehand,8,6,2,8,2,2,4
freehold,8,5,3,8,3,3,6
freehold's,10,2,1,3,2,1,3
freeholder,10,5,1,6,5,1,6
freeholder's,12,7,0,7,6,0,6
freeholders,11,6,0,6,6,0,6
freeholds,9,6,1,7,5,1,6
freeing,7,4,2,6,4,2,6
freelance,9,2,1,3,2,1,3
freelance's,11,4,0,4,3,0,3
freelanced,10,5,1,6,3,1,4
freelancer,10,3,2,5,3,2,5
freelancer's,12,5,1,6,4,1,5
freelancers,11,4,1,5,4,1,5
freelances,10,3,0,3,3,0,3
freelancing,11,5,1,6,3,1,4
freeload,8,4,3,7,2,2,4
freeloaded,10,5,1,6,3,1,4
freeloader,10,5,1,6,5,1,6
freeloader's,12,7,0,7,6,0,6
freeloaders,11,6,0,6,6,0,6
freeloading,11,5,1,6,3,1,4
freeloads,9,6,1,7,5,0,5
freely,6,4,3,7,4,3,7
freeman,7,4,1,5,4,1,5
freeman's,9,6,0,6,7,0,7
freemen,7,2,3,5,2,3,5
freer,5,2,2,4,2,2,4
frees,5,3,1,4,3,1,4
freest,6,2,1,3,2,1,3
freestanding,12,5,0,5,4,0,4
freestyle,9,2,0,2,2,0,2
freestyle's,11,2,0,2,2,0,2
freestyles,10,2,0,2,2,0,2
freethinker,11,2,1,3,2,1,3
freethinker's,13,3,0,3,3,0,3
freethinkers,12,3,0,3,3,0,3
freethinking,12,5,1,6,3,1,4
freethinking's,14,4,0,4,4,0,4
freeway,7,3,3,6,3,3,6
freeway's,9,5,1,6,6,1,7
freeways,8,4,2,6,4,2,6
freewheel,9,1,1,2,1,1,2
freewheeled,11,1,2,3,1,1,2
freewheeling,12,5,1,6,4,1,5
freewheels,10,2,0,2,2,0,2
freewill,8,3,2,5,2,2,4
freeze,6,3,2,5,3,2,5
freeze's,8,5,2,7,5,2,7
freezer,7,3,3,6,3,2,5
freezer's,9,4,2,6,4,2,6
freezers,8,3,2,5,3,2,5
freezes,7,4,1,5,4,2,6
freezing,8,5,4,9,5,4,9
freezing's,10,7,2,9,7,2,9
freight,7,4,2,6,4,2,6
freight's,9,5,1,6,5,1,6
freighted,9,3,2,5,3,2,5
freighter,9,3,1,4,3,1,4
freighter's,11,4,1,5,3,1,4
freighters,10,4,1,5,4,0,4
freighting,10,2,1,3,2,1,3
freights,8,4,1,5,4,1,5
french,6,6,2,8,6,3,9
frenetic,8,4,1,5,3,1,4
frenetically,12,3,1,4,3,1,4
frenzied,8,4,3,7,4,3,7
frenziedly,10,2,1,3,2,1,3
frenzies,8,5,2,7,5,3,8
frenzy,6,5,3,8,3,5,8
frenzy's,8,6,3,9,6,3,9
frequencies,11,4,0,4,3,0,3
frequency,9,2,1,3,2,1,3
frequency's,11,3,0,3,3,0,3
frequent,8,2,1,3,2,1,3
frequented,10,7,1,8,2,1,3
frequenter,10,7,1,8,2,1,3
frequentest,11,3,0,3,2,1,3
frequenting,11,4,2,6,2,1,3
frequently,10,6,1,7,6,1,7
frequents,9,3,1,4,3,1,4
fresco,6,5,1,6,5,2,7
fresco's,8,6,1,7,6,2,8
frescoes,8,3,2,5,3,2,5
frescos,7,5,1,6,3,1,4
fresh,5,4,2,6,4,2,6
freshen,7,4,1,5,5,1,6
freshened,9,2,0,2,2,0,2
freshening,10,3,0,3,3,0,3
freshens,8,6,0,6,6,0,6
fresher,7,3,0,3,3,3,6
freshest,8,3,0,3,3,0,3
freshet,7,4,1,5,4,2,6
freshet's,9,4,2,6,5,2,7
freshets,8,5,1,6,5,1,6
freshly,7,5,2,7,3,2,5
freshman,8,3,1,4,2,2,4
freshman's,10,4,1,5,4,1,5
freshmen,8,3,1,4,3,1,4
freshness,9,2,0,2,2,0,2
freshness's,11,3,0,3,2,0,2
freshwater,10,3,0,3,3,0,3
freshwater's,12,3,0,3,3,0,3
fret,4,3,5,8,3,5,8
fret's,6,5,3,8,5,3,8
fretful,7,3,3,6,4,2,6
fretfully,9,3,3,6,3,3,6
fretfulness,11,3,0,3,3,0,3
fretfulness's,13,3,0,3,3,0,3
frets,5,3,6,9,3,6,9
fretted,7,4,2,6,4,0,4
fretting,8,6,2,8,6,2,8
fretwork,8,2,2,4,4,2,6
fretwork's,10,4,1,5,4,1,5
friable,7,5,1,6,4,0,4
friar,5,3,4,7,3,4,7
friar's,7,5,3,8,5,3,8
friars,6,4,4,8,4,4,8
fricassee,9,2,0,2,2,0,2
fricassee's,11,2,0,2,2,0,2
fricasseed,10,2,0,2,2,0,2
fricasseeing,12,2,0,2,2,0,2
fricassees,10,3,0,3,3,0,3
friction,8,4,3,7,3,3,6
friction's,10,5,2,7,5,2,7
fridge,6,5,1,6,5,2,7
fridge's,8,7,1,8,7,1,8
fridges,7,6,1,7,6,1,7
fried,5,5,4,9,5,4,9
friend,6,4,4,8,4,4,8
friend's,8,5,3,8,5,3,8
friended,8,4,2,6,4,2,6
friending,9,6,1,7,6,1,7
friendless,10,3,0,3,3,0,3
friendlier,10,2,1,3,2,1,3
friendlies,10,3,0,3,3,1,4
friendliest,11,4,0,4,3,0,3
friendliness,12,3,0,3,3,0,3
friendliness's,14,2,0,2,2,0,2
friendly,8,2,3,5,2,3,5
friendly's,10,4,2,6,3,2,5
friends,7,5,5,10,5,3,8
friendship,10,4,0,4,3,0,3
friendship's,12,3,0,3,3,0,3
friendships,11,3,0,3,3,0,3
frier,5,4,4,8,4,4,8
frier's,7,5,3,8,5,3,8
friers,6,4,4,8,4,4,8
fries,5,5,3,8,5,3,8
frieze,6,4,0,4,4,0,4
frieze's,8,3,3,6,4,1,5
friezes,7,5,1,6,5,1,6
frigate,7,6,2,8,6,2,8
frigate's,9,6,1,7,6,1,7
frigates,8,7,2,9,7,2,9
fright,6,5,5,10,5,5,10
fright's,8,7,5,12,7,5,12
frighted,8,7,4,11,6,4,10
frighten,8,7,3,10,7,3,10
frightened,10,8,2,10,8,2,10
frightening,11,7,2,9,7,2,9
frighteningly,13,2,1,3,2,1,3
frightens,9,8,2,10,8,2,10
frightful,9,1,4,5,1,4,5
frightfully,11,2,2,4,2,2,4
frighting,9,5,3,8,5,3,8
frights,7,6,5,11,6,5,11
frigid,6,4,4,8,4,5,9
frigidity,9,2,3,5,1,4,5
frigidity's,11,2,3,5,2,3,5
frigidly,8,2,2,4,3,2,5
frill,5,4,5,9,4,5,9
frill's,7,6,4,10,6,4,10
frillier,8,5,2,7,5,2,7
frilliest,9,5,1,6,5,1,6
frills,6,5,8,13,5,5,10
frilly,6,3,5,8,3,5,8
fringe,6,5,2,7,5,3,8
fringe's,8,7,2,9,7,3,10
fringed,7,5,4,9,5,6,11
fringes,7,6,2,8,6,2,8
fringing,8,5,4,9,5,4,9
fripperies,10,4,0,4,4,0,4
frippery,8,3,5,8,4,2,6
frippery's,10,7,2,9,6,4,10
frisk,5,4,4,8,4,4,8
frisked,7,6,2,8,6,2,8
friskier,8,5,1,6,5,1,6
friskiest,9,6,1,7,6,1,7
friskily,8,2,2,4,2,2,4
friskiness,10,4,0,4,2,0,2
friskiness's,12,5,0,5,2,0,2
frisking,8,6,2,8,6,3,9
frisks,6,4,4,8,4,5,9
frisky,6,5,3,8,5,3,8
fritter,7,4,2,6,4,2,6
fritter's,9,6,1,7,6,1,7
frittered,9,4,1,5,3,1,4
frittering,10,5,1,6,5,1,6
fritters,8,5,2,7,5,1,6
frivolities,11,3,0,3,3,0,3
frivolity,9,3,3,6,2,3,5
frivolity's,11,4,2,6,3,2,5
frivolous,9,5,2,7,4,2,6
frivolously,11,4,0,4,3,0,3
frizz,5,3,9,12,3,9,12
frizz's,7,4,8,12,5,8,13
frizzed,7,4,7,11,5,8,13
frizzes,7,5,2,7,5,2,7
frizzier,8,4,3,7,4,3,7
frizziest,9,5,1,6,5,1,6
frizzing,8,4,6,10,5,6,11
frizzle,7,5,6,11,5,5,10
frizzle's,9,7,5,12,7,5,12
frizzled,8,7,4,11,6,4,10
frizzles,8,5,3,8,6,2,8
frizzling,9,5,4,9,6,3,9
frizzy,6,3,5,8,2,6,8
fro,3,2,5,7,2,5,7
frock,5,4,6,10,4,6,10
frock's,7,6,5,11,6,5,11
frocks,6,4,5,9,4,5,9
frog,4,3,6,9,3,5,8
frog's,6,5,6,11,5,5,10
frogman,7,3,4,7,5,3,8
frogman's,9,7,1,8,5,2,7
frogmen,7,3,5,8,3,5,8
frogs,5,4,6,10,4,6,10
frolic,6,4,4,8,3,4,7
frolic's,8,5,3,8,5,3,8
frolicked,9,4,2,6,5,2,7
frolicking,10,5,2,7,5,2,7
frolics,7,3,5,8,3,5,8
frolicsome,10,3,0,3,3,0,3
from,4,3,8,11,3,8,11
frond,5,5,4,9,5,4,9
frond's,7,7,3,10,7,3,10
fronds,6,6,3,9,6,3,9
front,5,4,5,9,4,5,9
front's,7,6,4,10,6,4,10
frontage,8,3,1,4,3,1,4
frontage's,10,5,2,7,6,0,6
frontages,9,4,2,6,4,2,6
frontal,7,4,3,7,5,3,8
frontally,9,2,3,5,2,3,5
fronted,7,6,1,7,6,3,9
frontier,8,6,3,9,5,3,8
frontier's,10,6,1,7,6,1,7
frontiers,9,5,2,7,5,2,7
frontiersman,12,7,0,7,5,0,5
frontiersman's,14,3,0,3,3,0,3
frontiersmen,12,7,0,7,5,0,5
fronting,8,5,5,10,5,5,10
frontispiece,12,2,0,2,2,0,2
frontispiece's,14,2,0,2,2,0,2
frontispieces,13,2,0,2,2,0,2
frontrunner,11,3,3,6,3,2,5
frontrunner's,13,4,0,4,3,0,3
frontrunners,12,3,1,4,3,1,4
fronts,6,5,4,9,5,4,9
frost,5,4,2,6,4,2,6
frost's,7,5,2,7,5,2,7
frostbit,8,3,1,4,3,1,4
frostbite,9,3,1,4,4,0,4
frostbite's,11,4,1,5,3,0,3
frostbites,10,4,0,4,4,0,4
frostbiting,11,5,0,5,4,1,5
frostbitten,11,2,0,2,3,0,3
frosted,7,5,1,6,5,1,6
frostier,8,5,1,6,5,1,6
frostiest,9,5,1,6,5,1,6
frostily,8,4,2,6,4,2,6
frostiness,10,5,1,6,5,1,6
frostiness's,12,6,1,7,6,1,7
frosting,8,6,1,7,6,1,7
frosting's,10,5,2,7,5,2,7
frostings,9,4,2,6,4,2,6
frosts,6,4,2,6,4,2,6
frosty,6,2,2,4,4,3,7
froth,5,5,5,10,5,5,10
froth's,7,6,4,10,6,4,10
frothed,7,6,1,7,5,3,8
frothier,8,6,3,9,4,3,7
frothiest,9,5,0,5,5,0,5
frothing,8,6,5,11,6,4,10
froths,6,5,5,10,5,5,10
frothy,6,4,4,8,3,5,8
frown,5,5,6,11,5,6,11
frown's,7,6,4,10,6,4,10
frowned,7,6,5,11,6,4,10
frowning,8,6,5,11,6,5,11
frowns,6,5,6,11,5,6,11
frowsier,8,6,1,7,6,1,7
frowsiest,9,7,1,8,7,1,8
frowsy,6,4,3,7,4,3,7
frowzier,8,5,4,9,4,4,8
frowziest,9,7,2,9,5,4,9
frowzy,6,4,7,11,2,8,10
froze,5,4,7,11,4,6,10
frozen,6,5,5,10,5,4,9
fructified,10,3,3,6,2,3,5
fructifies,10,4,1,5,5,0,5
fructify,8,5,5,10,3,5,8
fructifying,11,5,1,6,3,2,5
fructose,8,4,1,5,4,0,4
fructose's,10,5,1,6,4,0,4
frugal,6,3,4,7,3,4,7
frugality,9,6,3,9,6,3,9
frugality's,11,7,2,9,6,2,8
frugally,8,5,5,10,5,4,9
fruit,5,3,6,9,3,6,9
fruit's,7,5,5,10,5,5,10
fruitcake,9,4,1,5,4,1,5
fruitcake's,11,6,0,6,5,1,6
fruitcakes,10,5,0,5,4,0,4
fruited,7,5,2,7,4,3,7
fruitful,8,1,4,5,2,4,6
fruitfully,10,5,2,7,2,3,5
fruitfulness,12,6,0,6,5,0,5
fruitfulness's,14,7,0,7,5,0,5
fruitier,8,3,3,6,3,2,5
fruitiest,9,4,0,4,4,0,4
fruiting,8,4,4,8,4,4,8
fruition,8,4,3,7,3,3,6
fruition's,10,4,2,6,4,2,6
fruitless,9,5,2,7,5,2,7
fruitlessly,11,6,1,7,6,1,7
fruitlessness,13,5,0,5,5,0,5
fruitlessness's,15,6,0,6,6,0,6
fruits,6,4,6,10,4,6,10
fruity,6,3,5,8,3,5,8
frump,5,3,6,9,3,6,9
frump's,7,5,5,10,4,6,10
frumpier,8,4,5,9,3,6,9
frumpiest,9,6,2,8,9,0,9
frumps,6,4,8,12,4,8,12
frumpy,6,3,7,10,3,7,10
frustrate,9,6,0,6,6,0,6
frustrated,10,7,0,7,7,0,7
frustrates,10,6,0,6,6,0,6
frustrating,11,8,0,8,3,2,5
frustration,11,4,0,4,3,1,4
frustration's,13,4,0,4,3,0,3
frustrations,12,7,1,8,3,1,4
fry,3,3,6,9,3,6,9
fry's,5,5,5,10,5,5,10
fryer,5,4,3,7,4,3,7
fryer's,7,5,2,7,4,2,6
fryers,6,4,3,7,3,3,6
frying,6,6,7,13,6,7,13
fuchsia,7,3,1,4,3,1,4
fuchsia's,9,3,1,4,3,0,3
fuchsias,8,4,2,6,3,1,4
fuck,4,4,12,16,2,9,11
fuck's,6,6,9,15,4,8,12
fucked,6,6,9,15,6,8,14
fucker,6,4,8,12,4,8,12
fucker's,8,6,8,14,6,8,14
fuckers,7,7,5,12,5,7,12
fucking,7,7,7,14,5,7,12
fucks,5,5,10,15,4,8,12
fuddle,6,5,6,11,5,5,10
fuddle's,8,7,4,11,7,4,11
fuddled,7,5,3,8,5,3,8
fuddles,7,6,5,11,6,5,11
fuddling,8,7,5,12,7,4,11
fudge,5,5,5,10,5,5,10
fudge's,7,7,5,12,7,5,12
fudged,6,5,2,7,5,2,7
fudges,6,6,2,8,6,3,9
fudging,7,6,3,9,6,4,10
fuel,4,3,5,8,2,6,8
fuel's,6,5,4,9,5,4,9
fueled,6,3,3,6,3,3,6
fueling,7,6,3,9,6,3,9
fuelled,7,5,3,8,5,2,7
fuelling,8,7,3,10,7,3,10
fuels,5,4,4,8,4,4,8
fugitive,8,6,3,9,6,3,9
fugitive's,10,6,2,8,3,2,5
fugitives,9,5,2,7,4,2,6
fugue,5,2,4,6,2,4,6
fugue's,7,4,5,9,4,5,9
fugues,6,3,5,8,3,5,8
fulcra,6,4,5,9,3,5,8
fulcrum,7,3,5,8,3,5,8
fulcrum's,9,3,4,7,3,4,7
fulcrums,8,2,4,6,2,4,6
fulfil,6,3,6,9,3,6,9
fulfill,7,3,5,8,3,5,8
fulfilled,9,4,3,7,4,3,7
fulfilling,10,4,2,6,4,2,6
fulfillment,11,5,1,6,4,1,5
fulfillment's,13,5,0,5,5,0,5
fulfills,8,4,4,8,4,4,8
fulfilment,10,6,1,7,4,2,6
fulfilment's,12,8,0,8,5,1,6
fulfils,7,4,5,9,4,5,9
full,4,3,11,14,3,10,13
full's,6,5,10,15,5,9,14
fullback,8,7,4,11,7,4,11
fullback's,10,9,3,12,9,3,12
fullbacks,9,8,4,12,4,4,8
fulled,6,5,7,12,5,6,11
fuller,6,5,6,11,5,6,11
fullest,7,5,5,10,5,6,11
fulling,7,6,7,13,6,7,13
fullness,8,5,3,8,5,2,7
fullness's,10,6,3,9,6,2,8
fulls,5,4,8,12,4,8,12
fully,5,4,8,12,4,8,12
fulminate,9,8,2,10,8,2,10
fulminated,10,9,2,11,9,2,11
fulminates,10,9,1,10,9,1,10
fulminating,11,8,2,10,8,3,11
fulmination,11,8,2,10,8,3,11
fulmination's,13,10,1,11,10,2,12
fulminations,12,9,2,11,9,2,11
fulness,7,5,5,10,4,4,8
fulness's,9,6,5,11,5,4,9
fulsome,7,4,1,5,3,2,5
fumble,6,6,3,9,6,3,9
fumble's,8,8,2,10,8,1,9
fumbled,7,7,3,10,7,3,10
fumbler,7,7,2,9,7,2,9
fumbler's,9,9,0,9,9,0,9
fumblers,8,8,1,9,8,0,8
fumbles,7,7,2,9,7,3,10
fumbling,8,8,3,11,8,2,10
fume,4,4,10,14,4,10,14
fume's,6,5,7,12,5,7,12
fumed,5,4,6,10,5,6,11
fumes,5,4,7,11,5,7,12
fumigate,8,5,2,7,5,2,7
fumigated,9,8,1,9,6,2,8
fumigates,9,6,1,7,6,1,7
fumigating,10,6,2,8,6,2,8
fumigation,10,7,2,9,7,2,9
fumigation's,12,9,1,10,9,1,10
fumigator,9,3,3,6,3,3,6
fumigator's,11,5,1,6,4,1,5
fumigators,10,4,2,6,4,2,6
fuming,6,5,7,12,6,7,13
fun,3,3,8,11,3,8,11
fun's,5,5,9,14,5,9,14
function,8,7,3,10,7,3,10
function's,10,9,2,11,9,2,11
functional,10,2,2,4,2,2,4
functionality,13,2,1,3,1,2,3
functionally,12,2,1,3,4,2,6
functionaries,13,3,0,3,3,0,3
functionary,11,4,1,5,2,2,4
functionary's,13,3,1,4,3,1,4
functioned,10,4,2,6,3,2,5
functioning,11,2,1,3,2,2,4
functions,9,8,2,10,8,2,10
fund,4,3,10,13,3,10,13
fund's,6,5,8,13,4,9,13
fundamental,11,2,2,4,3,1,4
fundamental's,13,3,1,4,3,0,3
fundamentalism,14,3,0,3,5,0,5
fundamentalism's,16,4,0,4,5,0,5
fundamentalist,14,2,0,2,5,0,5
fundamentalist's,16,3,0,3,5,0,5
fundamentalists,15,2,0,2,2,0,2
fundamentally,13,2,2,4,2,2,4
fundamentals,12,4,1,5,4,0,4
funded,6,2,4,6,2,4,6
funding,7,4,5,9,4,5,9
funding's,9,6,5,11,6,5,11
funds,5,3,10,13,5,8,13
funeral,7,6,1,7,6,1,7
funeral's,9,8,0,8,8,0,8
funerals,8,7,1,8,7,0,7
funereal,8,3,2,5,3,2,5
funereally,10,2,1,3,2,1,3
fungal,6,3,5,8,4,5,9
fungi,5,3,4,7,3,4,7
fungicidal,10,4,2,6,4,2,6
fungicide,9,3,2,5,3,2,5
fungicide's,11,4,1,5,3,1,4
fungicides,10,6,1,7,6,1,7
fungous,7,3,5,8,3,4,7
fungus,6,4,6,10,4,7,11
fungus's,8,5,4,9,5,4,9
funguses,8,3,1,4,3,1,4
funicular,9,2,2,4,2,2,4
funicular's,11,5,2,7,3,2,5
funiculars,10,3,1,4,3,1,4
funk,4,4,9,13,4,9,13
funk's,6,6,8,14,6,8,14
funked,6,6,10,16,5,9,14
funkier,7,7,5,12,6,4,10
funkiest,8,7,4,11,7,2,9
funking,7,6,5,11,6,5,11
funks,5,5,9,14,4,9,13
funky,5,4,8,12,4,8,12
funnel,6,5,3,8,5,5,10
funnel's,8,7,1,8,7,2,9
funneled,8,3,3,6,3,3,6
funneling,9,7,1,8,7,1,8
funnelled,9,3,3,6,6,3,9
funnelling,10,4,2,6,7,1,8
funnels,7,3,3,6,3,3,6
funner,6,5,6,11,5,6,11
funnest,7,5,4,9,5,5,10
funnier,7,6,5,11,6,4,10
funnies,7,6,5,11,6,5,11
funniest,8,7,4,11,7,2,9
funnily,7,4,3,7,2,3,5
funniness,9,4,1,5,4,1,5
funniness's,11,5,1,6,5,1,6
funny,5,4,7,11,4,8,12
funny's,7,6,5,11,6,5,11
fur,3,2,14,16,2,13,15
fur's,5,4,13,17,4,11,15
furbelow,8,3,2,5,3,2,5
furbelow's,10,4,1,5,4,1,5
furbish,7,5,3,8,6,3,9
furbished,9,6,1,7,6,1,7
furbishes,9,5,2,7,5,1,6
furbishing,10,6,1,7,4,1,5
furies,6,6,5,11,6,5,11
furious,7,5,4,9,5,3,8
furiously,9,7,1,8,7,2,9
furl,4,4,8,12,4,7,11
furl's,6,6,7,13,6,7,13
furled,6,6,2,8,6,2,8
furling,7,7,5,12,7,5,12
furlong,7,4,5,9,4,5,9
furlong's,9,6,4,10,6,4,10
furlongs,8,5,3,8,3,3,6
furlough,8,3,4,7,2,5,7
furlough's,10,3,3,6,3,3,6
furloughed,10,4,2,6,4,2,6
furloughing,11,4,1,5,4,2,6
furloughs,9,4,3,7,4,3,7
furls,5,5,6,11,5,6,11
furnace,7,3,4,7,5,1,6
furnace's,9,5,1,6,5,2,7
furnaces,8,5,3,8,5,3,8
furnish,7,6,3,9,5,4,9
furnished,9,8,2,10,8,2,10
furnishes,9,7,3,10,7,2,9
furnishing,10,7,1,8,7,2,9
furnishings,11,3,1,4,2,2,4
furnishings's,13,4,0,4,3,0,3
furniture,9,4,2,6,4,2,6
furniture's,11,6,1,7,5,1,6
furor,5,4,4,8,4,3,7
furor's,7,6,3,9,6,2,8
furors,6,5,4,9,5,4,9
furred,6,5,2,7,5,2,7
furrier,7,4,3,7,4,3,7
furrier's,9,6,2,8,6,2,8
furriers,8,5,2,7,5,1,6
furriest,8,7,5,12,7,3,10
furring,7,5,9,14,6,6,12
furrow,6,4,7,11,4,7,11
furrow's,8,6,6,12,6,5,11
furrowed,8,6,4,10,6,3,9
furrowing,9,7,4,11,7,3,10
furrows,7,5,5,10,4,4,8
furry,5,4,9,13,4,9,13
furs,4,3,10,13,3,11,14
further,7,4,4,8,4,4,8
furtherance,11,5,2,7,2,1,3
furtherance's,13,3,0,3,3,0,3
furthered,9,5,1,6,5,1,6
furthering,10,5,1,6,4,1,5
furthermore,11,5,2,7,2,2,4
furthermost,11,3,0,3,3,1,4
furthers,8,5,2,7,5,1,6
furthest,8,6,2,8,6,2,8
furtive,7,4,4,8,4,4,8
furtively,9,3,3,6,4,3,7
furtiveness,11,7,1,8,7,1,8
furtiveness's,13,8,1,9,8,1,9
fury,4,4,9,13,4,9,13
fury's,6,6,8,14,6,8,14
furze,5,3,7,10,3,7,10
furze's,7,6,4,10,6,4,10
fuse,4,4,6,10,4,6,10
fuse's,6,5,4,9,5,4,9
fused,5,5,4,9,5,4,9
fuselage,8,2,2,4,3,1,4
fuselage's,10,3,1,4,3,1,4
fuselages,9,3,1,4,3,1,4
fuses,5,4,3,7,4,3,7
fusible,7,3,0,3,3,2,5
fusillade,9,3,0,3,3,0,3
fusillade's,11,5,0,5,3,0,3
fusillades,10,3,0,3,3,0,3
fusing,6,6,3,9,6,3,9
fusion,6,4,1,5,4,1,5
fusion's,8,4,1,5,4,2,6
fusions,7,4,2,6,4,2,6
fuss,4,3,6,9,3,6,9
fuss's,6,4,6,10,4,6,10
fussbudget,10,2,1,3,2,1,3
fussbudget's,12,6,0,6,5,0,5
fussbudgets,11,4,0,4,2,2,4
fussed,6,5,6,11,5,7,12
fusses,6,4,5,9,4,5,9
fussier,7,6,1,7,6,1,7
fussiest,8,6,0,6,6,0,6
fussily,7,3,3,6,3,3,6
fussiness,9,4,1,5,4,1,5
fussiness's,11,5,1,6,5,1,6
fussing,7,6,3,9,6,3,9
fussy,5,4,1,5,4,1,5
fustian,7,5,0,5,4,1,5
fustian's,9,4,1,5,5,1,6
fustier,7,7,3,10,7,2,9
fustiest,8,6,1,7,6,1,7
fusty,5,5,4,9,5,4,9
futile,6,5,4,9,3,4,7
futilely,8,5,1,6,4,3,7
futility,8,5,3,8,5,3,8
futility's,10,4,3,7,3,3,6
futon,5,3,7,10,3,7,10
futon's,7,5,6,11,5,6,11
futons,6,3,5,8,4,5,9
future,6,5,3,8,5,3,8
future's,8,5,4,9,5,2,7
futures,7,4,4,8,3,4,7
futuristic,10,5,0,5,3,2,5
futurities,10,4,1,5,4,1,5
futurity,8,2,5,7,2,5,7
futurity's,10,3,3,6,3,4,7
futz,4,3,9,12,3,8,11
futzed,6,4,6,10,4,6,10
futzes,6,4,6,10,4,5,9
futzing,7,6,8,14,6,5,11
fuze,4,3,11,14,3,11,14
fuze's,6,5,9,14,5,9,14
fuzed,5,4,8,12,4,7,11
fuzes,5,4,9,13,4,8,12
fuzing,6,5,8,13,5,8,13
fuzz,4,3,9,12,3,8,11
fuzz's,6,4,9,13,5,7,12
fuzzed,6,4,9,13,4,9,13
fuzzes,6,4,7,11,4,6,10
fuzzier,7,5,6,11,5,5,10
fuzziest,8,6,6,12,6,4,10
fuzzily,7,5,5,10,4,5,9
fuzziness,9,6,4,10,6,4,10
fuzziness's,11,7,4,11,7,4,11
fuzzing,7,6,8,14,6,5,11
fuzzy,5,3,10,13,3,9,12
fête,4,2,5,7,1,6,7
fête's,6,4,5,9,3,6,9
fêtes,5,3,5,8,2,6,8
g,1,1,6,7,1,6,7
gab,3,3,5,8,3,5,8
gab's,5,5,5,10,5,5,10
gabardine,9,2,2,4,2,2,4
gabardine's,11,4,1,5,4,0,4
gabardines,10,4,1,5,4,0,4
gabbed,6,5,6,11,5,4,9
gabbier,7,6,3,9,5,4,9
gabbiest,8,6,1,7,6,3,9
gabbing,7,5,3,8,5,3,8
gabble,6,5,2,7,5,2,7
gabble's,8,7,1,8,5,4,9
gabbled,7,6,2,8,6,2,8
gabbles,7,6,2,8,6,2,8
gabbling,8,6,3,9,6,3,9
gabby,5,3,7,10,3,7,10
gaberdine,9,2,2,4,2,2,4
gaberdine's,11,5,1,6,4,2,6
gaberdines,10,7,0,7,4,1,5
gable,5,5,2,7,5,1,6
gable's,7,7,1,8,7,1,8
gabled,6,6,4,10,6,4,10
gables,6,6,4,10,6,5,11
gabs,4,4,4,8,4,4,8
gad,3,3,6,9,3,6,9
gadabout,8,4,3,7,3,3,6
gadabout's,10,6,2,8,4,1,5
gadabouts,9,4,3,7,4,3,7
gadded,6,4,2,6,4,2,6
gadding,7,5,4,9,5,4,9
gadflies,8,7,1,8,7,0,7
gadfly,6,4,5,9,4,5,9
gadfly's,8,4,5,9,6,3,9
gadget,6,3,2,5,3,2,5
gadget's,8,5,4,9,5,5,10
gadgetry,8,5,1,6,3,1,4
gadgetry's,10,7,0,7,4,1,5
gadgets,7,4,4,8,4,4,8
gads,4,4,5,9,4,5,9
gaff,4,2,11,13,2,12,14
gaff's,6,4,11,15,4,9,13
gaffe,5,4,3,7,4,3,7
gaffe's,7,6,4,10,6,4,10
gaffed,6,5,7,12,5,5,10
gaffes,6,4,5,9,4,5,9
gaffing,7,5,5,10,5,5,10
gaffs,5,4,9,13,3,9,12
gag,3,2,5,7,2,5,7
gag's,5,4,5,9,4,5,9
gage,4,3,7,10,3,5,8
gage's,6,5,3,8,5,3,8
gaged,5,3,12,15,4,10,14
gages,5,4,6,10,4,4,8
gagged,6,4,6,10,4,3,7
gagging,7,3,2,5,3,2,5
gaggle,6,4,6,10,4,4,8
gaggle's,8,6,3,9,6,2,8
gaggles,7,5,6,11,5,2,7
gaging,6,4,2,6,3,2,5
gags,4,3,4,7,3,4,7
gaiety,6,3,3,6,5,1,6
gaiety's,8,7,0,7,7,0,7
gaily,5,4,8,12,3,9,12
gain,4,4,7,11,4,7,11
gain's,6,6,5,11,6,5,11
gained,6,6,4,10,5,6,11
gainful,7,7,2,9,7,2,9
gainfully,9,8,3,11,8,3,11
gaining,7,3,2,5,4,2,6
gains,5,5,5,10,5,5,10
gainsaid,8,5,1,6,5,1,6
gainsay,7,3,2,5,3,1,4
gainsaying,10,4,1,5,4,1,5
gainsays,8,3,2,5,3,2,5
gait,4,4,7,11,4,7,11
gait's,6,6,6,12,6,5,11
gaiter,6,6,2,8,6,2,8
gaiter's,8,8,2,10,8,2,10
gaiters,7,7,2,9,7,3,10
gaits,5,5,6,11,5,6,11
gal,3,3,7,10,3,7,10
gal's,5,4,6,10,4,6,10
gala,4,2,4,6,2,6,8
gala's,6,4,6,10,4,6,10
galactic,8,2,3,5,2,3,5
galas,5,3,3,6,3,3,6
galaxies,8,5,1,6,5,1,6
galaxy,6,2,4,6,2,4,6
galaxy's,8,4,3,7,4,3,7
gale,4,4,2,6,4,1,5
gale's,6,6,1,7,6,1,7
galena,6,2,2,4,2,2,4
galena's,8,4,1,5,4,0,4
gales,5,5,4,9,5,5,10
gall,4,3,3,6,3,3,6
gall's,6,5,2,7,5,2,7
gallant,7,2,5,7,2,4,6
gallant's,9,4,3,7,4,3,7
gallantly,9,2,3,5,2,3,5
gallantry,9,2,3,5,2,3,5
gallantry's,11,4,1,5,3,1,4
gallants,8,3,3,6,3,3,6
gallbladder,11,3,2,5,3,1,4
gallbladder's,13,6,1,7,4,0,4
gallbladders,12,4,2,6,3,2,5
galled,6,5,3,8,5,3,8
galleon,7,4,2,6,3,2,5
galleon's,9,5,2,7,5,2,7
galleons,8,5,2,7,5,2,7
galleries,9,5,2,7,4,3,7
gallery,7,4,4,8,5,4,9
gallery's,9,6,2,8,6,4,10
galley,6,5,5,10,5,5,10
galley's,8,7,3,10,7,3,10
galleys,7,6,4,10,6,4,10
galling,7,5,2,7,5,2,7
gallium,7,3,4,7,2,4,6
gallium's,9,4,5,9,4,5,9
gallivant,9,3,2,5,2,3,5
gallivanted,11,4,1,5,4,1,5
gallivanting,12,3,1,4,3,1,4
gallivants,10,4,3,7,4,2,6
gallon,6,4,5,9,4,5,9
gallon's,8,6,4,10,6,4,10
gallons,7,6,4,10,6,4,10
gallop,6,3,6,9,3,6,9
gallop's,8,5,5,10,5,5,10
galloped,8,5,4,9,5,5,10
galloping,9,6,2,8,6,2,8
gallops,7,5,5,10,5,5,10
gallows,7,6,4,10,6,4,10
gallows's,9,4,4,8,3,4,7
gallowses,9,5,1,6,5,1,6
galls,5,4,7,11,4,6,10
gallstone,9,3,1,4,4,0,4
gallstone's,11,8,0,8,8,0,8
gallstones,10,4,0,4,7,0,7
galore,6,4,2,6,4,2,6
galosh,6,3,2,5,3,2,5
galosh's,8,4,2,6,3,2,5
galoshes,8,3,3,6,4,1,5
gals,4,3,6,9,3,6,9
galvanic,8,3,3,6,3,2,5
galvanize,9,4,1,5,5,1,6
galvanized,10,5,1,6,4,1,5
galvanizes,10,6,0,6,6,0,6
galvanizing,11,3,1,4,3,2,5
galvanometer,12,2,2,4,2,2,4
galvanometer's,14,3,0,3,3,1,4
galvanometers,13,5,0,5,3,0,3
gambit,6,3,5,8,3,5,8
gambit's,8,6,3,9,5,4,9
gambits,7,4,4,8,4,4,8
gamble,6,6,1,7,6,1,7
gamble's,8,8,1,9,6,2,8
gambled,7,6,2,8,5,2,7
gambler,7,5,3,8,5,3,8
gambler's,9,7,1,8,7,1,8
gamblers,8,6,2,8,6,1,7
gambles,7,5,2,7,5,2,7
gambling,8,5,3,8,5,3,8
gambling's,10,6,2,8,5,2,7
gambol,6,2,5,7,2,5,7
gambol's,8,5,3,8,4,4,8
gamboled,8,5,2,7,4,3,7
gamboling,9,6,2,8,6,2,8
gambolled,9,6,1,7,4,3,7
gambolling,10,6,2,8,6,2,8
gambols,7,4,3,7,4,3,7
game,4,4,7,11,4,5,9
game's,6,6,3,9,6,3,9
gamecock,8,3,3,6,3,3,6
gamecock's,10,6,0,6,5,0,5
gamecocks,9,4,1,5,5,0,5
gamed,5,5,5,10,5,5,10
gamekeeper,10,6,1,7,6,1,7
gamekeeper's,12,8,0,8,8,0,8
gamekeepers,11,7,0,7,7,0,7
gamely,6,6,1,7,6,3,9
gameness,8,6,0,6,6,0,6
gameness's,10,7,0,7,7,0,7
gamer,5,5,3,8,5,5,10
games,5,5,6,11,5,4,9
gamesmanship,12,3,0,3,3,0,3
gamesmanship's,14,3,0,3,3,0,3
gamest,6,6,4,10,6,4,10
gamete,6,2,3,5,2,4,6
gamete's,8,5,0,5,3,4,7
gametes,7,4,0,4,3,3,6
gamey,5,1,9,10,1,9,10
gamier,6,5,5,10,5,5,10
gamiest,7,5,4,9,5,4,9
gamin,5,4,6,10,4,6,10
gamin's,7,6,4,10,6,4,10
gamine,6,5,2,7,5,1,6
gamine's,8,7,2,9,7,3,10
gamines,7,6,1,7,6,1,7
gaming,6,5,2,7,5,2,7
gamins,6,5,4,9,5,4,9
gamma,5,2,2,4,2,2,4
gamma's,7,4,1,5,4,1,5
gammas,6,3,2,5,3,2,5
gamut,5,4,5,9,4,5,9
gamut's,7,5,4,9,5,4,9
gamuts,6,3,5,8,3,5,8
gamy,4,3,8,11,3,8,11
gander,6,6,2,8,6,3,9
gander's,8,8,2,10,8,2,10
ganders,7,6,2,8,7,3,10
gang,4,3,5,8,3,4,7
gang's,6,5,3,8,5,3,8
ganged,6,5,3,8,5,3,8
ganging,7,4,2,6,3,2,5
gangland,8,4,4,8,3,3,6
gangland's,10,6,1,7,5,1,6
ganglia,7,2,4,6,3,3,6
ganglier,8,5,3,8,5,3,8
gangliest,9,5,2,7,5,2,7
gangling,8,3,2,5,3,2,5
ganglion,8,3,2,5,3,2,5
ganglion's,10,5,1,6,4,2,6
ganglions,9,4,3,7,4,3,7
gangly,6,4,6,10,4,6,10
gangplank,9,2,4,6,2,5,7
gangplank's,11,4,2,6,4,2,6
gangplanks,10,3,3,6,3,2,5
gangrene,8,2,1,3,2,1,3
gangrene's,10,4,0,4,4,0,4
gangrened,9,4,1,5,3,1,4
gangrenes,9,3,1,4,3,1,4
gangrening,10,2,1,3,2,1,3
gangrenous,10,4,1,5,4,1,5
gangs,5,4,5,9,4,4,8
gangster,8,5,2,7,5,2,7
gangster's,10,7,1,8,6,2,8
gangsters,9,5,2,7,6,1,7
gangway,7,2,7,9,2,7,9
gangway's,9,5,1,6,5,1,6
gangways,8,5,4,9,5,4,9
gannet,6,3,5,8,3,5,8
gannet's,8,5,3,8,5,3,8
gannets,7,5,4,9,5,4,9
gantlet,7,4,3,7,4,3,7
gantlet's,9,5,1,6,5,1,6
gantlets,8,5,2,7,3,2,5
gantries,8,8,0,8,5,2,7
gantry,6,6,2,8,6,2,8
gantry's,8,8,4,12,8,1,9
gap,3,3,1,4,3,0,3
gap's,5,5,4,9,5,3,8
gape,4,4,8,12,4,6,10
gape's,6,6,4,10,6,4,10
gaped,5,5,3,8,5,3,8
gapes,5,5,7,12,5,5,10
gaping,6,5,3,8,5,3,8
gaps,4,4,1,5,4,2,6
garage,6,4,3,7,4,1,5
garage's,8,6,3,9,6,0,6
garaged,7,4,2,6,5,1,6
garages,7,5,3,8,4,1,5
garaging,8,4,2,6,4,2,6
garb,4,3,8,11,3,8,11
garb's,6,5,6,11,5,6,11
garbage,7,4,1,5,3,0,3
garbage's,9,5,0,5,5,0,5
garbageman,10,2,1,3,2,1,3
garbanzo,8,3,3,6,3,3,6
garbanzo's,10,3,2,5,3,2,5
garbanzos,9,3,3,6,3,3,6
garbed,6,5,2,7,5,0,5
garbing,7,5,3,8,5,3,8
garble,6,6,2,8,6,2,8
garbled,7,7,1,8,6,1,7
garbles,7,7,1,8,7,1,8
garbling,8,6,2,8,6,2,8
garbs,5,4,5,9,4,5,9
garden,6,6,0,6,6,0,6
garden's,8,8,2,10,8,2,10
gardened,8,6,1,7,6,1,7
gardener,8,6,1,7,6,1,7
gardener's,10,8,0,8,8,0,8
gardeners,9,7,0,7,7,0,7
gardenia,8,3,2,5,4,2,6
gardenia's,10,5,1,6,4,2,6
gardenias,9,3,2,5,5,1,6
gardening,9,3,1,4,4,1,5
gardening's,11,6,0,6,5,0,5
gardens,7,7,2,9,7,2,9
gargantuan,10,1,4,5,1,3,4
gargle,6,4,6,10,4,4,8
gargle's,8,6,3,9,7,2,9
gargled,7,5,3,8,6,1,7
gargles,7,6,3,9,5,2,7
gargling,8,6,2,8,6,2,8
gargoyle,8,4,2,6,4,2,6
gargoyle's,10,6,1,7,6,1,7
gargoyles,9,5,1,6,5,1,6
garish,6,6,1,7,6,1,7
garishly,8,7,1,8,5,1,6
garishness,10,7,0,7,7,0,7
garishness's,12,8,0,8,8,0,8
garland,7,3,3,6,4,2,6
garland's,9,6,1,7,6,1,7
garlanded,9,3,1,4,3,1,4
garlanding,10,3,2,5,3,2,5
garlands,8,4,3,7,3,5,8
garlic,6,3,4,7,3,4,7
garlic's,8,7,4,11,4,5,9
garlicky,8,4,2,6,4,2,6
garment,7,4,2,6,4,2,6
garment's,9,6,1,7,6,1,7
garments,8,7,1,8,7,1,8
garner,6,5,2,7,4,4,8
garnered,8,4,2,6,4,3,7
garnering,9,4,1,5,4,1,5
garners,7,6,2,8,6,2,8
garnet,6,4,4,8,5,4,9
garnet's,8,6,2,8,7,2,9
garnets,7,6,2,8,6,2,8
garnish,7,7,1,8,7,3,10
garnish's,9,8,1,9,8,2,10
garnished,9,9,0,9,9,0,9
garnishee,9,2,0,2,2,0,2
garnishee's,11,2,0,2,2,0,2
garnisheed,10,3,0,3,3,0,3
garnisheeing,12,2,0,2,2,0,2
garnishees,10,2,0,2,2,0,2
garnishes,9,8,1,9,8,0,8
garnishing,10,6,0,6,4,1,5
garote,6,4,4,8,3,3,6
garote's,8,6,4,10,5,2,7
garoted,7,5,3,8,5,3,8
garotes,7,4,4,8,4,4,8
garoting,8,5,3,8,5,3,8
garotte,7,4,4,8,6,2,8
garotte's,9,6,3,9,8,2,10
garotted,8,4,2,6,5,2,7
garottes,8,7,1,8,7,1,8
garotting,9,5,2,7,5,2,7
garret,6,3,3,6,3,3,6
garret's,8,5,3,8,5,3,8
garrets,7,5,2,7,5,2,7
garrison,8,7,1,8,7,1,8
garrison's,10,8,1,9,8,1,9
garrisoned,10,5,0,5,4,0,4
garrisoning,11,3,1,4,3,1,4
garrisons,9,2,2,4,2,2,4
garrote,7,4,3,7,4,2,6
garrote's,9,6,2,8,6,2,8
garroted,8,7,2,9,7,2,9
garrotes,8,5,1,6,5,1,6
garroting,9,5,3,8,5,3,8
garrotte,8,4,2,6,4,2,6
garrotte's,10,6,1,7,4,0,4
garrotted,9,4,2,6,4,2,6
garrottes,9,5,1,6,5,1,6
garrotting,10,5,3,8,5,3,8
garrulity,9,4,3,7,3,3,6
garrulity's,11,3,2,5,3,2,5
garrulous,9,4,2,6,4,2,6
garrulously,11,6,0,6,5,0,5
garrulousness,13,4,0,4,3,0,3
garrulousness's,15,5,0,5,3,0,3
garter,6,4,3,7,4,2,6
garter's,8,5,6,11,6,4,10
garters,7,5,3,8,5,3,8
gas,3,2,8,10,2,8,10
gas's,5,2,5,7,2,5,7
gaseous,7,3,2,5,3,2,5
gases,5,4,3,7,4,3,7
gash,4,4,4,8,4,5,9
gash's,6,5,5,10,5,5,10
gashed,6,6,6,12,6,3,9
gashes,6,5,4,9,5,4,9
gashing,7,6,0,6,6,1,7
gasket,6,5,4,9,5,4,9
gasket's,8,6,3,9,6,3,9
gaskets,7,5,2,7,5,2,7
gaslight,8,3,1,4,3,1,4
gaslight's,10,4,1,5,3,1,4
gaslights,9,3,2,5,3,2,5
gasohol,7,3,2,5,3,2,5
gasohol's,9,4,2,6,3,2,5
gasolene,8,3,1,4,3,0,3
gasolene's,10,4,1,5,4,1,5
gasoline,8,5,1,6,6,0,6
gasoline's,10,6,1,7,5,1,6
gasp,4,4,4,8,4,4,8
gasp's,6,5,3,8,5,3,8
gasped,6,4,6,10,5,4,9
gasping,7,5,1,6,5,2,7
gasps,5,4,2,6,4,2,6
gassed,6,5,4,9,5,3,8
gasses,6,4,4,8,4,4,8
gassier,7,4,2,6,4,2,6
gassiest,8,4,2,6,4,2,6
gassing,7,4,1,5,4,1,5
gassy,5,2,3,5,2,3,5
gastric,7,3,1,4,3,2,5
gastritis,9,3,2,5,2,1,3
gastritis's,11,2,1,3,2,1,3
gastrointestinal,16,2,0,2,2,0,2
gastronomic,11,3,0,3,3,0,3
gastronomical,13,2,0,2,2,0,2
gastronomy,10,2,2,4,2,2,4
gastronomy's,12,2,2,4,2,2,4
gasworks,8,3,3,6,2,4,6
gasworks's,10,3,2,5,4,1,5
gate,4,4,9,13,4,8,12
gate's,6,6,5,11,6,5,11
gatecrasher,11,4,0,4,4,0,4
gatecrasher's,13,5,0,5,4,0,4
gatecrashers,12,2,0,2,4,0,4
gated,5,5,8,13,5,8,13
gatepost,8,3,0,3,3,0,3
gatepost's,10,4,1,5,3,0,3
gateposts,9,3,0,3,3,0,3
gates,5,5,2,7,5,2,7
gateway,7,5,1,6,2,3,5
gateway's,9,7,0,7,4,2,6
gateways,8,3,2,5,4,1,5
gather,6,6,5,11,6,5,11
gather's,8,8,4,12,8,4,12
gathered,8,7,2,9,7,2,9
gatherer,8,4,3,7,3,4,7
gatherer's,10,6,1,7,5,2,7
gatherers,9,5,1,6,4,2,6
gathering,9,6,1,7,6,1,7
gathering's,11,6,1,7,5,0,5
gatherings,10,7,1,8,6,0,6
gathers,7,7,2,9,7,2,9
gating,6,5,4,9,5,4,9
gauche,6,3,2,5,3,4,7
gaucher,7,6,3,9,6,3,9
gauchest,8,6,1,7,5,3,8
gaucho,6,3,6,9,3,6,9
gaucho's,8,5,2,7,5,5,10
gauchos,7,3,3,6,3,3,6
gaudier,7,7,3,10,5,6,11
gaudiest,8,7,3,10,8,1,9
gaudily,7,5,6,11,5,5,10
gaudiness,9,6,3,9,7,1,8
gaudiness's,11,7,3,10,8,1,9
gaudy,5,3,6,9,3,6,9
gauge,5,3,3,6,3,3,6
gauge's,7,5,4,9,5,4,9
gauged,6,4,6,10,4,4,8
gauges,6,4,8,12,4,8,12
gauging,7,5,2,7,3,2,5
gaunt,5,5,6,11,5,6,11
gaunter,7,6,4,10,6,4,10
gauntest,8,5,2,7,5,2,7
gauntlet,8,2,3,5,2,3,5
gauntlet's,10,3,1,4,3,1,4
gauntlets,9,4,2,6,4,2,6
gauntness,9,5,1,6,5,1,6
gauntness's,11,6,1,7,6,1,7
gauze,5,3,4,7,3,4,7
gauze's,7,5,5,10,5,5,10
gauzier,7,6,4,10,5,7,12
gauziest,8,7,4,11,7,2,9
gauzy,5,4,9,13,3,10,13
gave,4,4,9,13,4,7,11
gavel,5,5,7,12,5,7,12
gavel's,7,7,5,12,7,5,12
gavels,6,6,4,10,6,4,10
gavotte,7,3,4,7,5,3,8
gavotte's,9,5,3,8,7,3,10
gavottes,8,6,2,8,6,2,8
gawk,4,4,9,13,4,9,13
gawked,6,4,8,12,4,7,11
gawkier,7,5,4,9,5,8,13
gawkiest,8,6,5,11,6,6,12
gawkily,7,5,5,10,4,6,10
gawkiness,9,6,4,10,6,2,8
gawkiness's,11,7,4,11,7,2,9
gawking,7,4,6,10,4,6,10
gawks,5,3,10,13,5,8,13
gawky,5,3,10,13,3,9,12
gay,3,3,3,6,3,4,7
gay's,5,5,2,7,5,2,7
gayer,5,5,4,9,5,6,11
gayest,6,5,5,10,5,5,10
gayety,6,3,1,4,5,1,6
gayety's,8,7,0,7,7,0,7
gayly,5,2,2,4,2,2,4
gayness,7,5,3,8,5,3,8
gayness's,9,6,3,9,6,3,9
gays,4,4,6,10,4,7,11
gaze,4,3,10,13,3,8,11
gaze's,6,5,6,11,5,6,11
gazebo,6,3,4,7,3,4,7
gazebo's,8,4,4,8,5,2,7
gazeboes,8,6,2,8,5,4,9
gazebos,7,4,3,7,3,3,6
gazed,5,5,8,13,5,8,13
gazelle,7,3,2,5,3,2,5
gazelle's,9,5,1,6,5,2,7
gazelles,8,4,1,5,6,3,9
gazer,5,4,5,9,4,7,11
gazer's,7,6,6,12,6,6,12
gazers,6,5,6,11,5,6,11
gazes,5,4,8,12,4,6,10
gazette,7,2,3,5,2,3,5
gazette's,9,4,2,6,4,2,6
gazetted,8,4,2,6,4,2,6
gazetteer,9,2,1,3,2,1,3
gazetteer's,11,2,0,2,2,0,2
gazetteers,10,3,0,3,2,1,3
gazettes,8,5,3,8,4,2,6
gazetting,9,5,1,6,5,1,6
gazillion,9,6,3,9,6,3,9
gazillions,10,7,3,10,7,2,9
gazing,6,4,5,9,4,5,9
gazpacho,8,2,5,7,1,6,7
gazpacho's,10,4,4,8,4,3,7
gear,4,4,4,8,4,5,9
gear's,6,6,4,10,6,4,10
gearbox,7,4,2,6,3,2,5
gearbox's,9,6,1,7,5,0,5
gearboxes,9,3,1,4,3,1,4
geared,6,5,1,6,5,3,8
gearing,7,5,2,7,4,3,7
gears,5,5,4,9,5,4,9
gearshift,9,4,0,4,4,0,4
gearshift's,11,3,0,3,3,0,3
gearshifts,10,5,1,6,5,1,6
gearwheel,9,2,1,3,2,1,3
gearwheel's,11,2,0,2,2,0,2
gearwheels,10,2,1,3,3,0,3
gecko,5,3,6,9,2,8,10
gecko's,7,4,5,9,4,6,10
geckoes,7,4,3,7,3,6,9
geckos,6,4,4,8,2,8,10
gee,3,2,6,8,2,6,8
geed,4,3,5,8,3,3,6
geegaw,6,4,3,7,3,3,6
geegaw's,8,6,0,6,5,1,6
geegaws,7,5,1,6,3,2,5
geeing,6,4,1,5,3,1,4
geek,4,3,5,8,3,4,7
geek's,6,5,3,8,5,3,8
geekier,7,3,4,7,4,2,6
geekiest,8,5,2,7,5,2,7
geeks,5,4,4,8,4,4,8
geeky,5,3,3,6,3,3,6
gees,4,3,5,8,3,4,7
geese,5,2,1,3,2,1,3
geez,4,3,9,12,3,8,11
geezer,6,3,3,6,3,3,6
geezer's,8,5,3,8,5,3,8
geezers,7,4,3,7,4,3,7
geisha,6,5,2,7,5,2,7
geisha's,8,6,2,8,6,2,8
geishas,7,3,2,5,3,2,5
gel,3,3,6,9,3,6,9
gel's,5,5,4,9,4,4,8
gelatin,7,6,1,7,4,1,5
gelatin's,9,7,1,8,6,1,7
gelatine,8,4,1,5,4,1,5
gelatine's,10,6,0,6,7,0,7
gelatinous,10,4,1,5,4,1,5
geld,4,4,3,7,4,2,6
gelded,6,4,2,6,4,1,5
gelding,7,5,1,6,5,1,6
gelding's,9,6,1,7,6,1,7
geldings,8,5,2,7,5,2,7
gelds,5,5,4,9,5,3,8
gelid,5,4,5,9,4,4,8
gelled,6,4,3,7,4,3,7
gelling,7,5,1,6,5,1,6
gels,4,4,3,7,4,2,6
gelt,4,4,5,9,4,4,8
gem,3,2,7,9,2,7,9
gem's,5,4,5,9,4,8,12
gems,4,4,4,8,4,3,7
gemstone,8,6,1,7,6,1,7
gemstone's,10,7,0,7,7,0,7
gemstones,9,6,0,6,6,1,7
gendarme,8,4,1,5,3,1,4
gendarme's,10,6,0,6,5,1,6
gendarmes,9,3,2,5,3,2,5
gender,6,5,3,8,5,2,7
gender's,8,7,2,9,7,3,10
genders,7,6,2,8,6,2,8
gene,4,2,3,5,2,3,5
gene's,6,4,2,6,4,3,7
genealogical,12,2,1,3,2,1,3
genealogies,11,2,1,3,2,1,3
genealogist,11,3,0,3,4,0,4
genealogist's,13,5,0,5,4,0,4
genealogists,12,4,0,4,4,0,4
genealogy,9,3,1,4,3,1,4
genealogy's,11,3,1,4,3,1,4
genera,6,2,3,5,2,3,5
general,7,3,2,5,3,2,5
general's,9,5,1,6,5,1,6
generalissimo,13,2,0,2,2,0,2
generalissimo's,15,2,0,2,2,0,2
generalissimos,14,2,0,2,2,0,2
generalities,12,3,0,3,3,0,3
generality,10,4,1,5,4,1,5
generality's,12,3,0,3,5,0,5
generalization,14,6,1,7,4,1,5
generalization's,16,5,0,5,5,0,5
generalizations,15,4,0,4,4,0,4
generalize,10,7,1,8,7,1,8
generalized,11,2,1,3,3,1,4
generalizes,11,3,0,3,3,0,3
generalizing,12,3,1,4,3,1,4
generally,9,4,1,5,4,1,5
generals,8,6,1,7,6,0,6
generate,8,4,3,7,6,1,7
generated,9,7,1,8,7,1,8
generates,9,5,2,7,5,2,7
generating,10,3,1,4,3,1,4
generation,10,8,1,9,8,1,9
generation's,12,10,0,10,10,0,10
generations,11,4,0,4,4,0,4
generative,10,6,2,8,6,2,8
generator,9,4,1,5,4,1,5
generator's,11,4,0,4,4,0,4
generators,10,3,1,4,3,0,3
generic,7,2,3,5,2,3,5
generic's,9,4,2,6,4,2,6
generically,11,9,1,10,9,1,10
generics,8,6,2,8,6,1,7
generosities,12,2,1,3,2,0,2
generosity,10,4,0,4,4,0,4
generosity's,12,4,0,4,3,0,3
generous,8,5,3,8,5,2,7
generously,10,3,0,3,4,0,4
genes,5,4,2,6,4,2,6
geneses,7,3,1,4,3,2,5
genesis,7,3,1,4,4,0,4
genesis's,9,4,0,4,4,0,4
genetic,7,3,4,7,3,4,7
genetically,11,8,2,10,8,2,10
geneticist,10,4,0,4,4,0,4
geneticist's,12,6,0,6,4,0,4
geneticists,11,4,0,4,4,0,4
genetics,8,4,2,6,5,2,7
genetics's,10,5,2,7,3,0,3
genial,6,6,3,9,6,3,9
geniality,9,3,1,4,3,1,4
geniality's,11,5,0,5,4,0,4
genially,8,7,1,8,7,1,8
genie,5,2,8,10,3,5,8
genie's,7,5,5,10,5,4,9
genies,6,3,4,7,3,5,8
genii,5,2,3,5,3,4,7
genital,7,6,2,8,4,1,5
genitalia,9,3,1,4,3,1,4
genitalia's,11,5,0,5,5,0,5
genitals,8,4,2,6,3,3,6
genitals's,10,3,0,3,3,0,3
genitive,8,3,2,5,3,2,5
genitive's,10,5,1,6,5,1,6
genitives,9,4,0,4,4,0,4
genius,6,4,5,9,4,3,7
genius's,8,5,1,6,4,1,5
geniuses,8,3,1,4,3,1,4
genocide,8,4,2,6,4,2,6
genocide's,10,6,1,7,6,1,7
genome,6,3,6,9,2,5,7
genome's,8,3,5,8,4,3,7
genomes,7,2,6,8,4,3,7
genre,5,3,1,4,3,1,4
genre's,7,4,1,5,4,1,5
genres,6,3,1,4,3,1,4
gent,4,4,7,11,4,7,11
gent's,6,6,6,12,6,7,13
genteel,7,1,3,4,2,2,4
gentian,7,5,1,6,5,1,6
gentian's,9,5,2,7,7,1,8
gentians,8,6,2,8,6,2,8
gentile,7,5,2,7,5,1,6
gentile's,9,7,0,7,7,1,8
gentiles,8,5,1,6,5,1,6
gentility,9,3,1,4,3,1,4
gentility's,11,7,1,8,7,1,8
gentle,6,3,5,8,4,1,5
gentled,7,4,2,6,5,1,6
gentlefolk,10,3,1,4,2,2,4
gentlefolk's,12,3,1,4,3,1,4
gentleman,9,2,1,3,2,1,3
gentleman's,11,3,1,4,3,1,4
gentlemanly,11,3,2,5,2,1,3
gentlemen,9,2,2,4,2,2,4
gentleness,10,3,0,3,3,0,3
gentleness's,12,3,0,3,3,0,3
gentler,7,4,3,7,4,3,7
gentles,7,4,2,6,4,3,7
gentlest,8,3,1,4,3,1,4
gentlewoman,11,3,2,5,2,1,3
gentlewoman's,13,4,0,4,3,0,3
gentlewomen,11,2,2,4,1,2,3
gentling,8,4,1,5,4,1,5
gently,6,3,2,5,3,2,5
gentries,8,5,1,6,4,2,6
gentrification,14,2,1,3,2,1,3
gentrification's,16,6,0,6,3,0,3
gentrified,10,3,1,4,3,1,4
gentrifies,10,6,0,6,4,0,4
gentrify,8,5,1,6,4,1,5
gentrifying,11,3,1,4,3,1,4
gentry,6,5,2,7,5,2,7
gentry's,8,7,1,8,7,1,8
gents,5,5,6,11,5,6,11
genuflect,9,2,1,3,2,2,4
genuflected,11,2,2,4,2,1,3
genuflecting,12,3,1,4,3,1,4
genuflection,12,3,1,4,4,1,5
genuflection's,14,5,0,5,4,0,4
genuflections,13,5,0,5,3,1,4
genuflects,10,4,1,5,4,1,5
genuine,7,3,3,6,3,2,5
genuinely,9,2,1,3,2,2,4
genuineness,11,3,0,3,3,0,3
genuineness's,13,2,0,2,2,0,2
genus,5,5,5,10,5,6,11
genus's,7,5,1,6,5,1,6
genuses,7,4,2,6,4,2,6
geocache,8,3,2,5,3,2,5
geocached,9,2,3,5,2,3,5
geocaches,9,4,1,5,4,1,5
geocaching,10,4,1,5,4,1,5
geocentric,10,3,1,4,3,1,4
geode,5,2,3,5,2,4,6
geode's,7,4,2,6,4,2,6
geodes,6,2,2,4,2,2,4
geodesic,8,3,0,3,3,0,3
geodesic's,10,3,0,3,3,0,3
geodesics,9,2,1,3,2,1,3
geoengineering,14,2,1,3,2,1,3
geographer,10,2,2,4,2,2,4
geographer's,12,4,0,4,3,0,3
geographers,11,3,1,4,3,0,3
geographic,10,3,1,4,3,1,4
geographical,12,3,1,4,3,1,4
geographically,14,4,1,5,3,1,4
geographies,11,4,0,4,4,0,4
geography,9,4,3,7,3,3,6
geography's,11,5,1,6,3,2,5
geologic,8,4,2,6,4,2,6
geological,10,3,1,4,4,1,5
geologically,12,6,1,7,4,1,5
geologies,9,4,1,5,3,2,5
geologist,9,5,1,6,4,2,6
geologist's,11,7,0,7,5,1,6
geologists,10,6,0,6,5,0,5
geology,7,3,3,6,3,3,6
geology's,9,5,2,7,5,2,7
geometer,8,2,3,5,2,3,5
geometric,9,2,2,4,2,2,4
geometrical,11,3,1,4,2,1,3
geometrically,13,6,1,7,4,1,5
geometries,10,3,0,3,3,0,3
geometry,8,2,1,3,2,1,3
geometry's,10,4,1,5,3,0,3
geophysical,11,2,1,3,3,0,3
geophysics,10,2,1,3,3,0,3
geophysics's,12,8,0,8,3,0,3
geopolitical,12,5,1,6,3,1,4
geopolitics,11,3,0,3,3,0,3
geopolitics's,13,2,0,2,2,0,2
geostationary,13,2,0,2,2,0,2
geothermal,10,2,2,4,2,2,4
geranium,8,5,1,6,3,2,5
geranium's,10,6,1,7,5,1,6
geraniums,9,5,1,6,4,2,6
gerbil,6,4,5,9,4,5,9
gerbil's,8,5,3,8,5,3,8
gerbils,7,5,3,8,5,3,8
geriatric,9,5,1,6,4,1,5
geriatrics,10,6,1,7,4,0,4
geriatrics's,12,7,0,7,3,0,3
germ,4,4,7,11,4,8,12
germ's,6,6,6,12,6,6,12
germane,7,4,2,6,4,1,5
germanium,9,4,1,5,4,1,5
germanium's,11,6,0,6,5,0,5
germicidal,10,3,1,4,3,1,4
germicide,9,6,2,8,6,1,7
germicide's,11,8,1,9,8,0,8
germicides,10,7,0,7,7,0,7
germinal,8,8,2,10,8,2,10
germinal's,10,10,1,11,10,1,11
germinate,9,5,1,6,4,1,5
germinated,10,6,1,7,6,1,7
germinates,10,6,0,6,6,0,6
germinating,11,3,1,4,4,1,5
germination,11,6,2,8,6,2,8
germination's,13,8,1,9,8,1,9
germs,5,5,5,10,5,5,10
gerontologist,13,4,0,4,3,0,3
gerontologist's,15,5,0,5,3,0,3
gerontologists,14,5,0,5,3,0,3
gerontology,11,4,2,6,3,2,5
gerontology's,13,6,0,6,3,1,4
gerrymander,11,4,2,6,2,1,3
gerrymander's,13,4,1,5,3,0,3
gerrymandered,13,1,2,3,1,2,3
gerrymandering,14,2,1,3,2,1,3
gerrymandering's,16,3,0,3,3,1,4
gerrymanders,12,3,0,3,3,0,3
gerund,6,3,4,7,3,3,6
gerund's,8,5,3,8,6,2,8
gerunds,7,4,3,7,4,3,7
gestate,7,5,1,6,2,2,4
gestated,8,6,0,6,6,0,6
gestates,8,3,1,4,5,0,5
gestating,9,7,0,7,4,0,4
gestation,9,4,0,4,4,0,4
gestation's,11,3,0,3,3,0,3
gesticulate,11,3,0,3,3,0,3
gesticulated,12,2,0,2,2,0,2
gesticulates,12,3,0,3,3,0,3
gesticulating,13,3,0,3,3,0,3
gesticulation,13,3,0,3,3,0,3
gesticulation's,15,3,0,3,3,0,3
gesticulations,14,4,0,4,3,0,3
gesture,7,4,1,5,5,2,7
gesture's,9,4,0,4,3,0,3
gestured,8,4,1,5,5,0,5
gestures,8,3,0,3,4,0,4
gesturing,9,4,1,5,5,0,5
gesundheit,10,3,0,3,3,0,3
get,3,3,6,9,3,4,7
getaway,7,2,3,5,2,4,6
getaway's,9,4,1,5,4,3,7
getaways,8,3,4,7,3,4,7
gets,4,3,5,8,3,4,7
getting,7,4,3,7,5,2,7
getup,5,5,8,13,2,6,8
getup's,7,4,6,10,4,5,9
gewgaw,6,1,8,9,1,8,9
gewgaw's,8,5,4,9,4,6,10
gewgaws,7,2,7,9,2,7,9
geyser,6,3,5,8,3,7,10
geyser's,8,5,1,6,5,1,6
geysers,7,4,2,6,4,1,5
ghastlier,9,9,1,10,3,1,4
ghastliest,10,8,0,8,8,0,8
ghastliness,11,9,0,9,9,0,9
ghastliness's,13,10,0,10,10,0,10
ghastly,7,5,2,7,3,2,5
gherkin,7,4,4,8,4,4,8
gherkin's,9,6,3,9,6,2,8
gherkins,8,3,3,6,3,3,6
ghetto,6,2,5,7,2,5,7
ghetto's,8,4,3,7,4,3,7
ghettoes,8,3,3,6,3,1,4
ghettos,7,2,4,6,4,3,7
ghost,5,3,3,6,3,3,6
ghost's,7,4,3,7,4,3,7
ghosted,7,5,1,6,5,1,6
ghosting,8,5,1,6,5,1,6
ghostlier,9,8,2,10,3,0,3
ghostliest,10,7,1,8,7,1,8
ghostliness,11,8,1,9,8,1,9
ghostliness's,13,9,1,10,9,1,10
ghostly,7,2,3,5,2,3,5
ghosts,6,3,3,6,3,3,6
ghostwrite,10,4,0,4,4,0,4
ghostwriter,11,2,1,3,3,1,4
ghostwriter's,13,2,0,2,2,0,2
ghostwriters,12,4,0,4,4,0,4
ghostwrites,11,4,0,4,4,0,4
ghostwriting,12,4,0,4,4,0,4
ghostwritten,12,3,0,3,3,0,3
ghostwrote,10,3,0,3,4,0,4
ghoul,5,2,4,6,2,4,6
ghoul's,7,4,3,7,4,3,7
ghoulish,8,4,2,6,4,2,6
ghouls,6,3,4,7,3,5,8
giant,5,3,5,8,3,5,8
giant's,7,6,4,10,6,4,10
giantess,8,4,0,4,4,0,4
giantess's,10,4,1,5,4,1,5
giantesses,10,4,2,6,4,2,6
giants,6,5,5,10,5,4,9
gibber,6,4,5,9,4,5,9
gibbered,8,5,3,8,5,4,9
gibbering,9,6,1,7,6,1,7
gibberish,9,5,0,5,4,0,4
gibberish's,11,4,1,5,3,0,3
gibbers,7,5,9,14,5,6,11
gibbet,6,3,7,10,3,7,10
gibbet's,8,5,4,9,5,5,10
gibbeted,8,5,3,8,4,2,6
gibbeting,9,5,2,7,5,2,7
gibbets,7,4,5,9,4,5,9
gibbon,6,3,5,8,5,4,9
gibbon's,8,5,4,9,7,3,10
gibbons,7,4,4,8,4,3,7
gibe,4,4,10,14,4,12,16
gibe's,6,6,10,16,6,9,15
gibed,5,5,10,15,5,7,12
gibes,5,5,9,14,5,9,14
gibing,6,4,3,7,4,3,7
giblet,6,6,4,10,6,4,10
giblet's,8,8,2,10,8,2,10
giblets,7,7,3,10,7,3,10
giddier,7,4,5,9,4,5,9
giddiest,8,5,4,9,5,2,7
giddily,7,4,3,7,4,4,8
giddiness,9,5,0,5,5,0,5
giddiness's,11,6,0,6,6,0,6
giddy,5,4,5,9,4,8,12
gift,4,2,8,10,2,8,10
gift's,6,4,7,11,4,7,11
gifted,6,4,7,11,4,7,11
gifting,7,5,2,7,5,3,8
gifts,5,3,8,11,5,6,11
gig,3,2,9,11,2,8,10
gig's,5,4,5,9,4,6,10
gigabit,7,3,2,5,3,2,5
gigabit's,9,4,2,6,4,1,5
gigabits,8,4,2,6,4,2,6
gigabyte,8,4,1,5,4,1,5
gigabyte's,10,6,0,6,5,0,5
gigabytes,9,5,0,5,5,0,5
gigahertz,9,3,2,5,2,2,4
gigahertz's,11,5,0,5,3,1,4
gigantic,8,3,2,5,2,3,5
gigapixel,9,2,3,5,2,3,5
gigapixel's,11,5,1,6,4,2,6
gigapixels,10,3,2,5,5,0,5
gigged,6,4,8,12,4,8,12
gigging,7,3,2,5,3,3,6
giggle,6,4,4,8,4,1,5
giggle's,8,6,3,9,6,3,9
giggled,7,5,4,9,5,2,7
giggler,7,5,3,8,5,1,6
giggler's,9,7,2,9,6,2,8
gigglers,8,6,3,9,5,1,6
giggles,7,5,0,5,5,0,5
gigglier,8,5,2,7,4,1,5
giggliest,9,6,0,6,5,0,5
giggling,8,3,2,5,3,2,5
giggly,6,4,4,8,4,3,7
gigolo,6,3,3,6,2,4,6
gigolo's,8,4,2,6,4,2,6
gigolos,7,4,3,7,3,2,5
gigs,4,3,7,10,3,7,10
gild,4,4,7,11,4,7,11
gild's,6,6,5,11,6,5,11
gilded,6,3,3,6,3,4,7
gilding,7,5,3,8,5,4,9
gilds,5,5,7,12,5,7,12
gill,4,3,5,8,3,5,8
gill's,6,5,4,9,5,4,9
gills,5,4,8,12,4,8,12
gilt,4,4,4,8,4,4,8
gilt's,6,6,3,9,6,3,9
gilts,5,5,4,9,5,4,9
gimcrack,8,3,3,6,4,2,6
gimcrack's,10,5,3,8,6,2,8
gimcracks,9,4,4,8,4,3,7
gimlet,6,5,5,10,5,5,10
gimlet's,8,7,3,10,7,3,10
gimleted,8,5,2,7,4,4,8
gimleting,9,4,2,6,4,2,6
gimlets,7,6,4,10,6,4,10
gimme,5,3,5,8,3,5,8
gimmick,7,2,4,6,2,5,7
gimmick's,9,4,3,7,3,4,7
gimmickry,9,2,3,5,1,4,5
gimmickry's,11,2,3,5,2,3,5
gimmicks,8,3,5,8,3,5,8
gimmicky,8,2,3,5,2,3,5
gimpy,5,5,7,12,5,8,13
gin,3,3,10,13,2,9,11
gin's,5,5,8,13,4,7,11
ginger,6,5,0,5,5,1,6
ginger's,8,7,3,10,7,3,10
gingerbread,11,3,1,4,3,1,4
gingerbread's,13,4,1,5,4,0,4
gingerly,8,4,3,7,5,4,9
gingersnap,10,4,1,5,3,0,3
gingersnap's,12,5,1,6,3,0,3
gingersnaps,11,3,0,3,3,0,3
gingham,7,4,3,7,3,4,7
gingham's,9,6,1,7,5,2,7
gingivitis,10,2,3,5,2,3,5
gingivitis's,12,2,0,2,2,0,2
gingko,6,3,3,6,3,4,7
gingko's,8,4,2,6,4,2,6
gingkoes,8,4,3,7,4,2,6
gingkos,7,4,3,7,4,2,6
ginkgo,6,3,3,6,3,4,7
ginkgo's,8,4,2,6,4,2,6
ginkgoes,8,4,3,7,4,2,6
ginkgos,7,4,3,7,4,2,6
ginned,6,5,4,9,5,4,9
ginning,7,3,2,5,3,3,6
gins,4,4,8,12,3,7,10
ginseng,7,3,2,5,4,1,5
ginseng's,9,2,2,4,3,1,4
gipsies,7,4,2,6,3,2,5
gipsy,5,4,3,7,4,3,7
gipsy's,7,5,3,8,5,3,8
giraffe,7,5,3,8,4,2,6
giraffe's,9,5,3,8,5,3,8
giraffes,8,5,1,6,5,0,5
gird,4,3,7,10,3,9,12
girded,6,4,3,7,4,3,7
girder,6,3,4,7,3,4,7
girder's,8,4,3,7,4,3,7
girders,7,3,3,6,3,3,6
girding,7,4,4,8,4,5,9
girdle,6,4,1,5,5,0,5
girdle's,8,6,0,6,6,2,8
girdled,7,4,2,6,4,1,5
girdles,7,5,0,5,5,0,5
girdling,8,3,2,5,3,2,5
girds,5,4,7,11,4,9,13
girl,4,2,4,6,2,4,6
girl's,6,4,3,7,4,3,7
girlfriend,10,2,2,4,2,2,4
girlfriend's,12,4,1,5,3,1,4
girlfriends,11,3,2,5,3,0,3
girlhood,8,2,3,5,2,3,5
girlhood's,10,3,2,5,3,2,5
girlhoods,9,2,2,4,2,2,4
girlish,7,4,2,6,3,3,6
girlishly,9,2,1,3,2,1,3
girls,5,3,4,7,3,4,7
girt,4,3,9,12,3,7,10
girt's,6,5,6,11,5,6,11
girted,6,4,4,8,4,4,8
girth,5,5,8,13,5,8,13
girth's,7,7,6,13,7,7,14
girths,6,5,6,11,5,6,11
girting,7,4,3,7,4,4,8
girts,5,4,8,12,4,7,11
gismo,5,4,4,8,4,4,8
gismo's,7,4,3,7,3,4,7
gismos,6,3,3,6,3,4,7
gist,4,4,4,8,4,4,8
gist's,6,5,6,11,5,6,11
give,4,4,8,12,4,8,12
giveaway,8,6,3,9,6,3,9
giveaway's,10,8,0,8,8,0,8
giveaways,9,7,0,7,7,0,7
given,5,3,7,10,4,7,11
given's,7,6,4,10,6,4,10
givens,6,4,6,10,4,6,10
gives,5,5,6,11,5,6,11
giving,6,3,4,7,3,4,7
gizmo,5,3,3,6,3,4,7
gizmo's,7,5,5,10,4,8,12
gizmos,6,4,3,7,4,3,7
gizzard,7,5,3,8,4,4,8
gizzard's,9,7,2,9,6,3,9
gizzards,8,5,4,9,5,3,8
glacial,7,2,4,6,3,5,8
glacially,9,4,2,6,3,2,5
glacier,7,6,1,7,6,2,8
glacier's,9,9,2,11,9,3,12
glaciers,8,6,4,10,8,3,11
glad,4,3,8,11,3,8,11
glad's,6,5,7,12,5,7,12
gladden,7,3,3,6,3,3,6
gladdened,9,2,1,3,3,2,5
gladdening,10,3,1,4,4,1,5
gladdens,8,6,4,10,6,3,9
gladder,7,4,6,10,3,7,10
gladdest,8,4,4,8,5,3,8
glade,5,5,5,10,5,5,10
glade's,7,7,4,11,7,4,11
glades,6,5,2,7,5,2,7
gladiator,9,4,2,6,3,2,5
gladiator's,11,3,1,4,3,1,4
gladiatorial,12,1,2,3,1,2,3
gladiators,10,3,2,5,3,2,5
gladiola,8,2,2,4,2,2,4
gladiola's,10,3,1,4,3,1,4
gladiolas,9,2,1,3,2,1,3
gladioli,8,2,2,4,2,2,4
gladiolus,9,4,2,6,4,2,6
gladiolus's,11,9,0,9,3,1,4
gladioluses,11,8,1,9,4,0,4
gladly,6,3,4,7,3,4,7
gladness,8,5,3,8,5,2,7
gladness's,10,6,3,9,6,2,8
glads,5,3,8,11,3,8,11
glamor,6,5,3,8,5,3,8
glamor's,8,7,2,9,7,2,9
glamored,8,7,2,9,7,2,9
glamoring,9,5,2,7,5,2,7
glamorize,9,4,1,5,4,1,5
glamorized,10,4,1,5,3,1,4
glamorizes,10,5,0,5,5,0,5
glamorizing,11,3,1,4,3,2,5
glamorous,9,7,3,10,7,2,9
glamorously,11,4,0,4,3,0,3
glamors,7,6,3,9,6,3,9
glamour,7,6,3,9,4,3,7
glamour's,9,6,2,8,5,1,6
glamoured,9,4,1,5,4,2,6
glamouring,10,4,2,6,4,2,6
glamourize,10,3,1,4,4,1,5
glamourized,11,4,1,5,3,1,4
glamourizes,11,6,0,6,5,0,5
glamourizing,12,3,1,4,3,1,4
glamourous,10,3,2,5,3,1,4
glamours,8,5,3,8,3,1,4
glance,6,5,3,8,4,3,7
glance's,8,6,1,7,7,1,8
glanced,7,4,2,6,4,2,6
glances,7,5,1,6,5,2,7
glancing,8,5,2,7,5,2,7
gland,5,3,6,9,4,7,11
gland's,7,5,5,10,5,5,10
glands,6,5,5,10,5,5,10
glandular,9,2,3,5,2,3,5
glare,5,4,4,8,4,4,8
glare's,7,6,3,9,6,3,9
glared,6,5,3,8,5,3,8
glares,6,5,2,7,5,2,7
glaring,7,5,2,7,5,2,7
glaringly,9,2,2,4,2,2,4
glass,5,4,1,5,4,1,5
glass's,7,5,2,7,5,2,7
glassed,7,5,1,6,5,1,6
glasses,7,4,2,6,4,2,6
glassful,8,3,1,4,1,3,4
glassful's,10,3,1,4,3,1,4
glassfuls,9,1,3,4,3,2,5
glassier,8,6,0,6,6,1,7
glassiest,9,6,2,8,6,2,8
glassing,8,6,0,6,6,1,7
glassware,9,4,0,4,4,0,4
glassware's,11,3,0,3,4,0,4
glassy,6,4,3,7,4,3,7
glaucoma,8,2,3,5,1,4,5
glaucoma's,10,3,1,4,3,1,4
glaze,5,4,6,10,4,6,10
glaze's,7,6,5,11,6,5,11
glazed,6,4,6,10,4,6,10
glazes,6,5,5,10,4,6,10
glazier,7,5,3,8,5,4,9
glazier's,9,8,3,11,8,4,12
glaziers,8,5,5,10,7,4,11
glazing,7,5,3,8,5,3,8
gleam,5,5,3,8,5,3,8
gleam's,7,5,2,7,5,2,7
gleamed,7,6,3,9,6,3,9
gleaming,8,4,1,5,4,1,5
gleamings,9,5,2,7,5,1,6
gleams,6,5,4,9,5,4,9
glean,5,4,4,8,4,4,8
gleaned,7,5,4,9,5,4,9
gleaning,8,4,1,5,4,1,5
gleans,6,5,4,9,5,4,9
glee,4,2,4,6,2,3,5
glee's,6,4,2,6,4,2,6
gleeful,7,1,4,5,1,4,5
gleefully,9,2,2,4,1,2,3
glen,4,4,4,8,4,5,9
glen's,6,6,3,9,6,3,9
glens,5,3,5,8,3,5,8
glib,4,1,9,10,2,8,10
glibber,7,5,1,6,5,2,7
glibbest,8,6,0,6,6,0,6
glibly,6,3,4,7,2,4,6
glibness,8,4,1,5,4,1,5
glibness's,10,5,1,6,5,1,6
glide,5,4,7,11,4,7,11
glide's,7,5,5,10,5,5,10
glided,6,5,2,7,5,3,8
glider,6,4,2,6,4,2,6
glider's,8,6,4,10,6,4,10
gliders,7,5,3,8,5,4,9
glides,6,6,2,8,6,2,8
gliding,7,5,2,7,5,3,8
glimmer,7,6,3,9,4,5,9
glimmer's,9,8,3,11,6,4,10
glimmered,9,7,2,9,6,3,9
glimmering,10,7,1,8,6,1,7
glimmering's,12,4,1,5,4,2,6
glimmerings,11,4,1,5,4,2,6
glimmers,8,7,4,11,5,4,9
glimpse,7,3,1,4,3,2,5
glimpse's,9,4,0,4,3,1,4
glimpsed,8,5,1,6,4,2,6
glimpses,8,2,3,5,2,3,5
glimpsing,9,4,1,5,3,1,4
glint,5,4,6,10,4,6,10
glint's,7,6,5,11,6,5,11
glinted,7,5,6,11,6,6,12
glinting,8,4,2,6,4,2,6
glints,6,5,5,10,5,4,9
glissandi,9,6,1,7,5,1,6
glissando,9,6,1,7,5,1,6
glissando's,11,2,1,3,2,1,3
glissandos,10,3,1,4,3,1,4
glisten,7,6,2,8,6,2,8
glisten's,9,5,2,7,5,2,7
glistened,9,7,1,8,7,1,8
glistening,10,6,0,6,5,0,5
glistens,8,6,1,7,4,1,5
glitch,6,5,3,8,5,3,8
glitch's,8,6,4,10,6,3,9
glitches,8,6,1,7,6,1,7
glitter,7,5,4,9,5,1,6
glitter's,9,7,4,11,6,4,10
glittered,9,6,3,9,5,3,8
glittering,10,6,2,8,5,2,7
glitters,8,6,5,11,5,3,8
glittery,8,5,2,7,3,2,5
glitz,5,4,7,11,4,7,11
glitz's,7,6,6,12,6,6,12
glitzier,8,4,2,6,4,1,5
glitziest,9,4,0,4,4,0,4
glitzy,6,4,4,8,4,4,8
gloaming,8,7,3,10,4,4,8
gloaming's,10,3,2,5,3,2,5
gloamings,9,4,1,5,4,1,5
gloat,5,4,4,8,4,5,9
gloat's,7,6,3,9,6,3,9
gloated,7,6,5,11,5,7,12
gloating,8,6,4,10,5,3,8
gloats,6,5,4,9,5,5,10
glob,4,4,3,7,4,3,7
glob's,6,5,3,8,5,3,8
global,6,3,3,6,3,3,6
globalization,13,4,1,5,4,1,5
globally,8,4,3,7,2,3,5
globe,5,5,4,9,5,4,9
globe's,7,7,4,11,7,4,11
globes,6,6,5,11,6,5,11
globetrotter,12,2,2,4,2,2,4
globetrotter's,14,2,0,2,3,1,4
globetrotters,13,2,0,2,3,0,3
globs,5,4,3,7,4,3,7
globular,8,3,3,6,3,3,6
globule,7,3,4,7,3,3,6
globule's,9,5,3,8,5,2,7
globules,8,4,3,7,4,3,7
glockenspiel,12,2,0,2,2,0,2
glockenspiel's,14,2,0,2,2,0,2
glockenspiels,13,2,0,2,2,0,2
gloom,5,3,5,8,2,6,8
gloom's,7,5,4,9,4,5,9
gloomier,8,5,2,7,5,2,7
gloomiest,9,6,2,8,6,2,8
gloomily,8,2,4,6,2,4,6
gloominess,10,5,2,7,5,3,8
gloominess's,12,6,2,8,6,2,8
gloomy,6,3,6,9,3,6,9
glop,4,4,4,8,4,4,8
glop's,6,5,4,9,5,4,9
gloried,7,5,2,7,5,2,7
glories,7,5,1,6,5,1,6
glorification,13,3,1,4,5,1,6
glorification's,15,7,0,7,6,0,6
glorified,9,5,2,7,6,2,8
glorifies,9,6,1,7,6,1,7
glorify,7,4,4,8,4,4,8
glorifying,10,6,2,8,4,2,6
glorious,8,3,2,5,3,3,6
gloriously,10,3,0,3,3,0,3
glory,5,4,4,8,4,4,8
glory's,7,6,3,9,6,3,9
glorying,8,5,2,7,5,2,7
gloss,5,3,4,7,3,4,7
gloss's,7,4,4,8,4,3,7
glossaries,10,4,0,4,3,0,3
glossary,8,4,1,5,4,1,5
glossary's,10,3,1,4,2,1,3
glossed,7,5,3,8,5,3,8
glosses,7,4,3,7,4,3,7
glossier,8,3,1,4,5,1,6
glossies,8,2,0,2,2,0,2
glossiest,9,4,1,5,4,1,5
glossiness,10,5,1,6,5,1,6
glossiness's,12,6,1,7,6,1,7
glossing,8,6,1,7,5,2,7
glossy,6,3,2,5,3,2,5
glossy's,8,2,2,4,2,2,4
glottides,9,6,1,7,5,0,5
glottis,7,3,4,7,3,4,7
glottis's,9,3,2,5,3,1,4
glottises,9,4,0,4,4,0,4
glove,5,4,5,9,4,5,9
glove's,7,6,5,11,6,5,11
gloved,6,4,5,9,4,5,9
gloves,6,5,6,11,5,6,11
gloving,7,6,3,9,6,3,9
glow,4,3,5,8,3,5,8
glow's,6,5,6,11,5,6,11
glowed,6,6,4,10,6,4,10
glower,6,6,4,10,6,4,10
glower's,8,7,4,11,7,4,11
glowered,8,6,6,12,6,6,12
glowering,9,5,2,7,5,2,7
glowers,7,6,3,9,6,3,9
glowing,7,5,4,9,5,4,9
glowingly,9,3,3,6,3,3,6
glows,5,3,6,9,3,6,9
glowworm,8,1,5,6,2,4,6
glowworm's,10,4,2,6,3,2,5
glowworms,9,3,2,5,3,2,5
glucose,7,4,0,4,4,2,6
glucose's,9,5,1,6,5,0,5
glue,4,4,6,10,4,6,10
glue's,6,5,6,11,5,6,11
glued,5,4,6,10,4,6,10
glueing,7,3,3,6,3,2,5
glues,5,4,6,10,4,6,10
gluey,5,2,5,7,2,5,7
gluier,6,4,2,6,4,2,6
gluiest,7,5,2,7,5,2,7
gluing,6,4,3,7,4,3,7
glum,4,4,6,10,4,6,10
glumly,6,3,6,9,3,7,10
glummer,7,4,6,10,5,6,11
glummest,8,6,2,8,6,1,7
glumness,8,4,2,6,4,2,6
glumness's,10,5,2,7,5,2,7
glut,4,3,7,10,3,7,10
glut's,6,5,6,11,5,6,11
gluten,6,3,5,8,3,5,8
gluten's,8,7,1,8,4,2,6
glutinous,9,4,2,6,4,2,6
gluts,5,4,5,9,4,5,9
glutted,7,5,6,11,5,6,11
glutting,8,4,4,8,5,3,8
glutton,7,3,5,8,3,5,8
glutton's,9,4,3,7,3,3,6
gluttonous,10,2,2,4,2,2,4
gluttonously,12,3,0,3,3,0,3
gluttons,8,4,4,8,4,4,8
gluttony,8,4,4,8,3,4,7
gluttony's,10,4,3,7,3,3,6
glycerin,8,3,1,4,3,3,6
glycerin's,10,5,1,6,5,2,7
glycerine,9,3,2,5,4,2,6
glycerine's,11,7,0,7,7,0,7
glycerol,8,3,1,4,3,2,5
glycerol's,10,4,2,6,3,3,6
glycogen,8,3,4,7,4,3,7
glycogen's,10,5,2,7,6,1,7
glyph,5,2,7,9,2,7,9
gnarl,5,3,5,8,3,5,8
gnarled,7,6,2,8,6,2,8
gnarlier,8,3,3,6,3,2,5
gnarliest,9,6,3,9,5,4,9
gnarling,8,3,2,5,3,2,5
gnarls,6,3,6,9,3,6,9
gnarly,6,3,2,5,3,3,6
gnash,5,4,3,7,4,3,7
gnash's,7,4,4,8,4,4,8
gnashed,7,6,3,9,6,3,9
gnashes,7,5,3,8,5,2,7
gnashing,8,3,1,4,3,1,4
gnat,4,4,8,12,2,7,9
gnat's,6,4,7,11,4,6,10
gnats,5,3,6,9,3,6,9
gnaw,4,3,9,12,2,5,7
gnawed,6,4,5,9,4,5,9
gnawing,7,3,2,5,4,2,6
gnawn,5,2,4,6,2,4,6
gnaws,5,3,8,11,2,8,10
gneiss,6,2,0,2,2,0,2
gneiss's,8,2,0,2,2,0,2
gnome,5,3,4,7,3,4,7
gnome's,7,5,3,8,5,3,8
gnomes,6,4,6,10,4,6,10
gnomish,7,4,3,7,4,2,6
gnu,3,2,5,7,2,5,7
gnu's,5,4,4,8,4,4,8
gnus,4,3,5,8,3,5,8
go,2,2,5,7,2,5,7
go's,4,3,7,10,3,7,10
goad,4,2,9,11,3,8,11
goad's,6,4,7,11,5,6,11
goaded,6,5,1,6,5,1,6
goading,7,4,4,8,4,4,8
goads,5,3,6,9,4,5,9
goal,4,3,4,7,3,4,7
goal's,6,5,4,9,5,4,9
goalie,6,4,0,4,4,1,5
goalie's,8,6,0,6,5,1,6
goalies,7,5,0,5,5,0,5
goalkeeper,10,4,1,5,2,2,4
goalkeeper's,12,3,0,3,3,0,3
goalkeepers,11,3,0,3,3,0,3
goalpost,8,2,2,4,2,2,4
goalpost's,10,3,2,5,2,2,4
goalposts,9,3,3,6,3,2,5
goals,5,4,4,8,4,4,8
goaltender,10,3,1,4,3,1,4
goaltender's,12,6,0,6,5,0,5
goaltenders,11,4,1,5,4,0,4
goat,4,4,7,11,4,6,10
goat's,6,6,6,12,6,5,11
goatee,6,2,1,3,2,1,3
goatee's,8,4,0,4,5,1,6
goatees,7,4,0,4,4,1,5
goatherd,8,3,1,4,4,1,5
goatherd's,10,6,0,6,6,0,6
goatherds,9,4,1,5,4,1,5
goats,5,5,5,10,5,5,10
goatskin,8,4,1,5,4,1,5
goatskin's,10,3,1,4,3,1,4
goatskins,9,5,1,6,3,0,3
gob,3,3,6,9,3,6,9
gob's,5,5,7,12,5,7,12
gobbed,6,5,5,10,5,4,9
gobbing,7,4,4,8,4,4,8
gobble,6,5,3,8,5,3,8
gobble's,8,7,4,11,7,2,9
gobbled,7,6,4,10,5,3,8
gobbledegook,12,1,2,3,1,2,3
gobbledegook's,14,2,1,3,2,1,3
gobbledygook,12,1,3,4,2,3,5
gobbledygook's,14,2,2,4,2,3,5
gobbler,7,5,3,8,5,3,8
gobbler's,9,7,1,8,7,1,8
gobblers,8,6,2,8,6,1,7
gobbles,7,6,4,10,6,3,9
gobbling,8,5,4,9,5,4,9
goblet,6,3,5,8,3,5,8
goblet's,8,5,3,8,5,3,8
goblets,7,4,4,8,5,4,9
goblin,6,4,5,9,4,3,7
goblin's,8,6,4,10,6,2,8
goblins,7,5,3,8,5,3,8
gobs,4,4,5,9,4,5,9
god,3,3,3,6,3,4,7
god's,5,5,4,9,5,4,9
godchild,8,5,4,9,4,4,8
godchild's,10,4,2,6,4,3,7
godchildren,11,3,2,5,4,2,6
godchildren's,13,3,1,4,3,0,3
goddam,6,4,5,9,5,5,10
goddamed,8,2,1,3,2,2,4
goddamn,7,3,3,6,2,4,6
goddamned,9,3,1,4,3,1,4
goddaughter,11,3,2,5,3,1,4
goddaughter's,13,3,1,4,3,2,5
goddaughters,12,4,2,6,3,1,4
goddess,7,3,3,6,3,3,6
goddess's,9,4,2,6,4,2,6
goddesses,9,3,2,5,3,2,5
godfather,9,5,1,6,4,1,5
godfather's,11,5,1,6,5,1,6
godfathers,10,4,2,6,4,1,5
godforsaken,11,3,0,3,3,0,3
godhood,7,2,4,6,2,4,6
godhood's,9,4,2,6,4,2,6
godless,7,5,3,8,5,3,8
godlier,7,6,2,8,6,1,7
godliest,8,6,1,7,6,0,6
godlike,7,3,4,7,4,3,7
godliness,9,6,0,6,6,0,6
godliness's,11,7,0,7,7,0,7
godly,5,4,3,7,4,3,7
godmother,9,5,1,6,4,1,5
godmother's,11,6,2,8,6,2,8
godmothers,10,5,2,7,5,1,6
godparent,9,4,1,5,4,1,5
godparent's,11,6,1,7,5,0,5
godparents,10,5,0,5,5,0,5
gods,4,4,5,9,4,5,9
godsend,7,3,1,4,3,1,4
godsend's,9,5,0,5,4,0,4
godsends,8,4,1,5,4,1,5
godson,6,4,1,5,4,2,6
godson's,8,5,1,6,5,2,7
godsons,7,4,3,7,4,3,7
goes,4,4,3,7,4,2,6
gofer,5,3,10,13,3,10,13
gofer's,7,6,4,10,6,4,10
gofers,6,5,5,10,5,5,10
goggle,6,4,6,10,4,4,8
goggle's,8,6,4,10,5,4,9
goggled,7,5,5,10,4,3,7
goggles,7,5,7,12,5,4,9
goggles's,9,5,1,6,5,0,5
goggling,8,3,2,5,3,2,5
going,5,4,5,9,4,5,9
going's,7,6,4,10,6,3,9
goings,6,5,4,9,5,4,9
goiter,6,3,6,9,5,5,10
goiter's,8,6,4,10,6,4,10
goiters,7,5,4,9,7,0,7
goitre,6,3,0,3,3,0,3
goitre's,8,5,0,5,5,1,6
goitres,7,4,0,4,4,0,4
gold,4,4,8,12,4,7,11
gold's,6,6,6,12,6,5,11
goldbrick,9,4,4,8,3,4,7
goldbrick's,11,4,3,7,3,3,6
goldbricked,11,3,2,5,3,2,5
goldbricking,12,3,1,4,3,2,5
goldbricks,10,4,2,6,3,3,6
golden,6,6,2,8,6,2,8
goldener,8,5,1,6,4,1,5
goldenest,9,6,0,6,5,0,5
goldenrod,9,3,2,5,3,2,5
goldenrod's,11,4,1,5,4,1,5
goldfinch,9,2,3,5,2,4,6
goldfinch's,11,5,2,7,4,2,6
goldfinches,11,8,0,8,5,0,5
goldfish,8,4,2,6,5,4,9
goldfish's,10,5,4,9,6,4,10
goldfishes,10,5,2,7,4,1,5
golds,5,5,6,11,5,6,11
goldsmith,9,3,1,4,5,2,7
goldsmith's,11,6,1,7,6,1,7
goldsmiths,10,4,2,6,4,2,6
golf,4,3,7,10,3,6,9
golf's,6,5,5,10,5,4,9
golfed,6,6,3,9,6,3,9
golfer,6,5,4,9,5,5,10
golfer's,8,6,2,8,6,3,9
golfers,7,6,1,7,6,1,7
golfing,7,5,4,9,5,4,9
golfs,5,5,5,10,5,5,10
gollies,7,6,3,9,6,3,9
golly,5,4,8,12,4,8,12
golly's,7,6,7,13,6,8,14
gonad,5,3,4,7,3,4,7
gonad's,7,5,2,7,5,2,7
gonads,6,4,4,8,4,4,8
gondola,7,3,5,8,3,4,7
gondola's,9,5,3,8,5,3,8
gondolas,8,3,1,4,3,1,4
gondolier,9,4,1,5,4,1,5
gondolier's,11,5,1,6,5,1,6
gondoliers,10,4,3,7,5,1,6
gone,4,4,6,10,4,6,10
goner,5,5,6,11,5,6,11
goner's,7,7,5,12,7,5,12
goners,6,6,4,10,6,4,10
gong,4,3,5,8,3,5,8
gong's,6,5,4,9,5,4,9
gonged,6,5,7,12,5,6,11
gonging,7,3,3,6,3,3,6
gongs,5,4,8,12,4,5,9
gonna,5,3,4,7,3,4,7
gonorrhea,9,2,2,4,2,2,4
gonorrhea's,11,4,0,4,3,0,3
gonorrhoea,10,2,2,4,2,1,3
gonorrhoea's,12,3,0,3,3,0,3
goo,3,2,3,5,2,3,5
goo's,5,4,10,14,4,10,14
goober,6,4,4,8,4,4,8
goober's,8,6,3,9,6,3,9
goobers,7,5,3,8,5,3,8
good,4,3,5,8,3,6,9
good's,6,5,2,7,5,2,7
goodby,6,3,5,8,2,6,8
goodby's,8,5,3,8,4,4,8
goodbye,7,2,3,5,2,2,4
goodbye's,9,4,3,7,4,2,6
goodbyes,8,3,2,5,3,2,5
goodbys,7,3,3,6,3,3,6
goodie,6,5,3,8,5,3,8
goodie's,8,7,2,9,7,4,11
goodies,7,6,2,8,6,2,8
goodlier,8,4,1,5,5,2,7
goodliest,9,6,1,7,6,1,7
goodly,6,4,4,8,4,4,8
goodness,8,3,4,7,3,4,7
goodness's,10,4,4,8,4,4,8
goodnight,9,3,2,5,3,3,6
goods,5,4,7,11,4,7,11
goods's,7,4,4,8,4,4,8
goodwill,8,5,4,9,4,4,8
goodwill's,10,7,2,9,6,2,8
goody,5,4,4,8,4,4,8
goody's,7,6,3,9,6,3,9
gooey,5,4,6,10,4,6,10
goof,4,3,8,11,3,8,11
goof's,6,5,9,14,5,8,13
goofed,6,5,7,12,5,6,11
goofier,7,5,5,10,4,5,9
goofiest,8,6,4,10,6,4,10
goofing,7,4,3,7,4,3,7
goofs,5,4,7,11,4,8,12
goofy,5,3,7,10,3,7,10
google,6,3,3,6,3,3,6
google's,8,5,4,9,5,2,7
googled,7,4,5,9,4,2,6
googles,7,4,4,8,4,3,7
googling,8,4,3,7,4,3,7
gooier,6,4,1,5,4,1,5
gooiest,7,5,1,6,5,1,6
gook,4,3,6,9,3,6,9
gook's,6,5,6,11,5,5,10
gooks,5,4,5,9,4,5,9
goon,4,3,9,12,3,9,12
goon's,6,4,10,14,5,9,14
goons,5,4,11,15,3,11,14
goop,4,3,7,10,3,6,9
goop's,6,5,8,13,5,7,12
goose,5,4,0,4,4,0,4
goose's,7,5,0,5,5,0,5
gooseberries,12,2,0,2,2,0,2
gooseberry,10,2,0,2,2,0,2
gooseberry's,12,2,0,2,2,0,2
goosed,6,4,8,12,3,9,12
gooses,6,4,2,6,4,2,6
goosing,7,4,1,5,4,1,5
gopher,6,5,3,8,4,4,8
gopher's,8,6,3,9,6,3,9
gophers,7,5,3,8,6,3,9
gore,4,4,1,5,4,1,5
gore's,6,6,2,8,6,2,8
gored,5,5,4,9,4,8,12
gores,5,5,7,12,5,8,13
gorge,5,4,2,6,4,2,6
gorge's,7,6,0,6,6,0,6
gorged,6,4,7,11,5,4,9
gorgeous,8,3,4,7,3,4,7
gorgeously,10,5,0,5,6,0,6
gorges,6,5,2,7,5,2,7
gorging,7,3,3,6,5,3,8
gorier,6,4,4,8,4,6,10
goriest,7,5,6,11,5,6,11
gorilla,7,4,3,7,4,3,7
gorilla's,9,6,2,8,6,2,8
gorillas,8,4,2,6,5,1,6
goriness,8,5,3,8,5,3,8
goriness's,10,6,3,9,6,3,9
goring,6,4,4,8,4,4,8
gorse,5,5,3,8,5,3,8
gorse's,7,6,2,8,6,2,8
gory,4,3,10,13,3,11,14
gosh,4,4,4,8,4,4,8
gosling,7,5,2,7,4,3,7
gosling's,9,3,3,6,5,1,6
goslings,8,4,2,6,3,3,6
gospel,6,4,3,7,4,3,7
gospel's,8,5,2,7,5,2,7
gospels,7,5,2,7,5,2,7
gossamer,8,3,0,3,3,0,3
gossamer's,10,3,0,3,3,0,3
gossip,6,4,2,6,4,2,6
gossip's,8,5,2,7,5,2,7
gossiped,8,2,1,3,2,1,3
gossiping,9,3,1,4,2,2,4
gossipped,9,3,0,3,3,1,4
gossipping,10,2,0,2,2,0,2
gossips,7,3,4,7,3,4,7
gossipy,7,4,3,7,4,3,7
got,3,3,4,7,3,4,7
gotta,5,3,5,8,3,7,10
gotten,6,3,6,9,3,6,9
gouge,5,3,4,7,3,4,7
gouge's,7,5,3,8,5,3,8
gouged,6,4,8,12,4,7,11
gouger,6,4,10,14,4,9,13
gouger's,8,6,5,11,6,7,13
gougers,7,5,5,10,5,3,8
gouges,6,5,5,10,5,4,9
gouging,7,4,3,7,4,4,8
goulash,7,4,3,7,3,3,6
goulash's,9,5,3,8,4,2,6
goulashes,9,3,2,5,3,1,4
gourd,5,3,7,10,4,7,11
gourd's,7,6,6,12,6,6,12
gourds,6,5,5,10,5,5,10
gourmand,8,4,5,9,3,4,7
gourmand's,10,6,3,9,6,1,7
gourmands,9,5,3,8,5,3,8
gourmet,7,5,4,9,5,3,8
gourmet's,9,7,1,8,7,1,8
gourmets,8,4,2,6,6,1,7
gout,4,4,8,12,4,8,12
gout's,6,6,7,13,6,7,13
goutier,7,5,3,8,5,2,7
goutiest,8,6,0,6,6,0,6
gouty,5,3,8,11,3,8,11
govern,6,5,2,7,5,3,8
governable,10,3,1,4,3,1,4
governance,10,3,1,4,3,1,4
governance's,12,3,0,3,4,0,4
governed,8,4,3,7,4,3,7
governess,9,4,0,4,4,0,4
governess's,11,5,0,5,5,0,5
governesses,11,2,0,2,2,0,2
governing,9,2,1,3,2,1,3
government,10,3,1,4,2,1,3
government's,12,5,0,5,3,0,3
governmental,12,2,2,4,2,2,4
governments,11,4,1,5,4,0,4
governor,8,3,2,5,2,2,4
governor's,10,4,1,5,4,1,5
governors,9,4,1,5,4,1,5
governorship,12,3,0,3,3,0,3
governorship's,14,3,0,3,2,0,2
governs,7,6,3,9,6,1,7
gown,4,4,6,10,4,6,10
gown's,6,6,6,12,6,6,12
gowned,6,5,6,11,4,6,10
gowning,7,3,2,5,3,3,6
gowns,5,5,6,11,5,6,11
grab,4,3,3,6,3,3,6
grab's,6,5,3,8,5,3,8
grabbed,7,6,5,11,5,4,9
grabber,7,4,5,9,4,4,8
grabbing,8,6,3,9,6,3,9
grabs,5,4,3,7,4,3,7
grace,5,5,1,6,5,1,6
grace's,7,7,0,7,7,0,7
graced,6,6,1,7,6,1,7
graceful,8,8,1,9,8,1,9
gracefully,10,9,2,11,9,2,11
gracefulness,12,10,0,10,10,0,10
gracefulness's,14,11,0,11,11,0,11
graceless,9,6,1,7,6,1,7
gracelessly,11,5,0,5,3,0,3
gracelessness,13,4,0,4,2,0,2
gracelessness's,15,3,0,3,2,0,2
graces,6,6,2,8,6,2,8
gracing,7,6,2,8,6,2,8
gracious,8,4,3,7,4,2,6
graciously,10,9,0,9,4,1,5
graciousness,12,7,0,7,3,0,3
graciousness's,14,5,0,5,3,0,3
grackle,7,6,1,7,6,1,7
grackle's,9,8,0,8,8,1,9
grackles,8,7,1,8,7,2,9
grad,4,3,6,9,3,6,9
grad's,6,6,4,10,6,4,10
gradation,9,6,2,8,6,2,8
gradation's,11,4,2,6,3,1,4
gradations,10,3,1,4,3,1,4
grade,5,5,2,7,5,2,7
grade's,7,7,1,8,7,1,8
graded,6,5,0,5,5,0,5
grader,6,5,1,6,5,1,6
grader's,8,6,2,8,6,2,8
graders,7,5,1,6,5,1,6
grades,6,6,0,6,6,0,6
gradient,8,5,1,6,5,1,6
gradient's,10,8,0,8,7,0,7
gradients,9,5,2,7,6,0,6
grading,7,6,3,9,6,3,9
grads,5,5,2,7,5,2,7
gradual,7,3,5,8,3,4,7
gradually,9,1,3,4,1,3,4
graduate,8,3,2,5,3,2,5
graduate's,10,4,2,6,5,1,6
graduated,9,3,1,4,3,1,4
graduates,9,3,2,5,3,2,5
graduating,10,4,2,6,4,2,6
graduation,10,5,2,7,4,2,6
graduation's,12,4,1,5,4,1,5
graduations,11,4,1,5,4,1,5
graffiti,8,1,3,4,2,2,4
graffito,8,4,4,8,3,4,7
graffito's,10,5,1,6,5,1,6
graft,5,4,6,10,4,5,9
graft's,7,6,4,10,6,4,10
grafted,7,6,2,8,7,3,10
grafter,7,4,5,9,4,6,10
grafter's,9,5,2,7,5,2,7
grafters,8,4,2,6,4,1,5
grafting,8,6,4,10,6,4,10
grafts,6,5,5,10,5,4,9
grail,5,4,6,10,4,6,10
grain,5,5,4,9,4,5,9
grain's,7,6,4,10,6,4,10
grainier,8,5,3,8,5,2,7
grainiest,9,7,1,8,7,1,8
grains,6,6,4,10,5,5,10
grainy,6,4,3,7,4,3,7
gram,4,4,5,9,4,5,9
gram's,6,5,5,10,5,5,10
grammar,7,2,3,5,2,3,5
grammar's,9,4,2,6,4,2,6
grammarian,10,2,3,5,3,3,6
grammarian's,12,2,1,3,3,1,4
grammarians,11,3,1,4,3,1,4
grammars,8,3,2,5,3,2,5
grammatical,11,4,2,6,2,2,4
grammatically,13,4,1,5,4,1,5
gramophone,10,6,1,7,2,2,4
grams,5,5,3,8,5,3,8
granaries,9,4,0,4,4,0,4
granary,7,2,5,7,2,4,6
granary's,9,4,1,5,4,1,5
grand,5,4,5,9,4,5,9
grand's,7,6,4,10,6,4,10
grandad,7,3,3,6,4,2,6
grandad's,9,5,1,6,3,2,5
grandads,8,3,2,5,3,2,5
grandchild,10,2,2,4,2,2,4
grandchild's,12,6,1,7,3,1,4
grandchildren,13,2,1,3,2,1,3
grandchildren's,15,6,1,7,3,0,3
granddad,8,1,5,6,2,3,5
granddad's,10,3,2,5,3,2,5
granddads,9,5,2,7,4,1,5
granddaughter,13,2,2,4,2,2,4
granddaughter's,15,3,0,3,3,1,4
granddaughters,14,3,0,3,3,1,4
grandee,7,3,2,5,3,0,3
grandee's,9,5,1,6,6,0,6
grandees,8,4,1,5,5,0,5
grander,7,4,7,11,4,7,11
grandest,8,6,4,10,5,3,8
grandeur,8,2,3,5,3,1,4
grandeur's,10,5,0,5,5,0,5
grandfather,11,3,2,5,2,2,4
grandfather's,13,7,1,8,4,0,4
grandfathered,13,1,2,3,1,2,3
grandfathering,14,2,1,3,2,1,3
grandfathers,12,9,1,10,3,2,5
grandiloquence,14,2,1,3,2,1,3
grandiloquence's,16,3,0,3,2,0,2
grandiloquent,13,2,1,3,2,1,3
grandiose,9,4,0,4,4,0,4
grandly,7,5,5,10,5,6,11
grandma,7,6,3,9,6,2,8
grandma's,9,8,1,9,8,1,9
grandmas,8,7,1,8,7,2,9
grandmother,11,3,3,6,5,1,6
grandmother's,13,7,1,8,4,0,4
grandmothers,12,9,1,10,4,1,5
grandness,9,5,2,7,5,2,7
grandness's,11,6,2,8,6,2,8
grandpa,7,5,4,9,5,3,8
grandpa's,9,7,2,9,7,2,9
grandparent,11,2,2,4,3,1,4
grandparent's,13,4,0,4,3,0,3
grandparents,12,3,0,3,3,0,3
grandpas,8,6,2,8,6,3,9
grands,6,5,4,9,5,6,11
grandson,8,2,1,3,2,1,3
grandson's,10,2,2,4,2,1,3
grandsons,9,2,2,4,2,2,4
grandstand,10,6,0,6,3,2,5
grandstand's,12,4,2,6,3,2,5
grandstanded,12,4,0,4,4,0,4
grandstanding,13,3,0,3,3,0,3
grandstands,11,3,2,5,3,2,5
grange,6,4,2,6,4,3,7
grange's,8,7,3,10,7,0,7
granges,7,6,3,9,5,2,7
granite,7,5,2,7,4,2,6
granite's,9,7,1,8,7,1,8
grannie,7,4,2,6,4,1,5
grannie's,9,6,1,7,6,1,7
grannies,8,6,1,7,6,1,7
granny,6,4,4,8,4,4,8
granny's,8,6,3,9,6,3,9
granola,7,4,5,9,4,4,8
granola's,9,6,3,9,6,3,9
grant,5,5,3,8,5,3,8
grant's,7,7,2,9,7,2,9
granted,7,7,2,9,6,4,10
granting,8,4,3,7,4,3,7
grants,6,4,6,10,4,4,8
granular,8,2,4,6,5,3,8
granularity,11,3,1,4,2,2,4
granularity's,13,3,0,3,3,2,5
granulate,9,4,1,5,4,1,5
granulated,10,5,1,6,4,1,5
granulates,10,5,0,5,4,1,5
granulating,11,3,1,4,3,2,5
granulation,11,3,1,4,2,2,4
granulation's,13,6,0,6,4,1,5
granule,7,6,2,8,5,2,7
granule's,9,8,1,9,7,2,9
granules,8,7,2,9,6,3,9
grape,5,5,3,8,5,3,8
grape's,7,7,2,9,7,2,9
grapefruit,10,3,2,5,3,2,5
grapefruit's,12,5,1,6,4,1,5
grapefruits,11,3,2,5,4,1,5
grapes,6,6,3,9,6,3,9
grapevine,9,5,1,6,3,2,5
grapevine's,11,5,0,5,5,0,5
grapevines,10,4,0,4,4,0,4
graph,5,4,7,11,3,7,10
graph's,7,6,6,12,6,6,12
graphed,7,4,6,10,5,5,10
graphic,7,4,3,7,4,3,7
graphic's,9,6,1,7,4,3,7
graphical,9,3,3,6,4,2,6
graphically,11,6,2,8,6,3,9
graphics,8,5,2,7,5,3,8
graphing,8,5,5,10,5,5,10
graphite,8,4,2,6,4,2,6
graphite's,10,6,1,7,5,1,6
graphologist,12,7,0,7,7,0,7
graphologist's,14,8,0,8,8,0,8
graphologists,13,7,0,7,7,0,7
graphology,10,1,3,4,2,3,5
graphology's,12,4,1,5,3,2,5
graphs,6,3,8,11,3,8,11
grapnel,7,4,3,7,5,4,9
grapnel's,9,6,1,7,7,2,9
grapnels,8,4,2,6,3,3,6
grapple,7,5,3,8,6,0,6
grapple's,9,7,2,9,8,0,8
grappled,8,6,1,7,4,2,6
grapples,8,6,3,9,7,1,8
grappling,9,5,2,7,5,2,7
grasp,5,3,4,7,3,4,7
grasp's,7,4,4,8,3,4,7
grasped,7,4,3,7,4,3,7
grasping,8,4,2,6,4,2,6
grasps,6,2,6,8,2,5,7
grass,5,4,1,5,4,1,5
grass's,7,5,2,7,5,2,7
grassed,7,4,2,6,4,2,6
grasses,7,4,2,6,4,1,5
grasshopper,11,2,0,2,2,0,2
grasshopper's,13,3,0,3,2,0,2
grasshoppers,12,2,0,2,2,0,2
grassier,8,6,0,6,5,1,6
grassiest,9,6,1,7,6,1,7
grassing,8,5,1,6,6,0,6
grassland,9,2,1,3,2,1,3
grassland's,11,2,1,3,2,1,3
grassy,6,4,2,6,4,2,6
grate,5,5,4,9,5,4,9
grate's,7,7,3,10,7,3,10
grated,6,6,2,8,6,2,8
grateful,8,7,2,9,7,2,9
gratefully,10,8,3,11,8,3,11
gratefulness,12,9,1,10,9,1,10
gratefulness's,14,10,1,11,10,1,11
grater,6,4,1,5,4,1,5
grater's,8,6,1,7,6,1,7
graters,7,5,1,6,5,1,6
grates,6,6,4,10,6,4,10
gratification,13,7,2,9,7,2,9
gratification's,15,9,1,10,9,1,10
gratifications,14,8,1,9,8,1,9
gratified,9,5,1,6,5,3,8
gratifies,9,5,2,7,5,2,7
gratify,7,4,3,7,5,2,7
gratifying,10,6,2,8,4,2,6
grating,7,6,4,10,6,4,10
grating's,9,7,1,8,7,2,9
gratings,8,5,2,7,5,1,6
gratis,6,4,3,7,4,2,6
gratitude,9,3,2,5,7,1,8
gratitude's,11,5,1,6,5,0,5
gratuities,10,5,0,5,4,0,4
gratuitous,10,5,2,7,5,1,6
gratuitously,12,6,0,6,4,0,4
gratuity,8,4,4,8,3,4,7
gratuity's,10,5,2,7,5,3,8
grave,5,5,5,10,5,5,10
grave's,7,7,4,11,7,4,11
graved,6,6,4,10,6,3,9
gravel,6,6,3,9,6,3,9
gravel's,8,8,0,8,4,3,7
graveled,8,7,1,8,7,1,8
graveling,9,8,1,9,8,1,9
gravelled,9,7,1,8,7,1,8
gravelling,10,8,1,9,8,1,9
gravelly,8,4,1,5,3,1,4
gravels,7,7,2,9,7,2,9
gravely,7,6,4,10,6,3,9
graven,6,5,3,8,5,3,8
graver,6,5,2,7,5,2,7
graves,6,6,2,8,6,2,8
gravest,7,6,2,8,6,2,8
gravestone,10,6,1,7,3,0,3
gravestone's,12,4,0,4,3,0,3
gravestones,11,3,0,3,3,0,3
graveyard,9,2,3,5,4,2,6
graveyard's,11,6,0,6,5,1,6
graveyards,10,5,0,5,5,0,5
gravies,7,5,2,7,5,2,7
graving,7,6,5,11,6,5,11
gravitate,9,3,1,4,3,1,4
gravitated,10,5,1,6,3,1,4
gravitates,10,5,0,5,4,0,4
gravitating,11,3,1,4,3,2,5
gravitation,11,5,1,6,3,2,5
gravitation's,13,5,0,5,4,1,5
gravitational,13,2,1,3,3,1,4
gravity,7,4,5,9,5,2,7
gravity's,9,5,2,7,5,3,8
gravy,5,3,8,11,4,6,10
gravy's,7,5,7,12,5,7,12
gray,4,4,2,6,4,2,6
gray's,6,6,2,8,6,2,8
graybeard,9,2,1,3,2,1,3
graybeard's,11,4,0,4,3,0,3
graybeards,10,3,1,4,3,1,4
grayed,6,6,3,9,6,3,9
grayer,6,4,3,7,4,3,7
grayest,7,5,2,7,5,2,7
graying,7,6,6,12,6,6,12
grayish,7,4,2,6,4,3,7
grayness,8,5,2,7,5,3,8
grayness's,10,6,2,8,6,3,9
grays,5,4,4,8,4,4,8
graze,5,4,6,10,4,6,10
graze's,7,6,5,11,6,5,11
grazed,6,5,5,10,5,4,9
grazes,6,5,5,10,5,5,10
grazing,7,5,7,12,5,7,12
grease,6,3,1,4,3,1,4
grease's,8,5,2,7,5,1,6
greased,7,5,1,6,4,3,7
greasepaint,11,4,0,4,3,0,3
greasepaint's,13,4,0,4,2,0,2
greases,7,4,2,6,4,2,6
greasier,8,3,1,4,3,1,4
greasiest,9,5,1,6,5,1,6
greasiness,10,6,0,6,6,0,6
greasiness's,12,7,0,7,7,0,7
greasing,8,6,0,6,5,0,5
greasy,6,4,1,5,4,1,5
great,5,4,4,8,4,4,8
great's,7,6,2,8,6,2,8
greater,7,3,4,7,3,3,6
greatest,8,3,0,3,3,0,3
greatly,7,5,3,8,5,3,8
greatness,9,5,1,6,5,1,6
greatness's,11,6,1,7,6,1,7
greats,6,5,3,8,5,3,8
grebe,5,2,3,5,2,3,5
grebe's,7,4,2,6,4,2,6
grebes,6,3,4,7,3,4,7
greed,5,4,4,8,4,4,8
greed's,7,5,3,8,5,3,8
greedier,8,3,3,6,3,3,6
greediest,9,5,2,7,5,2,7
greedily,8,3,1,4,5,4,9
greediness,10,5,2,7,5,2,7
greediness's,12,6,2,8,6,2,8
greedy,6,3,4,7,3,4,7
green,5,4,2,6,4,2,6
green's,7,6,1,7,6,1,7
greenback,9,5,2,7,5,2,7
greenback's,11,7,1,8,7,1,8
greenbacks,10,3,0,3,3,0,3
greened,7,5,1,6,5,0,5
greener,7,2,4,6,2,3,5
greenery,8,1,1,2,1,1,2
greenery's,10,2,0,2,2,0,2
greenest,8,4,0,4,4,0,4
greengrocer,11,2,2,4,2,1,3
greengrocer's,13,2,1,3,3,0,3
greengrocers,12,3,0,3,3,0,3
greenhorn,9,3,1,4,2,1,3
greenhorn's,11,3,0,3,3,0,3
greenhorns,10,3,0,3,3,0,3
greenhouse,10,3,1,4,2,1,3
greenhouse's,12,4,1,5,2,1,3
greenhouses,11,2,1,3,2,1,3
greening,8,5,1,6,3,1,4
greenish,8,5,0,5,5,0,5
greenness,9,3,0,3,3,0,3
greenness's,11,3,0,3,3,0,3
greens,6,5,2,7,5,2,7
greensward,10,5,2,7,5,1,6
greensward's,12,6,1,7,5,1,6
greet,5,3,5,8,3,5,8
greeted,7,3,3,6,4,1,5
greeting,8,5,1,6,3,1,4
greeting's,10,4,0,4,4,0,4
greetings,9,4,1,5,4,1,5
greets,6,4,3,7,4,3,7
gregarious,10,8,0,8,5,0,5
gregariously,12,10,0,10,7,0,7
gregariousness,14,6,0,6,3,0,3
gregariousness's,16,4,0,4,3,0,3
gremlin,7,6,2,8,6,2,8
gremlin's,9,8,1,9,8,1,9
gremlins,8,5,1,6,5,1,6
grenade,7,4,2,6,3,2,5
grenade's,9,6,2,8,6,2,8
grenades,8,5,3,8,4,4,8
grenadier,9,4,1,5,4,1,5
grenadier's,11,4,1,5,5,0,5
grenadiers,10,4,1,5,4,0,4
grew,4,3,5,8,3,5,8
grey,4,4,3,7,4,2,6
grey's,6,6,0,6,6,0,6
greyed,6,5,2,7,5,2,7
greyer,6,3,2,5,3,2,5
greyest,7,4,0,4,4,0,4
greyhound,9,4,1,5,4,2,6
greyhound's,11,6,0,6,4,1,5
greyhounds,10,4,1,5,3,2,5
greying,7,5,1,6,5,1,6
greyish,7,4,1,5,4,1,5
greys,5,4,3,7,4,5,9
grid,4,4,4,8,4,4,8
grid's,6,6,3,9,6,3,9
griddle,7,5,3,8,5,3,8
griddle's,9,7,2,9,7,2,9
griddlecake,11,2,1,3,3,1,4
griddlecake's,13,3,1,4,4,0,4
griddlecakes,12,4,0,4,4,0,4
griddles,8,6,1,7,6,1,7
gridiron,8,2,3,5,2,2,4
gridiron's,10,5,2,7,4,2,6
gridirons,9,4,2,6,4,2,6
gridlock,8,3,4,7,3,4,7
gridlock's,10,6,2,8,3,2,5
gridlocks,9,3,3,6,3,3,6
grids,5,5,4,9,5,4,9
grief,5,4,3,7,4,2,6
grief's,7,6,1,7,6,0,6
griefs,6,5,2,7,5,2,7
grievance,9,5,2,7,3,2,5
grievance's,11,7,0,7,4,0,4
grievances,10,4,0,4,3,1,4
grieve,6,3,1,4,3,1,4
grieved,7,4,2,6,4,1,5
grieves,7,4,2,6,4,2,6
grieving,8,5,1,6,4,1,5
grievous,8,5,2,7,5,1,6
grievously,10,3,0,3,5,0,5
griffin,7,3,3,6,2,3,5
griffin's,9,4,3,7,4,3,7
griffins,8,2,5,7,3,4,7
grill,5,4,6,10,4,6,10
grill's,7,6,5,11,6,5,11
grille,6,5,0,5,4,1,5
grille's,8,7,0,7,6,0,6
grilled,7,6,4,10,4,9,13
grilles,7,5,0,5,5,0,5
grilling,8,5,2,7,5,2,7
grills,6,5,5,10,5,6,11
grim,4,4,5,9,4,5,9
grimace,7,4,2,6,4,1,5
grimace's,9,6,0,6,6,0,6
grimaced,8,6,2,8,5,1,6
grimaces,8,4,2,6,5,2,7
grimacing,9,3,2,5,3,2,5
grime,5,4,7,11,4,7,11
grime's,7,6,5,11,6,5,11
grimed,6,4,4,8,4,4,8
grimes,6,6,2,8,6,3,9
grimier,7,3,3,6,3,3,6
grimiest,8,5,2,7,5,2,7
griming,7,5,3,8,5,4,9
grimly,6,6,4,10,6,4,10
grimmer,7,5,2,7,5,2,7
grimmest,8,7,1,8,7,1,8
grimness,8,7,0,7,7,0,7
grimness's,10,8,0,8,8,0,8
grimy,5,4,8,12,3,9,12
grin,4,4,6,10,4,6,10
grin's,6,6,4,10,6,4,10
grind,5,4,7,11,4,7,11
grind's,7,5,7,12,6,7,13
grinder,7,4,3,7,4,3,7
grinder's,9,6,1,7,7,3,10
grinders,8,6,4,10,4,3,7
grinding,8,3,3,6,3,3,6
grinds,6,4,6,10,5,6,11
grindstone,10,6,0,6,3,0,3
grindstone's,12,4,0,4,5,0,5
grindstones,11,4,0,4,5,0,5
gringo,6,3,6,9,3,5,8
gringo's,8,5,3,8,4,2,6
gringos,7,3,3,6,3,2,5
grinned,7,6,5,11,5,6,11
grinning,8,3,2,5,3,2,5
grins,5,5,5,10,5,5,10
grip,4,4,7,11,4,7,11
grip's,6,6,5,11,6,5,11
gripe,5,5,3,8,5,3,8
gripe's,7,7,1,8,7,1,8
griped,6,5,2,7,6,2,8
gripes,6,5,1,6,5,1,6
griping,7,4,4,8,4,5,9
grippe,6,4,1,5,4,1,5
grippe's,8,6,1,7,6,1,7
gripped,7,5,6,11,6,3,9
gripping,8,5,3,8,5,3,8
grips,5,4,6,10,4,6,10
grislier,8,4,2,6,4,2,6
grisliest,9,5,2,7,5,2,7
grisly,6,4,5,9,4,5,9
grist,5,5,3,8,5,3,8
grist's,7,6,3,9,6,3,9
gristle,7,6,2,8,6,2,8
gristle's,9,7,2,9,7,1,8
gristly,7,6,2,8,6,2,8
grit,4,3,8,11,3,8,11
grit's,6,5,6,11,5,6,11
grits,5,5,4,9,5,4,9
grits's,7,3,4,7,3,4,7
gritted,7,4,1,5,5,4,9
grittier,8,4,3,7,4,1,5
grittiest,9,4,0,4,4,0,4
gritting,8,4,4,8,4,4,8
gritty,6,2,3,5,2,3,5
grizzled,8,6,5,11,5,4,9
grizzlier,9,4,3,7,4,3,7
grizzlies,9,6,0,6,6,0,6
grizzliest,10,6,1,7,6,1,7
grizzly,7,5,5,10,5,4,9
grizzly's,9,7,3,10,5,3,8
groan,5,3,5,8,3,4,7
groan's,7,5,3,8,5,3,8
groaned,7,6,3,9,5,3,8
groaning,8,3,2,5,3,2,5
groans,6,4,5,9,4,4,8
grocer,6,5,2,7,5,2,7
grocer's,8,7,2,9,7,2,9
groceries,9,4,1,5,4,1,5
grocers,7,6,1,7,6,1,7
grocery,7,4,3,7,4,3,7
grocery's,9,6,2,8,6,2,8
grog,4,3,6,9,3,5,8
grog's,6,5,6,11,5,5,10
groggier,8,4,4,8,4,1,5
groggiest,9,6,3,9,6,3,9
groggily,8,4,5,9,3,4,7
grogginess,10,6,2,8,5,3,8
grogginess's,12,7,2,9,7,1,8
groggy,6,3,8,11,3,5,8
groin,5,3,4,7,3,4,7
groin's,7,5,3,8,5,3,8
groins,6,4,4,8,4,4,8
grommet,7,5,3,8,5,3,8
grommet's,9,7,2,9,7,2,9
grommets,8,6,3,9,6,3,9
groom,5,2,7,9,2,7,9
groom's,7,4,6,10,4,6,10
groomed,7,6,3,9,6,2,8
grooming,8,6,2,8,6,2,8
grooming's,10,4,2,6,4,2,6
grooms,6,3,7,10,3,7,10
groove,6,3,4,7,3,4,7
groove's,8,5,4,9,5,2,7
grooved,7,5,4,9,5,3,8
grooves,7,4,4,8,4,3,7
groovier,8,4,3,7,5,1,6
grooviest,9,6,3,9,6,3,9
grooving,8,5,3,8,5,3,8
groovy,6,3,6,9,3,6,9
grope,5,5,2,7,5,2,7
grope's,7,7,3,10,7,3,10
groped,6,5,3,8,5,3,8
gropes,6,6,2,8,6,2,8
groping,7,6,4,10,6,4,10
grosbeak,8,5,0,5,4,1,5
grosbeak's,10,6,0,6,3,1,4
grosbeaks,9,5,1,6,4,0,4
gross,5,4,1,5,4,1,5
gross's,7,5,2,7,5,2,7
grossed,7,5,2,7,5,2,7
grosser,7,3,2,5,3,2,5
grosses,7,4,3,7,4,2,6
grossest,8,4,1,5,4,1,5
grossing,8,5,2,7,5,1,6
grossly,7,5,2,7,5,2,7
grossness,9,2,1,3,2,1,3
grossness's,11,5,1,6,5,1,6
grotesque,9,5,2,7,2,2,4
grotesque's,11,6,2,8,2,2,4
grotesquely,11,3,0,3,2,1,3
grotesques,10,5,1,6,3,1,4
grotto,6,2,4,6,2,4,6
grotto's,8,4,2,6,5,3,8
grottoes,8,3,2,5,3,2,5
grottos,7,3,4,7,4,2,6
grouch,6,4,5,9,5,5,10
grouch's,8,5,3,8,5,3,8
grouched,8,6,2,8,5,2,7
grouches,8,5,3,8,5,3,8
grouchier,9,4,2,6,4,2,6
grouchiest,10,5,0,5,6,1,7
grouchiness,11,4,0,4,5,0,5
grouchiness's,13,5,0,5,6,0,6
grouching,9,4,3,7,5,3,8
grouchy,7,3,4,7,4,4,8
ground,6,3,6,9,4,6,10
ground's,8,4,4,8,4,4,8
groundbreaking,14,2,1,3,2,1,3
groundbreaking's,16,2,0,2,3,0,3
groundbreakings,15,2,1,3,4,0,4
grounded,8,5,2,7,5,2,7
grounder,8,5,1,6,3,2,5
grounder's,10,6,1,7,6,1,7
grounders,9,5,2,7,5,2,7
groundhog,9,1,4,5,1,4,5
groundhog's,11,2,2,4,2,2,4
groundhogs,10,3,2,5,2,3,5
grounding,9,3,2,5,3,3,6
grounding's,11,4,2,6,4,2,6
groundings,10,3,2,5,3,2,5
groundless,10,3,0,3,3,0,3
groundlessly,12,2,0,2,2,0,2
grounds,7,4,4,8,5,4,9
groundswell,11,3,0,3,3,0,3
groundswell's,13,3,0,3,3,0,3
groundswells,12,2,1,3,3,0,3
groundwork,10,2,3,5,1,4,5
groundwork's,12,2,2,4,2,3,5
group,5,3,7,10,3,7,10
group's,7,5,6,11,5,7,12
grouped,7,6,4,10,7,1,8
grouper,7,6,2,8,6,2,8
grouper's,9,6,2,8,6,1,7
groupers,8,5,2,7,5,1,6
groupie,7,3,3,6,3,3,6
groupie's,9,5,2,7,5,2,7
groupies,8,6,2,8,6,2,8
grouping,8,7,2,9,7,2,9
grouping's,10,4,2,6,4,2,6
groupings,9,5,2,7,4,2,6
groups,6,3,7,10,3,7,10
grouse,6,5,4,9,5,4,9
grouse's,8,5,2,7,5,0,5
groused,7,6,1,7,6,1,7
grouses,7,5,2,7,5,2,7
grousing,8,5,1,6,4,1,5
grout,5,3,4,7,3,4,7
grout's,7,5,3,8,5,3,8
grouted,7,5,3,8,5,3,8
grouting,8,6,3,9,6,3,9
grouts,6,4,5,9,4,5,9
grove,5,4,5,9,4,7,11
grove's,7,6,5,11,6,5,11
grovel,6,5,5,10,5,5,10
groveled,8,5,2,7,6,2,8
groveler,8,5,2,7,5,2,7
groveler's,10,7,0,7,7,0,7
grovelers,9,6,0,6,6,0,6
groveling,9,7,2,9,7,2,9
grovelled,9,5,2,7,6,2,8
groveller,9,5,2,7,4,2,6
groveller's,11,7,1,8,6,1,7
grovellers,10,6,1,7,5,1,6
grovelling,10,7,2,9,7,2,9
grovels,7,6,3,9,6,3,9
groves,6,5,5,10,5,5,10
grow,4,3,7,10,3,5,8
grower,6,4,3,7,4,3,7
grower's,8,6,3,9,6,3,9
growers,7,5,2,7,5,2,7
growing,7,5,5,10,5,5,10
growl,5,5,6,11,5,6,11
growl's,7,7,5,12,7,5,12
growled,7,5,5,10,5,6,11
growling,8,5,3,8,5,3,8
growls,6,6,6,12,6,6,12
grown,5,4,7,11,4,7,11
grownup,7,3,4,7,4,4,8
grownup's,9,4,3,7,4,3,7
grownups,8,3,3,6,3,3,6
grows,5,4,6,10,4,6,10
growth,6,4,5,9,4,5,9
growth's,8,6,3,9,6,3,9
growths,7,5,4,9,5,4,9
grub,4,3,7,10,3,7,10
grub's,6,5,6,11,5,5,10
grubbed,7,5,6,11,5,4,9
grubbier,8,6,4,10,6,2,8
grubbiest,9,8,1,9,7,1,8
grubbiness,10,8,2,10,5,3,8
grubbiness's,12,9,2,11,9,1,10
grubbing,8,4,4,8,5,4,9
grubby,6,5,6,11,5,6,11
grubs,5,3,6,9,3,6,9
grubstake,9,4,1,5,4,1,5
grubstake's,11,6,1,7,5,1,6
grudge,6,5,3,8,5,3,8
grudge's,8,7,4,11,5,1,6
grudged,7,4,1,5,4,1,5
grudges,7,5,4,9,4,3,7
grudging,8,4,2,6,3,3,6
grudgingly,10,4,2,6,3,2,5
gruel,5,3,4,7,3,4,7
gruel's,7,5,3,8,5,3,8
grueling,8,5,1,6,4,1,5
gruelings,9,5,2,7,3,3,6
gruelling,9,4,2,6,4,2,6
gruellings,10,4,1,5,4,2,6
gruesome,8,4,1,5,3,1,4
gruesomely,10,2,1,3,2,1,3
gruesomer,9,2,1,3,3,0,3
gruesomest,10,5,0,5,2,0,2
gruff,5,2,9,11,3,8,11
gruffer,7,4,6,10,3,7,10
gruffest,8,5,3,8,6,2,8
gruffly,7,4,6,10,5,5,10
gruffness,9,3,3,6,4,2,6
gruffness's,11,4,3,7,5,2,7
grumble,7,4,6,10,4,6,10
grumble's,9,6,4,10,6,5,11
grumbled,8,3,5,8,5,4,9
grumbler,8,3,5,8,3,3,6
grumbler's,10,6,1,7,5,1,6
grumblers,9,5,2,7,5,2,7
grumbles,8,5,5,10,5,5,10
grumbling,9,4,3,7,5,3,8
grumpier,8,5,5,10,5,3,8
grumpiest,9,7,2,9,8,1,9
grumpily,8,4,6,10,2,6,8
grumpiness,10,7,3,10,5,3,8
grumpiness's,12,8,3,11,8,2,10
grumpy,6,4,7,11,4,8,12
grunge,6,4,4,8,4,4,8
grunge's,8,6,5,11,6,1,7
grungier,8,5,4,9,4,1,5
grungiest,9,7,1,8,7,1,8
grungy,6,4,5,9,4,6,10
grunt,5,4,6,10,4,6,10
grunt's,7,6,5,11,6,6,12
grunted,7,6,3,9,5,5,10
grunting,8,3,3,6,3,3,6
grunts,6,4,6,10,4,6,10
gryphon,7,6,5,11,6,5,11
gryphon's,9,8,4,12,8,4,12
gryphons,8,2,4,6,2,4,6
gs,2,2,6,8,2,6,8
guacamole,9,3,1,4,3,1,4
guacamole's,11,5,0,5,4,0,4
guano,5,3,5,8,3,5,8
guano's,7,5,5,10,5,5,10
guarantee,9,2,1,3,2,1,3
guarantee's,11,3,0,3,3,0,3
guaranteed,10,2,1,3,2,1,3
guaranteeing,12,3,1,4,3,1,4
guarantees,10,3,0,3,3,0,3
guarantied,10,3,1,4,3,1,4
guaranties,10,4,0,4,4,0,4
guarantor,9,3,3,6,2,3,5
guarantor's,11,5,1,6,3,1,4
guarantors,10,7,1,8,3,1,4
guaranty,8,1,3,4,1,3,4
guaranty's,10,7,1,8,3,1,4
guarantying,11,3,1,4,3,2,5
guard,5,3,5,8,3,5,8
guard's,7,5,4,9,5,4,9
guarded,7,4,2,6,4,2,6
guardedly,9,2,1,3,3,1,4
guardhouse,10,3,1,4,3,1,4
guardhouse's,12,4,1,5,3,1,4
guardhouses,11,3,1,4,3,1,4
guardian,8,3,2,5,3,2,5
guardian's,10,4,3,7,4,3,7
guardians,9,4,1,5,4,2,6
guardianship,12,5,0,5,4,0,4
guardianship's,14,6,0,6,4,0,4
guarding,8,4,3,7,4,3,7
guardrail,9,3,2,5,3,2,5
guardrail's,11,4,1,5,3,1,4
guardrails,10,4,2,6,4,2,6
guardroom,9,2,4,6,3,3,6
guardroom's,11,6,3,9,5,2,7
guardrooms,10,4,2,6,3,1,4
guards,6,4,3,7,4,3,7
guardsman,9,5,2,7,3,2,5
guardsman's,11,6,2,8,4,2,6
guardsmen,9,4,0,4,4,0,4
guava,5,1,7,8,2,5,7
guava's,7,3,6,9,4,4,8
guavas,6,2,5,7,2,5,7
gubernatorial,13,4,1,5,3,1,4
guerilla,8,2,3,5,3,2,5
guerilla's,10,5,0,5,5,1,6
guerillas,9,4,0,4,5,1,6
guerrilla,9,2,1,3,2,1,3
guerrilla's,11,4,0,4,4,0,4
guerrillas,10,3,0,3,3,0,3
guess,5,2,4,6,2,4,6
guess's,7,3,2,5,3,2,5
guessable,9,4,1,5,4,1,5
guessed,7,4,1,5,3,4,7
guesser,7,2,2,4,3,1,4
guesser's,9,4,1,5,4,0,4
guessers,8,3,0,3,3,0,3
guesses,7,2,2,4,2,3,5
guessing,8,4,2,6,4,2,6
guesstimate,11,2,0,2,2,0,2
guesstimate's,13,3,0,3,2,0,2
guesstimated,12,2,0,2,2,0,2
guesstimates,12,2,0,2,2,0,2
guesstimating,13,3,0,3,1,1,2
guesswork,9,4,0,4,3,1,4
guesswork's,11,3,0,3,3,1,4
guest,5,5,1,6,5,1,6
guest's,7,6,1,7,6,1,7
guested,7,6,1,7,6,2,8
guesting,8,6,0,6,6,0,6
guests,6,5,1,6,5,1,6
guff,4,3,12,15,3,12,15
guff's,6,5,11,16,5,10,15
guffaw,6,2,7,9,3,7,10
guffaw's,8,4,6,10,5,6,11
guffawed,8,3,4,7,4,4,8
guffawing,9,4,2,6,4,2,6
guffaws,7,4,6,10,4,5,9
guidance,8,5,2,7,5,3,8
guidance's,10,5,0,5,5,1,6
guide,5,3,8,11,3,8,11
guide's,7,6,5,11,6,5,11
guidebook,9,2,4,6,1,4,5
guidebook's,11,3,3,6,3,3,6
guidebooks,10,3,3,6,2,4,6
guided,6,4,3,7,4,4,8
guideline,9,2,2,4,2,2,4
guideline's,11,6,1,7,5,1,6
guidelines,10,3,2,5,3,1,4
guides,6,5,3,8,5,3,8
guiding,7,4,3,7,4,4,8
guild,5,4,6,10,4,6,10
guild's,7,6,4,10,6,4,10
guilder,7,6,2,8,6,3,9
guilder's,9,8,1,9,8,1,9
guilders,8,7,2,9,7,1,8
guilds,6,5,6,11,5,5,10
guile,5,4,7,11,4,7,11
guile's,7,5,4,9,6,6,12
guileful,8,2,3,5,2,4,6
guileless,9,3,1,4,3,1,4
guillotine,10,2,2,4,4,1,5
guillotine's,12,5,0,5,4,0,4
guillotined,11,2,1,3,3,2,5
guillotines,11,4,0,4,4,0,4
guillotining,12,2,1,3,2,1,3
guilt,5,5,5,10,5,5,10
guilt's,7,7,4,11,7,4,11
guiltier,8,4,3,7,4,2,6
guiltiest,9,4,1,5,4,1,5
guiltily,8,2,3,5,2,3,5
guiltiness,10,4,1,5,5,0,5
guiltiness's,12,5,1,6,6,0,6
guiltless,9,4,2,6,4,2,6
guilty,6,2,4,6,2,4,6
guinea,6,3,5,8,3,5,8
guinea's,8,5,3,8,5,3,8
guineas,7,3,4,7,3,4,7
guise,5,4,3,7,4,3,7
guise's,7,5,3,8,5,3,8
guises,6,4,4,8,4,4,8
guitar,6,4,4,8,3,5,8
guitar's,8,6,3,9,6,3,9
guitarist,9,3,1,4,3,1,4
guitarist's,11,4,0,4,3,1,4
guitarists,10,3,0,3,3,1,4
guitars,7,4,3,7,4,3,7
gulag,5,3,5,8,3,5,8
gulag's,7,5,4,9,5,4,9
gulags,6,4,5,9,4,5,9
gulch,5,5,7,12,5,7,12
gulch's,7,7,6,13,7,6,13
gulches,7,7,1,8,7,3,10
gulf,4,4,8,12,3,9,12
gulf's,6,6,6,12,5,9,14
gulfs,5,5,6,11,4,8,12
gull,4,3,12,15,3,11,14
gull's,6,5,11,16,5,10,15
gulled,6,5,8,13,5,7,12
gullet,6,5,5,10,5,5,10
gullet's,8,7,3,10,7,3,10
gullets,7,6,4,10,6,4,10
gulley,6,5,6,11,5,6,11
gulley's,8,7,4,11,7,4,11
gullibility,11,5,2,7,5,3,8
gullibility's,13,7,2,9,7,2,9
gullible,8,4,4,8,3,3,6
gullies,7,5,7,12,5,7,12
gulling,7,5,4,9,5,4,9
gulls,5,4,9,13,4,9,13
gully,5,3,10,13,3,9,12
gully's,7,5,9,14,5,9,14
gulp,4,3,9,12,3,6,9
gulp's,6,5,7,12,5,6,11
gulped,6,5,6,11,5,4,9
gulping,7,5,4,9,5,4,9
gulps,5,4,7,11,4,6,10
gum,3,3,7,10,3,7,10
gum's,5,5,6,11,5,6,11
gumbo,5,5,5,10,5,5,10
gumbo's,7,7,4,11,7,6,13
gumbos,6,6,4,10,6,4,10
gumdrop,7,2,5,7,2,5,7
gumdrop's,9,4,4,8,3,5,8
gumdrops,8,4,3,7,4,3,7
gummed,6,5,8,13,5,8,13
gummier,7,6,3,9,6,3,9
gummiest,8,7,2,9,7,1,8
gumming,7,5,5,10,5,5,10
gummy,5,4,7,11,4,6,10
gumption,8,3,3,6,3,3,6
gumption's,10,4,2,6,4,2,6
gums,4,4,5,9,4,5,9
gun,3,3,8,11,3,8,11
gun's,5,5,7,12,5,7,12
gunboat,7,3,3,6,3,2,5
gunboat's,9,4,2,6,6,1,7
gunboats,8,4,1,5,4,1,5
gunfight,8,2,5,7,3,4,7
gunfight's,10,3,3,6,3,3,6
gunfights,9,4,4,8,4,4,8
gunfire,7,3,4,7,3,4,7
gunfire's,9,5,3,8,6,3,9
gunk,4,4,10,14,4,10,14
gunk's,6,6,9,15,6,9,15
gunman,6,3,5,8,3,5,8
gunman's,8,5,4,9,5,4,9
gunmen,6,2,4,6,2,4,6
gunned,6,4,10,14,4,9,13
gunner,6,4,7,11,4,7,11
gunner's,8,6,7,13,6,7,13
gunners,7,5,7,12,5,6,11
gunnery,7,5,4,9,4,3,7
gunnery's,9,6,3,9,6,2,8
gunning,7,3,2,5,3,3,6
gunny,5,4,10,14,4,9,13
gunny's,7,6,6,12,6,6,12
gunnysack,9,2,2,4,2,2,4
gunnysack's,11,2,2,4,2,2,4
gunnysacks,10,3,2,5,3,2,5
gunpoint,8,3,2,5,3,2,5
gunpoint's,10,3,2,5,3,2,5
gunpowder,9,4,1,5,4,1,5
gunpowder's,11,5,2,7,5,2,7
gunrunner,9,2,3,5,3,2,5
gunrunner's,11,4,1,5,5,0,5
gunrunners,10,3,2,5,4,3,7
gunrunning,10,2,2,4,2,2,4
gunrunning's,12,2,3,5,2,3,5
guns,4,4,6,10,4,6,10
gunshot,7,2,3,5,2,3,5
gunshot's,9,3,3,6,2,3,5
gunshots,8,2,3,5,2,3,5
gunslinger,10,6,0,6,4,1,5
gunslinger's,12,7,0,7,5,1,6
gunslingers,11,6,1,7,4,1,5
gunsmith,8,3,1,4,3,1,4
gunsmith's,10,4,2,6,3,1,4
gunsmiths,9,2,2,4,4,1,5
gunwale,7,3,3,6,3,2,5
gunwale's,9,5,1,6,5,1,6
gunwales,8,5,2,7,5,2,7
guppies,7,6,4,10,6,3,9
guppy,5,3,11,14,3,11,14
guppy's,7,5,8,13,5,8,13
gurgle,6,5,6,11,4,5,9
gurgle's,8,7,4,11,7,2,9
gurgled,7,5,4,9,4,4,8
gurgles,7,6,5,11,5,5,10
gurgling,8,5,3,8,5,3,8
gurney,6,5,6,11,5,6,11
gurney's,8,6,4,10,6,4,10
gurneys,7,6,2,8,6,2,8
guru,4,1,6,7,1,6,7
guru's,6,3,6,9,3,6,9
gurus,5,3,5,8,3,6,9
gush,4,4,6,10,4,6,10
gush's,6,5,4,9,5,4,9
gushed,6,6,5,11,6,6,12
gusher,6,6,7,13,6,8,14
gusher's,8,7,2,9,7,2,9
gushers,7,6,2,8,6,2,8
gushes,6,5,4,9,5,4,9
gushier,7,7,3,10,7,2,9
gushiest,8,7,2,9,7,2,9
gushing,7,5,1,6,6,2,8
gushy,5,5,5,10,5,5,10
gusset,6,2,4,6,2,4,6
gusset's,8,5,2,7,5,2,7
gusseted,8,3,0,3,3,0,3
gusseting,9,5,0,5,3,0,3
gussets,7,5,0,5,5,0,5
gust,4,4,7,11,4,7,11
gust's,6,5,5,10,5,5,10
gustatory,9,6,2,8,4,2,6
gusted,6,6,6,12,5,7,12
gustier,7,7,4,11,7,3,10
gustiest,8,6,2,8,6,2,8
gusting,7,4,3,7,5,3,8
gusto,5,2,4,6,2,4,6
gusto's,7,3,3,6,3,3,6
gusts,5,4,3,7,4,3,7
gusty,5,5,5,10,5,5,10
gut,3,2,9,11,2,9,11
gut's,5,4,8,12,4,8,12
gutless,7,5,4,9,5,4,9
guts,4,4,7,11,4,7,11
gutsier,7,4,0,4,4,0,4
gutsiest,8,4,1,5,4,1,5
gutsy,5,2,2,4,2,2,4
gutted,6,5,7,12,5,7,12
gutter,6,5,5,10,5,5,10
gutter's,8,7,5,12,7,5,12
guttered,8,6,2,8,6,2,8
guttering,9,6,1,7,6,1,7
gutters,7,6,5,11,6,3,9
guttersnipe,11,4,0,4,3,0,3
guttersnipe's,13,3,0,3,3,0,3
guttersnipes,12,3,1,4,3,0,3
gutting,7,4,6,10,4,6,10
guttural,8,3,4,7,3,4,7
guttural's,10,4,3,7,3,3,6
gutturals,9,3,3,6,3,3,6
guy,3,3,5,8,3,5,8
guy's,5,5,5,10,5,5,10
guyed,5,4,9,13,3,9,12
guying,6,4,3,7,4,3,7
guys,4,3,8,11,3,8,11
guzzle,6,4,7,11,4,5,9
guzzled,7,6,6,12,4,3,7
guzzler,7,5,4,9,4,4,8
guzzler's,9,7,3,10,6,2,8
guzzlers,8,6,4,10,5,1,6
guzzles,7,5,5,10,5,5,10
guzzling,8,4,4,8,4,4,8
gybe,4,3,8,11,3,8,11
gybe's,6,5,8,13,5,8,13
gybed,5,3,6,9,3,6,9
gybes,5,3,8,11,4,6,10
gybing,6,3,5,8,3,5,8
gym,3,1,8,9,1,8,9
gym's,5,3,7,10,3,7,10
gymnasia,8,2,1,3,2,1,3
gymnasium,9,3,1,4,3,1,4
gymnasium's,11,4,1,5,3,2,5
gymnasiums,10,3,1,4,3,1,4
gymnast,7,2,4,6,4,3,7
gymnast's,9,3,4,7,5,4,9
gymnastic,9,6,2,8,4,2,6
gymnastics,10,2,2,4,3,1,4
gymnastics's,12,2,0,2,2,0,2
gymnasts,8,4,3,7,4,1,5
gymnosperm,10,3,0,3,5,0,5
gymnosperm's,12,6,0,6,5,0,5
gymnosperms,11,3,1,4,4,1,5
gyms,4,4,6,10,4,6,10
gynecological,13,2,2,4,2,1,3
gynecologist,12,6,1,7,6,1,7
gynecologist's,14,7,1,8,7,1,8
gynecologists,13,6,1,7,6,1,7
gynecology,10,2,2,4,3,3,6
gynecology's,12,5,1,6,4,1,5
gyp,3,2,6,8,2,6,8
gyp's,5,4,5,9,4,5,9
gypped,6,4,6,10,4,6,10
gypping,7,3,5,8,3,5,8
gyps,4,3,7,10,3,7,10
gypsies,7,4,2,6,3,2,5
gypsum,6,3,3,6,2,4,6
gypsum's,8,3,4,7,3,4,7
gypsy,5,2,5,7,2,4,6
gypsy's,7,4,5,9,3,5,8
gyrate,6,4,3,7,4,3,7
gyrated,7,6,2,8,6,2,8
gyrates,7,5,3,8,4,3,7
gyrating,8,5,2,7,5,2,7
gyration,8,6,3,9,6,3,9
gyration's,10,8,2,10,8,2,10
gyrations,9,6,1,7,5,1,6
gyro,4,4,4,8,4,4,8
gyro's,6,6,4,10,6,4,10
gyros,5,5,3,8,5,3,8
gyroscope,9,3,2,5,3,1,4
gyroscope's,11,7,1,8,4,0,4
gyroscopes,10,6,2,8,3,0,3
h,1,1,7,8,1,7,8
h'm,3,1,8,9,1,8,9
ha,2,2,7,9,2,7,9
haberdasher,11,4,0,4,4,0,4
haberdasher's,13,5,0,5,4,0,4
haberdasheries,14,2,0,2,2,0,2
haberdashers,12,2,0,2,4,0,4
haberdashery,12,2,0,2,2,0,2
haberdashery's,14,2,0,2,2,0,2
habit,5,3,6,9,3,6,9
habit's,7,5,5,10,5,5,10
habitability,12,5,1,6,3,1,4
habitability's,14,6,0,6,4,0,4
habitable,9,4,1,5,4,1,5
habitat,7,2,4,6,3,3,6
habitat's,9,5,4,9,4,3,7
habitation,10,4,2,6,4,2,6
habitation's,12,4,1,5,5,1,6
habitations,11,3,1,4,4,1,5
habitats,8,3,2,5,3,2,5
habits,6,4,6,10,4,6,10
habitual,8,4,2,6,4,2,6
habitually,10,5,2,7,4,2,6
habituate,9,3,1,4,3,1,4
habituated,10,4,1,5,4,1,5
habituates,10,4,0,4,5,0,5
habituating,11,6,1,7,7,2,9
habituation,11,6,1,7,7,2,9
habituation's,13,5,0,5,4,1,5
habitué,7,4,4,8,2,6,8
habitué's,9,6,3,9,7,4,11
habitués,8,5,3,8,6,4,10
hacienda,8,3,3,6,3,2,5
hacienda's,10,5,2,7,4,1,5
haciendas,9,3,2,5,4,1,5
hack,4,4,9,13,4,9,13
hack's,6,6,7,13,6,8,14
hacked,6,6,6,12,6,8,14
hacker,6,6,8,14,6,8,14
hacker's,8,8,6,14,8,8,16
hackers,7,7,5,12,7,8,15
hacking,7,7,6,13,6,8,14
hackle,6,6,3,9,4,5,9
hackle's,8,6,6,12,5,7,12
hackles,7,7,5,12,5,6,11
hackney,7,6,4,10,6,4,10
hackney's,9,8,3,11,8,2,10
hackneyed,9,5,2,7,4,2,6
hackneying,10,5,2,7,6,1,7
hackneys,8,4,2,6,4,3,7
hacks,5,5,7,12,5,8,13
hacksaw,7,2,3,5,2,3,5
hacksaw's,9,3,3,6,3,1,4
hacksaws,8,2,3,5,2,2,4
hacktivist,10,4,0,4,3,1,4
hacktivist's,12,4,0,4,3,1,4
hacktivists,11,4,0,4,3,1,4
had,3,3,12,15,3,9,12
haddock,7,6,5,11,6,6,12
haddock's,9,8,3,11,8,5,13
haddocks,8,7,3,10,7,3,10
hadn't,6,3,5,8,3,5,8
haemoglobin,11,3,1,4,3,1,4
haemoglobin's,13,3,1,4,4,0,4
haemophilia,11,5,1,6,2,1,3
haemophilia's,13,3,1,4,4,0,4
haemorrhage,11,2,2,4,2,1,3
haemorrhage's,13,3,1,4,3,0,3
haemorrhaged,12,2,2,4,2,2,4
haemorrhages,12,3,0,3,3,0,3
haemorrhaging,13,3,1,4,4,1,5
haemorrhoids,12,3,0,3,3,0,3
hafnium,7,4,2,6,4,2,6
hafnium's,9,5,1,6,5,1,6
haft,4,4,6,10,4,6,10
haft's,6,6,6,12,6,5,11
hafts,5,5,6,11,5,6,11
hag,3,3,7,10,3,7,10
hag's,5,5,7,12,5,7,12
haggard,7,3,6,9,3,5,8
haggle,6,5,6,11,5,4,9
haggle's,8,7,3,10,7,3,10
haggled,7,6,2,8,6,4,10
haggler,7,4,6,10,5,4,9
haggler's,9,6,3,9,7,2,9
hagglers,8,5,4,9,6,1,7
haggles,7,6,6,12,6,2,8
haggling,8,6,3,9,6,3,9
hags,4,4,6,10,4,6,10
hah,3,2,10,12,2,10,12
haiku,5,2,6,8,2,6,8
haiku's,7,4,6,10,4,6,10
hail,4,4,5,9,4,5,9
hail's,6,6,4,10,6,4,10
hailed,6,6,3,9,6,3,9
hailing,7,6,4,10,6,4,10
hails,5,5,5,10,5,4,9
hailstone,9,5,0,5,4,0,4
hailstone's,11,7,0,7,5,0,5
hailstones,10,4,0,4,4,0,4
hailstorm,9,6,1,7,2,2,4
hailstorm's,11,7,1,8,4,1,5
hailstorms,10,6,1,7,5,1,6
hair,4,4,5,9,4,5,9
hair's,6,6,4,10,6,4,10
hairbreadth,11,3,1,4,2,2,4
hairbreadth's,13,3,0,3,3,1,4
hairbreadths,12,2,2,4,3,0,3
hairbrush,9,5,1,6,3,1,4
hairbrush's,11,6,0,6,3,1,4
hairbrushes,11,3,1,4,3,0,3
haircut,7,3,3,6,2,5,7
haircut's,9,6,3,9,5,4,9
haircuts,8,5,3,8,4,4,8
hairdo,6,3,4,7,3,4,7
hairdo's,8,5,1,6,5,2,7
hairdos,7,4,2,6,4,2,6
hairdresser,11,4,0,4,3,0,3
hairdresser's,13,2,0,2,2,0,2
hairdressers,12,2,0,2,2,0,2
hairdressing,12,4,0,4,3,0,3
hairdressing's,14,2,0,2,2,0,2
haired,6,6,2,8,6,2,8
hairier,7,3,1,4,3,1,4
hairiest,8,5,0,5,5,0,5
hairiness,9,5,0,5,5,0,5
hairiness's,11,6,0,6,6,0,6
hairless,8,5,1,6,6,3,9
hairline,8,5,1,6,5,1,6
hairline's,10,6,0,6,5,0,5
hairlines,9,4,0,4,4,0,4
hairnet,7,3,3,6,3,3,6
hairnet's,9,5,1,6,5,1,6
hairnets,8,4,2,6,5,0,5
hairpiece,9,2,2,4,2,2,4
hairpiece's,11,3,0,3,3,0,3
hairpieces,10,3,0,3,3,0,3
hairpin,7,3,3,6,3,4,7
hairpin's,9,5,3,8,5,3,8
hairpins,8,3,3,6,3,3,6
hairs,5,5,3,8,5,4,9
hairsbreadth,12,4,0,4,4,0,4
hairsbreadth's,14,3,0,3,3,0,3
hairsbreadths,13,3,1,4,3,0,3
hairsplitting,13,4,0,4,2,0,2
hairsplitting's,15,2,0,2,3,0,3
hairspring,10,3,1,4,3,1,4
hairspring's,12,3,1,4,3,1,4
hairsprings,11,4,2,6,3,1,4
hairstyle,9,5,0,5,4,0,4
hairstyle's,11,4,1,5,5,1,6
hairstyles,10,4,0,4,3,1,4
hairstylist,11,2,0,2,2,0,2
hairstylist's,13,2,0,2,2,0,2
hairstylists,12,2,0,2,2,0,2
hairy,5,4,4,8,4,4,8
hake,4,4,12,16,4,11,15
hake's,6,6,9,15,6,9,15
hakes,5,5,9,14,5,9,14
halberd,7,3,4,7,2,5,7
halberd's,9,5,2,7,6,4,10
halberds,8,4,2,6,4,2,6
halcyon,7,5,3,8,4,2,6
hale,4,4,3,7,4,2,6
haled,5,5,10,15,5,11,16
haler,5,5,5,10,4,6,10
hales,5,5,5,10,5,6,11
halest,6,6,2,8,6,2,8
half,4,3,8,11,3,8,11
half's,6,5,6,11,5,6,11
halfback,8,2,4,6,2,3,5
halfback's,10,4,2,6,4,1,5
halfbacks,9,3,3,6,3,2,5
halfhearted,11,4,2,6,4,1,5
halfheartedly,13,3,2,5,4,2,6
halfheartedness,15,6,0,6,5,0,5
halfheartedness's,17,7,1,8,5,1,6
halfpence,9,3,3,6,3,3,6
halfpennies,11,3,1,4,3,2,5
halfpenny,9,2,2,4,3,2,5
halfpenny's,11,5,1,6,4,1,5
halftime,8,4,3,7,4,3,7
halftime's,10,6,2,8,6,1,7
halftimes,9,5,1,6,5,2,7
halfway,7,5,4,9,3,4,7
halibut,7,3,2,5,3,3,6
halibut's,9,6,3,9,7,4,11
halibuts,8,5,3,8,6,4,10
haling,6,6,6,12,6,6,12
halitosis,9,2,1,3,2,1,3
halitosis's,11,3,0,3,3,0,3
hall,4,3,4,7,3,4,7
hall's,6,5,3,8,5,3,8
halleluiah,10,6,3,9,6,3,9
halleluiah's,12,8,2,10,8,2,10
halleluiahs,11,7,2,9,7,2,9
hallelujah,10,5,4,9,5,4,9
hallelujah's,12,7,3,10,7,3,10
hallelujahs,11,6,3,9,6,3,9
hallmark,8,5,4,9,5,3,8
hallmark's,10,7,2,9,7,1,8
hallmarked,10,4,1,5,4,1,5
hallmarking,11,5,1,6,5,3,8
hallmarks,9,5,4,9,5,3,8
hallow,6,5,6,11,5,6,11
hallowed,8,6,3,9,6,4,10
hallowing,9,7,3,10,7,4,11
hallows,7,6,5,11,6,5,11
halls,5,4,8,12,4,7,11
hallucinate,11,4,1,5,3,1,4
hallucinated,12,3,1,4,3,1,4
hallucinates,12,5,0,5,4,0,4
hallucinating,13,5,1,6,3,1,4
hallucination,13,5,1,6,3,1,4
hallucination's,15,6,0,6,4,0,4
hallucinations,14,5,0,5,3,0,3
hallucinatory,13,2,1,3,1,2,3
hallucinogen,12,3,1,4,3,1,4
hallucinogen's,14,3,1,4,3,0,3
hallucinogenic,14,1,1,2,1,1,2
hallucinogenic's,16,2,0,2,2,0,2
hallucinogenics,15,3,1,4,2,0,2
hallucinogens,13,3,1,4,4,0,4
hallway,7,5,4,9,3,4,7
hallway's,9,4,4,8,4,4,8
hallways,8,4,5,9,4,5,9
halo,4,2,9,11,2,9,11
halo's,6,4,8,12,4,8,12
haloed,6,6,4,10,6,4,10
haloes,6,4,3,7,4,4,8
halogen,7,3,4,7,3,5,8
halogen's,9,6,1,7,5,2,7
halogens,8,4,2,6,4,3,7
haloing,7,7,5,12,7,5,12
halon,5,5,5,10,5,5,10
halos,5,5,5,10,5,4,9
halt,4,3,6,9,3,6,9
halt's,6,5,5,10,5,5,10
halted,6,5,5,10,5,5,10
halter,6,5,4,9,5,4,9
halter's,8,7,2,9,7,2,9
haltered,8,6,3,9,6,3,9
haltering,9,8,2,10,8,2,10
halters,7,6,2,8,6,3,9
halting,7,6,6,12,6,6,12
haltingly,9,3,2,5,3,2,5
halts,5,4,6,10,4,5,9
halve,5,4,3,7,4,2,6
halved,6,6,2,8,6,2,8
halves,6,5,3,8,5,4,9
halving,7,6,4,10,6,3,9
halyard,7,4,3,7,4,2,6
halyard's,9,6,1,7,6,1,7
halyards,8,5,2,7,4,2,6
ham,3,3,0,3,3,1,4
ham's,5,5,3,8,5,4,9
hamburger,9,6,3,9,6,3,9
hamburger's,11,8,1,9,8,2,10
hamburgers,10,5,2,7,4,1,5
hamlet,6,5,3,8,5,3,8
hamlet's,8,7,1,8,7,1,8
hamlets,7,5,3,8,5,3,8
hammed,6,5,7,12,5,9,14
hammer,6,5,5,10,5,5,10
hammer's,8,7,3,10,7,3,10
hammered,8,6,3,9,6,2,8
hammerhead,10,2,3,5,2,2,4
hammerhead's,12,4,2,6,5,2,7
hammerheads,11,3,2,5,4,1,5
hammering,9,8,2,10,8,2,10
hammerings,10,5,2,7,8,0,8
hammers,7,6,2,8,6,6,12
hamming,7,6,7,13,6,9,15
hammock,7,5,6,11,3,5,8
hammock's,9,7,4,11,5,4,9
hammocks,8,6,4,10,5,4,9
hamper,6,5,7,12,5,6,11
hamper's,8,7,5,12,7,5,12
hampered,8,6,3,9,5,3,8
hampering,9,8,2,10,8,2,10
hampers,7,6,4,10,6,5,11
hams,4,4,9,13,4,7,11
hamster,7,5,3,8,5,3,8
hamster's,9,5,3,8,5,3,8
hamsters,8,5,2,7,5,2,7
hamstring,9,6,2,8,5,2,7
hamstring's,11,3,2,5,2,2,4
hamstringing,12,4,0,4,4,0,4
hamstrings,10,6,3,9,3,2,5
hamstrung,9,3,2,5,4,2,6
hand,4,4,8,12,4,8,12
hand's,6,6,7,13,6,7,13
handbag,7,3,5,8,3,5,8
handbag's,9,5,1,6,5,1,6
handbags,8,6,4,10,6,4,10
handball,8,3,4,7,6,4,10
handball's,10,5,2,7,4,3,7
handballs,9,5,2,7,4,3,7
handbill,8,6,2,8,6,2,8
handbill's,10,8,2,10,8,2,10
handbills,9,7,3,10,7,3,10
handbook,8,4,4,8,4,4,8
handbook's,10,6,2,8,6,2,8
handbooks,9,5,2,7,5,2,7
handcar,7,2,4,6,2,4,6
handcar's,9,4,2,6,4,2,6
handcars,8,5,5,10,5,5,10
handcart,8,4,3,7,3,4,7
handcart's,10,6,1,7,5,2,7
handcarts,9,4,3,7,4,3,7
handcraft,9,2,3,5,2,3,5
handcraft's,11,4,1,5,4,1,5
handcrafted,11,3,2,5,6,1,7
handcrafting,12,4,1,5,4,1,5
handcrafts,10,4,2,6,6,1,7
handcuff,8,3,5,8,4,4,8
handcuff's,10,5,4,9,5,3,8
handcuffed,10,5,1,6,5,1,6
handcuffing,11,4,2,6,4,4,8
handcuffs,9,4,5,9,5,4,9
handed,6,5,2,7,5,2,7
handedness,10,5,0,5,5,0,5
handful,7,6,5,11,3,5,8
handful's,9,8,2,10,5,3,8
handfuls,8,7,4,11,4,5,9
handgun,7,2,6,8,2,4,6
handgun's,9,5,2,7,4,3,7
handguns,8,4,4,8,4,5,9
handheld,8,4,2,6,4,1,5
handheld's,10,6,0,6,6,0,6
handhelds,9,3,2,5,5,1,6
handicap,8,3,3,6,3,3,6
handicap's,10,5,2,7,6,1,7
handicapped,11,8,1,9,6,1,7
handicapper,11,8,1,9,3,1,4
handicapper's,13,6,1,7,4,1,5
handicappers,12,5,1,6,4,0,4
handicapping,12,2,1,3,2,1,3
handicaps,9,4,1,5,4,2,6
handicraft,10,3,2,5,3,2,5
handicraft's,12,4,1,5,3,1,4
handicrafts,11,3,1,4,3,2,5
handier,7,6,2,8,6,3,9
handiest,8,8,1,9,8,3,11
handily,7,3,3,6,5,4,9
handiness,9,6,2,8,6,2,8
handiness's,11,7,2,9,7,2,9
handing,7,6,4,10,6,4,10
handiwork,9,3,2,5,3,2,5
handiwork's,11,7,1,8,5,2,7
handkerchief,12,2,1,3,2,1,3
handkerchief's,14,3,1,4,3,0,3
handkerchiefs,13,3,1,4,3,0,3
handkerchieves,14,2,1,3,3,0,3
handle,6,5,4,9,5,3,8
handle's,8,7,5,12,7,5,12
handlebar,9,2,1,3,3,2,5
handlebar's,11,5,0,5,3,1,4
handlebars,10,3,1,4,3,1,4
handled,7,5,3,8,5,3,8
handler,7,4,3,7,4,3,7
handler's,9,7,1,8,6,1,7
handlers,8,6,2,8,5,2,7
handles,7,6,4,10,6,4,10
handling,8,6,4,10,6,4,10
handmade,8,3,2,5,3,3,6
handmaid,8,4,2,6,4,2,6
handmaid's,10,4,1,5,4,3,7
handmaiden,10,3,1,4,4,1,5
handmaiden's,12,2,2,4,4,1,5
handmaidens,11,3,2,5,4,0,4
handmaids,9,5,2,7,3,4,7
handout,7,7,4,11,7,3,10
handout's,9,9,1,10,9,2,11
handouts,8,8,4,12,8,4,12
handpick,8,3,3,6,3,3,6
handpicked,10,7,1,8,6,2,8
handpicking,11,2,2,4,3,2,5
handpicks,9,5,4,9,4,4,8
handrail,8,4,2,6,4,2,6
handrail's,10,6,1,7,5,1,6
handrails,9,5,2,7,4,2,6
hands,5,5,7,12,5,7,12
handset,7,4,1,5,4,2,6
handset's,9,3,3,6,3,3,6
handsets,8,3,2,5,3,2,5
handsful,8,2,3,5,2,3,5
handshake,9,4,1,5,4,1,5
handshake's,11,4,1,5,5,2,7
handshakes,10,3,1,4,4,3,7
handshaking,11,7,1,8,5,1,6
handsome,8,3,1,4,3,1,4
handsomely,10,4,1,5,3,1,4
handsomeness,12,2,0,2,2,1,3
handsomeness's,14,2,0,2,2,1,3
handsomer,9,3,0,3,3,0,3
handsomest,10,5,0,5,3,0,3
handspring,10,3,1,4,4,1,5
handspring's,12,5,1,6,4,1,5
handsprings,11,3,2,5,4,1,5
handstand,9,5,3,8,5,4,9
handstand's,11,6,2,8,6,3,9
handstands,10,5,2,7,5,2,7
handwork,8,5,3,8,4,3,7
handwork's,10,7,1,8,6,1,7
handwriting,11,5,1,6,4,3,7
handwriting's,13,5,0,5,3,1,4
handwritten,11,3,1,4,2,2,4
handy,5,5,4,9,5,4,9
handyman,8,2,3,5,2,4,6
handyman's,10,4,2,6,5,1,6
handymen,8,3,2,5,3,2,5
hang,4,4,10,14,4,9,13
hang's,6,6,8,14,6,8,14
hangar,6,2,4,6,2,4,6
hangar's,8,4,3,7,4,3,7
hangars,7,4,3,7,4,3,7
hangdog,7,4,3,7,4,2,6
hanged,6,5,4,9,5,4,9
hanger,6,6,5,11,6,5,11
hanger's,8,8,3,11,8,3,11
hangers,7,7,3,10,7,5,12
hanging,7,5,4,9,5,3,8
hanging's,9,6,1,7,6,1,7
hangings,8,5,3,8,5,3,8
hangman,7,3,5,8,3,5,8
hangman's,9,4,2,6,4,2,6
hangmen,7,2,3,5,2,3,5
hangnail,8,3,2,5,3,2,5
hangnail's,10,4,2,6,5,1,6
hangnails,9,3,3,6,4,2,6
hangout,7,6,5,11,6,4,10
hangout's,9,8,2,10,8,3,11
hangouts,8,7,5,12,7,5,12
hangover,8,6,3,9,8,4,12
hangover's,10,7,3,10,8,3,11
hangovers,9,4,2,6,6,3,9
hangs,5,5,7,12,5,6,11
hank,4,4,4,8,4,5,9
hank's,6,6,4,10,6,4,10
hanker,6,6,6,12,6,6,12
hankered,8,6,5,11,6,7,13
hankering,9,7,3,10,7,3,10
hankering's,11,6,0,6,4,0,4
hankerings,10,5,0,5,4,0,4
hankers,7,6,4,10,6,5,11
hankie,6,5,2,7,5,1,6
hankie's,8,7,2,9,7,3,10
hankies,7,6,3,9,6,4,10
hanks,5,5,6,11,5,7,12
hanky,5,4,7,11,4,7,11
hanky's,7,6,4,10,6,4,10
hansom,6,6,1,7,6,1,7
hansom's,8,7,1,8,7,1,8
hansoms,7,6,2,8,6,2,8
haphazard,9,1,3,4,1,3,4
haphazardly,11,1,3,4,1,3,4
hapless,7,4,3,7,4,3,7
happen,6,3,5,8,3,5,8
happened,8,4,3,7,4,3,7
happening,9,7,3,10,7,3,10
happening's,11,5,1,6,5,0,5
happenings,10,5,3,8,4,0,4
happens,7,4,4,8,4,4,8
happenstance,12,3,0,3,3,0,3
happenstance's,14,2,0,2,2,0,2
happenstances,13,2,0,2,2,0,2
happier,7,5,7,12,5,5,10
happiest,8,6,2,8,6,4,10
happily,7,4,6,10,5,5,10
happiness,9,5,5,10,7,4,11
happiness's,11,6,5,11,8,4,12
happy,5,3,9,12,3,7,10
harangue,8,3,2,5,3,3,6
harangue's,10,4,1,5,4,1,5
harangued,9,3,2,5,3,4,7
harangues,9,4,2,6,4,2,6
haranguing,10,3,2,5,2,3,5
harass,6,2,1,3,2,1,3
harassed,8,4,0,4,4,0,4
harasses,8,3,0,3,3,0,3
harassing,9,5,1,6,3,1,4
harassment,10,2,0,2,2,0,2
harassment's,12,2,0,2,2,0,2
harbinger,9,6,2,8,6,2,8
harbinger's,11,8,0,8,7,0,7
harbingers,10,7,1,8,6,0,6
harbor,6,4,3,7,4,3,7
harbor's,8,6,1,7,6,2,8
harbored,8,5,1,6,3,3,6
harboring,9,5,4,9,5,2,7
harbors,7,5,2,7,5,2,7
hard,4,3,10,13,3,10,13
hardback,8,7,3,10,7,4,11
hardback's,10,9,1,10,9,3,12
hardbacks,9,3,3,6,4,3,7
hardball,8,4,4,8,5,5,10
hardball's,10,6,2,8,5,1,6
hardcover,9,6,1,7,6,1,7
hardcover's,11,5,1,6,6,1,7
hardcovers,10,4,2,6,5,1,6
harden,6,6,1,7,6,1,7
hardened,8,5,2,7,5,2,7
hardener,8,5,2,7,5,2,7
hardener's,10,7,1,8,7,1,8
hardeners,9,6,1,7,6,1,7
hardening,9,6,1,7,6,1,7
hardens,7,7,3,10,7,3,10
harder,6,5,3,8,5,3,8
hardest,7,5,2,7,5,2,7
hardheaded,10,3,1,4,3,1,4
hardheadedly,12,2,2,4,2,2,4
hardheadedness,14,3,0,3,2,0,2
hardheadedness's,16,3,0,3,2,0,2
hardhearted,11,5,2,7,3,1,4
hardheartedly,13,3,2,5,4,2,6
hardheartedness,15,6,0,6,5,0,5
hardheartedness's,17,7,1,8,5,1,6
hardier,7,4,3,7,4,3,7
hardiest,8,6,4,10,6,5,11
hardily,7,7,4,11,7,3,10
hardiness,9,8,1,9,6,5,11
hardiness's,11,9,1,10,7,5,12
hardline,8,7,3,10,7,2,9
hardliner,9,5,2,7,5,2,7
hardliner's,11,6,0,6,7,0,7
hardliners,10,5,1,6,6,0,6
hardly,6,5,3,8,5,4,9
hardness,8,5,2,7,6,2,8
hardness's,10,6,2,8,7,2,9
hardship,8,4,2,6,4,2,6
hardship's,10,6,2,8,6,1,7
hardships,9,4,0,4,4,1,5
hardtack,8,6,4,10,6,5,11
hardtack's,10,8,2,10,8,4,12
hardtop,7,4,4,8,4,4,8
hardtop's,9,6,3,9,6,3,9
hardtops,8,5,2,7,5,2,7
hardware,8,4,2,6,3,2,5
hardware's,10,5,1,6,4,0,4
hardwood,8,3,3,6,3,3,6
hardwood's,10,5,1,6,5,1,6
hardwoods,9,4,3,7,4,3,7
hardy,5,5,2,7,5,2,7
hare,4,4,7,11,4,6,10
hare's,6,6,5,11,6,5,11
harebrained,11,3,1,4,2,2,4
hared,5,5,5,10,5,5,10
harelip,7,3,3,6,3,3,6
harelip's,9,5,2,7,4,3,7
harelips,8,6,2,8,6,2,8
harem,5,3,5,8,3,5,8
harem's,7,5,3,8,5,3,8
harems,6,4,2,6,4,2,6
hares,5,5,6,11,5,5,10
haring,6,6,7,13,6,7,13
hark,4,4,8,12,4,8,12
harked,6,6,1,7,6,3,9
harken,6,4,4,8,4,5,9
harkened,8,6,2,8,4,3,7
harkening,9,6,4,10,6,4,10
harkens,7,5,3,8,5,3,8
harking,7,6,9,15,6,9,15
harks,5,5,6,11,3,9,12
harlequin,9,4,1,5,4,1,5
harlequin's,11,6,0,6,5,0,5
harlequins,10,4,0,4,4,0,4
harlot,6,4,4,8,4,4,8
harlot's,8,6,3,9,6,3,9
harlots,7,6,3,9,5,4,9
harm,4,4,7,11,4,7,11
harm's,6,5,5,10,5,5,10
harmed,6,6,4,10,6,3,9
harmful,7,5,6,11,4,4,8
harmfully,9,6,4,10,5,5,10
harmfulness,11,5,0,5,4,1,5
harmfulness's,13,6,0,6,5,1,6
harming,7,7,6,13,7,7,14
harmless,8,4,2,6,6,3,9
harmlessly,10,6,1,7,6,2,8
harmlessness,12,6,1,7,6,1,7
harmlessness's,14,7,1,8,7,1,8
harmonic,8,4,2,6,4,3,7
harmonic's,10,6,1,7,6,1,7
harmonica,9,4,2,6,4,2,6
harmonica's,11,3,1,4,4,1,5
harmonically,12,6,1,7,5,2,7
harmonicas,10,3,1,4,3,1,4
harmonics,9,5,2,7,4,2,6
harmonies,9,6,1,7,6,1,7
harmonious,10,3,2,5,3,1,4
harmoniously,12,7,0,7,4,0,4
harmoniousness,14,2,0,2,4,0,4
harmoniousness's,16,2,0,2,4,0,4
harmonization,13,4,1,5,3,1,4
harmonization's,15,5,0,5,4,0,4
harmonize,9,6,1,7,5,2,7
harmonized,10,7,1,8,5,1,6
harmonizes,10,7,0,7,6,1,7
harmonizing,11,6,1,7,5,2,7
harmony,7,3,4,7,5,3,8
harmony's,9,6,2,8,6,2,8
harms,5,5,7,12,5,6,11
harness,7,5,1,6,5,1,6
harness's,9,6,1,7,6,1,7
harnessed,9,4,0,4,4,0,4
harnesses,9,3,0,3,3,0,3
harnessing,10,4,0,4,4,0,4
harp,4,4,10,14,4,10,14
harp's,6,6,9,15,6,9,15
harped,6,6,2,8,6,2,8
harpies,7,6,2,8,6,2,8
harping,7,7,4,11,7,4,11
harpist,7,3,1,4,3,1,4
harpist's,9,6,2,8,6,3,9
harpists,8,5,4,9,4,3,7
harpoon,7,3,4,7,3,4,7
harpoon's,9,6,3,9,5,3,8
harpooned,9,6,3,9,6,4,10
harpooning,10,6,4,10,6,4,10
harpoons,8,5,3,8,5,3,8
harps,5,5,8,13,5,7,12
harpsichord,11,2,1,3,2,1,3
harpsichord's,13,4,1,5,2,1,3
harpsichords,12,2,1,3,2,1,3
harpy,5,3,5,8,3,5,8
harpy's,7,5,5,10,5,5,10
harridan,8,4,2,6,4,2,6
harridan's,10,6,1,7,6,1,7
harridans,9,5,1,6,4,1,5
harried,7,6,2,8,6,2,8
harries,7,6,3,9,6,3,9
harrow,6,5,6,11,5,6,11
harrow's,8,7,4,11,7,5,12
harrowed,8,7,2,9,7,2,9
harrowing,9,7,4,11,7,4,11
harrows,7,6,4,10,6,4,10
harry,5,4,2,6,4,2,6
harrying,8,7,4,11,7,4,11
harsh,5,4,2,6,4,2,6
harsher,7,4,1,5,4,1,5
harshest,8,5,0,5,4,1,5
harshly,7,2,2,4,2,2,4
harshness,9,4,0,4,4,0,4
harshness's,11,5,0,5,5,0,5
hart,4,4,3,7,4,3,7
hart's,6,6,2,8,6,2,8
harts,5,5,5,10,5,6,11
harvest,7,6,2,8,6,2,8
harvest's,9,5,1,6,5,0,5
harvested,9,4,0,4,4,0,4
harvester,9,4,1,5,4,1,5
harvester's,11,5,1,6,5,1,6
harvesters,10,4,1,5,4,1,5
harvesting,10,6,0,6,4,0,4
harvests,8,4,2,6,4,1,5
has,3,2,10,12,2,10,12
hash,4,3,0,3,3,1,4
hash's,6,4,1,5,4,1,5
hashed,6,5,4,9,5,5,10
hasheesh,8,2,0,2,2,1,3
hasheesh's,10,1,2,3,2,1,3
hashes,6,4,2,6,4,2,6
hashing,7,6,1,7,6,2,8
hashish,7,4,1,5,4,2,6
hashish's,9,4,1,5,4,1,5
hashtag,7,3,2,5,3,2,5
hashtag's,9,4,1,5,3,2,5
hashtags,8,3,2,5,3,1,4
hasn't,6,6,2,8,6,2,8
hasp,4,3,0,3,3,1,4
hasp's,6,4,1,5,4,1,5
hasps,5,4,3,7,4,3,7
hassle,6,4,7,11,4,7,11
hassle's,8,4,1,5,4,1,5
hassled,7,4,2,6,4,1,5
hassles,7,4,1,5,4,1,5
hassling,8,2,2,4,2,2,4
hassock,7,4,1,5,4,2,6
hassock's,9,5,1,6,4,0,4
hassocks,8,4,1,5,4,1,5
haste,5,5,2,7,5,2,7
haste's,7,6,2,8,6,2,8
hasted,6,6,4,10,6,4,10
hasten,6,5,3,8,5,3,8
hastened,8,6,1,7,6,2,8
hastening,9,7,1,8,7,1,8
hastens,7,5,3,8,5,3,8
hastes,6,3,2,5,3,2,5
hastier,7,7,2,9,7,1,8
hastiest,8,6,1,7,6,1,7
hastily,7,5,2,7,5,2,7
hastiness,9,5,1,6,5,1,6
hastiness's,11,6,1,7,6,1,7
hasting,7,7,3,10,7,4,11
hasty,5,5,2,7,5,2,7
hat,3,3,8,11,3,7,10
hat's,5,5,7,12,5,7,12
hatch,5,4,5,9,4,5,9
hatch's,7,5,3,8,5,3,8
hatchback,9,2,3,5,2,4,6
hatchback's,11,4,3,7,4,3,7
hatchbacks,10,2,4,6,3,3,6
hatched,7,6,3,9,6,3,9
hatcheries,10,7,0,7,6,0,6
hatchery,8,6,2,8,3,2,5
hatchery's,10,5,1,6,5,1,6
hatches,7,5,2,7,5,2,7
hatchet,7,2,5,7,2,4,6
hatchet's,9,4,3,7,3,3,6
hatchets,8,3,3,6,3,2,5
hatching,8,4,4,8,5,4,9
hatching's,10,7,2,9,4,3,7
hatchway,8,3,5,8,2,4,6
hatchway's,10,5,4,9,3,3,6
hatchways,9,3,3,6,3,4,7
hate,4,4,10,14,4,9,13
hate's,6,6,9,15,6,8,14
hated,5,4,9,13,4,9,13
hateful,7,6,3,9,6,3,9
hatefully,9,6,3,9,6,3,9
hatefulness,11,8,1,9,8,1,9
hatefulness's,13,9,1,10,9,1,10
hater,5,5,3,8,5,4,9
hater's,7,6,7,13,6,7,13
haters,6,5,4,9,5,4,9
hates,5,5,6,11,5,6,11
hath,4,3,5,8,3,5,8
hating,6,6,7,13,6,7,13
hatred,6,5,3,8,5,3,8
hatred's,8,5,2,7,5,2,7
hatreds,7,5,1,6,4,2,6
hats,4,4,5,9,4,5,9
hatted,6,5,3,8,5,3,8
hatter,6,5,3,8,5,3,8
hatter's,8,7,1,8,7,1,8
hatters,7,6,1,7,6,3,9
hatting,7,6,5,11,6,5,11
haughtier,9,5,2,7,4,3,7
haughtiest,10,7,0,7,4,0,4
haughtily,9,4,3,7,3,3,6
haughtiness,11,6,1,7,4,1,5
haughtiness's,13,7,1,8,5,1,6
haughty,7,4,4,8,2,6,8
haul,4,4,6,10,4,6,10
haul's,6,6,5,11,6,5,11
hauled,6,6,3,9,6,3,9
hauler,6,5,3,8,4,6,10
hauler's,8,7,3,10,7,3,10
haulers,7,6,3,9,5,6,11
hauling,7,7,3,10,7,3,10
hauls,5,5,5,10,5,4,9
haunch,6,5,2,7,4,2,6
haunch's,8,5,3,8,6,1,7
haunches,8,6,2,8,5,2,7
haunt,5,5,7,12,5,7,12
haunt's,7,7,2,9,7,2,9
haunted,7,7,4,11,7,4,11
haunting,8,7,4,11,7,4,11
hauntingly,10,2,2,4,2,2,4
haunts,6,6,5,11,6,5,11
hauteur,7,3,1,4,3,1,4
hauteur's,9,5,0,5,5,0,5
have,4,4,9,13,4,8,12
have's,6,6,9,15,6,10,16
haven,5,5,5,10,5,5,10
haven's,7,7,3,10,7,3,10
haven't,7,2,4,6,2,4,6
havens,6,6,5,11,6,5,11
haversack,9,3,2,5,3,1,4
haversack's,11,5,1,6,4,1,5
haversacks,10,3,1,4,3,1,4
haves,5,5,8,13,5,8,13
having,6,6,9,15,6,9,15
havoc,5,3,7,10,2,8,10
havoc's,7,5,7,12,4,8,12
haw,3,3,7,10,3,10,13
haw's,5,5,8,13,5,9,14
hawed,5,5,4,9,5,4,9
hawing,6,6,4,10,6,4,10
hawk,4,3,10,13,3,10,13
hawk's,6,4,12,16,3,12,15
hawked,6,4,9,13,4,9,13
hawker,6,4,8,12,4,8,12
hawker's,8,6,6,12,7,9,16
hawkers,7,5,6,11,6,9,15
hawking,7,5,8,13,7,7,14
hawkish,7,4,1,5,3,2,5
hawks,5,2,11,13,4,9,13
haws,4,4,11,15,4,12,16
hawser,6,4,5,9,4,6,10
hawser's,8,5,2,7,5,2,7
hawsers,7,4,1,5,4,1,5
hawthorn,8,4,3,7,4,3,7
hawthorn's,10,6,1,7,6,1,7
hawthorns,9,5,2,7,4,3,7
hay,3,3,4,7,3,5,8
hay's,5,5,3,8,5,3,8
haycock,7,4,5,9,2,7,9
haycock's,9,5,3,8,4,6,10
haycocks,8,4,3,7,4,3,7
hayed,5,4,11,15,4,12,16
haying,6,6,10,16,6,10,16
hayloft,7,3,6,9,4,5,9
hayloft's,9,6,4,10,6,4,10
haylofts,8,5,3,8,5,3,8
haymow,6,3,6,9,3,6,9
haymow's,8,5,4,9,5,5,10
haymows,7,4,6,10,3,7,10
hays,4,4,2,6,4,3,7
hayseed,7,3,1,4,4,0,4
hayseed's,9,4,1,5,5,0,5
hayseeds,8,2,0,2,2,0,2
haystack,8,3,3,6,3,3,6
haystack's,10,4,2,6,3,3,6
haystacks,9,2,4,6,3,3,6
haywire,7,5,2,7,4,4,8
hazard,6,2,5,7,2,5,7
hazard's,8,4,4,8,4,6,10
hazarded,8,2,3,5,4,1,5
hazarding,9,5,3,8,5,3,8
hazardous,9,4,3,7,4,2,6
hazards,7,4,4,8,4,4,8
haze,4,3,13,16,3,12,15
haze's,6,5,10,15,5,11,16
hazed,5,5,9,14,5,9,14
hazel,5,5,5,10,5,5,10
hazel's,7,7,3,10,7,3,10
hazelnut,8,2,2,4,3,1,4
hazelnut's,10,6,2,8,4,1,5
hazelnuts,9,4,3,7,5,1,6
hazels,6,5,6,11,5,6,11
hazes,5,4,13,17,4,12,16
hazier,6,6,3,9,6,4,10
haziest,7,7,1,8,7,1,8
hazily,6,4,6,10,4,6,10
haziness,8,7,2,9,7,2,9
haziness's,10,8,2,10,8,2,10
hazing,6,5,11,16,5,11,16
hazing's,8,7,6,13,7,5,12
hazings,7,6,7,13,6,7,13
hazmat,6,3,5,8,3,6,9
hazy,4,2,13,15,2,11,13
he,2,2,3,5,2,3,5
he'd,4,4,5,9,4,6,10
he'll,5,2,6,8,2,3,5
he's,4,4,5,9,4,4,8
head,4,4,3,7,4,5,9
head's,6,6,3,9,6,2,8
headache,8,2,2,4,2,2,4
headache's,10,4,0,4,4,0,4
headaches,9,3,1,4,3,1,4
headband,8,6,2,8,6,2,8
headband's,10,8,0,8,8,0,8
headbands,9,7,2,9,7,2,9
headboard,9,3,2,5,3,2,5
headboard's,11,5,1,6,4,1,5
headboards,10,4,2,6,4,0,4
headdress,9,4,0,4,4,0,4
headdress's,11,5,1,6,4,1,5
headdresses,11,4,0,4,4,0,4
headed,6,3,4,7,3,3,6
header,6,3,3,6,3,2,5
header's,8,7,1,8,5,6,11
headers,7,6,2,8,6,2,8
headfirst,9,3,0,3,3,0,3
headgear,8,2,1,3,2,1,3
headgear's,10,4,1,5,4,0,4
headhunter,10,4,1,5,3,1,4
headhunter's,12,6,0,6,5,0,5
headhunters,11,5,1,6,5,0,5
headier,7,5,2,7,5,1,6
headiest,8,7,1,8,7,1,8
heading,7,6,5,11,6,5,11
heading's,9,9,0,9,9,1,10
headings,8,6,4,10,7,2,9
headland,8,5,3,8,5,3,8
headland's,10,7,1,8,7,1,8
headlands,9,6,3,9,6,3,9
headless,8,3,3,6,4,2,6
headlight,9,4,1,5,3,2,5
headlight's,11,6,0,6,5,0,5
headlights,10,5,1,6,5,1,6
headline,8,6,2,8,5,1,6
headline's,10,8,0,8,7,0,7
headlined,9,2,1,3,2,1,3
headlines,9,7,0,7,6,0,6
headlining,10,5,1,6,3,2,5
headlock,8,7,2,9,7,2,9
headlock's,10,6,1,7,6,0,6
headlocks,9,5,2,7,4,2,6
headlong,8,6,3,9,6,3,9
headmaster,10,4,1,5,3,0,3
headmaster's,12,3,1,4,2,0,2
headmasters,11,2,0,2,2,0,2
headmistress,12,2,0,2,2,0,2
headmistress's,14,2,0,2,2,0,2
headmistresses,14,2,0,2,2,0,2
headphone,9,3,1,4,3,2,5
headphone's,11,5,0,5,5,1,6
headphones,10,3,2,5,3,1,4
headquarter,11,2,2,4,2,1,3
headquarters,12,3,0,3,3,0,3
headquarters's,14,4,1,5,2,1,3
headrest,8,5,1,6,5,1,6
headrest's,10,3,1,4,3,0,3
headrests,9,4,0,4,4,0,4
headroom,8,4,2,6,4,2,6
headroom's,10,6,0,6,6,0,6
heads,5,5,6,11,5,6,11
headset,7,3,0,3,2,1,3
headset's,9,4,1,5,3,0,3
headsets,8,2,1,3,2,1,3
headstone,9,3,0,3,3,0,3
headstone's,11,4,1,5,3,1,4
headstones,10,3,1,4,3,1,4
headstrong,10,3,0,3,2,1,3
headwaiter,10,4,1,5,3,1,4
headwaiter's,12,7,0,7,6,0,6
headwaiters,11,6,1,7,6,0,6
headwaters,10,5,1,6,4,1,5
headwaters's,12,2,1,3,2,1,3
headway,7,2,3,5,2,4,6
headway's,9,4,1,5,4,3,7
headwind,8,3,2,5,3,2,5
headwind's,10,6,2,8,6,2,8
headwinds,9,5,2,7,5,2,7
headword,8,4,2,6,4,2,6
headword's,10,6,1,7,6,0,6
headwords,9,5,2,7,4,2,6
heady,5,5,2,7,5,5,10
heal,4,4,2,6,4,3,7
healed,6,5,1,6,5,1,6
healer,6,5,2,7,5,2,7
healer's,8,5,3,8,6,1,7
healers,7,5,3,8,5,3,8
healing,7,7,2,9,7,3,10
heals,5,5,3,8,5,4,9
health,6,5,3,8,5,3,8
health's,8,7,2,9,7,2,9
healthcare,10,4,1,5,3,1,4
healthful,9,3,2,5,2,3,5
healthfully,11,2,2,4,2,2,4
healthfulness,13,3,0,3,2,0,2
healthfulness's,15,3,0,3,2,0,2
healthier,9,4,2,6,3,2,5
healthiest,10,5,0,5,5,0,5
healthily,9,3,2,5,3,3,6
healthiness,11,6,0,6,5,0,5
healthiness's,13,7,0,7,4,0,4
healthy,7,6,3,9,4,4,8
heap,4,3,7,10,3,7,10
heap's,6,5,6,11,5,6,11
heaped,6,4,5,9,3,5,8
heaping,7,6,5,11,5,5,10
heaps,5,4,7,11,4,7,11
hear,4,4,5,9,4,6,10
heard,5,4,3,7,4,3,7
hearer,6,4,2,6,4,2,6
hearer's,8,6,1,7,6,1,7
hearers,7,5,1,6,5,1,6
hearing,7,7,4,11,7,4,11
hearing's,9,8,2,10,7,2,9
hearings,8,7,3,10,7,3,10
hearken,7,3,3,6,3,3,6
hearkened,9,7,1,8,7,1,8
hearkening,10,4,2,6,8,1,9
hearkens,8,7,1,8,7,1,8
hears,5,5,5,10,5,5,10
hearsay,7,4,0,4,4,0,4
hearsay's,9,5,1,6,3,0,3
hearse,6,2,3,5,2,1,3
hearse's,8,4,1,5,4,1,5
hearses,7,3,3,6,3,2,5
heart,5,3,4,7,3,4,7
heart's,7,6,0,6,5,3,8
heartache,9,3,1,4,3,1,4
heartache's,11,4,0,4,4,0,4
heartaches,10,4,0,4,4,1,5
heartbeat,9,5,2,7,4,1,5
heartbeat's,11,5,0,5,4,0,4
heartbeats,10,4,0,4,4,0,4
heartbreak,10,3,1,4,3,1,4
heartbreak's,12,4,1,5,4,0,4
heartbreaking,13,4,1,5,2,2,4
heartbreaks,11,3,0,3,3,0,3
heartbroken,11,3,2,5,2,2,4
heartburn,9,2,3,5,2,2,4
heartburn's,11,4,1,5,4,1,5
hearten,7,4,2,6,4,2,6
heartened,9,6,2,8,6,2,8
heartening,10,5,1,6,7,2,9
heartens,8,6,2,8,6,2,8
heartfelt,9,5,2,7,4,1,5
hearth,6,5,2,7,5,2,7
hearth's,8,6,0,6,6,2,8
hearths,7,5,1,6,5,1,6
heartier,8,5,2,7,5,2,7
hearties,8,6,0,6,6,1,7
heartiest,9,3,0,3,3,0,3
heartily,8,3,3,6,3,2,5
heartiness,10,5,1,6,3,0,3
heartiness's,12,6,1,7,4,2,6
heartland,9,3,2,5,4,2,6
heartland's,11,5,1,6,4,1,5
heartlands,10,4,1,5,4,0,4
heartless,9,5,0,5,5,0,5
heartlessly,11,5,0,5,4,0,4
heartlessness,13,4,0,4,2,0,2
heartlessness's,15,3,0,3,2,0,2
heartrending,12,4,2,6,5,1,6
hearts,6,5,3,8,5,3,8
heartsick,9,4,0,4,4,0,4
heartstrings,12,3,0,3,3,0,3
heartstrings's,14,2,0,2,2,0,2
heartthrob,10,2,2,4,2,2,4
heartthrob's,12,4,0,4,3,1,4
heartthrobs,11,4,1,5,4,1,5
heartwarming,12,4,1,5,5,1,6
hearty,6,5,2,7,5,2,7
hearty's,8,6,0,6,6,2,8
heat,4,4,4,8,4,6,10
heat's,6,6,5,11,6,5,11
heated,6,5,3,8,5,2,7
heatedly,8,6,2,8,6,2,8
heater,6,5,2,7,5,3,8
heater's,8,6,2,8,6,3,9
heaters,7,5,1,6,5,1,6
heath,5,3,2,5,3,4,7
heath's,7,5,0,5,5,3,8
heathen,7,3,3,6,3,3,6
heathen's,9,5,2,7,4,1,5
heathenish,10,3,0,3,3,0,3
heathens,8,4,3,7,4,3,7
heather,7,4,2,6,4,2,6
heather's,9,7,0,7,5,0,5
heaths,6,5,2,7,3,7,10
heating,7,6,4,10,6,4,10
heats,5,5,7,12,5,6,11
heatstroke,10,3,0,3,3,0,3
heatstroke's,12,3,0,3,3,0,3
heave,5,2,5,7,4,7,11
heave's,7,6,3,9,6,5,11
heaved,6,5,6,11,5,8,13
heaven,6,4,3,7,4,3,7
heaven's,8,5,2,7,5,3,8
heavenlier,10,3,1,4,3,1,4
heavenliest,11,4,0,4,3,0,3
heavenly,8,5,3,8,5,3,8
heavens,7,5,3,8,5,3,8
heavens's,9,4,1,5,4,1,5
heavenward,10,3,1,4,2,2,4
heavenwards,11,4,0,4,4,0,4
heaves,6,5,2,7,5,3,8
heavier,7,4,4,8,4,4,8
heavies,7,4,5,9,4,5,9
heaviest,8,6,2,8,6,2,8
heavily,7,5,3,8,2,5,7
heaviness,9,4,2,6,4,2,6
heaviness's,11,6,1,7,5,2,7
heaving,7,7,6,13,7,7,14
heavy,5,4,3,7,4,6,10
heavy's,7,5,1,6,4,8,12
heavyset,8,3,1,4,3,0,3
heavyweight,11,7,1,8,1,2,3
heavyweight's,13,9,0,9,2,2,4
heavyweights,12,8,0,8,4,0,4
heck,4,3,9,12,3,9,12
heck's,6,5,7,12,4,8,12
heckle,6,3,6,9,3,4,7
heckle's,8,4,4,8,4,6,10
heckled,7,3,4,7,3,3,6
heckler,7,2,4,6,2,4,6
heckler's,9,5,3,8,5,0,5
hecklers,8,3,3,6,3,3,6
heckles,7,4,5,9,3,6,9
heckling,8,7,3,10,7,4,11
heckling's,10,5,2,7,4,2,6
hectare,7,3,2,5,4,2,6
hectare's,9,5,2,7,5,1,6
hectares,8,4,1,5,4,1,5
hectic,6,3,4,7,3,4,7
hectically,10,5,1,6,4,1,5
hector,6,6,1,7,6,1,7
hector's,8,8,0,8,8,1,9
hectored,8,7,2,9,7,2,9
hectoring,9,9,1,10,9,1,10
hectors,7,7,1,8,7,1,8
hedge,5,4,2,6,4,3,7
hedge's,7,6,1,7,6,1,7
hedged,6,4,1,5,4,0,4
hedgehog,8,1,4,5,1,4,5
hedgehog's,10,4,2,6,3,2,5
hedgehogs,9,3,3,6,3,2,5
hedgerow,8,4,1,5,3,1,4
hedgerow's,10,4,1,5,3,1,4
hedgerows,9,4,2,6,5,1,6
hedges,6,5,1,6,5,0,5
hedging,7,6,1,7,6,1,7
hedonism,8,5,0,5,4,2,6
hedonism's,10,5,2,7,5,1,6
hedonist,8,4,1,5,6,0,6
hedonist's,10,6,0,6,7,0,7
hedonistic,10,6,0,6,5,1,6
hedonists,9,6,1,7,6,1,7
heed,4,3,6,9,3,4,7
heed's,6,5,3,8,5,3,8
heeded,6,3,0,3,3,0,3
heedful,7,3,2,5,3,2,5
heeding,7,6,4,10,6,2,8
heedless,8,4,1,5,4,1,5
heedlessly,10,6,0,6,6,0,6
heedlessness,12,4,0,4,2,0,2
heedlessness's,14,3,0,3,2,0,2
heeds,5,4,2,6,4,2,6
heehaw,6,3,4,7,2,4,6
heehaw's,8,5,1,6,4,2,6
heehawed,8,4,1,5,3,1,4
heehawing,9,4,1,5,4,1,5
heehaws,7,4,2,6,3,1,4
heel,4,2,9,11,2,8,10
heel's,6,3,6,9,3,6,9
heeled,6,4,2,6,4,2,6
heeling,7,6,5,11,6,4,10
heels,5,4,3,7,4,3,7
heft,4,4,6,10,4,6,10
heft's,6,6,5,11,6,7,13
hefted,6,4,4,8,4,3,7
heftier,7,4,2,6,4,2,6
heftiest,8,5,0,5,5,0,5
hefting,7,5,4,9,5,4,9
hefts,5,5,5,10,5,5,10
hefty,5,5,5,10,3,4,7
hegemony,8,2,3,5,2,3,5
hegemony's,10,4,2,6,3,2,5
heifer,6,3,8,11,3,8,11
heifer's,8,5,7,12,4,8,12
heifers,7,5,3,8,4,4,8
height,6,4,5,9,3,5,8
height's,8,5,3,8,5,3,8
heighten,8,2,4,6,3,3,6
heightened,10,2,2,4,4,1,5
heightening,11,5,1,6,3,1,4
heightens,9,3,2,5,3,1,4
heights,7,4,5,9,4,5,9
heinous,7,4,2,6,4,2,6
heinously,9,6,0,6,7,0,7
heinousness,11,2,0,2,3,0,3
heinousness's,13,2,0,2,3,0,3
heir,4,4,5,9,4,4,8
heir's,6,6,4,10,6,3,9
heiress,7,3,1,4,3,1,4
heiress's,9,4,0,4,3,0,3
heiresses,9,3,1,4,3,1,4
heirloom,8,2,2,4,2,2,4
heirloom's,10,5,1,6,4,1,5
heirlooms,9,4,1,5,4,1,5
heirs,5,5,4,9,5,4,9
heist,5,3,1,4,3,1,4
heist's,7,4,1,5,4,1,5
heisted,7,3,1,4,3,3,6
heisting,8,5,0,5,3,0,3
heists,6,3,2,5,3,2,5
held,4,4,4,8,4,3,7
helical,7,3,1,4,4,3,7
helices,7,6,1,7,6,2,8
helicopter,10,3,2,5,3,2,5
helicopter's,12,7,0,7,5,1,6
helicoptered,12,2,1,3,2,1,3
helicoptering,13,3,1,4,2,1,3
helicopters,11,6,1,7,5,1,6
heliotrope,10,2,2,4,2,2,4
heliotrope's,12,4,0,4,4,0,4
heliotropes,11,4,0,4,4,0,4
heliport,8,3,2,5,3,2,5
heliport's,10,6,1,7,5,1,6
heliports,9,5,1,6,3,2,5
helium,6,3,3,6,3,3,6
helium's,8,5,2,7,5,2,7
helix,5,4,5,9,4,3,7
helix's,7,6,3,9,6,2,8
helixes,7,5,2,7,5,3,8
hell,4,3,4,7,3,3,6
hell's,6,5,4,9,5,3,8
hellebore,9,1,3,4,2,1,3
hellebore's,11,5,1,6,5,1,6
hellhole,8,2,4,6,2,4,6
hellhole's,10,4,3,7,4,3,7
hellholes,9,4,2,6,4,2,6
hellion,7,3,2,5,4,2,6
hellion's,9,5,1,6,6,2,8
hellions,8,6,2,8,5,3,8
hellish,7,3,2,5,5,0,5
hellishly,9,4,1,5,4,0,4
hello,5,4,6,10,4,4,8
hello's,7,6,5,11,6,3,9
hellos,6,4,5,9,4,4,8
helm,4,3,5,8,3,5,8
helm's,6,4,5,9,4,4,8
helmet,6,4,4,8,3,5,8
helmet's,8,6,1,7,5,3,8
helmets,7,3,4,7,3,4,7
helms,5,5,5,10,5,4,9
helmsman,8,4,1,5,4,1,5
helmsman's,10,5,2,7,5,1,6
helmsmen,8,2,1,3,2,1,3
helot,5,3,8,11,3,4,7
helot's,7,5,4,9,5,3,8
helots,6,3,6,9,5,4,9
help,4,4,4,8,4,3,7
help's,6,6,4,10,6,3,9
helped,6,5,2,7,5,2,7
helper,6,3,2,5,3,2,5
helper's,8,5,2,7,6,1,7
helpers,7,4,4,8,4,3,7
helpful,7,3,4,7,3,4,7
helpfully,9,1,4,5,3,3,6
helpfulness,11,4,0,4,4,0,4
helpfulness's,13,5,0,5,3,0,3
helping,7,5,4,9,5,4,9
helping's,9,7,2,9,6,4,10
helpings,8,6,3,9,6,3,9
helpless,8,3,1,4,3,1,4
helplessly,10,4,0,4,3,0,3
helplessness,12,3,0,3,3,0,3
helplessness's,14,4,0,4,3,0,3
helpline,8,3,2,5,3,2,5
helpline's,10,5,1,6,5,1,6
helplines,9,5,0,5,4,0,4
helpmate,8,3,3,6,3,3,6
helpmate's,10,5,1,6,5,1,6
helpmates,9,4,2,6,4,2,6
helpmeet,8,2,1,3,1,2,3
helpmeet's,10,4,0,4,3,1,4
helpmeets,9,3,1,4,3,1,4
helps,5,4,6,10,4,5,9
hem,3,3,9,12,3,9,12
hem's,5,5,10,15,5,10,15
hematologist,12,2,0,2,2,0,2
hematologist's,14,4,0,4,5,0,5
hematologists,13,6,0,6,6,0,6
hematology,10,3,2,5,3,2,5
hematology's,12,7,0,7,4,1,5
hemisphere,10,2,0,2,2,0,2
hemisphere's,12,2,0,2,2,0,2
hemispheres,11,4,0,4,3,0,3
hemispheric,11,2,0,2,2,0,2
hemispherical,13,2,1,3,2,0,2
hemline,7,3,3,6,3,2,5
hemline's,9,7,0,7,6,2,8
hemlines,8,5,2,7,4,2,6
hemlock,7,6,5,11,6,4,10
hemlock's,9,8,4,12,8,3,11
hemlocks,8,6,4,10,6,4,10
hemmed,6,3,8,11,3,7,10
hemming,7,5,6,11,5,6,11
hemoglobin,10,4,1,5,4,1,5
hemoglobin's,12,5,1,6,5,0,5
hemophilia,10,2,1,3,2,1,3
hemophilia's,12,10,0,10,10,0,10
hemophiliac,11,3,2,5,3,2,5
hemophiliac's,13,5,1,6,4,0,4
hemophiliacs,12,9,1,10,9,1,10
hemorrhage,10,3,2,5,3,2,5
hemorrhage's,12,3,0,3,3,0,3
hemorrhaged,11,5,2,7,2,1,3
hemorrhages,11,4,2,6,3,1,4
hemorrhaging,12,5,1,6,5,1,6
hemorrhoid,10,3,1,4,3,1,4
hemorrhoid's,12,5,1,6,4,0,4
hemorrhoids,11,4,0,4,4,0,4
hemp,4,3,9,12,2,9,11
hemp's,6,5,8,13,6,6,12
hempen,6,3,4,7,3,4,7
hems,4,3,11,14,2,11,13
hemstitch,9,2,1,3,2,1,3
hemstitch's,11,3,1,4,3,1,4
hemstitched,11,2,0,2,3,0,3
hemstitches,11,3,0,3,3,0,3
hemstitching,12,3,0,3,3,0,3
hen,3,3,7,10,3,9,12
hen's,5,5,5,10,5,5,10
hence,5,3,4,7,4,5,9
henceforth,10,4,1,5,3,1,4
henceforward,12,2,2,4,1,3,4
henchman,8,3,3,6,2,5,7
henchman's,10,5,1,6,5,1,6
henchmen,8,3,3,6,3,3,6
henna,5,3,4,7,3,5,8
henna's,7,5,3,8,5,4,9
hennaed,7,3,3,6,3,2,5
hennaing,8,3,1,4,3,1,4
hennas,6,4,2,6,3,3,6
henpeck,7,1,4,5,1,4,5
henpecked,9,3,2,5,3,2,5
henpecking,10,2,1,3,2,1,3
henpecks,8,3,3,6,3,2,5
hens,4,4,4,8,4,3,7
hep,3,3,10,13,3,7,10
hepatic,7,4,2,6,3,5,8
hepatitis,9,5,1,6,4,1,5
hepatitis's,11,3,0,3,3,0,3
hepper,6,3,8,11,3,5,8
heppest,7,4,4,8,4,4,8
heptagon,8,5,2,7,4,3,7
heptagon's,10,6,0,6,5,1,6
heptagons,9,4,2,6,4,2,6
her,3,3,8,11,3,10,13
herald,6,5,4,9,5,4,9
herald's,8,7,3,10,7,4,11
heralded,8,4,1,5,4,1,5
heraldic,8,5,1,6,4,3,7
heralding,9,5,2,7,5,2,7
heraldry,8,3,2,5,3,2,5
heraldry's,10,5,1,6,5,1,6
heralds,7,4,2,6,4,2,6
herb,4,4,4,8,4,3,7
herb's,6,6,3,9,6,3,9
herbaceous,10,4,0,4,4,0,4
herbage,7,4,2,6,4,1,5
herbage's,9,6,2,8,6,1,7
herbal,6,6,3,9,6,3,9
herbalist,9,4,0,4,4,0,4
herbalist's,11,6,0,6,6,0,6
herbalists,10,5,0,5,4,1,5
herbicide,9,5,3,8,5,2,7
herbicide's,11,7,2,9,7,1,8
herbicides,10,6,1,7,6,1,7
herbivore,9,3,2,5,2,1,3
herbivore's,11,5,1,6,3,0,3
herbivores,10,3,0,3,3,1,4
herbivorous,11,4,1,5,4,0,4
herbs,5,5,4,9,5,4,9
herculean,9,4,1,5,4,1,5
herd,4,4,8,12,4,6,10
herd's,6,6,7,13,6,7,13
herded,6,3,1,4,2,4,6
herder,6,3,1,4,3,0,3
herder's,8,5,1,6,5,1,6
herders,7,4,1,5,4,1,5
herding,7,6,4,10,6,4,10
herds,5,5,6,11,5,6,11
herdsman,8,4,1,5,4,1,5
herdsman's,10,4,2,6,5,1,6
herdsmen,8,4,0,4,4,0,4
here,4,3,2,5,3,1,4
here's,6,5,1,6,5,1,6
hereabout,9,2,2,4,4,2,6
hereabouts,10,4,1,5,4,1,5
hereafter,9,3,2,5,2,2,4
hereafter's,11,4,0,4,3,0,3
hereafters,10,3,1,4,3,0,3
hereby,6,4,2,6,4,2,6
hereditary,10,5,2,7,4,3,7
heredity,8,4,1,5,4,1,5
heredity's,10,5,2,7,4,3,7
herein,6,3,3,6,3,3,6
hereof,6,4,1,5,4,1,5
heresies,8,2,2,4,2,1,3
heresy,6,3,1,4,3,2,5
heresy's,8,4,2,6,4,2,6
heretic,7,3,1,4,3,1,4
heretic's,9,5,1,6,4,0,4
heretical,9,2,2,4,4,2,6
heretics,8,3,3,6,3,1,4
hereto,6,4,1,5,4,1,5
heretofore,10,2,2,4,2,1,3
hereupon,8,4,2,6,4,2,6
herewith,8,4,1,5,4,1,5
heritage,8,3,1,4,3,1,4
heritage's,10,6,1,7,6,1,7
heritages,9,5,0,5,5,0,5
hermaphrodite,13,2,2,4,3,1,4
hermaphrodite's,15,4,0,4,3,0,3
hermaphrodites,14,3,0,3,6,0,6
hermaphroditic,14,1,1,2,1,1,2
hermetic,8,3,1,4,3,1,4
hermetically,12,3,1,4,3,1,4
hermit,6,6,3,9,6,3,9
hermit's,8,8,2,10,8,2,10
hermitage,9,5,1,6,4,1,5
hermitage's,11,7,0,7,5,0,5
hermitages,10,6,0,6,4,0,4
hermits,7,7,3,10,6,3,9
hernia,6,4,1,5,4,1,5
hernia's,8,6,0,6,5,1,6
herniae,7,4,2,6,4,2,6
hernias,7,5,1,6,5,1,6
hero,4,3,9,12,3,7,10
hero's,6,5,8,13,5,8,13
heroes,6,5,1,6,5,2,7
heroic,6,3,5,8,3,5,8
heroically,10,8,1,9,8,1,9
heroics,7,4,4,8,5,4,9
heroics's,9,4,1,5,4,1,5
heroin,6,5,3,8,5,3,8
heroin's,8,7,2,9,7,3,10
heroine,7,4,1,5,4,1,5
heroine's,9,6,1,7,6,1,7
heroins,7,5,3,8,5,3,8
heroism,7,5,0,5,5,1,6
heroism's,9,5,1,6,5,1,6
heron,5,4,5,9,4,4,8
heron's,7,6,4,10,6,3,9
herons,6,4,6,10,3,4,7
heros,5,4,7,11,4,7,11
herpes,6,4,2,6,4,3,7
herpes's,8,5,1,6,5,1,6
herring,7,5,2,7,5,2,7
herring's,9,8,1,9,7,2,9
herringbone,11,3,1,4,2,1,3
herringbone's,13,3,1,4,4,0,4
herrings,8,4,2,6,4,2,6
hers,4,3,7,10,3,7,10
herself,7,5,0,5,5,0,5
hertz,5,4,3,7,4,2,6
hertz's,7,6,2,8,6,1,7
hertzes,7,4,1,5,4,3,7
hes,3,3,11,14,3,11,14
hesitancy,9,3,0,3,3,0,3
hesitancy's,11,3,0,3,3,0,3
hesitant,8,4,0,4,4,0,4
hesitantly,10,3,0,3,3,0,3
hesitate,8,3,0,3,3,0,3
hesitated,9,4,0,4,4,0,4
hesitates,9,3,0,3,3,0,3
hesitating,10,3,0,3,7,0,7
hesitatingly,12,2,0,2,2,0,2
hesitation,10,3,0,3,7,0,7
hesitation's,12,2,0,2,2,0,2
hesitations,11,3,0,3,3,0,3
heterodox,9,3,2,5,3,2,5
heterodoxy,10,2,2,4,2,2,4
heterodoxy's,12,6,0,6,3,1,4
heterogeneity,13,2,1,3,3,1,4
heterogeneity's,15,4,0,4,4,0,4
heterogeneous,13,3,0,3,2,0,2
heterosexual,12,2,0,2,2,0,2
heterosexual's,14,2,0,2,2,0,2
heterosexuality,15,1,1,2,3,0,3
heterosexuality's,17,4,0,4,3,0,3
heterosexuals,13,2,0,2,2,0,2
heuristic,9,6,0,6,4,0,4
heuristic's,11,4,1,5,4,0,4
heuristics,10,3,1,4,3,1,4
hew,3,3,7,10,3,7,10
hewed,5,4,3,7,4,3,7
hewer,5,4,3,7,4,3,7
hewer's,7,4,5,9,4,5,9
hewers,6,3,4,7,3,4,7
hewing,6,6,4,10,6,4,10
hewn,4,3,5,8,3,5,8
hews,4,4,5,9,4,6,10
hex,3,2,12,14,3,12,15
hex's,5,4,11,15,4,11,15
hexadecimal,11,2,1,3,2,2,4
hexagon,7,5,4,9,4,1,5
hexagon's,9,6,1,7,6,2,8
hexagonal,9,2,2,4,3,3,6
hexagons,8,5,3,8,5,2,7
hexameter,9,5,1,6,5,1,6
hexameter's,11,7,0,7,7,0,7
hexameters,10,6,0,6,6,0,6
hexed,5,4,4,8,3,4,7
hexes,5,4,3,7,4,3,7
hexing,6,5,5,10,5,5,10
hey,3,2,10,12,2,13,15
heyday,6,3,5,8,3,5,8
heyday's,8,4,5,9,3,7,10
heydays,7,4,4,8,4,4,8
hi,2,2,9,11,2,9,11
hiatus,6,3,4,7,4,5,9
hiatus's,8,3,3,6,3,3,6
hiatuses,8,5,2,7,5,2,7
hibachi,7,4,3,7,4,3,7
hibachi's,9,6,2,8,6,2,8
hibachis,8,3,2,5,3,2,5
hibernate,9,4,1,5,4,1,5
hibernated,10,4,1,5,5,1,6
hibernates,10,4,1,5,5,0,5
hibernating,11,2,1,3,3,1,4
hibernation,11,2,1,3,3,1,4
hibernation's,13,5,0,5,4,0,4
hibiscus,8,1,4,5,3,2,5
hibiscus's,10,4,2,6,7,1,8
hibiscuses,10,3,2,5,6,2,8
hiccough,8,3,3,6,3,3,6
hiccough's,10,4,2,6,4,2,6
hiccoughed,10,4,2,6,4,2,6
hiccoughing,11,3,1,4,2,3,5
hiccoughs,9,4,3,7,4,3,7
hiccup,6,3,6,9,3,6,9
hiccup's,8,5,4,9,6,3,9
hiccuped,8,4,3,7,4,3,7
hiccuping,9,4,2,6,4,2,6
hiccups,7,4,5,9,5,4,9
hick,4,4,10,14,4,10,14
hick's,6,6,9,15,6,9,15
hickey,6,5,8,13,5,8,13
hickey's,8,7,7,14,7,7,14
hickeys,7,6,6,12,6,6,12
hickories,9,7,0,7,7,0,7
hickory,7,4,5,9,3,5,8
hickory's,9,6,4,10,6,4,10
hicks,5,5,7,12,5,7,12
hid,3,3,7,10,3,7,10
hidden,6,4,3,7,4,3,7
hide,4,4,8,12,4,8,12
hide's,6,5,9,14,5,10,15
hideaway,8,5,4,9,5,4,9
hideaway's,10,7,1,8,7,1,8
hideaways,9,6,1,7,6,1,7
hidebound,9,5,1,6,4,1,5
hided,5,4,3,7,4,3,7
hideous,7,4,4,8,6,3,9
hideously,9,8,0,8,8,0,8
hideousness,11,5,0,5,2,0,2
hideousness's,13,3,0,3,2,0,2
hideout,7,2,2,4,3,3,6
hideout's,9,3,1,4,3,1,4
hideouts,8,3,2,5,4,2,6
hides,5,4,7,11,5,7,12
hiding,6,5,7,12,5,7,12
hiding's,8,7,4,11,7,4,11
hie,3,3,5,8,3,5,8
hied,4,4,5,9,4,2,6
hieing,6,5,3,8,5,3,8
hierarchical,12,3,1,4,2,1,3
hierarchically,14,2,1,3,2,1,3
hierarchies,11,3,0,3,3,0,3
hierarchy,9,2,2,4,2,2,4
hierarchy's,11,5,0,5,4,0,4
hieroglyphic,12,6,1,7,1,2,3
hieroglyphic's,14,3,1,4,2,0,2
hieroglyphics,13,2,2,4,3,0,3
hies,4,4,3,7,4,2,6
hifalutin,9,2,2,4,2,2,4
high,4,2,11,13,1,11,12
high's,6,3,10,13,3,10,13
highball,8,2,5,7,3,5,8
highball's,10,7,4,11,5,5,10
highballs,9,6,3,9,6,2,8
highborn,8,3,4,7,4,4,8
highboy,7,4,4,8,4,4,8
highboy's,9,6,3,9,6,3,9
highboys,8,4,4,8,4,2,6
highbrow,8,3,3,6,3,3,6
highbrow's,10,4,2,6,4,2,6
highbrows,9,3,2,5,3,2,5
highchair,9,2,2,4,2,2,4
highchair's,11,4,1,5,3,1,4
highchairs,10,3,3,6,3,2,5
higher,6,4,5,9,4,5,9
highest,7,5,1,6,5,1,6
highfalutin,11,3,1,4,2,2,4
highfaluting,12,3,1,4,3,1,4
highjack,8,3,4,7,4,2,6
highjack's,10,6,5,11,6,2,8
highjacked,10,5,2,7,7,2,9
highjacker,10,4,2,6,6,2,8
highjacker's,12,6,1,7,8,1,9
highjackers,11,5,2,7,7,1,8
highjacking,11,3,1,4,3,3,6
highjacks,9,5,4,9,6,3,9
highland,8,5,3,8,4,3,7
highland's,10,7,3,10,6,3,9
highlands,9,6,3,9,6,2,8
highlight,9,2,3,5,2,2,4
highlight's,11,3,4,7,3,3,6
highlighted,11,7,1,8,7,3,10
highlighter,11,6,2,8,6,4,10
highlighter's,13,4,0,4,5,0,5
highlighters,12,4,1,5,4,0,4
highlighting,12,3,1,4,2,1,3
highlights,10,2,4,6,3,3,6
highly,6,4,4,8,4,3,7
highness,8,5,0,5,5,0,5
highness's,10,6,0,6,6,0,6
highs,5,3,10,13,3,10,13
hightail,8,3,2,5,1,4,5
hightailed,10,4,2,6,4,2,6
hightailing,11,3,1,4,2,2,4
hightails,9,4,3,7,4,2,6
highway,7,2,5,7,3,4,7
highway's,9,5,4,9,5,4,9
highwayman,10,2,2,4,2,2,4
highwayman's,12,3,1,4,3,1,4
highwaymen,10,3,3,6,2,3,5
highways,8,4,4,8,4,3,7
hijack,6,2,6,8,2,7,9
hijack's,8,4,6,10,4,6,10
hijacked,8,4,2,6,4,3,7
hijacker,8,5,2,7,5,1,6
hijacker's,10,7,1,8,7,1,8
hijackers,9,4,3,7,5,2,7
hijacking,9,4,2,6,4,2,6
hijacking's,11,5,2,7,4,2,6
hijackings,10,4,1,5,4,1,5
hijacks,7,5,5,10,3,4,7
hike,4,4,9,13,4,9,13
hike's,6,6,9,15,6,8,14
hiked,5,5,6,11,3,12,15
hiker,5,4,10,14,4,10,14
hiker's,7,6,7,13,6,7,13
hikers,6,5,8,13,5,9,14
hikes,5,5,8,13,4,11,15
hiking,6,5,8,13,5,8,13
hilarious,9,7,2,9,7,3,10
hilariously,11,6,0,6,5,0,5
hilarity,8,3,3,6,3,3,6
hilarity's,10,7,1,8,7,1,8
hill,4,3,6,9,3,6,9
hill's,6,5,5,10,5,5,10
hillbillies,11,3,1,4,4,0,4
hillbilly,9,2,3,5,2,2,4
hillbilly's,11,4,4,8,3,3,6
hillier,7,4,3,7,4,4,8
hilliest,8,5,2,7,5,3,8
hillock,7,3,4,7,4,4,8
hillock's,9,6,2,8,6,2,8
hillocks,8,4,4,8,3,5,8
hills,5,4,9,13,4,9,13
hillside,8,5,0,5,4,0,4
hillside's,10,6,0,6,4,0,4
hillsides,9,3,0,3,2,2,4
hilltop,7,3,4,7,4,3,7
hilltop's,9,5,3,8,6,2,8
hilltops,8,4,4,8,5,3,8
hilly,5,3,9,12,3,8,11
hilt,4,4,5,9,4,5,9
hilt's,6,6,4,10,6,4,10
hilts,5,5,5,10,5,5,10
him,3,3,8,11,3,9,12
hims,4,4,9,13,4,9,13
himself,7,4,0,4,4,0,4
hind,4,4,8,12,4,9,13
hind's,6,6,7,13,6,7,13
hinder,6,6,4,10,6,5,11
hindered,8,5,2,7,5,2,7
hindering,9,6,2,8,6,2,8
hinders,7,6,6,12,6,6,12
hindmost,8,2,2,4,2,2,4
hindquarter,11,4,1,5,3,1,4
hindquarter's,13,3,0,3,3,0,3
hindquarters,12,3,1,4,4,0,4
hindrance,9,4,2,6,4,1,5
hindrance's,11,8,0,8,6,0,6
hindrances,10,4,0,4,5,0,5
hinds,5,5,7,12,5,8,13
hindsight,9,2,1,3,2,1,3
hindsight's,11,5,1,6,2,1,3
hinge,5,5,6,11,5,6,11
hinge's,7,7,6,13,7,6,13
hinged,6,6,4,10,6,4,10
hinges,6,6,4,10,6,3,9
hinging,7,4,4,8,4,5,9
hint,4,4,8,12,4,7,11
hint's,6,6,7,13,6,7,13
hinted,6,6,5,11,6,5,11
hinterland,10,3,1,4,3,2,5
hinterland's,12,8,0,8,6,0,6
hinterlands,11,7,1,8,4,0,4
hinting,7,5,4,9,5,5,10
hints,5,5,7,12,5,7,12
hip,3,3,6,9,3,6,9
hip's,5,5,8,13,5,6,11
hipped,6,5,5,10,5,5,10
hipper,6,5,4,9,5,4,9
hippest,7,5,1,6,5,1,6
hippie,6,2,6,8,2,6,8
hippie's,8,4,6,10,4,6,10
hippies,7,4,1,5,4,1,5
hipping,7,5,4,9,5,5,10
hippo,5,3,5,8,3,5,8
hippo's,7,5,4,9,5,7,12
hippopotami,11,1,1,2,1,2,3
hippopotamus,12,3,2,5,3,1,4
hippopotamus's,14,10,0,10,10,0,10
hippopotamuses,14,9,1,10,9,1,10
hippos,6,4,6,10,4,6,10
hippy,5,4,7,11,4,8,12
hippy's,7,5,8,13,5,10,15
hips,4,4,4,8,4,4,8
hire,4,4,4,8,4,4,8
hire's,6,6,5,11,6,5,11
hired,5,5,5,10,5,7,12
hireling,8,5,1,6,5,1,6
hireling's,10,5,3,8,4,3,7
hirelings,9,4,2,6,4,2,6
hires,5,5,6,11,5,10,15
hiring,6,5,5,10,5,5,10
hirsute,7,3,1,4,4,1,5
his,3,2,10,12,2,10,12
hiss,4,3,3,6,3,3,6
hiss's,6,4,2,6,4,2,6
hissed,6,5,6,11,5,6,11
hisses,6,4,5,9,4,5,9
hissing,7,5,1,6,5,2,7
histamine,9,3,1,4,3,1,4
histamine's,11,4,0,4,4,0,4
histamines,10,3,1,4,3,1,4
histogram,9,3,2,5,3,2,5
histogram's,11,4,1,5,4,1,5
histograms,10,3,2,5,4,1,5
historian,9,3,1,4,3,1,4
historian's,11,3,1,4,3,1,4
historians,10,3,2,5,3,1,4
historic,8,2,2,4,2,2,4
historical,10,3,0,3,3,0,3
historically,12,3,0,3,3,0,3
histories,9,3,0,3,3,0,3
history,7,2,4,6,2,4,6
history's,9,4,2,6,4,3,7
histrionic,10,2,0,2,2,0,2
histrionics,11,2,1,3,2,1,3
histrionics's,13,2,0,2,2,0,2
hit,3,3,7,10,3,7,10
hit's,5,5,7,12,5,7,12
hitch,5,2,5,7,2,5,7
hitch's,7,4,4,8,4,4,8
hitched,7,5,4,9,5,4,9
hitches,7,6,1,7,5,1,6
hitchhike,9,3,2,5,3,2,5
hitchhike's,11,5,1,6,8,1,9
hitchhiked,10,3,3,6,7,3,10
hitchhiker,10,3,3,6,6,4,10
hitchhiker's,12,5,1,6,4,1,5
hitchhikers,11,4,2,6,7,2,9
hitchhikes,10,3,1,4,4,0,4
hitchhiking,11,3,1,4,2,2,4
hitching,8,6,3,9,5,4,9
hither,6,5,1,6,5,0,5
hitherto,8,4,2,6,4,2,6
hits,4,4,6,10,4,6,10
hitter,6,5,3,8,5,2,7
hitter's,8,7,4,11,7,4,11
hitters,7,6,4,10,6,2,8
hitting,7,5,6,11,5,6,11
hive,4,4,9,13,4,9,13
hive's,6,6,9,15,6,9,15
hived,5,5,8,13,5,9,14
hives,5,5,7,12,5,7,12
hiving,6,5,8,13,5,8,13
ho,2,2,6,8,2,6,8
ho's,4,3,11,14,3,11,14
hoagie,6,4,4,8,4,4,8
hoagie's,8,6,4,10,6,4,10
hoagies,7,5,5,10,4,7,11
hoagy,5,2,5,7,2,5,7
hoagy's,7,4,4,8,4,4,8
hoard,5,5,2,7,5,2,7
hoard's,7,5,1,6,5,1,6
hoarded,7,5,2,7,5,2,7
hoarder,7,6,1,7,6,1,7
hoarder's,9,6,0,6,6,0,6
hoarders,8,5,1,6,5,0,5
hoarding,8,7,4,11,7,4,11
hoards,6,4,3,7,4,3,7
hoarfrost,9,2,2,4,2,2,4
hoarfrost's,11,3,2,5,2,2,4
hoarier,7,5,2,7,5,2,7
hoariest,8,6,2,8,6,6,12
hoariness,9,5,4,9,5,4,9
hoariness's,11,6,4,10,6,4,10
hoarse,6,5,2,7,4,3,7
hoarsely,8,7,1,8,7,1,8
hoarseness,10,6,1,7,6,1,7
hoarseness's,12,7,1,8,7,1,8
hoarser,7,4,2,6,4,1,5
hoarsest,8,6,1,7,6,1,7
hoary,5,4,3,7,4,3,7
hoax,4,2,4,6,3,9,12
hoax's,6,4,3,7,4,8,12
hoaxed,6,5,5,10,5,5,10
hoaxer,6,4,5,9,4,5,9
hoaxer's,8,6,3,9,6,3,9
hoaxers,7,5,3,8,5,8,13
hoaxes,6,4,3,7,4,4,8
hoaxing,7,6,6,12,6,6,12
hob,3,3,7,10,3,7,10
hob's,5,5,8,13,5,8,13
hobbies,7,5,3,8,5,2,7
hobbit,6,3,5,8,2,6,8
hobble,6,5,4,9,5,4,9
hobble's,8,7,5,12,7,3,10
hobbled,7,6,5,11,6,4,10
hobbles,7,6,5,11,6,4,10
hobbling,8,7,5,12,7,3,10
hobby,5,3,6,9,3,6,9
hobby's,7,5,5,10,5,5,10
hobbyhorse,10,2,1,3,4,1,5
hobbyhorse's,12,3,2,5,3,2,5
hobbyhorses,11,4,1,5,3,2,5
hobbyist,8,5,3,8,7,2,9
hobbyist's,10,5,1,6,8,2,10
hobbyists,9,7,2,9,4,2,6
hobgoblin,9,2,3,5,2,3,5
hobgoblin's,11,4,2,6,3,2,5
hobgoblins,10,3,2,5,3,2,5
hobnail,7,5,2,7,4,3,7
hobnail's,9,6,2,8,7,1,8
hobnailed,9,4,1,5,5,1,6
hobnailing,10,4,2,6,3,2,5
hobnails,8,4,3,7,4,3,7
hobnob,6,2,5,7,3,4,7
hobnobbed,9,3,4,7,3,3,6
hobnobbing,10,3,3,6,4,2,6
hobnobs,7,3,3,6,4,2,6
hobo,4,2,5,7,2,5,7
hobo's,6,4,3,7,4,4,8
hoboes,6,3,4,7,3,4,7
hobos,5,3,2,5,3,2,5
hobs,4,4,6,10,4,6,10
hock,4,4,8,12,4,8,12
hock's,6,6,7,13,6,7,13
hocked,6,6,5,11,6,9,15
hockey,6,5,7,12,5,7,12
hockey's,8,7,5,12,7,5,12
hocking,7,7,8,15,7,9,16
hocks,5,5,7,12,5,7,12
hockshop,8,3,3,6,3,3,6
hockshop's,10,4,3,7,3,3,6
hockshops,9,5,3,8,3,2,5
hod,3,3,6,9,3,7,10
hod's,5,5,7,12,5,7,12
hodgepodge,10,2,3,5,2,3,5
hodgepodge's,12,4,1,5,4,1,5
hodgepodges,11,3,1,4,2,3,5
hods,4,4,6,10,4,6,10
hoe,3,3,14,17,3,14,17
hoe's,5,5,7,12,5,7,12
hoed,4,4,5,9,4,4,8
hoedown,7,1,5,6,1,5,6
hoedown's,9,4,3,7,4,3,7
hoedowns,8,3,4,7,4,2,6
hoeing,6,6,4,10,6,4,10
hoes,4,4,4,8,4,3,7
hog,3,3,11,14,3,10,13
hog's,5,5,9,14,5,9,14
hogan,5,5,2,7,5,2,7
hogan's,7,7,1,8,7,1,8
hogans,6,4,4,8,4,4,8
hogged,6,5,9,14,5,8,13
hogging,7,5,6,11,5,6,11
hoggish,7,3,2,5,4,1,5
hogs,4,4,9,13,4,9,13
hogshead,8,3,2,5,3,2,5
hogshead's,10,5,1,6,5,1,6
hogsheads,9,4,1,5,3,2,5
hogwash,7,4,3,7,3,3,6
hogwash's,9,5,3,8,4,2,6
hoist,5,5,3,8,5,3,8
hoist's,7,5,4,9,5,3,8
hoisted,7,6,3,9,6,3,9
hoisting,8,6,3,9,6,2,8
hoists,6,5,4,9,5,4,9
hokey,5,5,7,12,5,7,12
hokier,6,6,3,9,6,3,9
hokiest,7,7,1,8,7,1,8
hokum,5,3,6,9,3,7,10
hokum's,7,5,5,10,5,6,11
hold,4,4,9,13,4,8,12
hold's,6,6,7,13,6,6,12
holder,6,6,2,8,6,2,8
holder's,8,8,1,9,8,1,9
holders,7,7,2,9,7,2,9
holding,7,7,5,12,7,5,12
holding's,9,9,3,12,9,4,13
holdings,8,5,6,11,8,6,14
holdout,7,4,6,10,2,6,8
holdout's,9,4,4,8,4,4,8
holdouts,8,5,4,9,5,4,9
holdover,8,5,1,6,4,2,6
holdover's,10,6,1,7,6,0,6
holdovers,9,5,2,7,5,1,6
holds,5,5,7,12,5,7,12
holdup,6,4,4,8,4,4,8
holdup's,8,4,4,8,4,4,8
holdups,7,5,4,9,5,4,9
hole,4,4,6,10,4,6,10
hole's,6,6,5,11,6,5,11
holed,5,4,8,12,5,8,13
holes,5,5,5,10,5,5,10
holiday,7,5,2,7,5,2,7
holiday's,9,7,2,9,7,2,9
holidayed,9,4,1,5,4,1,5
holidaying,10,6,2,8,4,3,7
holidays,8,5,2,7,5,2,7
holier,6,6,4,10,6,4,10
holiest,7,7,2,9,7,2,9
holiness,8,7,1,8,7,1,8
holiness's,10,8,1,9,8,1,9
holing,6,5,11,16,5,11,16
holistic,8,6,1,7,5,1,6
holler,6,4,4,8,4,5,9
holler's,8,6,1,7,6,3,9
hollered,8,5,5,10,4,5,9
hollering,9,6,4,10,6,4,10
hollers,7,5,1,6,5,1,6
hollies,7,6,4,10,6,4,10
hollow,6,3,8,11,3,7,10
hollow's,8,4,5,9,4,4,8
hollowed,8,5,3,8,5,5,10
hollower,8,5,5,10,5,3,8
hollowest,9,4,3,7,5,1,6
hollowing,9,6,3,9,6,3,9
hollowly,8,3,5,8,2,5,7
hollowness,10,4,2,6,4,1,5
hollowness's,12,5,2,7,5,1,6
hollows,7,4,6,10,4,6,10
holly,5,4,4,8,4,4,8
holly's,7,6,3,9,6,4,10
hollyhock,9,2,4,6,2,4,6
hollyhock's,11,4,2,6,4,2,6
hollyhocks,10,5,3,8,4,2,6
holocaust,9,2,2,4,2,2,4
holocaust's,11,3,2,5,2,2,4
holocausts,10,2,3,5,2,2,4
hologram,8,4,3,7,3,3,6
hologram's,10,6,2,8,5,1,6
holograms,9,4,2,6,5,2,7
holograph,9,7,3,10,7,3,10
holograph's,11,9,1,10,9,1,10
holographic,11,7,1,8,3,2,5
holographs,10,8,2,10,8,1,9
holography,10,3,3,6,3,3,6
holography's,12,4,1,5,4,2,6
holster,7,5,3,8,5,3,8
holster's,9,7,2,9,7,2,9
holstered,9,7,1,8,7,1,8
holstering,10,9,1,10,9,1,10
holsters,8,6,1,7,6,1,7
holy,4,2,8,10,2,7,9
homage,6,5,3,8,5,2,7
homage's,8,7,4,11,7,3,10
homages,7,6,4,10,6,2,8
homburg,7,2,5,7,3,5,8
homburg's,9,4,4,8,5,4,9
homburgs,8,5,4,9,5,4,9
home,4,3,11,14,3,11,14
home's,6,6,7,13,5,10,15
homebodies,10,4,0,4,4,1,5
homebody,8,1,5,6,1,5,6
homebody's,10,5,2,7,5,2,7
homeboy,7,3,2,5,3,3,6
homeboy's,9,4,2,6,4,2,6
homeboys,8,3,3,6,3,3,6
homecoming,10,5,3,8,6,2,8
homecoming's,12,7,2,9,8,1,9
homecomings,11,6,2,8,4,1,5
homed,5,4,10,14,5,9,14
homegrown,9,3,2,5,3,2,5
homeland,8,6,3,9,6,3,9
homeland's,10,8,1,9,4,2,6
homelands,9,4,1,5,4,0,4
homeless,8,5,2,7,6,2,8
homeless's,10,5,1,6,5,1,6
homelessness,12,6,1,7,7,1,8
homelessness's,14,7,1,8,8,1,9
homelier,8,6,3,9,6,3,9
homeliest,9,7,1,8,7,1,8
homeliness,10,7,1,8,7,1,8
homeliness's,12,8,1,9,8,1,9
homely,6,5,6,11,5,5,10
homemade,8,4,2,6,4,2,6
homemaker,9,5,1,6,3,2,5
homemaker's,11,6,0,6,5,0,5
homemakers,10,5,1,6,4,1,5
homeopathic,11,5,1,6,2,1,3
homeopathy,10,2,2,4,2,2,4
homeopathy's,12,4,0,4,3,1,4
homeowner,9,2,2,4,2,2,4
homeowner's,11,4,1,5,3,1,4
homeowners,10,3,2,5,3,2,5
homepage,8,4,2,6,4,2,6
homepage's,10,5,2,7,5,3,8
homepages,9,5,1,6,5,2,7
homer,5,5,7,12,5,7,12
homer's,7,7,3,10,7,3,10
homered,7,6,3,9,6,2,8
homering,8,8,3,11,8,3,11
homeroom,8,3,4,7,3,3,6
homeroom's,10,5,1,6,5,2,7
homerooms,9,4,1,5,3,2,5
homers,6,5,5,10,5,5,10
homes,5,5,7,12,4,10,14
homesick,8,6,2,8,6,2,8
homesickness,12,4,0,4,2,0,2
homesickness's,14,3,0,3,2,0,2
homespun,8,5,3,8,5,3,8
homespun's,10,5,2,7,5,2,7
homestead,9,3,0,3,3,0,3
homestead's,11,2,0,2,2,0,2
homesteaded,11,8,0,8,3,0,3
homesteader,11,8,0,8,3,0,3
homesteader's,13,4,0,4,2,0,2
homesteaders,12,2,1,3,2,1,3
homesteading,12,7,1,8,5,1,6
homesteads,10,3,1,4,2,1,3
homestretch,11,3,0,3,4,0,4
homestretch's,13,4,0,4,4,0,4
homestretches,13,4,1,5,4,0,4
hometown,8,5,3,8,5,3,8
hometown's,10,7,2,9,7,2,9
hometowns,9,6,2,8,6,2,8
homeward,8,5,2,7,5,2,7
homewards,9,6,0,6,6,1,7
homework,8,3,2,5,3,2,5
homework's,10,6,1,7,6,1,7
homewrecker,11,1,2,3,2,1,3
homewrecker's,13,3,1,4,3,0,3
homewreckers,12,3,0,3,3,0,3
homey,5,3,9,12,4,8,12
homey's,7,6,6,12,5,5,10
homeyness,9,4,2,6,4,2,6
homeyness's,11,5,2,7,5,2,7
homeys,6,6,4,10,6,4,10
homicidal,9,4,2,6,5,2,7
homicide,8,6,2,8,5,2,7
homicide's,10,8,0,8,5,1,6
homicides,9,7,0,7,5,0,5
homie,5,4,6,10,4,6,10
homie's,7,6,5,11,6,5,11
homier,6,5,5,10,5,5,10
homies,6,5,3,8,5,2,7
homiest,7,6,3,9,6,3,9
homilies,8,5,2,7,5,2,7
homily,6,4,6,10,4,6,10
homily's,8,6,3,9,6,3,9
hominess,8,6,2,8,6,2,8
hominess's,10,7,2,9,7,2,9
homing,6,5,9,14,5,10,15
hominy,6,4,4,8,3,4,7
hominy's,8,5,3,8,5,3,8
homogeneity,11,3,1,4,3,1,4
homogeneity's,13,4,1,5,4,0,4
homogeneous,11,2,2,4,2,2,4
homogeneously,13,2,0,2,2,0,2
homogenization,14,3,1,4,3,1,4
homogenization's,16,4,0,4,4,0,4
homogenize,10,2,2,4,1,3,4
homogenized,11,3,1,4,2,2,4
homogenizes,11,3,1,4,3,2,5
homogenizing,12,4,1,5,4,1,5
homograph,9,6,4,10,6,4,10
homograph's,11,8,2,10,8,2,10
homographs,10,7,3,10,7,2,9
homonym,7,2,4,6,2,4,6
homonym's,9,4,3,7,3,3,6
homonyms,8,3,4,7,3,4,7
homophobia,10,3,3,6,7,2,9
homophobia's,12,2,2,4,3,1,4
homophobic,10,5,2,7,6,3,9
homophone,9,2,3,5,2,3,5
homophone's,11,4,2,6,3,2,5
homophones,10,3,2,5,3,2,5
homosexual,10,3,1,4,3,1,4
homosexual's,12,4,0,4,4,0,4
homosexuality,13,2,1,3,2,1,3
homosexuality's,15,3,0,3,2,1,3
homosexuals,11,3,0,3,3,0,3
homy,4,3,11,14,3,11,14
honcho,6,2,4,6,2,4,6
honcho's,8,6,2,8,4,3,7
honchos,7,5,3,8,4,2,6
hone,4,4,7,11,4,7,11
hone's,6,6,7,13,6,7,13
honed,5,5,7,12,4,10,14
hones,5,5,6,11,5,9,14
honest,6,5,4,9,5,4,9
honester,8,6,1,7,6,1,7
honestest,9,3,0,3,3,0,3
honestly,8,7,0,7,7,0,7
honesty,7,4,1,5,6,0,6
honesty's,9,7,1,8,4,2,6
honey,5,5,6,11,5,6,11
honey's,7,5,4,9,5,4,9
honeybee,8,1,2,3,1,2,3
honeybee's,10,2,1,3,3,0,3
honeybees,9,3,0,3,3,0,3
honeycomb,9,3,1,4,3,1,4
honeycomb's,11,5,0,5,3,1,4
honeycombed,11,2,3,5,2,2,4
honeycombing,12,4,1,5,4,1,5
honeycombs,10,4,2,6,4,2,6
honeydew,8,3,1,4,3,1,4
honeydew's,10,4,1,5,4,1,5
honeydews,9,3,2,5,4,2,6
honeyed,7,6,2,8,6,2,8
honeying,8,5,1,6,5,1,6
honeymoon,9,2,1,3,2,1,3
honeymoon's,11,4,0,4,3,1,4
honeymooned,11,2,3,5,2,2,4
honeymooner,11,3,2,5,3,1,4
honeymooner's,13,4,1,5,4,0,4
honeymooners,12,3,0,3,3,1,4
honeymooning,12,3,1,4,3,1,4
honeymoons,10,3,2,5,3,1,4
honeys,6,5,5,10,5,5,10
honeysuckle,11,3,0,3,3,0,3
honeysuckle's,13,2,0,2,2,0,2
honeysuckles,12,3,0,3,3,0,3
honied,6,6,6,12,6,7,13
honing,6,5,4,9,5,4,9
honk,4,3,10,13,3,10,13
honk's,6,5,7,12,5,7,12
honked,6,5,7,12,6,6,12
honking,7,5,5,10,5,5,10
honks,5,5,7,12,5,7,12
honor,5,3,4,7,3,4,7
honor's,7,5,3,8,5,3,8
honorable,9,3,3,6,3,1,4
honorably,9,2,3,5,2,3,5
honoraria,9,3,2,5,3,2,5
honorarium,10,3,2,5,3,2,5
honorarium's,12,3,1,4,4,1,5
honorariums,11,3,1,4,4,1,5
honorary,8,5,3,8,3,3,6
honored,7,5,3,8,5,2,7
honorific,9,3,2,5,3,2,5
honorific's,11,4,2,6,3,2,5
honorifics,10,4,3,7,3,2,5
honoring,8,4,3,7,4,3,7
honors,6,4,4,8,4,4,8
hooch,5,2,4,6,2,4,6
hooch's,7,4,3,7,4,3,7
hood,4,3,6,9,3,7,10
hood's,6,5,3,8,5,3,8
hooded,6,4,3,7,4,2,6
hoodie,6,4,4,8,4,4,8
hoodie's,8,6,3,9,6,5,11
hoodies,7,6,3,9,6,3,9
hooding,7,6,9,15,6,9,15
hoodlum,7,4,4,8,4,4,8
hoodlum's,9,6,3,9,6,3,9
hoodlums,8,5,4,9,5,4,9
hoodoo,6,3,4,7,3,4,7
hoodoo's,8,5,2,7,5,2,7
hoodooed,8,4,1,5,4,2,6
hoodooing,9,6,2,8,6,2,8
hoodoos,7,4,3,7,4,2,6
hoods,5,4,8,12,4,8,12
hoodwink,8,4,3,7,4,3,7
hoodwinked,10,3,2,5,3,2,5
hoodwinking,11,3,2,5,2,3,5
hoodwinks,9,6,3,9,6,3,9
hooey,5,3,7,10,3,7,10
hooey's,7,4,4,8,4,4,8
hoof,4,3,9,12,3,9,12
hoof's,6,5,10,15,5,9,14
hoofed,6,5,4,9,5,7,12
hoofing,7,6,7,13,6,7,13
hoofs,5,4,8,12,4,9,13
hook,4,3,7,10,3,7,10
hook's,6,5,7,12,5,6,11
hookah,6,4,2,6,4,2,6
hookah's,8,6,1,7,6,1,7
hookahs,7,5,2,7,5,1,6
hooked,6,5,5,10,4,8,12
hooker,6,5,2,7,5,2,7
hooker's,8,7,1,8,7,1,8
hookers,7,5,3,8,5,3,8
hookey,6,3,6,9,3,6,9
hookey's,8,5,5,10,5,5,10
hooking,7,6,8,14,6,8,14
hooks,5,4,6,10,4,6,10
hookup,6,5,5,10,1,7,8
hookup's,8,3,4,7,4,2,6
hookups,7,2,4,6,2,4,6
hookworm,8,5,5,10,5,5,10
hookworm's,10,7,3,10,7,3,10
hookworms,9,6,3,9,6,3,9
hooky,5,3,6,9,3,6,9
hooky's,7,5,5,10,5,5,10
hooligan,8,5,2,7,4,2,6
hooligan's,10,7,1,8,3,2,5
hooliganism,11,4,1,5,3,0,3
hooliganism's,13,5,0,5,3,0,3
hooligans,9,3,1,4,3,1,4
hoop,4,3,8,11,3,7,10
hoop's,6,4,9,13,5,8,13
hooped,6,5,6,11,4,5,9
hooping,7,6,6,12,6,5,11
hoopla,6,2,3,5,2,3,5
hoopla's,8,3,3,6,3,3,6
hoops,5,4,7,11,4,7,11
hoorah,6,3,3,6,3,3,6
hoorah's,8,5,2,7,5,2,7
hoorahs,7,4,3,7,4,2,6
hooray,6,3,2,5,3,2,5
hooray's,8,5,1,6,5,1,6
hoorayed,8,4,2,6,4,1,5
hooraying,9,4,2,6,4,2,6
hoorays,7,4,2,6,4,1,5
hoot,4,3,7,10,3,7,10
hoot's,6,4,10,14,5,8,13
hootch,6,1,6,7,2,5,7
hootch's,8,4,2,6,4,2,6
hooted,6,4,7,11,5,6,11
hooter,6,4,5,9,4,5,9
hooter's,8,6,4,10,6,4,10
hooters,7,6,1,7,6,0,6
hooting,7,6,5,11,6,5,11
hoots,5,4,7,11,4,7,11
hooves,6,3,5,8,3,5,8
hop,3,3,7,10,3,7,10
hop's,5,5,8,13,5,8,13
hope,4,4,4,8,4,4,8
hope's,6,6,4,10,6,3,9
hoped,5,5,5,10,5,4,9
hopeful,7,3,3,6,3,3,6
hopeful's,9,5,2,7,4,1,5
hopefully,9,6,3,9,5,3,8
hopefulness,11,6,1,7,6,1,7
hopefulness's,13,7,1,8,7,1,8
hopefuls,8,4,2,6,4,2,6
hopeless,8,4,4,8,5,3,8
hopelessly,10,5,1,6,5,1,6
hopelessness,12,4,2,6,6,2,8
hopelessness's,14,5,2,7,7,2,9
hopes,5,4,8,12,5,4,9
hoping,6,6,5,11,6,6,12
hopped,6,5,7,12,5,5,10
hopper,6,5,3,8,5,4,9
hopper's,8,7,2,9,7,2,9
hoppers,7,5,3,8,6,7,13
hopping,7,6,7,13,6,6,12
hops,4,4,7,11,4,7,11
hopscotch,9,2,3,5,2,3,5
hopscotch's,11,3,1,4,2,1,3
hopscotched,11,3,0,3,3,0,3
hopscotches,11,3,0,3,3,0,3
hopscotching,12,4,1,5,3,1,4
horde,5,4,4,8,4,5,9
horde's,7,6,2,8,6,3,9
horded,6,5,2,7,5,2,7
hordes,6,3,1,4,3,1,4
hording,7,7,6,13,7,8,15
horizon,7,2,4,6,2,4,6
horizon's,9,6,2,8,4,4,8
horizons,8,5,2,7,4,3,7
horizontal,10,3,2,5,2,2,4
horizontal's,12,3,1,4,3,1,4
horizontally,12,2,2,4,2,2,4
horizontals,11,4,1,5,3,1,4
hormonal,8,4,3,7,4,3,7
hormone,7,4,5,9,4,4,8
hormone's,9,5,4,9,5,2,7
hormones,8,4,3,7,4,3,7
horn,4,4,4,8,4,5,9
horn's,6,6,3,9,6,4,10
horned,6,6,4,10,6,5,11
hornet,6,5,4,9,5,4,9
hornet's,8,7,2,9,7,2,9
hornets,7,6,4,10,6,4,10
hornier,7,5,2,7,5,2,7
horniest,8,7,4,11,6,4,10
hornless,8,4,2,6,4,2,6
hornpipe,8,4,3,7,4,3,7
hornpipe's,10,6,2,8,7,1,8
hornpipes,9,4,2,6,5,2,7
horns,5,4,9,13,4,9,13
horny,5,4,6,10,4,7,11
horology,8,5,5,10,5,5,10
horology's,10,6,3,9,6,3,9
horoscope,9,3,2,5,3,1,4
horoscope's,11,7,1,8,4,0,4
horoscopes,10,6,2,8,3,0,3
horrendous,10,5,0,5,3,2,5
horrendously,12,7,0,7,4,0,4
horrible,8,4,3,7,4,2,6
horribly,8,7,3,10,7,3,10
horrid,6,3,5,8,5,4,9
horridly,8,6,4,10,6,4,10
horrific,8,2,2,4,2,2,4
horrified,9,5,2,7,5,2,7
horrifies,9,5,1,6,5,1,6
horrify,7,4,5,9,3,5,8
horrifying,10,6,3,9,6,4,10
horror,6,1,8,9,2,5,7
horror's,8,3,6,9,4,3,7
horrors,7,3,7,10,3,3,6
horse,5,5,4,9,5,4,9
horse's,7,6,3,9,6,3,9
horseback,9,5,1,6,7,0,7
horseback's,11,8,0,8,8,0,8
horsed,6,5,5,10,5,6,11
horseflies,10,8,0,8,8,0,8
horsefly,8,4,1,5,8,1,9
horsefly's,10,7,0,7,6,0,6
horsehair,9,4,0,4,4,0,4
horsehair's,11,6,0,6,4,0,4
horsehide,9,4,0,4,4,0,4
horsehide's,11,6,0,6,4,0,4
horseman,8,6,0,6,4,0,4
horseman's,10,6,1,7,5,1,6
horsemanship,12,3,0,3,2,0,2
horsemanship's,14,1,0,1,1,0,1
horsemen,8,5,0,5,4,0,4
horseplay,9,5,1,6,6,0,6
horseplay's,11,8,0,8,8,0,8
horsepower,10,3,0,3,3,0,3
horsepower's,12,3,0,3,3,0,3
horseradish,11,2,0,2,2,0,2
horseradish's,13,3,0,3,2,0,2
horseradishes,13,3,0,3,2,0,2
horses,6,4,2,6,4,2,6
horseshoe,9,2,0,2,2,0,2
horseshoe's,11,3,0,3,2,0,2
horseshoed,10,1,1,2,1,1,2
horseshoeing,12,2,0,2,2,0,2
horseshoes,10,2,0,2,2,0,2
horsetail,9,6,0,6,6,1,7
horsetail's,11,7,1,8,7,1,8
horsetails,10,5,1,6,6,0,6
horsewhip,9,6,0,6,5,0,5
horsewhip's,11,3,1,4,4,0,4
horsewhipped,12,3,0,3,3,0,3
horsewhipping,13,2,0,2,2,0,2
horsewhips,10,5,0,5,4,0,4
horsewoman,10,3,0,3,3,0,3
horsewoman's,12,3,0,3,3,0,3
horsewomen,10,3,0,3,3,0,3
horsey,6,5,2,7,5,2,7
horsier,7,4,1,5,4,1,5
horsiest,8,5,0,5,5,1,6
horsing,7,5,4,9,5,4,9
horsy,5,3,5,8,3,5,8
horticultural,13,2,1,3,2,1,3
horticulture,12,3,1,4,3,1,4
horticulture's,14,3,0,3,3,0,3
horticulturist,14,2,0,2,2,0,2
horticulturist's,16,3,0,3,2,0,2
horticulturists,15,2,0,2,2,0,2
hos,3,2,12,14,2,12,14
hosanna,7,4,3,7,4,3,7
hosanna's,9,5,2,7,5,3,8
hosannas,8,2,2,4,2,1,3
hose,4,3,11,14,3,11,14
hose's,6,5,4,9,5,4,9
hosed,5,5,0,5,5,0,5
hoses,5,4,2,6,4,2,6
hosiery,7,3,0,3,4,0,4
hosiery's,9,6,1,7,6,0,6
hosing,6,6,2,8,6,2,8
hospice,7,4,2,6,4,2,6
hospice's,9,6,2,8,6,2,8
hospices,8,5,1,6,6,1,7
hospitable,10,7,0,7,7,1,8
hospitably,10,6,1,7,7,2,9
hospital,8,4,1,5,4,1,5
hospital's,10,4,1,5,3,1,4
hospitality,11,3,0,3,3,0,3
hospitality's,13,3,0,3,3,0,3
hospitalization,15,2,0,2,2,0,2
hospitalization's,17,3,0,3,2,0,2
hospitalizations,16,2,0,2,2,0,2
hospitalize,11,3,0,3,3,0,3
hospitalized,12,2,0,2,2,0,2
hospitalizes,12,3,0,3,3,0,3
hospitalizing,13,2,0,2,2,0,2
hospitals,9,5,1,6,2,3,5
host,4,4,4,8,4,4,8
host's,6,4,2,6,4,2,6
hostage,7,3,2,5,7,0,7
hostage's,9,4,2,6,8,1,9
hostages,8,6,1,7,6,1,7
hosted,6,6,4,10,5,7,12
hostel,6,5,3,8,5,3,8
hostel's,8,6,2,8,6,2,8
hosteled,8,4,2,6,4,2,6
hosteler,8,4,2,6,4,1,5
hosteler's,10,5,1,6,5,1,6
hostelers,9,3,0,3,3,0,3
hosteling,9,6,1,7,6,1,7
hostelled,9,4,0,4,5,0,5
hostelling,10,6,0,6,6,0,6
hostelries,10,3,0,3,3,0,3
hostelry,8,5,0,5,4,0,4
hostelry's,10,5,1,6,4,2,6
hostels,7,4,2,6,4,2,6
hostess,7,2,1,3,2,1,3
hostess's,9,3,1,4,3,1,4
hostessed,9,3,1,4,3,1,4
hostesses,9,2,1,3,2,1,3
hostessing,10,5,1,6,5,1,6
hostile,7,5,2,7,3,4,7
hostile's,9,4,2,6,4,2,6
hostilely,9,4,0,4,4,0,4
hostiles,8,5,1,6,5,2,7
hostilities,11,3,0,3,3,0,3
hostilities's,13,2,0,2,2,0,2
hostility,9,2,2,4,5,1,6
hostility's,11,6,1,7,6,1,7
hosting,7,7,4,11,7,4,11
hostler,7,4,3,7,5,2,7
hostler's,9,8,0,8,6,2,8
hostlers,8,7,1,8,7,1,8
hosts,5,4,4,8,4,4,8
hot,3,3,5,8,3,5,8
hotbed,6,4,5,9,4,4,8
hotbed's,8,5,3,8,5,3,8
hotbeds,7,6,3,9,6,3,9
hotcake,7,4,1,5,4,0,4
hotcake's,9,6,1,7,5,1,6
hotcakes,8,5,2,7,5,1,6
hotel,5,5,6,11,5,6,11
hotel's,7,7,4,11,7,4,11
hotelier,8,5,3,8,5,3,8
hotelier's,10,6,1,7,5,0,5
hoteliers,9,5,2,7,4,0,4
hotels,6,6,3,9,6,3,9
hothead,7,3,3,6,3,3,6
hothead's,9,6,1,7,6,2,8
hotheaded,9,4,2,6,4,3,7
hotheadedly,11,4,2,6,2,1,3
hotheadedness,13,3,0,3,3,0,3
hotheadedness's,15,3,0,3,3,0,3
hotheads,8,5,1,6,5,1,6
hothouse,8,5,0,5,5,0,5
hothouse's,10,6,1,7,6,0,6
hothouses,9,5,0,5,4,0,4
hotkey,6,3,5,8,3,5,8
hotkeys,7,5,4,9,5,4,9
hotly,5,4,4,8,4,4,8
hotness,7,5,3,8,5,3,8
hotness's,9,6,3,9,6,3,9
hotshot,7,4,3,7,4,3,7
hotshot's,9,5,3,8,4,3,7
hotshots,8,4,3,7,4,3,7
hotter,6,4,6,10,4,5,9
hottest,7,3,1,4,3,1,4
hoummos,7,2,5,7,3,3,6
houmous,7,3,4,7,2,8,10
hound,5,5,7,12,5,7,12
hound's,7,7,5,12,7,4,11
hounded,7,6,4,10,6,4,10
hounding,8,7,4,11,7,4,11
hounds,6,6,5,11,6,5,11
hour,4,4,5,9,4,6,10
hour's,6,6,3,9,6,4,10
hourglass,9,2,1,3,2,1,3
hourglass's,11,2,1,3,2,1,3
hourglasses,11,3,0,3,3,0,3
hourly,6,4,5,9,4,5,9
hours,5,5,5,10,5,5,10
house,5,5,0,5,5,0,5
house's,7,6,1,7,6,1,7
houseboat,9,8,0,8,8,0,8
houseboat's,11,9,0,9,9,0,9
houseboats,10,8,0,8,8,0,8
housebound,10,4,1,5,4,1,5
housebreak,10,7,0,7,3,1,4
housebreaking,13,7,0,7,4,0,4
housebreaking's,15,3,0,3,3,0,3
housebreaks,11,7,0,7,7,0,7
housebroke,10,3,0,3,4,0,4
housebroken,11,3,1,4,3,0,3
houseclean,10,6,1,7,4,0,4
housecleaned,12,2,1,3,2,1,3
housecleaning,13,4,0,4,3,0,3
housecleaning's,15,3,0,3,3,0,3
housecleans,11,6,1,7,6,1,7
housecoat,9,7,1,8,7,1,8
housecoat's,11,8,1,9,8,1,9
housecoats,10,7,1,8,7,1,8
housed,6,6,3,9,6,6,12
houseflies,10,7,1,8,7,1,8
housefly,8,3,1,4,7,2,9
housefly's,10,6,1,7,6,1,7
household,9,5,0,5,4,0,4
household's,11,6,0,6,4,0,4
householder,11,2,2,4,4,0,4
householder's,13,7,0,7,3,0,3
householders,12,6,0,6,4,0,4
households,10,5,0,5,4,0,4
househusband,12,1,0,1,1,0,1
househusband's,14,1,0,1,1,0,1
househusbands,13,3,0,3,1,1,2
housekeeper,11,1,3,4,2,0,2
housekeeper's,13,3,0,3,3,0,3
housekeepers,12,2,0,2,2,0,2
housekeeping,12,5,0,5,4,0,4
housekeeping's,14,3,0,3,3,0,3
housemaid,9,3,1,4,3,1,4
housemaid's,11,6,1,7,6,1,7
housemaids,10,5,2,7,5,2,7
housemother,11,2,1,3,4,0,4
housemother's,13,7,0,7,3,0,3
housemothers,12,6,0,6,4,0,4
houseplant,10,4,1,5,4,1,5
houseplant's,12,3,0,3,3,0,3
houseplants,11,7,1,8,7,1,8
houses,6,5,3,8,5,3,8
housetop,8,3,0,3,3,0,3
housetop's,10,6,0,6,6,0,6
housetops,9,3,0,3,3,0,3
housewares,10,4,1,5,4,1,5
housewares's,12,3,0,3,3,0,3
housewarming,12,5,0,5,4,0,4
housewarming's,14,3,0,3,4,0,4
housewarmings,13,3,0,3,3,0,3
housewife,9,4,0,4,4,0,4
housewife's,11,6,0,6,4,0,4
housewives,10,5,0,5,5,0,5
housework,9,5,1,6,5,1,6
housework's,11,6,1,7,6,1,7
housing,7,7,3,10,7,3,10
housing's,9,4,2,6,4,1,5
housings,8,4,3,7,3,3,6
hove,4,4,10,14,4,10,14
hovel,5,4,7,11,4,7,11
hovel's,7,6,6,12,6,5,11
hovels,6,6,4,10,5,4,9
hover,5,5,5,10,5,5,10
hovercraft,10,2,2,4,3,1,4
hovercraft's,12,4,1,5,3,1,4
hovercrafts,11,3,1,4,4,0,4
hovered,7,5,4,9,5,3,8
hovering,8,7,4,11,7,4,11
hovers,6,6,3,9,6,3,9
how,3,3,7,10,3,7,10
how's,5,5,6,11,5,6,11
howdah,6,3,5,8,2,8,10
howdah's,8,5,4,9,4,7,11
howdahs,7,4,5,9,3,6,9
howdy,5,3,5,8,5,4,9
however,7,3,4,7,3,2,5
howitzer,8,5,3,8,5,2,7
howitzer's,10,7,1,8,7,1,8
howitzers,9,5,3,8,6,2,8
howl,4,4,7,11,4,6,10
howl's,6,6,6,12,6,5,11
howled,6,6,5,11,6,5,11
howler,6,5,6,11,5,7,12
howler's,8,7,3,10,7,5,12
howlers,7,6,2,8,5,2,7
howling,7,7,7,14,7,7,14
howls,5,5,6,11,5,6,11
hows,4,4,7,11,4,7,11
howsoever,9,5,0,5,4,0,4
hub,3,3,6,9,3,6,9
hub's,5,5,6,11,5,6,11
hubbies,7,5,2,7,5,4,9
hubbub,6,1,7,8,2,5,7
hubbub's,8,3,6,9,4,4,8
hubbubs,7,2,7,9,3,4,7
hubby,5,4,5,9,4,10,14
hubby's,7,5,4,9,5,6,11
hubcap,6,3,5,8,2,8,10
hubcap's,8,5,4,9,4,7,11
hubcaps,7,3,7,10,4,6,10
hubris,6,4,4,8,3,4,7
hubris's,8,4,2,6,3,3,6
hubs,4,4,6,10,4,6,10
huckleberries,13,2,1,3,2,0,2
huckleberry,11,1,2,3,2,2,4
huckleberry's,13,2,1,3,3,1,4
huckster,8,5,2,7,5,2,7
huckster's,10,6,2,8,6,2,8
huckstered,10,6,0,6,5,1,6
huckstering,11,5,0,5,4,0,4
hucksters,9,5,2,7,2,3,5
huddle,6,5,7,12,5,6,11
huddle's,8,7,5,12,7,5,12
huddled,7,5,4,9,5,4,9
huddles,7,6,6,12,6,6,12
huddling,8,7,6,13,7,5,12
hue,3,3,6,9,3,6,9
hue's,5,5,5,10,5,5,10
hued,4,3,7,10,3,7,10
hues,4,4,5,9,4,5,9
huff,4,3,9,12,3,8,11
huff's,6,5,8,13,5,7,12
huffed,6,5,11,16,5,10,15
huffier,7,6,5,11,6,4,10
huffiest,8,7,4,11,7,2,9
huffily,7,5,5,10,4,5,9
huffing,7,6,8,14,6,7,13
huffs,5,4,11,15,4,9,13
huffy,5,4,8,12,4,11,15
hug,3,3,6,9,3,6,9
hug's,5,5,5,10,5,5,10
huge,4,3,9,12,3,9,12
hugely,6,4,5,9,4,5,9
hugeness,8,4,3,7,4,3,7
hugeness's,10,5,3,8,5,3,8
huger,5,4,8,12,4,8,12
hugest,6,4,4,8,4,4,8
hugged,6,5,11,16,5,10,15
hugging,7,5,5,10,5,5,10
hugs,4,4,5,9,4,5,9
huh,3,2,10,12,2,10,12
hula,4,3,3,6,3,3,6
hula's,6,5,3,8,5,3,8
hulas,5,4,3,7,4,4,8
hulk,4,3,10,13,2,10,12
hulk's,6,5,8,13,4,10,14
hulking,7,6,5,11,6,5,11
hulks,5,4,8,12,3,9,12
hull,4,3,6,9,3,5,8
hull's,6,5,6,11,5,5,10
hullabaloo,10,1,3,4,2,3,5
hullabaloo's,12,3,1,4,3,2,5
hullabaloos,11,4,1,5,2,2,4
hulled,6,5,9,14,5,8,13
hulling,7,6,8,14,6,8,14
hulls,5,4,10,14,4,10,14
hum,3,3,8,11,3,8,11
hum's,5,5,9,14,4,12,16
human,5,4,5,9,4,6,10
human's,7,6,4,10,6,4,10
humane,6,4,3,7,4,3,7
humanely,8,3,2,5,3,1,4
humaneness,10,3,0,3,3,0,3
humaneness's,12,4,0,4,3,0,3
humaner,7,4,4,8,4,4,8
humanest,8,7,2,9,7,2,9
humanism,8,4,2,6,4,2,6
humanism's,10,4,1,5,5,2,7
humanist,8,6,2,8,6,2,8
humanist's,10,6,1,7,7,2,9
humanistic,10,6,1,7,5,1,6
humanists,9,4,2,6,3,4,7
humanitarian,12,3,1,4,3,1,4
humanitarian's,14,3,0,3,4,0,4
humanitarianism,15,2,0,2,4,0,4
humanitarianism's,17,2,0,2,3,0,3
humanitarians,13,3,1,4,4,1,5
humanities,10,5,1,6,5,1,6
humanities's,12,2,0,2,2,0,2
humanity,8,5,2,7,3,3,6
humanity's,10,7,2,9,7,2,9
humanization,12,6,1,7,5,1,6
humanization's,14,7,0,7,6,0,6
humanize,8,5,2,7,5,2,7
humanized,9,6,2,8,6,2,8
humanizer,9,8,2,10,3,4,7
humanizer's,11,10,0,10,10,0,10
humanizers,10,9,1,10,9,0,9
humanizes,9,6,1,7,5,2,7
humanizing,10,6,2,8,5,3,8
humankind,9,7,3,10,7,2,9
humankind's,11,5,2,7,4,2,6
humanly,7,4,5,9,3,4,7
humanness,9,4,0,4,4,0,4
humanness's,11,4,0,4,4,0,4
humanoid,8,3,2,5,3,2,5
humanoid's,10,4,1,5,4,1,5
humanoids,9,4,1,5,4,2,6
humans,6,3,6,9,4,6,10
humble,6,6,4,10,6,4,10
humbled,7,7,4,11,7,4,11
humbleness,10,4,1,5,4,1,5
humbleness's,12,5,1,6,5,1,6
humbler,7,7,3,10,7,3,10
humbles,7,7,3,10,7,4,11
humblest,8,6,3,9,6,3,9
humbling,8,8,4,12,8,3,11
humblings,9,9,3,12,9,3,12
humbly,6,6,6,12,6,6,12
humbug,6,2,5,7,2,5,7
humbug's,8,4,4,8,4,4,8
humbugged,9,3,4,7,3,4,7
humbugging,10,3,2,5,3,2,5
humbugs,7,3,5,8,3,4,7
humdinger,9,3,2,5,3,2,5
humdinger's,11,7,1,8,5,2,7
humdingers,10,4,3,7,5,3,8
humdrum,7,3,5,8,3,5,8
humdrum's,9,3,4,7,3,4,7
humeri,6,4,6,10,4,6,10
humerus,7,3,4,7,4,4,8
humerus's,9,4,1,5,3,1,4
humid,5,5,6,11,5,6,11
humidified,10,3,2,5,3,3,6
humidifier,10,3,1,4,3,3,6
humidifier's,12,5,2,7,4,1,5
humidifiers,11,4,3,7,3,1,4
humidifies,10,3,1,4,3,1,4
humidify,8,1,5,6,1,5,6
humidifying,11,6,1,7,1,3,4
humidity,8,5,4,9,5,4,9
humidity's,10,7,4,11,7,4,11
humidor,7,4,3,7,3,3,6
humidor's,9,6,2,8,4,2,6
humidors,8,5,2,7,4,2,6
humiliate,9,5,1,6,4,2,6
humiliated,10,6,1,7,5,2,7
humiliates,10,6,0,6,5,1,6
humiliating,11,3,2,5,5,3,8
humiliation,11,5,1,6,4,2,6
humiliation's,13,6,0,6,3,1,4
humiliations,12,6,1,7,3,1,4
humility,8,5,4,9,5,4,9
humility's,10,6,4,10,6,4,10
hummed,6,4,9,13,4,9,13
humming,7,5,10,15,5,10,15
hummingbird,11,4,1,5,3,2,5
hummingbird's,13,2,4,6,4,1,5
hummingbirds,12,2,3,5,3,2,5
hummock,7,4,5,9,4,5,9
hummock's,9,6,4,10,6,4,10
hummocks,8,5,5,10,3,6,9
hummus,6,3,6,9,3,5,8
humongous,9,2,3,5,3,2,5
humor,5,3,6,9,3,6,9
humor's,7,5,5,10,5,5,10
humored,7,6,1,7,5,3,8
humoring,8,7,4,11,6,5,11
humorist,8,3,2,5,3,2,5
humorist's,10,5,1,6,4,2,6
humorists,9,4,2,6,4,3,7
humorless,9,3,2,5,3,2,5
humorlessness,13,4,1,5,4,1,5
humorlessness's,15,5,1,6,5,1,6
humorous,8,2,3,5,2,3,5
humorously,10,5,1,6,3,0,3
humors,6,6,4,10,4,5,9
hump,4,4,12,16,4,12,16
hump's,6,6,11,17,6,11,17
humpback,8,5,5,10,3,5,8
humpback's,10,7,4,11,5,4,9
humpbacked,10,3,3,6,3,4,7
humpbacks,9,6,5,11,4,5,9
humped,6,6,8,14,6,8,14
humping,7,7,8,15,7,8,15
humps,5,5,11,16,5,11,16
hums,4,3,14,17,3,14,17
humungous,9,3,3,6,3,3,6
humus,5,3,6,9,3,6,9
humus's,7,4,3,7,4,3,7
hunch,5,4,6,10,4,6,10
hunch's,7,6,5,11,6,5,11
hunchback,9,2,4,6,2,4,6
hunchback's,11,4,2,6,4,3,7
hunchbacked,11,2,3,5,3,4,7
hunchbacks,10,3,4,7,4,3,7
hunched,7,4,4,8,4,4,8
hunches,7,6,4,10,6,4,10
hunching,8,4,3,7,4,3,7
hundred,7,3,2,5,3,2,5
hundred's,9,5,2,7,5,2,7
hundredfold,11,2,2,4,3,1,4
hundreds,8,3,3,6,5,3,8
hundredth,9,3,1,4,2,4,6
hundredth's,11,5,2,7,2,3,5
hundredths,10,4,1,5,4,1,5
hundredweight,13,2,1,3,3,1,4
hundredweight's,15,3,0,3,4,0,4
hundredweights,14,3,0,3,4,0,4
hung,4,3,12,15,3,12,15
hunger,6,5,6,11,5,6,11
hunger's,8,7,7,14,7,7,14
hungered,8,7,5,12,7,5,12
hungering,9,6,1,7,6,1,7
hungers,7,5,7,12,7,6,13
hungover,8,6,4,10,7,5,12
hungrier,8,4,2,6,3,2,5
hungriest,9,6,1,7,5,2,7
hungrily,8,3,2,5,3,2,5
hungry,6,3,6,9,3,6,9
hunk,4,4,11,15,4,11,15
hunk's,6,6,10,16,6,10,16
hunker,6,6,6,12,6,6,12
hunkered,8,6,6,12,6,6,12
hunkering,9,5,3,8,5,3,8
hunkers,7,7,6,13,6,7,13
hunks,5,5,10,15,5,10,15
hunt,4,4,8,12,4,8,12
hunt's,6,6,7,13,6,7,13
hunted,6,6,7,13,6,7,13
hunter,6,6,4,10,6,4,10
hunter's,8,8,4,12,8,3,11
hunters,7,7,4,11,7,3,10
hunting,7,6,5,11,6,5,11
hunting's,9,7,4,11,7,4,11
huntress,8,4,1,5,4,1,5
huntress's,10,5,1,6,5,1,6
huntresses,10,5,0,5,5,0,5
hunts,5,5,10,15,5,11,16
huntsman,8,3,3,6,3,3,6
huntsman's,10,5,1,6,5,3,8
huntsmen,8,3,2,5,3,2,5
hurdle,6,5,5,10,5,5,10
hurdle's,8,6,3,9,6,5,11
hurdled,7,5,2,7,5,3,8
hurdler,7,4,3,7,4,3,7
hurdler's,9,5,1,6,5,1,6
hurdlers,8,4,1,5,4,0,4
hurdles,7,6,4,10,6,5,11
hurdling,8,7,5,12,7,4,11
hurl,4,4,9,13,4,8,12
hurl's,6,6,8,14,6,8,14
hurled,6,6,3,9,6,3,9
hurler,6,4,4,8,4,4,8
hurler's,8,6,4,10,6,4,10
hurlers,7,5,4,9,5,4,9
hurling,7,7,6,13,7,6,13
hurls,5,5,7,12,5,7,12
hurrah,6,3,5,8,4,4,8
hurrah's,8,5,4,9,6,3,9
hurrahed,8,6,1,7,5,1,6
hurrahing,9,7,3,10,6,3,9
hurrahs,7,5,3,8,5,3,8
hurray,6,4,5,9,4,4,8
hurray's,8,6,4,10,6,3,9
hurrayed,8,6,1,7,5,1,6
hurraying,9,7,3,10,6,3,9
hurrays,7,5,3,8,5,3,8
hurricane,9,3,2,5,3,2,5
hurricane's,11,7,1,8,5,1,6
hurricanes,10,4,1,5,4,1,5
hurried,7,5,3,8,5,3,8
hurriedly,9,2,1,3,2,3,5
hurries,7,4,8,12,5,7,12
hurry,5,3,9,12,3,10,13
hurry's,7,5,7,12,5,8,13
hurrying,8,6,5,11,6,5,11
hurt,4,3,8,11,3,9,12
hurt's,6,5,7,12,5,7,12
hurtful,7,2,5,7,2,5,7
hurting,7,5,9,14,5,9,14
hurtle,6,5,5,10,5,8,13
hurtled,7,4,2,6,4,2,6
hurtles,7,6,4,10,6,7,13
hurtling,8,6,6,12,5,4,9
hurts,5,4,7,11,4,7,11
husband,7,3,3,6,3,3,6
husband's,9,3,3,6,2,3,5
husbanded,9,5,0,5,4,0,4
husbanding,10,7,0,7,7,0,7
husbandry,9,5,3,8,3,3,6
husbandry's,11,4,2,6,3,2,5
husbands,8,3,3,6,3,3,6
hush,4,3,4,7,3,4,7
hush's,6,3,2,5,3,2,5
hushed,6,5,4,9,5,5,10
hushes,6,3,3,6,3,3,6
hushing,7,5,2,7,6,2,8
husk,4,3,4,7,3,4,7
husk's,6,3,3,6,3,3,6
husked,6,5,4,9,5,5,10
husker,6,5,7,12,5,8,13
husker's,8,5,1,6,5,1,6
huskers,7,4,1,5,4,1,5
huskier,7,6,1,7,6,0,6
huskies,7,4,2,6,3,2,5
huskiest,8,6,0,6,6,0,6
huskily,7,4,3,7,4,3,7
huskiness,9,6,0,6,6,0,6
huskiness's,11,7,0,7,7,0,7
husking,7,5,1,6,6,2,8
husks,5,4,5,9,4,5,9
husky,5,4,3,7,4,3,7
husky's,7,4,5,9,4,6,10
hussar,6,2,2,4,2,2,4
hussar's,8,3,2,5,3,2,5
hussars,7,3,1,4,3,1,4
hussies,7,5,1,6,5,1,6
hussy,5,4,2,6,4,2,6
hussy's,7,5,2,7,5,2,7
hustings,8,5,2,7,5,3,8
hustings's,10,3,0,3,2,3,5
hustle,6,5,6,11,6,6,12
hustle's,8,7,1,8,7,1,8
hustled,7,7,2,9,6,2,8
hustler,7,6,2,8,4,2,6
hustler's,9,7,1,8,4,2,6
hustlers,8,6,2,8,6,2,8
hustles,7,6,1,7,6,1,7
hustling,8,8,2,10,8,2,10
hut,3,3,8,11,3,8,11
hut's,5,5,7,12,5,7,12
hutch,5,3,7,10,3,7,10
hutch's,7,5,6,11,5,6,11
hutches,7,5,5,10,5,5,10
huts,4,4,7,11,4,9,13
hutzpa,6,3,4,7,2,6,8
hutzpa's,8,5,3,8,5,4,9
hutzpah,7,2,6,8,3,4,7
hutzpah's,9,4,4,8,4,4,8
hyacinth,8,2,3,5,2,3,5
hyacinth's,10,4,3,7,5,3,8
hyacinths,9,3,3,6,3,3,6
hyaena,6,2,1,3,2,1,3
hyaena's,8,4,0,4,3,0,3
hyaenas,7,3,2,5,3,3,6
hybrid,6,2,6,8,1,6,7
hybrid's,8,2,4,6,2,4,6
hybridize,9,5,3,8,5,3,8
hybridized,10,3,1,4,3,3,6
hybridizes,10,3,2,5,4,1,5
hybridizing,11,6,2,8,1,4,5
hybrids,7,2,5,7,2,4,6
hydra,5,4,5,9,4,5,9
hydra's,7,6,4,10,6,4,10
hydrae,6,3,2,5,3,3,6
hydrangea,9,3,1,4,3,1,4
hydrangea's,11,4,0,4,4,0,4
hydrangeas,10,3,1,4,3,0,3
hydrant,7,3,5,8,5,3,8
hydrant's,9,7,2,9,7,2,9
hydrants,8,6,3,9,6,3,9
hydras,6,2,5,7,2,5,7
hydrate,7,3,4,7,4,2,6
hydrate's,9,6,2,8,6,1,7
hydrated,8,4,2,6,3,1,4
hydrates,8,5,3,8,3,4,7
hydrating,9,4,4,8,5,3,8
hydraulic,9,3,2,5,3,2,5
hydraulically,13,4,1,5,3,1,4
hydraulics,10,3,3,6,3,2,5
hydraulics's,12,3,1,4,2,1,3
hydrocarbon,11,1,3,4,1,3,4
hydrocarbon's,13,4,2,6,2,2,4
hydrocarbons,12,3,1,4,3,2,5
hydroelectric,13,3,1,4,4,1,5
hydroelectricity,16,1,1,2,1,1,2
hydroelectricity's,18,2,0,2,2,0,2
hydrofoil,9,2,3,5,2,3,5
hydrofoil's,11,4,2,6,7,2,9
hydrofoils,10,3,2,5,3,2,5
hydrogen,8,5,1,6,4,1,5
hydrogen's,10,4,1,5,4,1,5
hydrogenate,11,2,2,4,3,1,4
hydrogenated,12,3,2,5,3,2,5
hydrogenates,12,4,0,4,4,0,4
hydrogenating,13,2,1,3,4,1,5
hydrology,9,4,4,8,3,4,7
hydrology's,11,7,2,9,4,2,6
hydrolysis,10,3,0,3,3,1,4
hydrolysis's,12,4,0,4,3,0,3
hydrometer,10,8,1,9,8,1,9
hydrometer's,12,10,0,10,10,0,10
hydrometers,11,9,0,9,9,0,9
hydrophobia,11,3,1,4,2,2,4
hydrophobia's,13,3,2,5,4,1,5
hydroplane,10,3,2,5,3,2,5
hydroplane's,12,5,1,6,4,1,5
hydroplaned,11,3,2,5,3,2,5
hydroplanes,11,4,1,5,3,1,4
hydroplaning,12,2,1,3,2,1,3
hydroponic,10,3,2,5,2,2,4
hydroponics,11,4,2,6,7,2,9
hydroponics's,13,3,1,4,2,1,3
hydrosphere,11,5,0,5,3,0,3
hydrosphere's,13,6,0,6,3,0,3
hydrotherapy,12,4,2,6,2,2,4
hydrotherapy's,14,4,0,4,3,1,4
hyena,5,3,2,5,3,3,6
hyena's,7,5,1,6,4,2,6
hyenas,6,3,2,5,3,2,5
hygiene,7,3,2,5,3,1,4
hygiene's,9,5,1,6,5,2,7
hygienic,8,3,3,6,2,4,6
hygienically,12,3,1,4,3,1,4
hygienist,9,3,0,3,3,0,3
hygienist's,11,4,0,4,3,0,3
hygienists,10,2,1,3,2,1,3
hygrometer,10,7,2,9,7,2,9
hygrometer's,12,9,1,10,9,1,10
hygrometers,11,8,1,9,8,1,9
hying,5,2,6,8,2,6,8
hymen,5,3,6,9,3,6,9
hymen's,7,4,5,9,4,5,9
hymens,6,2,6,8,2,6,8
hymn,4,2,6,8,2,6,8
hymn's,6,4,5,9,4,5,9
hymnal,6,4,6,10,4,6,10
hymnal's,8,6,5,11,6,5,11
hymnals,7,5,6,11,5,6,11
hymned,6,3,7,10,3,7,10
hymning,7,3,5,8,3,5,8
hymns,5,3,6,9,2,6,8
hype,4,3,7,10,3,7,10
hype's,6,5,7,12,5,7,12
hyped,5,5,5,10,5,5,10
hyper,5,3,7,10,3,7,10
hyperactive,11,2,2,4,3,1,4
hyperactivity,13,3,1,4,3,1,4
hyperactivity's,15,4,0,4,3,0,3
hyperbola,9,2,2,4,2,2,4
hyperbola's,11,5,1,6,4,0,4
hyperbolae,10,2,1,3,2,1,3
hyperbolas,10,4,1,5,3,0,3
hyperbole,9,2,3,5,2,3,5
hyperbole's,11,4,3,7,5,1,6
hyperbolic,10,2,3,5,2,2,4
hypercritical,13,2,1,3,2,1,3
hypercritically,15,2,1,3,2,1,3
hyperlink,9,4,2,6,4,2,6
hyperlink's,11,5,0,5,7,1,8
hyperlinked,11,4,1,5,4,1,5
hyperlinking,12,3,2,5,4,1,5
hyperlinks,10,7,2,9,5,2,7
hypermarket,11,3,2,5,4,1,5
hypersensitive,14,3,0,3,3,0,3
hypersensitivities,18,3,0,3,2,0,2
hypersensitivity,16,2,0,2,2,0,2
hypersensitivity's,18,3,0,3,2,0,2
hyperspace,10,4,1,5,4,1,5
hypertension,12,4,0,4,3,0,3
hypertension's,14,5,0,5,3,0,3
hypertext,9,4,2,6,3,2,5
hypertext's,11,6,1,7,4,1,5
hyperventilate,14,3,1,4,2,1,3
hyperventilated,15,3,1,4,2,1,3
hyperventilates,15,3,0,3,3,0,3
hyperventilating,16,2,1,3,4,1,5
hyperventilation,16,2,1,3,4,1,5
hyperventilation's,18,2,0,2,3,0,3
hypes,5,5,4,9,5,4,9
hyphen,6,3,7,10,3,6,9
hyphen's,8,4,5,9,5,4,9
hyphenate,9,2,2,4,3,2,5
hyphenate's,11,5,1,6,4,2,6
hyphenated,10,4,2,6,4,2,6
hyphenates,10,3,2,5,4,1,5
hyphenating,11,5,1,6,4,1,5
hyphenation,11,4,1,5,3,1,4
hyphenation's,13,7,0,7,4,0,4
hyphenations,12,3,1,4,3,0,3
hyphened,8,3,4,7,3,4,7
hyphening,9,4,3,7,5,2,7
hyphens,7,4,5,9,4,5,9
hyping,6,6,5,11,6,5,11
hypnoses,8,4,2,6,4,2,6
hypnosis,8,2,4,6,2,2,4
hypnosis's,10,4,1,5,3,2,5
hypnotic,8,4,3,7,3,3,6
hypnotic's,10,4,2,6,4,2,6
hypnotically,12,4,2,6,4,2,6
hypnotics,9,3,4,7,3,4,7
hypnotism,9,7,1,8,4,1,5
hypnotism's,11,5,1,6,4,1,5
hypnotist,9,7,1,8,4,1,5
hypnotist's,11,4,1,5,4,1,5
hypnotists,10,3,1,4,3,2,5
hypnotize,9,3,2,5,3,3,6
hypnotized,10,4,3,7,4,3,7
hypnotizes,10,4,2,6,4,2,6
hypnotizing,11,5,1,6,2,2,4
hypo,4,4,5,9,4,5,9
hypo's,6,6,5,11,6,5,11
hypoallergenic,14,1,1,2,1,1,2
hypochondria,12,2,1,3,2,1,3
hypochondria's,14,4,2,6,5,0,5
hypochondriac,13,3,1,4,3,1,4
hypochondriac's,15,1,2,3,3,0,3
hypochondriacs,14,1,3,4,5,0,5
hypocrisies,11,3,1,4,3,0,3
hypocrisy,9,3,1,4,3,1,4
hypocrisy's,11,3,3,6,3,1,4
hypocrite,9,3,2,5,3,2,5
hypocrite's,11,5,1,6,4,1,5
hypocrites,10,4,1,5,4,1,5
hypocritical,12,3,1,4,2,1,3
hypocritically,14,1,1,2,1,1,2
hypodermic,10,2,3,5,3,2,5
hypodermic's,12,3,2,5,4,1,5
hypodermics,11,3,2,5,4,1,5
hypoglycemia,12,3,1,4,4,1,5
hypoglycemia's,14,4,1,5,5,0,5
hypoglycemic,12,3,1,4,4,1,5
hypoglycemic's,14,4,1,5,5,0,5
hypoglycemics,13,3,1,4,2,2,4
hypos,5,5,4,9,5,4,9
hypotenuse,10,4,1,5,3,1,4
hypotenuse's,12,3,2,5,2,1,3
hypotenuses,11,2,1,3,2,1,3
hypothalami,11,1,1,2,1,2,3
hypothalamus,12,3,1,4,2,2,4
hypothalamus's,14,3,1,4,2,1,3
hypothermia,11,3,1,4,2,2,4
hypothermia's,13,3,0,3,3,1,4
hypotheses,10,2,1,3,3,0,3
hypothesis,10,3,0,3,3,1,4
hypothesis's,12,4,0,4,3,0,3
hypothesize,11,3,0,3,3,0,3
hypothesized,12,2,0,2,2,0,2
hypothesizes,12,3,1,4,2,0,2
hypothesizing,13,3,0,3,3,0,3
hypothetical,12,5,1,6,3,1,4
hypothetically,14,3,1,4,3,1,4
hysterectomies,14,6,0,6,2,0,2
hysterectomy,12,3,1,4,2,1,3
hysterectomy's,14,6,0,6,2,1,3
hysteresis,10,2,1,3,2,0,2
hysteria,8,8,0,8,8,1,9
hysteria's,10,9,0,9,9,0,9
hysteric,8,7,1,8,7,2,9
hysteric's,10,8,1,9,8,1,9
hysterical,10,3,0,3,3,0,3
hysterically,12,3,0,3,4,0,4
hysterics,9,5,2,7,5,2,7
hysterics's,11,3,0,3,2,0,2
i,1,1,8,9,1,8,9
iPad,4,3,7,10,3,9,12
iPad's,6,5,6,11,5,7,12
iPhone,6,4,0,4,3,1,4
iPhone's,8,5,0,5,5,2,7
iPod,4,3,8,11,3,8,11
iPod's,6,5,7,12,5,7,12
iTunes,6,5,3,8,5,2,7
iTunes's,8,5,2,7,5,2,7
iamb,4,2,9,11,2,9,11
iamb's,6,4,8,12,4,8,12
iambic,6,2,7,9,2,7,9
iambic's,8,4,2,6,4,6,10
iambics,7,3,3,6,3,3,6
iambs,5,3,7,10,5,7,12
ibex,4,3,8,11,3,8,11
ibex's,6,5,4,9,5,4,9
ibexes,6,3,0,3,3,0,3
ibices,6,3,3,6,3,2,5
ibis,4,2,4,6,2,4,6
ibis's,6,3,3,6,3,3,6
ibises,6,2,5,7,2,5,7
ibuprofen,9,3,2,5,2,3,5
ibuprofen's,11,5,0,5,5,0,5
ice,3,3,3,6,3,3,6
ice's,5,5,3,8,5,3,8
iceberg,7,2,1,3,2,1,3
iceberg's,9,3,0,3,3,1,4
icebergs,8,3,1,4,3,1,4
icebound,8,3,1,4,3,1,4
icebox,6,2,4,6,2,4,6
icebox's,8,4,3,7,4,3,7
iceboxes,8,3,2,5,3,2,5
icebreaker,10,1,2,3,3,1,4
icebreaker's,12,5,0,5,4,0,4
icebreakers,11,3,0,3,4,0,4
icecap,6,4,2,6,3,2,5
icecap's,8,6,1,7,5,1,6
icecaps,7,4,2,6,4,2,6
iced,4,3,5,8,3,2,5
ices,4,4,4,8,4,3,7
icicle,6,2,0,2,2,0,2
icicle's,8,4,0,4,5,5,10
icicles,7,3,0,3,3,0,3
icier,5,3,4,7,3,4,7
iciest,6,4,0,4,4,0,4
icily,5,3,4,7,3,4,7
iciness,7,4,1,5,4,1,5
iciness's,9,5,1,6,5,1,6
icing,5,2,5,7,2,5,7
icing's,7,3,3,6,2,3,5
icings,6,2,4,6,2,4,6
ickier,6,5,0,5,5,0,5
ickiest,7,6,0,6,6,0,6
icky,4,3,5,8,3,6,9
icon,4,4,5,9,4,5,9
icon's,6,6,4,10,6,4,10
iconoclast,10,3,0,3,3,0,3
iconoclast's,12,3,0,3,2,0,2
iconoclastic,12,2,0,2,2,0,2
iconoclasts,11,3,0,3,3,0,3
icons,5,5,5,10,5,5,10
icy,3,2,7,9,2,7,9
id,2,2,3,5,2,3,5
id's,4,4,3,7,4,3,7
idea,4,3,2,5,3,1,4
idea's,6,5,4,9,5,4,9
ideal,5,4,2,6,4,2,6
ideal's,7,6,2,8,6,2,8
idealism,8,7,0,7,7,0,7
idealism's,10,8,0,8,8,0,8
idealist,8,6,1,7,6,1,7
idealist's,10,7,1,8,7,1,8
idealistic,10,2,0,2,3,0,3
idealistically,14,2,0,2,2,0,2
idealists,9,3,1,4,4,0,4
idealization,12,2,1,3,2,1,3
idealization's,14,4,0,4,3,0,3
idealize,8,2,2,4,2,2,4
idealized,9,1,3,4,1,3,4
idealizes,9,3,1,4,3,1,4
idealizing,10,2,1,3,2,1,3
ideally,7,2,3,5,3,2,5
ideals,6,5,2,7,5,2,7
ideas,5,4,4,8,4,4,8
identical,9,4,2,6,3,2,5
identically,11,3,1,4,2,1,3
identifiable,12,2,1,3,2,1,3
identification,14,2,1,3,2,1,3
identification's,16,3,0,3,3,0,3
identified,10,2,1,3,2,1,3
identifier,10,2,1,3,2,1,3
identifiers,11,4,1,5,3,0,3
identifies,10,4,0,4,4,0,4
identify,8,5,1,6,4,1,5
identifying,11,2,1,3,3,1,4
identities,10,4,0,4,4,0,4
identity,8,5,1,6,3,1,4
identity's,10,4,1,5,4,1,5
ideogram,8,3,1,4,3,1,4
ideogram's,10,9,0,9,9,0,9
ideograms,9,4,0,4,4,0,4
ideograph,9,5,1,6,2,2,4
ideograph's,11,7,0,7,3,1,4
ideographs,10,8,1,9,8,1,9
ideological,11,2,1,3,2,1,3
ideologically,13,3,1,4,3,1,4
ideologies,10,3,0,3,3,0,3
ideologist,10,3,0,3,3,0,3
ideologist's,12,3,0,3,3,0,3
ideologists,11,2,0,2,2,0,2
ideology,8,3,1,4,3,1,4
ideology's,10,3,1,4,3,1,4
ides,4,3,5,8,3,4,7
ides's,6,4,3,7,4,3,7
idiocies,8,3,0,3,3,0,3
idiocy,6,1,3,4,1,3,4
idiocy's,8,3,4,7,2,4,6
idiom,5,4,3,7,4,5,9
idiom's,7,6,2,8,6,4,10
idiomatic,9,1,2,3,1,2,3
idiomatically,13,1,1,2,1,1,2
idioms,6,5,3,8,5,3,8
idiosyncrasies,14,4,0,4,2,0,2
idiosyncrasy,12,2,0,2,2,0,2
idiosyncrasy's,14,4,0,4,2,0,2
idiosyncratic,13,3,0,3,2,0,2
idiot,5,3,4,7,3,6,9
idiot's,7,5,3,8,5,5,10
idiotic,7,1,2,3,1,3,4
idiotically,11,1,1,2,1,2,3
idiots,6,4,4,8,4,4,8
idle,4,4,2,6,4,2,6
idle's,6,4,3,7,4,3,7
idled,5,2,1,3,2,1,3
idleness,8,4,2,6,4,2,6
idleness's,10,5,2,7,5,2,7
idler,5,2,2,4,2,2,4
idler's,7,5,2,7,5,2,7
idlers,6,4,4,8,4,4,8
idles,5,3,1,4,3,1,4
idlest,6,4,1,5,4,1,5
idling,6,3,4,7,3,4,7
idly,4,3,6,9,2,7,9
idol,4,3,2,5,3,2,5
idol's,6,5,2,7,5,2,7
idolater,8,2,1,3,3,1,4
idolater's,10,6,0,6,6,0,6
idolaters,9,5,1,6,5,1,6
idolatrous,10,6,1,7,5,1,6
idolatry,8,3,2,5,2,3,5
idolatry's,10,4,2,6,4,1,5
idolize,7,2,3,5,2,2,4
idolized,8,2,2,4,2,3,5
idolizes,8,3,1,4,3,1,4
idolizing,9,4,2,6,4,2,6
idols,5,4,2,6,4,2,6
ids,3,3,4,7,3,4,7
idyl,4,2,4,6,2,4,6
idyl's,6,4,3,7,4,4,8
idyll,5,2,4,6,3,4,7
idyll's,7,4,3,7,2,4,6
idyllic,7,1,3,4,1,3,4
idylls,6,2,5,7,3,4,7
idyls,5,3,4,7,3,4,7
if,2,2,4,6,2,4,6
if's,4,4,4,8,4,4,8
iffier,6,3,1,4,3,1,4
iffiest,7,4,1,5,4,1,5
iffy,4,2,7,9,3,5,8
ifs,3,3,5,8,3,5,8
igloo,5,1,3,4,1,3,4
igloo's,7,3,2,5,3,3,6
igloos,6,2,3,5,2,3,5
igneous,7,4,3,7,4,1,5
ignite,6,4,0,4,4,0,4
ignited,7,5,3,8,5,3,8
ignites,7,5,0,5,5,0,5
igniting,8,3,2,5,3,2,5
ignition,8,2,2,4,2,2,4
ignition's,10,3,2,5,3,2,5
ignitions,9,4,2,6,4,2,6
ignoble,7,3,2,5,4,1,5
ignobly,7,2,2,4,2,3,5
ignominies,10,4,1,5,4,0,4
ignominious,11,3,2,5,3,2,5
ignominiously,13,3,0,3,3,0,3
ignominy,8,4,2,6,3,2,5
ignominy's,10,3,2,5,3,2,5
ignoramus,9,4,2,6,4,1,5
ignoramus's,11,10,0,10,10,0,10
ignoramuses,11,9,1,10,9,1,10
ignorance,9,3,2,5,4,1,5
ignorance's,11,8,0,8,6,0,6
ignorant,8,2,2,4,2,2,4
ignorantly,10,4,2,6,2,2,4
ignore,6,3,0,3,3,0,3
ignored,7,6,3,9,5,3,8
ignores,7,4,0,4,4,0,4
ignoring,8,4,2,6,3,2,5
iguana,6,3,2,5,3,3,6
iguana's,8,5,1,6,5,2,7
iguanas,7,4,2,6,4,1,5
ikon,4,3,6,9,3,6,9
ikon's,6,5,5,10,5,5,10
ikons,5,4,6,10,4,6,10
ilk,3,3,7,10,2,7,9
ilk's,5,4,6,10,4,4,8
ilks,4,4,4,8,3,4,7
ill,3,1,9,10,2,7,9
ill's,5,4,6,10,4,4,8
illegal,7,3,2,5,3,1,4
illegal's,9,4,1,5,4,0,4
illegalities,12,3,0,3,3,0,3
illegality,10,3,1,4,3,1,4
illegality's,12,4,0,4,4,0,4
illegally,9,3,2,5,2,2,4
illegals,8,4,1,5,4,1,5
illegibility,12,2,1,3,2,1,3
illegibility's,14,3,1,4,2,0,2
illegible,9,2,3,5,2,3,5
illegibly,9,2,4,6,2,2,4
illegitimacy,12,2,1,3,2,1,3
illegitimacy's,14,3,1,4,3,0,3
illegitimate,12,2,1,3,2,1,3
illegitimately,14,1,1,2,1,1,2
illiberal,9,3,1,4,3,1,4
illicit,7,3,2,5,2,3,5
illicitly,9,1,2,3,1,2,3
illicitness,11,5,1,6,4,0,4
illicitness's,13,6,1,7,5,0,5
illiteracy,10,4,2,6,3,2,5
illiteracy's,12,5,0,5,5,0,5
illiterate,10,5,1,6,4,1,5
illiterate's,12,4,0,4,3,0,3
illiterates,11,6,0,6,5,0,5
illness,7,4,1,5,4,1,5
illness's,9,5,1,6,5,1,6
illnesses,9,4,1,5,4,1,5
illogical,9,1,3,4,1,3,4
illogically,11,2,2,4,2,2,4
ills,4,3,6,9,3,4,7
illuminate,10,4,1,5,4,1,5
illuminated,11,3,1,4,4,1,5
illuminates,11,4,0,4,5,0,5
illuminating,12,2,1,3,2,1,3
illumination,12,2,1,3,2,1,3
illumination's,14,4,0,4,3,0,3
illuminations,13,4,0,4,3,1,4
illumine,8,3,2,5,3,2,5
illumined,9,5,2,7,4,1,5
illumines,9,5,0,5,4,0,4
illumining,10,2,2,4,2,2,4
illusion,8,3,1,4,3,1,4
illusion's,10,3,2,5,3,2,5
illusions,9,3,0,3,4,2,6
illusive,8,4,0,4,4,0,4
illusory,8,6,1,7,3,1,4
illustrate,10,4,0,4,4,0,4
illustrated,11,3,0,3,4,0,4
illustrates,11,3,0,3,3,0,3
illustrating,12,8,0,8,8,0,8
illustration,12,8,0,8,8,0,8
illustration's,14,6,0,6,3,0,3
illustrations,13,2,2,4,2,1,3
illustrative,12,7,1,8,7,1,8
illustrator,11,2,1,3,2,1,3
illustrator's,13,3,1,4,2,1,3
illustrators,12,2,1,3,2,1,3
illustrious,11,1,3,4,4,1,5
image,5,3,5,8,3,5,8
image's,7,5,3,8,5,3,8
imaged,6,4,5,9,4,5,9
imagery,7,4,3,7,5,4,9
imagery's,9,7,0,7,5,2,7
images,6,3,6,9,5,3,8
imaginable,10,4,1,5,2,1,3
imaginably,10,2,2,4,2,2,4
imaginary,9,2,2,4,2,2,4
imagination,11,2,1,3,2,2,4
imagination's,13,5,0,5,3,1,4
imaginations,12,2,1,3,3,1,4
imaginative,11,2,1,3,3,1,4
imaginatively,13,1,1,2,1,1,2
imagine,7,3,2,5,3,1,4
imagined,8,4,3,7,4,2,6
imagines,8,4,0,4,4,0,4
imaging,7,4,2,6,3,2,5
imagining,9,2,2,4,2,2,4
imam,4,2,8,10,2,6,8
imam's,6,4,7,11,4,6,10
imams,5,2,9,11,3,6,9
imbalance,9,3,1,4,3,1,4
imbalance's,11,5,0,5,4,0,4
imbalanced,10,5,1,6,3,1,4
imbalances,10,3,0,3,4,0,4
imbecile,8,2,2,4,2,2,4
imbecile's,10,5,0,5,3,1,4
imbeciles,9,4,0,4,3,0,3
imbecilic,9,2,4,6,2,3,5
imbecilities,12,4,0,4,4,0,4
imbecility,10,2,3,5,2,3,5
imbecility's,12,4,2,6,4,2,6
imbed,5,3,4,7,3,4,7
imbedded,8,2,1,3,2,1,3
imbedding,9,6,1,7,5,1,6
imbeds,6,3,4,7,3,4,7
imbibe,6,3,1,4,3,1,4
imbibed,7,4,5,9,4,5,9
imbibes,7,4,1,5,4,1,5
imbibing,8,4,2,6,3,2,5
imbroglio,9,2,2,4,2,2,4
imbroglio's,11,2,2,4,2,2,4
imbroglios,10,2,2,4,2,2,4
imbue,5,4,3,7,4,3,7
imbued,6,5,3,8,4,4,8
imbues,6,4,4,8,4,4,8
imbuing,7,4,2,6,4,3,7
imitate,7,4,1,5,4,0,4
imitated,8,4,2,6,3,2,5
imitates,8,3,0,3,3,0,3
imitating,9,4,2,6,5,2,7
imitation,9,4,2,6,5,2,7
imitation's,11,6,1,7,4,1,5
imitations,10,4,1,5,4,1,5
imitative,9,3,1,4,3,1,4
imitator,8,1,2,3,1,2,3
imitator's,10,5,1,6,5,2,7
imitators,9,6,2,8,5,2,7
immaculate,10,3,1,4,3,1,4
immaculately,12,4,2,6,3,1,4
immaculateness,14,6,0,6,3,0,3
immaculateness's,16,6,0,6,3,0,3
immanence,9,5,1,6,4,1,5
immanence's,11,7,0,7,5,1,6
immanent,8,5,1,6,3,1,4
immaterial,10,4,2,6,3,2,5
immature,8,3,1,4,3,1,4
immaturely,10,4,2,6,2,1,3
immaturity,10,2,2,4,3,3,6
immaturity's,12,6,1,7,4,2,6
immeasurable,12,4,0,4,4,0,4
immeasurably,12,2,1,3,2,1,3
immediacy,9,3,2,5,1,4,5
immediacy's,11,3,3,6,2,3,5
immediate,9,3,2,5,4,1,5
immediately,11,2,1,3,2,1,3
immemorial,10,3,1,4,3,1,4
immense,7,4,0,4,3,3,6
immensely,9,6,0,6,6,0,6
immensities,11,4,0,4,4,0,4
immensity,9,4,0,4,4,0,4
immensity's,11,3,1,4,4,1,5
immerse,7,3,1,4,4,3,7
immersed,8,4,0,4,4,1,5
immerses,8,5,0,5,3,1,4
immersing,9,4,0,4,4,0,4
immersion,9,4,0,4,4,0,4
immersion's,11,6,0,6,5,0,5
immersions,10,6,0,6,4,0,4
immersive,9,5,0,5,4,0,4
immigrant,9,3,2,5,2,2,4
immigrant's,11,4,2,6,3,2,5
immigrants,10,3,3,6,3,2,5
immigrate,9,5,1,6,5,1,6
immigrated,10,5,1,6,5,1,6
immigrates,10,5,0,5,3,0,3
immigrating,11,2,1,3,2,2,4
immigration,11,2,1,3,2,2,4
immigration's,13,5,0,5,3,1,4
imminence,9,5,1,6,4,1,5
imminence's,11,7,0,7,5,1,6
imminent,8,5,1,6,3,2,5
imminently,10,2,1,3,2,1,3
immobile,8,4,2,6,4,2,6
immobility,10,1,3,4,1,3,4
immobility's,12,2,2,4,4,1,5
immobilization,14,2,1,3,2,1,3
immobilization's,16,6,0,6,3,0,3
immobilize,10,2,2,4,2,1,3
immobilized,11,2,1,3,3,2,5
immobilizes,11,3,0,3,3,0,3
immobilizing,12,2,1,3,2,1,3
immoderate,10,5,1,6,5,1,6
immoderately,12,4,2,6,2,1,3
immodest,8,5,0,5,5,0,5
immodestly,10,3,0,3,3,1,4
immodesty,9,4,0,4,2,1,3
immodesty's,11,3,1,4,3,1,4
immolate,8,4,2,6,4,2,6
immolated,9,7,1,8,5,2,7
immolates,9,5,1,6,3,1,4
immolating,10,3,2,5,2,2,4
immolation,10,3,2,5,3,2,5
immolation's,12,4,1,5,4,1,5
immoral,7,2,3,5,3,2,5
immoralities,12,4,0,4,4,0,4
immorality,10,5,2,7,3,3,6
immorality's,12,3,1,4,4,2,6
immorally,9,4,2,6,4,2,6
immortal,8,4,2,6,2,3,5
immortal's,10,5,1,6,5,1,6
immortality,11,3,1,4,1,3,4
immortality's,13,4,0,4,2,2,4
immortalize,11,4,1,5,4,1,5
immortalized,12,2,1,3,2,1,3
immortalizes,12,3,0,3,3,0,3
immortalizing,13,3,1,4,3,1,4
immortally,10,4,2,6,4,2,6
immortals,9,4,1,5,4,1,5
immovable,9,7,1,8,7,2,9
immovably,9,7,2,9,7,2,9
immoveable,10,3,1,4,3,1,4
immune,6,3,1,4,4,0,4
immunity,8,6,2,8,3,2,5
immunity's,10,3,3,6,3,3,6
immunization,12,2,1,3,2,1,3
immunization's,14,4,0,4,3,0,3
immunizations,13,4,0,4,3,1,4
immunize,8,3,3,6,3,3,6
immunized,9,5,2,7,4,1,5
immunizes,9,5,0,5,4,0,4
immunizing,10,2,2,4,2,2,4
immunology,10,3,2,5,1,3,4
immunology's,12,3,2,5,2,2,4
immure,6,3,1,4,3,1,4
immured,7,6,2,8,6,3,9
immures,7,4,1,5,4,1,5
immuring,8,3,2,5,3,2,5
immutability,12,2,1,3,2,1,3
immutability's,14,3,0,3,3,0,3
immutable,9,6,2,8,6,3,9
immutably,9,6,3,9,6,3,9
imp,3,2,4,6,2,5,7
imp's,5,4,4,8,4,5,9
impact,6,2,4,6,2,4,6
impact's,8,5,4,9,4,3,7
impacted,8,8,3,11,3,3,6
impacting,9,6,3,9,6,3,9
impacts,7,5,4,9,7,3,10
impair,6,3,2,5,3,3,6
impaired,8,4,3,7,4,1,5
impairing,9,3,3,6,3,3,6
impairment,10,4,1,5,4,1,5
impairment's,12,6,0,6,5,0,5
impairments,11,5,1,6,3,1,4
impairs,7,4,2,6,3,2,5
impala,6,2,5,7,2,4,6
impala's,8,4,3,7,4,3,7
impalas,7,3,3,6,3,2,5
impale,6,5,2,7,5,2,7
impaled,7,6,2,8,6,5,11
impalement,10,3,1,4,3,1,4
impalement's,12,5,0,5,4,0,4
impales,7,6,1,7,6,1,7
impaling,8,6,2,8,6,2,8
impalpable,10,6,1,7,5,1,6
impanel,7,2,5,7,2,5,7
impaneled,9,4,2,6,3,2,5
impaneling,10,4,1,5,3,1,4
impanels,8,4,3,7,3,4,7
impart,6,4,3,7,3,4,7
imparted,8,7,4,11,5,2,7
impartial,9,1,3,4,1,3,4
impartiality,12,2,1,3,1,2,3
impartiality's,14,3,0,3,3,0,3
impartially,11,2,1,3,1,2,3
imparting,9,8,2,10,8,2,10
imparts,7,4,3,7,6,4,10
impassable,10,2,0,2,2,0,2
impasse,7,3,1,4,3,0,3
impasse's,9,4,1,5,3,1,4
impasses,8,4,0,4,4,0,4
impassioned,11,6,0,6,2,0,2
impassive,9,2,0,2,2,0,2
impassively,11,6,0,6,2,0,2
impassivity,11,2,0,2,1,1,2
impassivity's,13,3,0,3,2,0,2
impatience,10,4,1,5,4,1,5
impatience's,12,6,0,6,6,0,6
impatiences,11,5,0,5,5,0,5
impatient,9,4,1,5,4,1,5
impatiently,11,2,1,3,3,1,4
impeach,7,2,2,4,2,2,4
impeached,9,3,3,6,3,2,5
impeaches,9,3,1,4,3,0,3
impeaching,10,4,1,5,4,1,5
impeachment,11,3,1,4,3,1,4
impeachment's,13,3,0,3,2,0,2
impeachments,12,2,1,3,3,1,4
impeccability,13,8,1,9,4,1,5
impeccability's,15,10,0,10,4,0,4
impeccable,10,2,2,4,2,2,4
impeccably,10,5,1,6,3,2,5
impecunious,11,4,2,6,3,2,5
impecuniousness,15,2,0,2,2,0,2
impecuniousness's,17,2,0,2,2,0,2
impedance,9,5,2,7,3,2,5
impedance's,11,6,1,7,4,1,5
impede,6,2,4,6,2,2,4
impeded,7,2,2,4,2,1,3
impedes,7,4,1,5,3,1,4
impediment,10,2,1,3,3,1,4
impediment's,12,4,0,4,3,0,3
impedimenta,11,2,1,3,2,1,3
impedimenta's,13,3,1,4,2,0,2
impediments,11,3,1,4,3,1,4
impeding,8,4,1,5,3,1,4
impel,5,3,6,9,3,6,9
impelled,8,4,2,6,4,2,6
impelling,9,5,2,7,4,2,6
impels,6,4,4,8,4,4,8
impend,6,4,4,8,2,5,7
impended,8,4,1,5,4,1,5
impending,9,3,1,4,3,1,4
impends,7,5,5,10,5,2,7
impenetrability,15,2,1,3,2,1,3
impenetrability's,17,2,0,2,2,0,2
impenetrable,12,7,1,8,2,1,3
impenetrably,12,7,1,8,3,1,4
impenitence,11,1,2,3,2,1,3
impenitence's,13,5,0,5,3,0,3
impenitent,10,2,1,3,2,1,3
imperative,10,3,1,4,3,1,4
imperative's,12,3,1,4,4,0,4
imperatively,12,2,1,3,2,1,3
imperatives,11,3,1,4,4,0,4
imperceptible,13,6,1,7,2,1,3
imperceptibly,13,6,1,7,2,1,3
imperfect,9,4,2,6,3,2,5
imperfect's,11,6,1,7,4,1,5
imperfection,12,3,1,4,2,1,3
imperfection's,14,4,0,4,3,0,3
imperfections,13,4,0,4,4,0,4
imperfectly,11,3,1,4,2,2,4
imperfects,10,4,0,4,4,0,4
imperial,8,4,2,6,3,2,5
imperial's,10,4,2,6,4,0,4
imperialism,11,3,1,4,3,0,3
imperialism's,13,4,0,4,3,0,3
imperialist,11,3,1,4,3,0,3
imperialist's,13,4,0,4,3,0,3
imperialistic,13,3,0,3,2,0,2
imperialists,12,2,0,2,2,0,2
imperially,10,3,1,4,3,1,4
imperials,9,4,0,4,4,0,4
imperil,7,4,3,7,4,2,6
imperiled,9,3,2,5,5,2,7
imperiling,10,2,3,5,3,2,5
imperilled,10,4,2,6,4,2,6
imperilling,11,4,1,5,3,1,4
imperils,8,5,3,8,5,2,7
imperious,9,5,1,6,5,1,6
imperiously,11,8,0,8,7,1,8
imperiousness,13,5,0,5,4,0,4
imperiousness's,15,6,0,6,4,0,4
imperishable,12,2,0,2,2,0,2
impermanence,12,2,1,3,2,1,3
impermanence's,14,2,1,3,3,0,3
impermanent,11,3,1,4,3,1,4
impermeable,11,3,1,4,3,1,4
impermissible,13,2,0,2,2,0,2
impersonal,10,4,0,4,3,1,4
impersonally,12,6,0,6,4,0,4
impersonate,11,3,0,3,3,0,3
impersonated,12,3,0,3,3,0,3
impersonates,12,3,0,3,3,0,3
impersonating,13,3,0,3,3,0,3
impersonation,13,3,0,3,3,0,3
impersonation's,15,2,0,2,3,0,3
impersonations,14,2,0,2,2,0,2
impersonator,12,6,0,6,4,0,4
impersonator's,14,2,0,2,2,0,2
impersonators,13,2,0,2,2,0,2
impertinence,12,2,1,3,2,1,3
impertinence's,14,3,0,3,3,0,3
impertinent,11,3,1,4,2,1,3
impertinently,13,3,1,4,3,1,4
imperturbability,16,1,1,2,1,1,2
imperturbability's,18,2,0,2,2,0,2
imperturbable,13,2,1,3,2,1,3
imperturbably,13,4,1,5,3,1,4
impervious,10,3,3,6,4,2,6
impetigo,8,2,4,6,2,4,6
impetigo's,10,4,1,5,5,1,6
impetuosity,11,4,0,4,4,0,4
impetuosity's,13,3,0,3,3,0,3
impetuous,9,4,2,6,4,2,6
impetuously,11,8,0,8,7,1,8
impetus,7,6,2,8,3,4,7
impetus's,9,7,1,8,7,1,8
impetuses,9,3,0,3,3,0,3
impieties,9,3,0,3,3,1,4
impiety,7,2,4,6,2,4,6
impiety's,9,6,3,9,5,3,8
impinge,7,2,2,4,3,1,4
impinged,8,3,3,6,3,2,5
impingement,11,2,1,3,2,2,4
impingement's,13,5,0,5,3,1,4
impinges,8,3,0,3,3,0,3
impinging,9,2,2,4,2,2,4
impious,7,3,3,6,3,2,5
impiously,9,6,0,6,5,1,6
impish,6,3,2,5,3,2,5
impishly,8,2,1,3,2,1,3
impishness,10,4,0,4,3,0,3
impishness's,12,5,0,5,3,0,3
implacability,13,2,1,3,2,1,3
implacability's,15,7,0,7,3,0,3
implacable,10,6,1,7,6,1,7
implacably,10,3,2,5,2,2,4
implant,7,5,2,7,3,5,8
implant's,9,6,4,10,5,3,8
implantation,12,2,1,3,2,1,3
implantation's,14,4,0,4,3,0,3
implanted,9,5,1,6,4,1,5
implanting,10,3,2,5,6,2,8
implants,8,4,4,8,3,4,7
implausibilities,16,2,0,2,2,0,2
implausibility,14,2,0,2,2,0,2
implausibility's,16,2,0,2,2,0,2
implausible,11,3,1,4,3,0,3
implausibly,11,2,2,4,2,1,3
implement,9,4,2,6,4,2,6
implement's,11,6,1,7,4,1,5
implementable,13,2,1,3,2,1,3
implementation,14,2,1,3,2,1,3
implementation's,16,3,0,3,3,0,3
implementations,15,2,0,2,3,0,3
implemented,11,8,1,9,1,2,3
implementer,11,7,2,9,2,1,3
implementing,12,3,1,4,2,1,3
implements,10,4,1,5,5,1,6
implicate,9,4,1,5,4,1,5
implicated,10,5,1,6,5,1,6
implicates,10,5,0,5,3,0,3
implicating,11,2,1,3,2,2,4
implication,11,3,1,4,2,2,4
implication's,13,5,0,5,3,1,4
implications,12,6,1,7,3,1,4
implicit,8,1,2,3,1,2,3
implicitly,10,1,2,3,1,2,3
implied,7,4,3,7,4,3,7
implies,7,3,1,4,3,1,4
implode,7,7,3,10,7,1,8
imploded,8,3,1,4,3,2,5
implodes,8,8,1,9,8,1,9
imploding,9,5,4,9,5,4,9
implore,7,6,4,10,6,2,8
implored,8,6,2,8,4,2,6
implores,8,7,2,9,7,2,9
imploring,9,6,2,8,6,2,8
implosion,9,6,1,7,4,1,5
implosion's,11,7,1,8,4,1,5
implosions,10,3,1,4,2,2,4
imply,5,3,4,7,2,4,6
implying,8,6,2,8,6,2,8
impolite,8,3,2,5,3,2,5
impolitely,10,2,2,4,3,1,4
impoliteness,12,4,1,5,2,1,3
impoliteness's,14,5,1,6,2,1,3
impolitenesses,14,2,0,2,2,0,2
impolitic,9,1,2,3,1,2,3
imponderable,12,7,1,8,3,1,4
imponderable's,14,2,1,3,3,0,3
imponderables,13,3,1,4,3,0,3
import,6,1,4,5,1,4,5
import's,8,4,4,8,4,4,8
importance,10,6,1,7,6,1,7
importance's,12,5,0,5,5,0,5
important,9,3,2,5,3,2,5
importantly,11,2,2,4,2,2,4
importation,11,3,1,4,2,2,4
importation's,13,6,0,6,3,1,4
importations,12,3,1,4,3,1,4
imported,8,4,3,7,4,3,7
importer,8,4,2,6,4,1,5
importer's,10,5,0,5,6,0,6
importers,9,5,1,6,6,1,7
importing,9,7,3,10,7,3,10
imports,7,4,4,8,5,4,9
importunate,11,3,1,4,4,1,5
importune,9,3,2,5,3,2,5
importuned,10,4,2,6,3,2,5
importunes,10,4,1,5,4,1,5
importuning,11,4,1,5,2,2,4
importunity,11,3,1,4,2,2,4
importunity's,13,4,0,4,3,1,4
impose,6,4,3,7,4,3,7
imposed,7,4,1,5,5,1,6
imposes,7,3,3,6,4,0,4
imposing,8,3,1,4,3,1,4
imposingly,10,2,1,3,2,1,3
imposition,10,2,1,3,2,1,3
imposition's,12,2,1,3,2,1,3
impositions,11,3,2,5,2,1,3
impossibilities,15,4,0,4,2,0,2
impossibility,13,2,0,2,2,0,2
impossibility's,15,4,0,4,2,0,2
impossible,10,8,1,9,8,1,9
impossibles,11,2,0,2,2,0,2
impossibly,10,7,2,9,7,2,9
imposter,8,4,0,4,4,0,4
imposter's,10,6,1,7,6,0,6
imposters,9,3,0,3,4,1,5
impostor,8,3,1,4,3,1,4
impostor's,10,5,2,7,3,2,5
impostors,9,3,0,3,2,2,4
imposture,9,3,1,4,3,1,4
imposture's,11,5,1,6,4,0,4
impostures,10,5,1,6,3,0,3
impotence,9,4,2,6,4,2,6
impotence's,11,6,1,7,9,1,10
impotent,8,2,1,3,4,2,6
impotently,10,5,1,6,4,1,5
impound,7,4,3,7,2,3,5
impounded,9,4,2,6,3,2,5
impounding,10,1,3,4,5,3,8
impounds,8,3,3,6,3,3,6
impoverish,10,3,1,4,2,1,3
impoverished,12,2,0,2,2,0,2
impoverishes,12,2,1,3,3,0,3
impoverishing,13,2,0,2,2,0,2
impoverishment,14,2,0,2,2,0,2
impoverishment's,16,3,0,3,2,0,2
impracticable,13,10,1,11,10,1,11
impracticably,13,9,2,11,9,2,11
impractical,11,1,2,3,1,2,3
impracticality,14,2,1,3,2,1,3
impracticality's,16,2,1,3,3,0,3
imprecation,11,3,1,4,4,1,5
imprecation's,13,5,0,5,5,0,5
imprecations,12,4,1,5,5,0,5
imprecise,9,2,0,2,2,0,2
imprecisely,11,2,0,2,2,0,2
imprecision,11,2,0,2,2,0,2
imprecision's,13,2,0,2,2,0,2
impregnability,14,2,1,3,2,1,3
impregnability's,16,2,0,2,3,0,3
impregnable,11,2,1,3,4,2,6
impregnably,11,2,1,3,3,1,4
impregnate,10,3,1,4,3,1,4
impregnated,11,2,1,3,3,1,4
impregnates,11,4,0,4,4,0,4
impregnating,12,3,1,4,2,1,3
impregnation,12,3,1,4,2,1,3
impregnation's,14,4,0,4,3,0,3
impresario,10,3,1,4,3,1,4
impresario's,12,4,1,5,3,1,4
impresarios,11,3,0,3,3,1,4
impress,7,4,2,6,4,2,6
impress's,9,5,2,7,5,3,8
impressed,9,5,0,5,5,0,5
impresses,9,5,0,5,4,2,6
impressing,10,7,0,7,7,0,7
impression,10,7,0,7,7,0,7
impression's,12,2,0,2,4,0,4
impressionable,14,3,0,3,2,0,2
impressionism,13,8,0,8,3,0,3
impressionism's,15,5,0,5,3,0,3
impressionist,13,8,0,8,3,0,3
impressionist's,15,5,0,5,3,0,3
impressionistic,15,1,0,1,1,0,1
impressionists,14,6,0,6,2,0,2
impressions,11,6,0,6,4,0,4
impressive,10,5,0,5,3,0,3
impressively,12,2,0,2,3,0,3
impressiveness,14,4,0,4,3,0,3
impressiveness's,16,5,0,5,3,0,3
imprimatur,10,3,2,5,3,2,5
imprimatur's,12,3,2,5,2,1,3
imprimaturs,11,5,2,7,4,1,5
imprint,7,3,3,6,3,4,7
imprint's,9,3,3,6,3,3,6
imprinted,9,4,2,6,4,1,5
imprinting,10,2,2,4,2,2,4
imprints,8,3,3,6,3,3,6
imprison,8,2,2,4,2,2,4
imprisoned,10,4,0,4,3,1,4
imprisoning,11,2,1,3,2,1,3
imprisonment,12,3,0,3,3,0,3
imprisonment's,14,2,0,2,2,0,2
imprisonments,13,3,0,3,3,0,3
imprisons,9,2,3,5,2,3,5
improbabilities,15,3,0,3,2,0,2
improbability,13,8,1,9,4,1,5
improbability's,15,10,0,10,4,0,4
improbable,10,8,1,9,7,1,8
improbably,10,4,2,6,3,2,5
impromptu,9,1,3,4,1,3,4
impromptu's,11,4,2,6,3,2,5
impromptus,10,3,2,5,3,2,5
improper,8,3,2,5,4,1,5
improperly,10,3,2,5,2,2,4
improprieties,13,5,0,5,3,0,3
impropriety,11,2,1,3,2,2,4
impropriety's,13,5,0,5,3,1,4
improvable,10,8,1,9,7,1,8
improve,7,5,4,9,5,2,7
improved,8,6,2,8,7,1,8
improvement,11,3,1,4,3,1,4
improvement's,13,5,0,5,4,0,4
improvements,12,3,0,3,3,0,3
improves,8,6,2,8,6,2,8
improvidence,12,2,1,3,2,1,3
improvidence's,14,3,1,4,3,0,3
improvident,11,2,1,3,3,1,4
improvidently,13,3,1,4,2,1,3
improving,9,6,2,8,6,2,8
improvisation,13,3,0,3,2,1,3
improvisation's,15,3,0,3,2,1,3
improvisations,14,3,1,4,2,1,3
improvise,9,3,0,3,3,0,3
improvised,10,3,0,3,3,0,3
improvises,10,3,0,3,4,0,4
improvising,11,2,1,3,2,1,3
imprudence,10,4,1,5,4,1,5
imprudence's,12,6,0,6,6,0,6
imprudent,9,4,1,5,4,1,5
imps,4,3,6,9,3,7,10
impudence,9,5,1,6,5,1,6
impudence's,11,7,0,7,8,2,10
impudent,8,4,1,5,4,2,6
impudently,10,5,2,7,4,2,6
impugn,6,2,3,5,2,3,5
impugned,8,4,3,7,4,2,6
impugning,9,2,2,4,2,2,4
impugns,7,3,4,7,4,3,7
impulse,7,3,1,4,5,2,7
impulse's,9,4,0,4,3,1,4
impulsed,8,4,1,5,4,2,6
impulses,8,3,0,3,3,0,3
impulsing,9,3,1,4,3,1,4
impulsion,9,6,1,7,4,1,5
impulsion's,11,7,1,8,4,1,5
impulsive,9,4,1,5,4,1,5
impulsively,11,3,0,3,3,0,3
impulsiveness,13,4,0,4,3,0,3
impulsiveness's,15,5,0,5,3,0,3
impunity,8,6,2,8,3,2,5
impunity's,10,9,3,12,9,3,12
impure,6,6,1,7,6,1,7
impurely,8,4,3,7,2,3,5
impurer,7,3,1,4,2,2,4
impurest,8,5,0,5,5,0,5
impurities,10,4,1,5,3,1,4
impurity,8,1,3,4,1,3,4
impurity's,10,8,4,12,8,4,12
imputation,10,2,2,4,3,2,5
imputation's,12,6,1,7,4,1,5
imputations,11,5,1,6,4,1,5
impute,6,5,2,7,5,2,7
imputed,7,4,3,7,4,3,7
imputes,7,5,2,7,5,2,7
imputing,8,5,3,8,5,3,8
in,2,2,5,7,2,5,7
in's,4,4,5,9,4,5,9
inabilities,11,3,0,3,3,0,3
inability,9,2,2,4,2,2,4
inability's,11,4,1,5,3,1,4
inaccessibility,15,1,0,1,1,0,1
inaccessibility's,17,2,0,2,2,0,2
inaccessible,12,5,0,5,2,0,2
inaccuracies,12,3,0,3,3,0,3
inaccuracy,10,2,3,5,2,2,4
inaccuracy's,12,4,1,5,3,1,4
inaccurate,10,6,1,7,4,1,5
inaccurately,12,7,1,8,3,1,4
inaction,8,2,2,4,2,2,4
inaction's,10,7,1,8,4,1,5
inactive,8,3,1,4,3,1,4
inactivity,10,4,2,6,3,2,5
inactivity's,12,3,2,5,3,1,4
inadequacies,12,2,1,3,2,1,3
inadequacy,10,4,1,5,3,1,4
inadequacy's,12,4,0,4,3,0,3
inadequate,10,4,1,5,3,1,4
inadequately,12,7,1,8,3,1,4
inadmissible,12,5,0,5,2,0,2
inadvertence,12,4,1,5,2,1,3
inadvertence's,14,4,0,4,3,0,3
inadvertent,11,2,1,3,2,1,3
inadvertently,13,2,1,3,2,1,3
inadvisable,11,4,0,4,4,0,4
inalienable,11,2,1,3,3,1,4
inamorata,9,2,2,4,2,2,4
inamorata's,11,2,1,3,2,1,3
inamoratas,10,2,1,3,2,1,3
inane,5,3,3,6,3,3,6
inanely,7,2,2,4,2,2,4
inaner,6,3,0,3,3,0,3
inanest,7,5,0,5,5,0,5
inanimate,9,3,2,5,4,1,5
inanities,9,4,0,4,4,0,4
inanity,7,2,2,4,3,2,5
inanity's,9,4,1,5,3,2,5
inapplicable,12,5,1,6,4,1,5
inappropriate,13,2,1,3,3,1,4
inappropriately,15,1,1,2,1,1,2
inapt,5,3,4,7,2,5,7
inarticulate,12,4,1,5,2,1,3
inarticulately,14,2,1,3,2,1,3
inasmuch,8,2,1,3,2,1,3
inattention,11,4,1,5,2,1,3
inattention's,13,2,0,2,4,0,4
inattentive,11,4,1,5,3,1,4
inaudible,9,4,1,5,3,1,4
inaudibly,9,3,2,5,3,2,5
inaugural,9,2,2,4,2,2,4
inaugural's,11,3,1,4,3,1,4
inaugurals,10,4,1,5,4,1,5
inaugurate,10,6,1,7,4,1,5
inaugurated,11,3,1,4,3,1,4
inaugurates,11,5,0,5,4,0,4
inaugurating,12,3,1,4,3,1,4
inauguration,12,5,1,6,4,1,5
inauguration's,14,6,0,6,5,0,5
inaugurations,13,6,0,6,4,1,5
inauspicious,12,2,1,3,2,1,3
inboard,7,3,2,5,4,3,7
inboard's,9,6,1,7,6,2,8
inboards,8,5,2,7,5,2,7
inborn,6,3,3,6,3,3,6
inbound,7,2,2,4,2,3,5
inbox,5,4,3,7,4,4,8
inbox's,7,6,2,8,6,3,9
inboxes,7,6,1,7,6,1,7
inbred,6,4,3,7,6,3,9
inbreed,7,2,1,3,2,1,3
inbreeding,10,2,1,3,2,1,3
inbreeding's,12,3,0,3,3,0,3
inbreeds,8,3,1,4,3,1,4
inbuilt,7,4,2,6,4,3,7
incalculable,12,5,1,6,3,1,4
incalculably,12,4,2,6,2,2,4
incandescence,13,2,0,2,3,0,3
incandescence's,15,2,0,2,3,0,3
incandescent,12,3,0,3,3,0,3
incantation,11,4,1,5,2,2,4
incantation's,13,6,0,6,3,1,4
incantations,12,3,1,4,3,1,4
incapability,12,2,1,3,2,1,3
incapability's,14,3,0,3,3,0,3
incapable,9,3,1,4,3,1,4
incapacitate,12,3,1,4,3,1,4
incapacitated,13,2,1,3,2,1,3
incapacitates,13,3,0,3,4,0,4
incapacitating,14,2,1,3,2,1,3
incapacity,10,4,2,6,2,2,4
incapacity's,12,3,1,4,3,1,4
incarcerate,11,2,1,3,2,1,3
incarcerated,12,5,1,6,2,1,3
incarcerates,12,3,0,3,3,0,3
incarcerating,13,5,1,6,4,1,5
incarceration,13,4,1,5,4,1,5
incarceration's,15,4,0,4,5,0,5
incarcerations,14,4,0,4,4,0,4
incarnate,9,4,1,5,4,1,5
incarnated,10,4,1,5,4,1,5
incarnates,10,5,0,5,5,0,5
incarnating,11,3,1,4,2,2,4
incarnation,11,3,1,4,2,2,4
incarnation's,13,5,0,5,3,1,4
incarnations,12,3,1,4,3,1,4
incautious,10,5,1,6,5,1,6
incendiaries,12,3,0,3,3,0,3
incendiary,10,3,1,4,3,1,4
incendiary's,12,5,0,5,4,0,4
incense,7,5,0,5,5,0,5
incense's,9,5,0,5,3,0,3
incensed,8,5,1,6,4,1,5
incenses,8,3,1,4,4,0,4
incensing,9,4,0,4,4,0,4
incentive,9,5,1,6,5,1,6
incentive's,11,6,0,6,4,1,5
incentives,10,3,0,3,5,0,5
inception,9,4,1,5,4,1,5
inception's,11,5,0,5,5,1,6
inceptions,10,4,2,6,6,1,7
incessant,9,2,0,2,2,0,2
incessantly,11,2,0,2,2,0,2
incest,6,6,0,6,6,0,6
incest's,8,4,0,4,5,1,6
incestuous,10,5,1,6,4,1,5
inch,4,4,6,10,4,6,10
inch's,6,6,4,10,4,4,8
inched,6,6,4,10,6,4,10
inches,6,3,5,8,3,4,7
inching,7,4,3,7,4,4,8
inchoate,8,7,1,8,7,1,8
incidence,9,3,1,4,4,1,5
incidence's,11,5,0,5,5,1,6
incidences,10,2,2,4,2,2,4
incident,8,5,1,6,4,2,6
incident's,10,7,2,9,6,1,7
incidental,10,3,1,4,3,1,4
incidental's,12,3,1,4,4,0,4
incidentally,12,2,1,3,2,1,3
incidentals,11,3,1,4,4,0,4
incidents,9,6,1,7,5,1,6
incinerate,10,5,1,6,5,1,6
incinerated,11,5,1,6,6,1,7
incinerates,11,7,0,7,5,0,5
incinerating,12,2,1,3,2,1,3
incineration,12,2,1,3,2,1,3
incineration's,14,4,0,4,3,0,3
incinerator,11,5,1,6,2,1,3
incinerator's,13,3,0,3,4,0,4
incinerators,12,3,0,3,5,0,5
incipient,9,4,1,5,3,1,4
incise,6,4,0,4,5,0,5
incised,7,4,1,5,4,1,5
incises,7,3,4,7,3,0,3
incising,8,4,1,5,3,1,4
incision,8,4,1,5,3,1,4
incision's,10,2,2,4,2,2,4
incisions,9,2,0,2,3,2,5
incisive,8,3,0,3,3,0,3
incisively,10,3,0,3,3,0,3
incisiveness,12,2,0,2,3,0,3
incisiveness's,14,2,0,2,3,0,3
incisor,7,3,2,5,3,2,5
incisor's,9,2,0,2,3,2,5
incisors,8,3,3,6,3,1,4
incite,6,5,1,6,4,1,5
incited,7,6,3,9,6,3,9
incitement,10,4,1,5,3,1,4
incitement's,12,5,0,5,3,0,3
incitements,11,3,0,3,3,0,3
incites,7,5,0,5,5,0,5
inciting,8,5,2,7,5,2,7
incivilities,12,3,0,3,3,0,3
incivility,10,2,2,4,2,2,4
incivility's,12,2,3,5,3,1,4
inclemency,10,2,1,3,2,1,3
inclemency's,12,3,0,3,3,0,3
inclement,9,7,1,8,7,1,8
inclination,11,2,1,3,2,2,4
inclination's,13,5,0,5,3,1,4
inclinations,12,5,1,6,3,1,4
incline,7,3,2,5,3,1,4
incline's,9,5,1,6,5,1,6
inclined,8,4,3,7,4,2,6
inclines,8,4,0,4,4,0,4
inclining,9,2,2,4,2,2,4
inclose,7,5,0,5,5,2,7
inclosed,8,4,2,6,4,1,5
incloses,8,4,2,6,4,2,6
inclosing,9,5,1,6,4,1,5
inclosure,9,3,0,3,3,0,3
inclosure's,11,3,0,3,3,0,3
inclosures,10,3,0,3,3,0,3
include,7,6,2,8,6,2,8
included,8,6,2,8,3,3,6
includes,8,5,1,6,5,1,6
including,9,6,2,8,6,2,8
inclusion,9,6,1,7,6,1,7
inclusion's,11,7,1,8,7,1,8
inclusions,10,6,1,7,6,2,8
inclusive,9,7,1,8,7,1,8
inclusively,11,3,0,3,3,0,3
incognito,9,2,2,4,2,2,4
incognito's,11,3,2,5,3,2,5
incognitos,10,2,2,4,2,2,4
incoherence,11,2,1,3,2,1,3
incoherence's,13,2,1,3,3,0,3
incoherent,10,4,1,5,4,1,5
incoherently,12,6,1,7,2,1,3
incombustible,13,7,0,7,2,0,2
income,6,5,1,6,5,1,6
income's,8,6,1,7,6,2,8
incomes,7,6,2,8,6,2,8
incoming,8,4,3,7,4,3,7
incommensurate,14,2,0,2,2,0,2
incommunicado,13,2,1,3,2,1,3
incomparable,12,11,1,12,3,1,4
incomparably,12,10,2,12,2,2,4
incompatibilities,17,1,0,1,1,0,1
incompatibility,15,1,1,2,1,1,2
incompatibility's,17,2,0,2,2,0,2
incompatible,12,11,1,12,2,1,3
incompatible's,14,3,0,3,4,0,4
incompatibles,13,4,1,5,3,0,3
incompatibly,12,10,2,12,1,2,3
incompetence,12,3,1,4,2,1,3
incompetence's,14,4,0,4,3,0,3
incompetent,11,3,1,4,4,1,5
incompetent's,13,3,0,3,4,0,4
incompetently,13,2,1,3,2,1,3
incompetents,12,3,0,3,3,0,3
incomplete,10,2,2,4,2,2,4
incompletely,12,3,2,5,2,1,3
incompleteness,14,3,0,3,2,0,2
incomprehensible,16,9,0,9,2,0,2
incomprehensibly,16,9,0,9,2,0,2
inconceivable,13,6,1,7,5,1,6
inconceivably,13,6,1,7,5,1,6
inconclusive,12,3,0,3,3,0,3
inconclusively,14,2,0,2,2,0,2
incongruities,13,8,0,8,3,0,3
incongruity,11,3,1,4,2,2,4
incongruity's,13,8,0,8,3,1,4
incongruous,11,3,2,5,3,2,5
incongruously,13,3,0,3,3,0,3
inconsequential,15,2,0,2,2,0,2
inconsequentially,17,2,0,2,2,0,2
inconsiderable,14,2,0,2,2,0,2
inconsiderate,13,2,0,2,2,0,2
inconsiderately,15,2,0,2,2,0,2
inconsiderateness,17,1,0,1,1,0,1
inconsiderateness's,19,1,0,1,1,0,1
inconsistencies,15,4,0,4,3,0,3
inconsistency,13,1,0,1,1,0,1
inconsistency's,15,4,0,4,3,0,3
inconsistent,12,1,0,1,1,0,1
inconsistently,14,1,0,1,1,0,1
inconsolable,12,3,0,3,3,0,3
inconspicuous,13,2,1,3,2,1,3
inconspicuously,15,1,0,1,1,0,1
inconspicuousness,17,2,0,2,2,0,2
inconspicuousness's,19,1,0,1,1,0,1
inconstancy,11,2,1,3,2,1,3
inconstancy's,13,2,1,3,2,1,3
inconstant,10,2,0,2,2,1,3
incontestable,13,7,0,7,2,0,2
incontestably,13,7,0,7,3,0,3
incontinence,12,2,1,3,2,1,3
incontinence's,14,3,0,3,3,0,3
incontinent,11,3,1,4,2,1,3
incontrovertible,16,7,1,8,6,1,7
incontrovertibly,16,7,1,8,6,1,7
inconvenience,13,2,1,3,2,1,3
inconvenience's,15,2,1,3,3,0,3
inconvenienced,14,3,1,4,3,1,4
inconveniences,14,2,1,3,3,0,3
inconveniencing,15,1,1,2,1,1,2
inconvenient,12,2,1,3,2,1,3
inconveniently,14,3,1,4,3,1,4
incorporate,11,4,1,5,4,1,5
incorporated,12,4,1,5,2,1,3
incorporates,12,3,0,3,3,0,3
incorporating,13,5,1,6,4,1,5
incorporation,13,3,1,4,4,1,5
incorporation's,15,4,0,4,5,0,5
incorporeal,11,2,1,3,3,1,4
incorrect,9,3,1,4,3,1,4
incorrectly,11,3,1,4,2,1,3
incorrectness,13,2,0,2,2,0,2
incorrectness's,15,2,0,2,2,0,2
incorrigibility,15,5,1,6,2,1,3
incorrigibility's,17,6,0,6,2,0,2
incorrigible,12,9,1,10,9,1,10
incorrigibly,12,8,2,10,8,2,10
incorruptibility,16,2,1,3,1,1,2
incorruptibility's,18,3,0,3,2,0,2
incorruptible,13,3,1,4,3,1,4
increase,8,4,0,4,4,0,4
increase's,10,5,0,5,3,0,3
increased,9,4,1,5,4,0,4
increases,9,4,0,4,4,0,4
increasing,10,3,0,3,4,0,4
increasingly,12,2,1,3,4,0,4
incredibility,13,4,1,5,2,1,3
incredibility's,15,6,0,6,3,0,3
incredible,10,4,1,5,3,1,4
incredibly,10,7,1,8,6,1,7
incredulity,11,6,1,7,2,1,3
incredulity's,13,4,0,4,3,0,3
incredulous,11,3,1,4,4,0,4
incredulously,13,4,0,4,4,0,4
increment,9,6,2,8,6,2,8
increment's,11,3,0,3,3,0,3
incremental,11,2,1,3,2,1,3
incremented,11,3,1,4,3,1,4
increments,10,3,1,4,4,0,4
incriminate,11,3,1,4,3,1,4
incriminated,12,1,1,2,1,1,2
incriminates,12,3,0,3,3,0,3
incriminating,13,4,1,5,2,1,3
incrimination,13,4,1,5,2,1,3
incrimination's,15,3,0,3,2,0,2
incriminatory,13,1,1,2,1,1,2
incrust,7,4,1,5,3,1,4
incrustation,12,2,1,3,2,1,3
incrustation's,14,10,0,10,4,0,4
incrustations,13,2,1,3,2,1,3
incrusted,9,5,0,5,5,0,5
incrusting,10,8,0,8,4,1,5
incrusts,8,3,2,5,3,2,5
incubate,8,6,2,8,6,2,8
incubated,9,5,2,7,6,1,7
incubates,9,6,0,6,4,0,4
incubating,10,3,2,5,2,2,4
incubation,10,5,2,7,4,2,6
incubation's,12,6,1,7,5,1,6
incubator,9,3,3,6,6,3,9
incubator's,11,5,1,6,4,1,5
incubators,10,4,2,6,4,2,6
incubi,6,1,3,4,1,3,4
incubus,7,4,4,8,3,3,6
incubus's,9,3,1,4,3,1,4
incubuses,9,3,2,5,3,2,5
inculcate,9,5,1,6,5,1,6
inculcated,10,6,1,7,6,1,7
inculcates,10,6,0,6,5,0,5
inculcating,11,4,1,5,4,2,6
inculcation,11,4,1,5,4,2,6
inculcation's,13,6,0,6,5,1,6
inculpate,9,5,1,6,5,1,6
inculpated,10,6,1,7,6,1,7
inculpates,10,6,0,6,5,0,5
inculpating,11,4,1,5,4,2,6
incumbencies,12,3,1,4,3,1,4
incumbency,10,3,2,5,2,3,5
incumbency's,12,4,1,5,3,1,4
incumbent,9,6,1,7,6,1,7
incumbent's,11,5,0,5,5,0,5
incumbents,10,4,1,5,4,1,5
incur,5,4,5,9,4,5,9
incurable,9,5,2,7,3,1,4
incurable's,11,5,0,5,5,0,5
incurables,10,4,0,4,4,0,4
incurably,9,4,3,7,6,3,9
incurious,9,7,2,9,7,2,9
incurred,8,6,3,9,4,1,5
incurring,9,5,2,7,4,3,7
incurs,6,5,4,9,5,5,10
incursion,9,5,1,6,4,1,5
incursion's,11,6,1,7,4,1,5
incursions,10,5,1,6,5,2,7
indebted,8,4,1,5,4,1,5
indebtedness,12,3,0,3,3,0,3
indebtedness's,14,3,0,3,3,0,3
indecencies,11,3,0,3,3,0,3
indecency,9,2,2,4,2,2,4
indecency's,11,4,1,5,4,1,5
indecent,8,5,1,6,5,1,6
indecently,10,7,1,8,7,1,8
indecipherable,14,2,1,3,2,1,3
indecision,10,4,0,4,3,0,3
indecision's,12,3,0,3,3,0,3
indecisive,10,4,0,4,3,0,3
indecisively,12,2,0,2,2,0,2
indecisiveness,14,2,0,2,2,0,2
indecisiveness's,16,2,0,2,2,0,2
indecorous,10,4,1,5,3,1,4
indeed,6,3,1,4,3,1,4
indefatigable,13,7,1,8,3,1,4
indefatigably,13,7,1,8,3,1,4
indefensible,12,6,0,6,3,1,4
indefensibly,12,7,0,7,3,1,4
indefinable,11,5,1,6,4,1,5
indefinably,11,5,1,6,2,1,3
indefinite,10,4,2,6,3,2,5
indefinitely,12,2,1,3,2,1,3
indelible,9,3,2,5,3,2,5
indelibly,9,3,2,5,3,2,5
indelicacies,12,3,0,3,3,0,3
indelicacy,10,3,1,4,2,2,4
indelicacy's,12,5,0,5,4,0,4
indelicate,10,3,1,4,3,1,4
indelicately,12,4,1,5,3,1,4
indemnification,15,1,1,2,1,1,2
indemnification's,17,3,0,3,2,0,2
indemnifications,16,2,0,2,2,0,2
indemnified,11,2,1,3,2,2,4
indemnifies,11,7,0,7,7,0,7
indemnify,9,7,1,8,7,1,8
indemnifying,12,1,2,3,2,1,3
indemnities,11,6,1,7,6,1,7
indemnity,9,6,2,8,6,2,8
indemnity's,11,4,0,4,3,1,4
indent,6,5,2,7,5,3,8
indent's,8,6,2,8,5,2,7
indentation,11,4,1,5,3,1,4
indentation's,13,6,0,6,3,0,3
indentations,12,5,0,5,4,0,4
indented,8,3,1,4,3,1,4
indenting,9,6,1,7,6,1,7
indents,7,6,1,7,6,1,7
indenture,9,4,1,5,4,1,5
indenture's,11,6,0,6,4,0,4
indentured,10,3,1,4,4,1,5
indentures,10,4,0,4,5,0,5
indenturing,11,4,1,5,3,1,4
independence,12,2,1,3,2,1,3
independence's,14,2,1,3,3,0,3
independent,11,2,1,3,2,1,3
independent's,13,4,0,4,3,0,3
independently,13,2,1,3,2,1,3
independents,12,4,0,4,3,0,3
indescribable,13,7,0,7,4,0,4
indescribably,13,7,0,7,4,0,4
indestructible,14,8,0,8,4,0,4
indestructibly,14,8,0,8,4,0,4
indeterminable,14,2,1,3,2,1,3
indeterminacy,13,4,1,5,3,1,4
indeterminacy's,15,3,0,3,3,0,3
indeterminate,13,4,1,5,3,1,4
indeterminately,15,2,1,3,2,1,3
index,5,3,2,5,3,2,5
index's,7,4,2,6,4,2,6
indexed,7,3,2,5,3,1,4
indexes,7,4,1,5,3,0,3
indexing,8,5,1,6,5,1,6
indicate,8,5,1,6,4,2,6
indicated,9,6,1,7,3,2,5
indicates,9,6,0,6,5,1,6
indicating,10,4,2,6,4,2,6
indication,10,4,2,6,3,2,5
indication's,12,6,1,7,4,1,5
indications,11,6,1,7,5,1,6
indicative,10,3,1,4,2,1,3
indicative's,12,4,0,4,3,0,3
indicatives,11,3,0,3,3,0,3
indicator,9,3,2,5,2,2,4
indicator's,11,5,1,6,3,1,4
indicators,10,4,2,6,4,2,6
indices,7,5,0,5,5,0,5
indict,6,4,3,7,4,3,7
indictable,10,5,1,6,4,1,5
indicted,8,3,1,4,3,2,5
indicting,9,2,2,4,2,2,4
indictment,10,2,1,3,3,1,4
indictment's,12,4,0,4,4,0,4
indictments,11,3,1,4,3,1,4
indicts,7,3,4,7,4,3,7
indifference,12,2,1,3,2,1,3
indifference's,14,2,1,3,2,0,2
indifferent,11,2,1,3,3,1,4
indifferently,13,1,1,2,1,1,2
indigence,9,4,1,5,4,1,5
indigence's,11,6,0,6,5,1,6
indigenous,10,3,2,5,3,2,5
indigent,8,5,1,6,4,2,6
indigent's,10,7,2,9,6,1,7
indigents,9,6,1,7,5,1,6
indigestible,12,2,0,2,2,0,2
indigestion,11,4,0,4,3,0,3
indigestion's,13,3,0,3,3,0,3
indignant,9,3,2,5,1,3,4
indignantly,11,2,1,3,2,2,4
indignation,11,2,1,3,2,2,4
indignation's,13,5,0,5,3,1,4
indignities,11,5,0,5,4,0,4
indignity,9,2,2,4,2,2,4
indignity's,11,3,3,6,3,3,6
indigo,6,3,4,7,3,4,7
indigo's,8,3,2,5,3,2,5
indirect,8,3,1,4,3,2,5
indirection,11,2,1,3,2,1,3
indirectly,10,4,1,5,3,1,4
indirectness,12,4,0,4,3,0,3
indirectness's,14,4,0,4,3,0,3
indiscernible,13,4,0,4,2,0,2
indiscreet,10,4,0,4,4,0,4
indiscreetly,12,5,0,5,5,0,5
indiscretion,12,2,0,2,2,0,2
indiscretion's,14,3,0,3,2,0,2
indiscretions,13,3,1,4,3,0,3
indiscriminate,14,3,0,3,2,0,2
indiscriminately,16,3,0,3,2,0,2
indispensable,13,6,0,6,4,0,4
indispensable's,15,1,0,1,1,0,1
indispensables,14,2,0,2,2,0,2
indispensably,13,6,0,6,4,0,4
indisposed,10,2,0,2,2,0,2
indisposition,13,2,0,2,2,0,2
indisposition's,15,2,0,2,2,0,2
indispositions,14,2,0,2,2,0,2
indisputable,12,11,0,11,5,0,5
indisputably,12,10,1,11,4,1,5
indissoluble,12,2,0,2,2,0,2
indistinct,10,2,1,3,2,1,3
indistinctly,12,2,0,2,2,0,2
indistinctness,14,1,0,1,1,0,1
indistinctness's,16,1,0,1,1,0,1
indistinguishable,17,1,0,1,1,0,1
individual,10,2,2,4,2,2,4
individual's,12,3,1,4,2,1,3
individualism,13,9,0,9,9,0,9
individualism's,15,10,0,10,10,0,10
individualist,13,8,1,9,8,1,9
individualist's,15,9,1,10,9,1,10
individualistic,15,2,0,2,2,0,2
individualists,14,2,0,2,2,0,2
individuality,13,8,1,9,8,1,9
individuality's,15,3,0,3,2,0,2
individualize,13,7,2,9,7,2,9
individualized,14,1,1,2,1,1,2
individualizes,14,3,1,4,2,0,2
individualizing,15,1,1,2,1,1,2
individually,12,1,1,2,1,1,2
individuals,11,3,2,5,3,1,4
indivisibility,14,2,0,2,2,0,2
indivisibility's,16,2,0,2,2,0,2
indivisible,11,8,0,8,4,0,4
indivisibly,11,7,1,8,2,1,3
indoctrinate,12,3,1,4,3,1,4
indoctrinated,13,3,1,4,3,1,4
indoctrinates,13,3,0,3,4,0,4
indoctrinating,14,3,1,4,3,1,4
indoctrination,14,3,1,4,3,1,4
indoctrination's,16,2,0,2,3,0,3
indolence,9,5,1,6,4,1,5
indolence's,11,7,0,7,5,1,6
indolent,8,4,1,5,3,2,5
indolently,10,3,1,4,3,1,4
indomitable,11,7,1,8,5,1,6
indomitably,11,6,2,8,3,2,5
indoor,6,3,3,6,3,3,6
indoors,7,4,3,7,4,2,6
indorse,7,6,0,6,4,2,6
indorsed,8,3,0,3,3,0,3
indorsement,11,2,0,2,2,0,2
indorsement's,13,2,0,2,2,0,2
indorsements,12,2,0,2,2,0,2
indorses,8,3,2,5,3,2,5
indorsing,9,5,1,6,4,1,5
indubitable,11,9,1,10,5,1,6
indubitably,11,8,2,10,3,2,5
induce,6,5,2,7,5,2,7
induced,7,3,2,5,3,2,5
inducement,10,3,1,4,4,1,5
inducement's,12,5,0,5,5,0,5
inducements,11,4,0,4,4,0,4
induces,7,6,2,8,6,2,8
inducing,8,4,3,7,4,3,7
induct,6,3,4,7,4,4,8
inductance,10,3,2,5,3,2,5
inductance's,12,5,0,5,5,0,5
inducted,8,6,1,7,6,2,8
inductee,8,5,2,7,2,2,4
inductee's,10,3,1,4,2,2,4
inductees,9,6,1,7,3,1,4
inducting,9,5,2,7,5,2,7
induction,9,5,2,7,5,2,7
induction's,11,4,2,6,4,2,6
inductions,10,4,2,6,4,2,6
inductive,9,2,2,4,2,2,4
inducts,7,4,4,8,5,3,8
indue,5,3,4,7,3,4,7
indued,6,3,2,5,3,2,5
indues,6,4,2,6,4,1,5
induing,7,4,2,6,4,3,7
indulge,7,4,2,6,4,3,7
indulged,8,5,2,7,5,3,8
indulgence,10,2,1,3,2,1,3
indulgence's,12,3,0,3,3,0,3
indulgences,11,3,0,3,3,0,3
indulgent,9,5,2,7,5,2,7
indulgently,11,3,1,4,2,1,3
indulges,8,6,0,6,5,1,6
indulging,9,3,2,5,3,2,5
industrial,10,2,1,3,2,1,3
industrialism,13,5,0,5,3,0,3
industrialism's,15,5,0,5,3,0,3
industrialist,13,5,0,5,3,0,3
industrialist's,15,5,0,5,3,0,3
industrialists,14,2,0,2,2,0,2
industrialization,17,1,0,1,1,0,1
industrialization's,19,1,0,1,1,0,1
industrialize,13,4,0,4,2,0,2
industrialized,14,4,0,4,2,0,2
industrializes,14,3,0,3,2,0,2
industrializing,15,2,0,2,2,0,2
industrially,12,2,0,2,2,0,2
industries,10,5,1,6,3,1,4
industrious,11,2,2,4,3,2,5
industriously,13,2,0,2,1,1,2
industriousness,15,1,0,1,1,0,1
industriousness's,17,2,0,2,2,0,2
industry,8,5,2,7,2,2,4
industry's,10,5,2,7,2,3,5
inebriate,9,3,1,4,3,1,4
inebriate's,11,4,0,4,3,0,3
inebriated,10,3,1,4,3,2,5
inebriates,10,3,0,3,3,0,3
inebriating,11,7,1,8,3,1,4
inebriation,11,2,1,3,3,1,4
inebriation's,13,5,0,5,3,0,3
inedible,8,2,3,5,2,3,5
ineducable,10,7,1,8,7,1,8
ineffable,9,2,2,4,2,2,4
ineffably,9,5,2,7,4,2,6
ineffective,11,4,1,5,1,1,2
ineffectively,13,6,1,7,3,1,4
ineffectiveness,15,2,0,2,2,0,2
ineffectiveness's,17,1,0,1,1,0,1
ineffectual,11,2,1,3,2,2,4
ineffectually,13,2,1,3,2,1,3
inefficiencies,14,2,1,3,2,0,2
inefficiency,12,2,1,3,2,1,3
inefficiency's,14,2,1,3,3,0,3
inefficient,11,2,1,3,2,1,3
inefficiently,13,1,1,2,1,1,2
inelastic,9,3,0,3,3,0,3
inelegance,10,2,1,3,2,1,3
inelegant,9,2,2,4,2,2,4
inelegantly,11,2,1,3,1,2,3
ineligibility,13,1,1,2,1,1,2
ineligibility's,15,3,0,3,2,0,2
ineligible,10,2,1,3,2,1,3
ineligible's,12,4,0,4,3,0,3
ineligibles,11,2,1,3,2,1,3
ineluctable,11,2,1,3,3,1,4
ineluctably,11,2,1,3,2,1,3
inept,5,2,5,7,2,5,7
ineptitude,10,2,1,3,2,1,3
ineptitude's,12,4,0,4,3,0,3
ineptly,7,4,2,6,3,2,5
ineptness,9,6,0,6,6,0,6
ineptness's,11,7,0,7,7,0,7
inequalities,12,2,1,3,2,1,3
inequality,10,2,1,3,2,1,3
inequality's,12,3,0,3,3,1,4
inequitable,11,7,1,8,4,1,5
inequities,10,4,0,4,4,0,4
inequity,8,4,1,5,3,1,4
inequity's,10,4,1,5,4,1,5
inert,5,4,2,6,4,3,7
inertia,7,3,1,4,3,1,4
inertia's,9,4,1,5,4,1,5
inertial,8,4,1,5,4,1,5
inertly,7,3,3,6,3,3,6
inertness,9,5,1,6,5,1,6
inertness's,11,6,1,7,6,1,7
inescapable,11,7,1,8,3,0,3
inescapably,11,7,1,8,3,0,3
inessential,11,2,0,2,2,0,2
inessential's,13,3,0,3,2,0,2
inessentials,12,2,0,2,2,0,2
inestimable,11,6,0,6,3,0,3
inestimably,11,6,0,6,3,0,3
inevitability,13,1,1,2,1,1,2
inevitability's,15,6,0,6,2,0,2
inevitable,10,2,1,3,2,1,3
inevitable's,12,4,0,4,3,0,3
inevitably,10,2,1,3,2,1,3
inexact,7,4,2,6,2,3,5
inexcusable,11,7,0,7,2,0,2
inexcusably,11,7,0,7,3,0,3
inexhaustible,13,7,0,7,2,0,2
inexhaustibly,13,7,0,7,2,0,2
inexorable,10,6,2,8,6,2,8
inexorably,10,2,1,3,2,1,3
inexpedient,11,2,1,3,1,1,2
inexpensive,11,2,0,2,2,0,2
inexpensively,13,6,0,6,2,0,2
inexperience,12,2,1,3,2,1,3
inexperience's,14,2,1,3,2,0,2
inexperienced,13,1,2,3,1,2,3
inexpert,8,3,2,5,3,2,5
inexplicable,12,6,1,7,5,1,6
inexplicably,12,6,1,7,5,1,6
inexpressible,13,2,0,2,2,0,2
inextinguishable,16,2,0,2,2,0,2
inextricable,12,7,1,8,4,1,5
inextricably,12,7,1,8,4,1,5
infallibility,13,4,1,5,2,1,3
infallibility's,15,6,0,6,3,0,3
infallible,10,4,1,5,4,1,5
infallibly,10,2,2,4,2,2,4
infamies,8,5,0,5,5,0,5
infamous,8,3,2,5,3,2,5
infamously,10,5,1,6,4,1,5
infamy,6,4,3,7,4,3,7
infamy's,8,4,2,6,5,2,7
infancy,7,2,2,4,2,2,4
infancy's,9,3,1,4,3,1,4
infant,6,4,3,7,4,2,6
infant's,8,6,2,8,6,2,8
infanticide,11,2,1,3,3,1,4
infanticide's,13,3,0,3,3,0,3
infanticides,12,3,0,3,3,0,3
infantile,9,3,1,4,3,1,4
infantries,10,4,0,4,3,0,3
infantry,8,3,2,5,2,2,4
infantry's,10,3,1,4,3,1,4
infantryman,11,2,2,4,2,2,4
infantryman's,13,3,1,4,2,1,3
infantrymen,11,3,1,4,3,1,4
infants,7,4,3,7,4,2,6
infarction,10,5,2,7,3,2,5
infarction's,12,4,1,5,4,1,5
infatuate,9,3,1,4,4,1,5
infatuated,10,4,1,5,4,1,5
infatuates,10,4,0,4,5,0,5
infatuating,11,3,1,4,3,2,5
infatuation,11,3,1,4,4,2,6
infatuation's,13,3,0,3,5,1,6
infatuations,12,3,1,4,4,1,5
infeasible,10,6,0,6,4,0,4
infect,6,6,2,8,6,3,9
infected,8,7,1,8,7,1,8
infecting,9,7,1,8,7,2,9
infection,9,7,1,8,7,1,8
infection's,11,9,0,9,9,1,10
infections,10,8,2,10,8,1,9
infectious,10,3,2,5,5,1,6
infectiously,12,5,1,6,5,0,5
infectiousness,14,2,0,2,3,0,3
infectiousness's,16,2,0,2,3,0,3
infects,7,7,1,8,7,1,8
infelicities,12,4,0,4,4,0,4
infelicitous,12,3,2,5,3,1,4
infelicity,10,3,2,5,3,2,5
infelicity's,12,4,2,6,4,2,6
infer,5,5,4,9,5,4,9
inference,9,2,1,3,2,1,3
inference's,11,3,0,3,3,0,3
inferences,10,3,0,3,3,0,3
inferential,11,5,1,6,2,1,3
inferior,8,6,1,7,6,1,7
inferior's,10,8,1,9,8,1,9
inferiority,11,2,1,3,3,1,4
inferiority's,13,3,0,3,4,0,4
inferiors,9,7,1,8,7,1,8
infernal,8,7,1,8,7,1,8
inferno,7,3,2,5,2,2,4
inferno's,9,5,1,6,5,1,6
infernos,8,4,2,6,4,1,5
inferred,8,3,3,6,3,3,6
inferring,9,3,2,5,6,1,7
infers,6,6,3,9,6,3,9
infertile,9,5,1,6,4,2,6
infertility,11,2,1,3,2,1,3
infertility's,13,3,0,3,4,0,4
infest,6,6,1,7,6,1,7
infestation,11,4,0,4,4,0,4
infestation's,13,4,0,4,4,0,4
infestations,12,3,0,3,3,0,3
infested,8,7,0,7,7,1,8
infesting,9,7,0,7,7,0,7
infests,7,6,1,7,6,1,7
infidel,7,3,2,5,4,2,6
infidel's,9,5,2,7,3,2,5
infidelities,12,4,0,4,4,0,4
infidelity,10,4,1,5,3,1,4
infidelity's,12,3,1,4,3,2,5
infidels,8,3,2,5,3,3,6
infield,7,3,2,5,3,2,5
infield's,9,5,2,7,5,2,7
infielder,9,3,1,4,3,1,4
infielder's,11,5,0,5,4,0,4
infielders,10,4,1,5,4,0,4
infields,8,4,3,7,4,3,7
infighting,10,3,2,5,4,2,6
infighting's,12,2,3,5,3,1,4
infiltrate,10,5,1,6,4,1,5
infiltrated,11,6,1,7,4,1,5
infiltrates,11,5,0,5,4,0,4
infiltrating,12,3,1,4,3,1,4
infiltration,12,3,1,4,3,1,4
infiltration's,14,4,0,4,4,0,4
infiltrator,11,6,1,7,2,2,4
infiltrator's,13,3,0,3,2,1,3
infiltrators,12,3,2,5,2,1,3
infinite,8,2,2,4,2,2,4
infinite's,10,4,0,4,3,2,5
infinitely,10,2,1,3,3,2,5
infinitesimal,13,2,0,2,2,0,2
infinitesimal's,15,2,0,2,2,0,2
infinitesimally,15,3,0,3,2,0,2
infinitesimals,14,2,1,3,2,0,2
infinities,10,3,1,4,3,0,3
infinitive,10,2,2,4,2,1,3
infinitive's,12,4,0,4,3,0,3
infinitives,11,3,0,3,3,0,3
infinitude,10,2,2,4,3,1,4
infinitude's,12,4,0,4,3,0,3
infinity,8,2,2,4,2,2,4
infinity's,10,2,3,5,2,3,5
infirm,6,2,4,6,2,4,6
infirmaries,11,3,0,3,3,0,3
infirmary,9,3,2,5,2,2,4
infirmary's,11,4,1,5,3,1,4
infirmities,11,5,0,5,4,0,4
infirmity,9,2,2,4,2,2,4
infirmity's,11,3,3,6,3,3,6
infix,5,2,5,7,2,5,7
inflame,7,3,4,7,3,3,6
inflamed,8,4,3,7,8,2,10
inflames,8,8,0,8,8,0,8
inflaming,9,7,3,10,7,3,10
inflammable,11,6,1,7,6,1,7
inflammation,12,5,1,6,4,1,5
inflammation's,14,6,0,6,5,0,5
inflammations,13,6,0,6,4,1,5
inflammatory,12,3,1,4,2,2,4
inflatable,10,5,2,7,5,2,7
inflatable's,12,5,0,5,4,0,4
inflatables,11,5,0,5,4,0,4
inflate,7,6,1,7,6,0,6
inflated,8,5,3,8,7,3,10
inflates,8,7,1,8,7,1,8
inflating,9,6,4,10,6,4,10
inflation,9,4,3,7,4,3,7
inflation's,11,5,1,6,4,1,5
inflationary,12,2,1,3,2,1,3
inflect,7,4,2,6,4,2,6
inflected,9,4,2,6,3,2,5
inflecting,10,4,1,5,3,1,4
inflection,10,2,1,3,2,1,3
inflection's,12,4,0,4,3,0,3
inflectional,12,2,1,3,2,1,3
inflections,11,3,1,4,3,0,3
inflects,8,6,2,8,4,2,6
inflexibility,13,4,1,5,2,1,3
inflexibility's,15,6,0,6,3,0,3
inflexible,10,4,1,5,3,1,4
inflexibly,10,5,1,6,4,1,5
inflict,7,2,3,5,2,4,6
inflicted,9,5,2,7,5,1,6
inflicting,10,3,2,5,3,2,5
infliction,10,2,2,4,2,2,4
infliction's,12,5,2,7,2,1,3
inflicts,8,3,4,7,3,4,7
inflorescence,13,2,0,2,3,0,3
inflorescence's,15,2,0,2,3,0,3
inflow,6,2,5,7,3,3,6
influence,9,5,1,6,4,1,5
influence's,11,7,0,7,5,1,6
influenced,10,4,2,6,4,2,6
influences,10,3,1,4,3,1,4
influencing,11,3,2,5,3,1,4
influential,11,5,1,6,2,1,3
influentially,13,2,1,3,2,1,3
influenza,9,2,2,4,3,1,4
influenza's,11,5,0,5,4,0,4
influx,6,3,4,7,3,4,7
influx's,8,4,3,7,4,3,7
influxes,8,6,1,7,6,1,7
info,4,4,2,6,4,2,6
info's,6,4,2,6,4,2,6
infomercial,11,3,2,5,3,1,4
infomercial's,13,4,1,5,5,0,5
infomercials,12,6,0,6,4,0,4
inform,6,4,3,7,3,3,6
informal,8,4,2,6,4,2,6
informality,11,6,1,7,2,2,4
informality's,13,5,0,5,3,1,4
informally,10,4,2,6,4,2,6
informant,9,3,2,5,3,2,5
informant's,11,5,1,6,3,2,5
informants,10,4,2,6,5,1,6
information,11,4,1,5,3,2,5
information's,13,6,0,6,4,1,5
informational,13,2,1,3,2,1,3
informative,11,4,1,5,4,1,5
informed,8,6,3,9,4,3,7
informer,8,4,2,6,4,1,5
informer's,10,5,0,5,6,0,6
informers,9,5,1,6,6,1,7
informing,9,3,4,7,4,4,8
informs,7,4,4,8,5,4,9
infotainment,12,2,1,3,2,1,3
infotainment's,14,3,0,3,3,0,3
infraction,10,5,2,7,3,2,5
infraction's,12,4,1,5,4,1,5
infractions,11,3,2,5,3,1,4
infrared,8,4,1,5,2,1,3
infrared's,10,3,0,3,3,0,3
infrastructure,14,3,0,3,3,0,3
infrastructure's,16,3,0,3,2,0,2
infrastructures,15,2,0,2,2,0,2
infrequency,11,2,1,3,1,2,3
infrequency's,13,3,1,4,3,0,3
infrequent,10,5,1,6,3,1,4
infrequently,12,6,1,7,2,1,3
infringe,8,4,2,6,3,2,5
infringed,9,4,2,6,4,1,5
infringement,12,1,1,2,1,1,2
infringement's,14,5,0,5,2,0,2
infringements,13,5,0,5,3,0,3
infringes,9,5,0,5,4,0,4
infringing,10,2,2,4,2,2,4
infuriate,9,4,1,5,4,1,5
infuriated,10,5,1,6,5,1,6
infuriates,10,5,0,5,4,0,4
infuriating,11,6,2,8,2,2,4
infuriatingly,13,1,1,2,1,1,2
infuse,6,5,1,6,5,1,6
infused,7,4,2,6,4,2,6
infuses,7,4,2,6,3,1,4
infusing,8,3,1,4,3,1,4
infusion,8,5,1,6,5,1,6
infusion's,10,3,2,5,3,2,5
infusions,9,5,0,5,4,2,6
ingenious,9,4,2,6,4,2,6
ingeniously,11,7,1,8,8,0,8
ingenuity,9,4,1,5,3,1,4
ingenuity's,11,6,0,6,3,1,4
ingenuous,9,6,1,7,6,1,7
ingenuously,11,7,1,8,8,0,8
ingenuousness,13,2,0,2,3,0,3
ingenuousness's,15,2,0,2,3,0,3
ingest,6,6,2,8,6,2,8
ingested,8,7,1,8,7,2,9
ingesting,9,6,0,6,6,0,6
ingestion,9,4,0,4,5,0,5
ingestion's,11,5,0,5,5,0,5
ingests,7,6,2,8,6,2,8
inglorious,10,5,2,7,4,2,6
ingot,5,3,4,7,3,5,8
ingot's,7,5,3,8,5,4,9
ingots,6,3,3,6,3,3,6
ingrain,7,2,2,4,3,2,5
ingrained,9,6,1,7,4,1,5
ingraining,10,2,2,4,2,2,4
ingrains,8,4,2,6,4,2,6
ingrate,7,5,2,7,5,1,6
ingrate's,9,7,0,7,6,0,6
ingrates,8,5,1,6,6,1,7
ingratiate,10,3,1,4,4,1,5
ingratiated,11,2,1,3,2,1,3
ingratiates,11,4,0,4,4,0,4
ingratiating,12,2,1,3,3,1,4
ingratiatingly,14,1,1,2,1,1,2
ingratitude,11,2,1,3,3,1,4
ingratitude's,13,3,0,3,3,0,3
ingredient,10,5,1,6,3,1,4
ingredient's,12,5,0,5,5,0,5
ingredients,11,3,0,3,3,0,3
ingress,7,5,0,5,5,0,5
ingress's,9,6,0,6,6,0,6
ingresses,9,4,1,5,3,3,6
ingrown,7,3,2,5,2,3,5
ingénue,7,3,2,5,3,2,5
ingénue's,9,4,1,5,4,1,5
ingénues,8,4,0,4,4,0,4
inhabit,7,4,2,6,4,2,6
inhabitable,11,4,1,5,3,1,4
inhabitant,10,3,2,5,2,2,4
inhabitant's,12,5,1,6,4,1,5
inhabitants,11,3,1,4,3,1,4
inhabited,9,4,1,5,4,1,5
inhabiting,10,5,2,7,5,2,7
inhabits,8,5,2,7,5,2,7
inhalant,8,2,2,4,2,2,4
inhalant's,10,4,1,5,4,1,5
inhalants,9,3,2,5,3,2,5
inhalation,10,5,2,7,3,2,5
inhalation's,12,3,1,4,4,1,5
inhalations,11,3,1,4,3,1,4
inhalator,9,3,2,5,3,2,5
inhalator's,11,5,1,6,4,1,5
inhalators,10,2,2,4,2,2,4
inhale,6,5,3,8,5,3,8
inhaled,7,5,3,8,5,6,11
inhaler,7,6,1,7,6,1,7
inhaler's,9,6,1,7,5,6,11
inhalers,8,5,2,7,4,5,9
inhales,7,6,1,7,6,1,7
inhaling,8,5,2,7,5,2,7
inhere,6,4,2,6,4,2,6
inhered,7,4,3,7,5,3,8
inherent,8,4,2,6,4,2,6
inherently,10,6,2,8,6,2,8
inheres,7,3,2,5,4,2,6
inhering,8,4,2,6,4,2,6
inherit,7,3,4,7,3,3,6
inheritance,11,3,1,4,4,1,5
inheritance's,13,5,0,5,5,0,5
inheritances,12,3,0,3,3,0,3
inherited,9,4,2,6,4,3,7
inheriting,10,4,2,6,3,2,5
inheritor,9,3,1,4,3,1,4
inheritor's,11,5,0,5,5,0,5
inheritors,10,6,1,7,5,1,6
inherits,8,4,4,8,4,3,7
inhibit,7,2,3,5,1,4,5
inhibited,9,3,2,5,3,1,4
inhibiting,10,2,2,4,2,2,4
inhibition,10,2,2,4,2,2,4
inhibition's,12,5,2,7,3,1,4
inhibitions,11,3,2,5,3,2,5
inhibits,8,2,3,5,2,3,5
inhospitable,12,4,0,4,3,0,3
inhuman,7,2,3,5,2,3,5
inhumane,8,2,4,6,2,4,6
inhumanely,10,2,1,3,2,2,4
inhumanities,12,4,0,4,4,0,4
inhumanity,10,5,2,7,2,2,4
inhumanity's,12,4,2,6,3,1,4
inhumanly,9,5,2,7,3,2,5
inimical,8,1,2,3,1,2,3
inimically,10,6,2,8,2,2,4
inimitable,10,3,1,4,2,1,3
inimitably,10,6,2,8,2,2,4
iniquities,10,3,1,4,3,0,3
iniquitous,10,3,2,5,3,2,5
iniquity,8,1,2,3,1,2,3
iniquity's,10,2,3,5,2,3,5
initial,7,2,2,4,2,3,5
initial's,9,4,1,5,3,2,5
initialed,9,5,1,6,4,1,5
initialing,10,4,2,6,3,2,5
initialization,14,1,1,2,1,1,2
initialize,10,4,1,5,3,1,4
initialized,11,1,1,2,3,1,4
initializes,11,5,0,5,4,0,4
initializing,12,1,1,2,1,1,2
initialled,10,4,2,6,4,2,6
initialling,11,1,1,2,1,2,3
initially,9,3,2,5,2,2,4
initials,8,3,2,5,3,2,5
initiate,8,4,1,5,4,1,5
initiate's,10,4,0,4,5,1,6
initiated,9,5,1,6,4,1,5
initiates,9,3,0,3,3,0,3
initiating,10,4,2,6,3,2,5
initiation,10,2,2,4,2,2,4
initiation's,12,5,1,6,2,1,3
initiations,11,4,1,5,3,1,4
initiative,10,4,1,5,3,1,4
initiative's,12,4,0,4,3,0,3
initiatives,11,5,0,5,4,0,4
initiator,9,3,2,5,2,2,4
initiator's,11,4,1,5,3,1,4
initiators,10,4,2,6,4,2,6
inject,6,5,3,8,5,4,9
injected,8,6,2,8,6,2,8
injecting,9,6,2,8,6,3,9
injection,9,6,2,8,6,2,8
injection's,11,8,1,9,8,2,10
injections,10,7,3,10,7,2,9
injector,8,3,1,4,3,1,4
injector's,10,6,1,7,5,1,6
injectors,9,6,1,7,6,1,7
injects,7,6,2,8,6,2,8
injudicious,11,3,2,5,3,2,5
injunction,10,3,2,5,3,2,5
injunction's,12,3,2,5,4,1,5
injunctions,11,3,2,5,3,2,5
injure,6,4,3,7,4,3,7
injured,7,5,3,8,5,4,9
injures,7,5,3,8,5,3,8
injuries,8,4,1,5,4,1,5
injuring,8,4,4,8,4,4,8
injurious,9,6,3,9,6,3,9
injury,6,3,4,7,3,5,8
injury's,8,4,3,7,4,3,7
injustice,9,3,1,4,3,2,5
injustice's,11,4,0,4,4,2,6
injustices,10,4,2,6,3,1,4
ink,3,2,6,8,2,5,7
ink's,5,4,4,8,4,4,8
inkblot,7,3,2,5,2,3,5
inkblot's,9,4,2,6,3,2,5
inkblots,8,3,2,5,3,2,5
inked,5,5,3,8,5,3,8
inkier,6,4,1,5,4,1,5
inkiest,7,5,1,6,5,1,6
inkiness,8,3,0,3,3,0,3
inkiness's,10,4,0,4,3,0,3
inking,6,2,3,5,2,3,5
inkling,7,3,4,7,3,5,8
inkling's,9,3,3,6,3,3,6
inklings,8,3,3,6,3,3,6
inks,4,4,5,9,3,5,8
inkwell,7,4,2,6,4,2,6
inkwell's,9,5,2,7,5,2,7
inkwells,8,4,3,7,4,3,7
inky,4,3,5,8,3,5,8
inlaid,6,3,3,6,3,2,5
inland,6,3,4,7,3,3,6
inland's,8,5,3,8,5,3,8
inlay,5,3,4,7,3,4,7
inlay's,7,5,3,8,5,3,8
inlaying,8,5,2,7,5,2,7
inlays,6,3,3,6,3,3,6
inlet,5,4,5,9,4,5,9
inlet's,7,6,3,9,6,3,9
inlets,6,5,2,7,5,2,7
inline,6,3,0,3,3,0,3
inmate,6,5,2,7,5,2,7
inmate's,8,6,1,7,6,2,8
inmates,7,6,0,6,6,0,6
inmost,6,2,1,3,2,1,3
inn,3,2,5,7,2,4,6
inn's,5,4,3,7,4,3,7
innards,7,5,3,8,4,2,6
innards's,9,3,1,4,3,1,4
innate,6,3,0,3,3,0,3
innately,8,5,1,6,3,1,4
inner,5,4,4,8,4,4,8
innermost,9,7,0,7,5,0,5
inning,6,2,3,5,2,3,5
inning's,8,3,3,6,3,3,6
innings,7,3,4,7,3,3,6
innkeeper,9,2,1,3,2,1,3
innkeeper's,11,2,0,2,2,0,2
innkeepers,10,2,0,2,2,0,2
innocence,9,2,1,3,2,1,3
innocence's,11,4,0,4,3,1,4
innocent,8,3,1,4,3,2,5
innocent's,10,5,1,6,4,1,5
innocently,10,2,1,3,2,1,3
innocents,9,4,1,5,3,1,4
innocuous,9,3,2,5,3,2,5
innocuously,11,5,0,5,4,0,4
innovate,8,5,1,6,5,1,6
innovated,9,6,2,8,6,1,7
innovates,9,6,0,6,4,0,4
innovating,10,3,2,5,2,2,4
innovation,10,3,2,5,2,2,4
innovation's,12,4,1,5,3,1,4
innovations,11,5,1,6,4,1,5
innovative,10,3,1,4,2,1,3
innovator,9,3,3,6,3,3,6
innovator's,11,3,1,4,4,1,5
innovators,10,3,2,5,3,2,5
inns,4,2,7,9,3,5,8
innuendo,8,2,2,4,2,3,5
innuendo's,10,4,1,5,3,2,5
innuendoes,10,4,1,5,3,1,4
innuendos,9,3,2,5,4,2,6
innumerable,11,3,1,4,2,1,3
inoculate,9,5,1,6,5,1,6
inoculated,10,6,1,7,6,1,7
inoculates,10,6,0,6,5,0,5
inoculating,11,4,1,5,4,2,6
inoculation,11,4,1,5,3,2,5
inoculation's,13,6,0,6,4,1,5
inoculations,12,3,1,4,4,1,5
inoffensive,11,6,0,6,5,0,5
inoffensively,13,6,0,6,2,0,2
inoperable,10,4,1,5,3,1,4
inoperative,11,4,1,5,3,2,5
inopportune,11,3,1,4,2,2,4
inordinate,10,4,1,5,4,1,5
inordinately,12,2,1,3,3,1,4
inorganic,9,2,2,4,2,2,4
inpatient,9,3,1,4,3,1,4
inpatient's,11,5,0,5,4,0,4
inpatients,10,4,1,5,4,1,5
input,5,3,6,9,3,6,9
input's,7,3,4,7,5,3,8
inputs,6,4,5,9,4,6,10
inputted,8,5,4,9,4,3,7
inputting,9,4,3,7,5,2,7
inquest,7,5,0,5,5,0,5
inquest's,9,4,0,4,5,1,6
inquests,8,4,2,6,4,2,6
inquietude,10,1,3,4,2,2,4
inquietude's,12,4,1,5,3,0,3
inquire,7,4,2,6,5,1,6
inquired,8,6,3,9,4,2,6
inquirer,8,3,2,5,3,1,4
inquirer's,10,5,0,5,5,0,5
inquirers,9,4,1,5,4,1,5
inquires,8,5,0,5,5,0,5
inquiries,9,4,0,4,4,0,4
inquiring,9,5,2,7,4,3,7
inquiringly,11,3,1,4,1,2,3
inquiry,7,3,3,6,3,4,7
inquiry's,9,3,3,6,3,3,6
inquisition,11,2,1,3,2,1,3
inquisition's,13,2,1,3,2,1,3
inquisitions,12,3,2,5,2,1,3
inquisitive,11,3,0,3,3,0,3
inquisitively,13,2,0,2,2,0,2
inquisitiveness,15,2,0,2,2,0,2
inquisitiveness's,17,1,0,1,1,0,1
inquisitor,10,2,1,3,2,1,3
inquisitor's,12,3,1,4,2,1,3
inquisitors,11,2,1,3,2,1,3
inroad,6,5,2,7,5,2,7
inroad's,8,6,1,7,5,2,7
inroads,7,6,2,8,6,1,7
ins,3,3,6,9,3,6,9
insane,6,4,0,4,4,0,4
insanely,8,3,0,3,3,0,3
insaner,7,3,0,3,4,0,4
insanest,8,4,0,4,3,0,3
insanity,8,3,1,4,3,1,4
insanity's,10,3,1,4,2,1,3
insatiable,10,8,0,8,8,0,8
insatiably,10,7,1,8,7,1,8
inscribe,8,3,0,3,3,0,3
inscribed,9,4,0,4,4,0,4
inscribes,9,3,0,3,3,0,3
inscribing,10,2,0,2,2,0,2
inscription,11,2,0,2,2,0,2
inscription's,13,2,0,2,2,0,2
inscriptions,12,2,0,2,2,0,2
inscrutable,11,11,0,11,11,0,11
inscrutably,11,10,1,11,10,1,11
inseam,6,3,1,4,3,1,4
inseam's,8,4,1,5,4,1,5
inseams,7,4,2,6,4,2,6
insect,6,6,1,7,6,1,7
insect's,8,7,1,8,7,1,8
insecticide,11,4,0,4,3,0,3
insecticide's,13,4,0,4,3,0,3
insecticides,12,2,0,2,2,0,2
insectivore,11,3,0,3,3,0,3
insectivore's,13,5,0,5,4,0,4
insectivores,12,2,0,2,2,0,2
insectivorous,13,5,0,5,4,0,4
insects,7,6,2,8,6,1,7
insecure,8,4,0,4,3,0,3
insecurely,10,4,0,4,4,0,4
insecurities,12,2,0,2,2,0,2
insecurity,10,7,0,7,4,0,4
insecurity's,12,6,0,6,4,0,4
inseminate,10,3,0,3,3,0,3
inseminated,11,2,0,2,2,0,2
inseminates,11,4,0,4,3,0,3
inseminating,12,4,0,4,3,0,3
insemination,12,4,0,4,3,0,3
insemination's,14,3,0,3,2,0,2
insensate,9,2,0,2,2,0,2
insensibility,13,6,0,6,4,0,4
insensibility's,15,5,0,5,4,0,4
insensible,10,3,0,3,4,0,4
insensibly,10,3,0,3,4,0,4
insensitive,11,2,0,2,2,0,2
insensitively,13,2,0,2,2,0,2
insensitivity,13,6,0,6,4,0,4
insensitivity's,15,5,0,5,4,0,4
insentience,11,3,0,3,3,0,3
insentience's,13,3,0,3,3,0,3
insentient,10,3,0,3,3,0,3
inseparability,14,2,0,2,2,0,2
inseparability's,16,2,0,2,2,0,2
inseparable,11,7,0,7,4,0,4
inseparable's,13,3,0,3,3,0,3
inseparables,12,4,0,4,4,0,4
inseparably,11,7,0,7,4,0,4
insert,6,5,2,7,5,2,7
insert's,8,6,2,8,6,2,8
inserted,8,6,0,6,6,0,6
inserting,9,6,0,6,5,0,5
insertion,9,6,0,6,4,0,4
insertion's,11,5,0,5,3,0,3
insertions,10,4,0,4,4,0,4
inserts,7,5,3,8,5,2,7
inset,5,4,2,6,4,1,5
inset's,7,6,1,7,6,1,7
insets,6,5,2,7,5,2,7
insetted,8,4,0,4,4,0,4
insetting,9,4,0,4,5,0,5
inshore,7,4,0,4,5,2,7
inside,6,4,0,4,4,1,5
inside's,8,3,3,6,3,3,6
insider,7,4,0,4,4,0,4
insider's,9,5,2,7,5,0,5
insiders,8,3,2,5,3,2,5
insides,7,3,2,5,3,1,4
insidious,9,2,2,4,2,1,3
insidiously,11,2,0,2,2,0,2
insidiousness,13,1,0,1,1,0,1
insidiousness's,15,1,0,1,1,0,1
insight,7,3,1,4,2,1,3
insight's,9,2,2,4,2,1,3
insightful,10,3,0,3,3,0,3
insights,8,2,1,3,2,2,4
insigne,7,3,0,3,3,1,4
insigne's,9,4,0,4,4,0,4
insignes,8,3,0,3,3,0,3
insignia,8,2,1,3,2,1,3
insignia's,10,3,1,4,2,1,3
insignias,9,2,1,3,2,1,3
insignificance,14,2,0,2,2,0,2
insignificance's,16,2,0,2,2,0,2
insignificant,13,2,0,2,2,0,2
insignificantly,15,2,0,2,2,0,2
insincere,9,2,0,2,2,0,2
insincerely,11,2,0,2,2,0,2
insincerity,11,3,0,3,3,0,3
insincerity's,13,3,0,3,3,0,3
insinuate,9,3,0,3,3,0,3
insinuated,10,3,0,3,3,0,3
insinuates,10,3,0,3,3,0,3
insinuating,11,3,0,3,3,0,3
insinuation,11,3,0,3,3,0,3
insinuation's,13,3,0,3,3,0,3
insinuations,12,2,0,2,2,0,2
insipid,7,2,0,2,2,1,3
insist,6,1,1,2,1,1,2
insisted,8,2,0,2,2,0,2
insistence,10,3,0,3,3,0,3
insistence's,12,5,0,5,3,0,3
insistent,9,3,0,3,2,0,2
insistently,11,2,0,2,2,0,2
insisting,9,3,0,3,2,0,2
insists,7,2,0,2,2,1,3
insofar,7,6,1,7,6,1,7
insole,6,5,2,7,5,2,7
insole's,8,4,2,6,4,2,6
insolence,9,3,0,3,3,0,3
insolence's,11,3,0,3,3,0,3
insolent,8,3,1,4,3,1,4
insolently,10,3,0,3,3,0,3
insoles,7,3,2,5,3,1,4
insolubility,12,2,0,2,2,0,2
insolubility's,14,3,0,3,2,0,2
insoluble,9,4,0,4,4,0,4
insolvable,10,3,1,4,4,0,4
insolvency,10,7,0,7,7,0,7
insolvency's,12,8,0,8,8,0,8
insolvent,9,6,0,6,6,0,6
insolvent's,11,7,0,7,7,0,7
insolvents,10,6,0,6,6,0,6
insomnia,8,2,1,3,2,1,3
insomnia's,10,3,1,4,7,1,8
insomniac,9,3,1,4,3,1,4
insomniac's,11,2,1,3,2,1,3
insomniacs,10,2,2,4,6,2,8
insouciance,11,3,0,3,3,0,3
insouciance's,13,3,0,3,3,0,3
insouciant,10,3,0,3,3,0,3
inspect,7,5,0,5,3,2,5
inspected,9,3,1,4,3,1,4
inspecting,10,6,0,6,6,0,6
inspection,10,6,0,6,6,0,6
inspection's,12,7,0,7,7,0,7
inspections,11,6,0,6,5,0,5
inspector,9,3,0,3,4,0,4
inspector's,11,6,0,6,5,0,5
inspectors,10,4,0,4,4,0,4
inspects,8,3,1,4,3,1,4
inspiration,11,5,0,5,3,0,3
inspiration's,13,5,0,5,4,0,4
inspirational,13,6,0,6,4,0,4
inspirations,12,5,0,5,4,0,4
inspire,7,4,0,4,4,2,6
inspired,8,4,1,5,4,1,5
inspires,8,3,0,3,3,0,3
inspiring,9,2,1,3,2,1,3
instability,11,4,0,4,3,0,3
instability's,13,4,0,4,3,0,3
instal,6,3,1,4,4,1,5
install,7,4,1,5,4,1,5
installation,12,4,0,4,4,0,4
installation's,14,4,0,4,4,0,4
installations,13,4,0,4,4,0,4
installed,9,6,0,6,6,0,6
installing,10,5,0,5,4,0,4
installment,11,3,0,3,3,0,3
installment's,13,3,0,3,3,0,3
installments,12,3,0,3,3,0,3
installs,8,3,1,4,4,1,5
instalment,10,7,0,7,7,0,7
instalment's,12,8,0,8,8,0,8
instalments,11,7,0,7,7,0,7
instals,7,3,2,5,4,1,5
instance,8,4,0,4,4,0,4
instance's,10,4,0,4,4,0,4
instanced,9,6,0,6,5,0,5
instances,9,4,0,4,4,0,4
instancing,10,3,0,3,3,0,3
instant,7,3,0,3,3,1,4
instant's,9,5,1,6,3,1,4
instantaneous,13,3,0,3,3,0,3
instantaneously,15,2,0,2,2,0,2
instantly,9,3,1,4,3,1,4
instants,8,3,1,4,4,1,5
instead,7,5,0,5,4,1,5
instep,6,4,2,6,4,2,6
instep's,8,5,1,6,5,1,6
insteps,7,3,3,6,3,3,6
instigate,9,4,0,4,4,0,4
instigated,10,7,0,7,7,0,7
instigates,10,4,0,4,4,0,4
instigating,11,4,0,4,4,0,4
instigation,11,5,0,5,4,0,4
instigation's,13,5,0,5,4,0,4
instigator,10,6,1,7,6,1,7
instigator's,12,2,0,2,2,0,2
instigators,11,2,1,3,2,1,3
instil,6,2,1,3,2,1,3
instill,7,3,1,4,2,1,3
instilled,9,4,0,4,4,0,4
instilling,10,2,0,2,2,0,2
instills,8,2,1,3,2,2,4
instils,7,2,2,4,2,1,3
instinct,8,2,1,3,2,1,3
instinct's,10,3,1,4,2,1,3
instinctive,11,3,0,3,4,0,4
instinctively,13,3,0,3,3,0,3
instincts,9,2,2,4,2,1,3
institute,9,4,0,4,4,0,4
institute's,11,4,1,5,3,0,3
instituted,10,4,0,4,3,0,3
institutes,10,4,0,4,4,0,4
instituting,11,4,0,4,4,0,4
institution,11,5,0,5,4,0,4
institution's,13,5,0,5,4,0,4
institutional,13,6,0,6,4,0,4
institutionalize,16,2,0,2,2,0,2
institutionalized,17,3,0,3,4,0,4
institutionalizes,17,3,0,3,4,0,4
institutionalizing,18,2,0,2,2,0,2
institutions,12,5,0,5,4,0,4
instruct,8,2,1,3,2,1,3
instructed,10,7,0,7,4,0,4
instructing,11,4,0,4,4,0,4
instruction,11,4,0,4,4,0,4
instruction's,13,2,0,2,2,0,2
instructional,13,3,0,3,3,0,3
instructions,12,3,0,3,4,0,4
instructive,11,4,0,4,4,0,4
instructively,13,3,0,3,3,0,3
instructor,10,7,0,7,3,1,4
instructor's,12,4,0,4,4,0,4
instructors,11,4,1,5,3,1,4
instructs,9,2,2,4,3,1,4
instrument,10,6,1,7,6,1,7
instrument's,12,7,1,8,7,1,8
instrumental,12,7,0,7,5,0,5
instrumental's,14,3,0,3,2,0,2
instrumentalist,15,2,0,2,2,0,2
instrumentalist's,17,4,0,4,3,0,3
instrumentalists,16,2,0,2,2,0,2
instrumentality,15,4,0,4,3,0,3
instrumentality's,17,4,0,4,3,0,3
instrumentals,13,3,0,3,3,0,3
instrumentation,15,4,0,4,3,0,3
instrumentation's,17,2,0,2,2,0,2
instrumented,12,7,0,7,5,0,5
instrumenting,13,2,0,2,2,0,2
instruments,11,6,1,7,6,1,7
insubordinate,13,3,0,3,3,0,3
insubordination,15,2,0,2,2,0,2
insubordination's,17,1,0,1,1,0,1
insubstantial,13,2,0,2,2,0,2
insufferable,12,7,0,7,5,0,5
insufferably,12,7,0,7,5,0,5
insufficiency,13,2,0,2,2,0,2
insufficiency's,15,2,0,2,2,0,2
insufficient,12,2,0,2,2,0,2
insufficiently,14,2,0,2,2,0,2
insular,7,5,2,7,5,2,7
insularity,10,7,0,7,4,0,4
insularity's,12,6,0,6,4,0,4
insulate,8,4,0,4,4,0,4
insulated,9,5,0,5,6,0,6
insulates,9,4,0,4,4,0,4
insulating,10,5,1,6,5,1,6
insulation,10,5,1,6,5,1,6
insulation's,12,6,1,7,6,1,7
insulator,9,4,1,5,4,1,5
insulator's,11,4,1,5,3,1,4
insulators,10,3,2,5,2,1,3
insulin,7,2,0,2,2,1,3
insulin's,9,2,2,4,2,1,3
insult,6,3,1,4,4,1,5
insult's,8,3,1,4,2,2,4
insulted,8,4,0,4,4,0,4
insulting,9,3,1,4,3,1,4
insults,7,3,2,5,4,1,5
insuperable,11,6,0,6,5,0,5
insupportable,13,2,0,2,2,0,2
insurance,9,4,0,4,4,0,4
insurance's,11,5,0,5,3,0,3
insurances,10,3,0,3,3,0,3
insure,6,5,1,6,5,1,6
insured,7,6,0,6,5,0,5
insured's,9,5,0,5,5,0,5
insureds,8,4,1,5,5,1,6
insurer,7,6,0,6,3,0,3
insurer's,9,4,0,4,4,0,4
insurers,8,3,1,4,3,1,4
insures,7,3,0,3,3,0,3
insurgence,10,5,0,5,4,0,4
insurgence's,12,5,0,5,4,0,4
insurgences,11,3,0,3,3,0,3
insurgencies,12,2,0,2,2,0,2
insurgency,10,6,1,7,6,1,7
insurgency's,12,7,1,8,7,1,8
insurgent,9,5,1,6,5,1,6
insurgent's,11,6,1,7,6,1,7
insurgents,10,5,1,6,5,1,6
insuring,8,3,1,4,3,1,4
insurmountable,14,2,0,2,2,0,2
insurrection,12,4,0,4,4,0,4
insurrection's,14,5,0,5,4,0,4
insurrectionist,15,2,0,2,2,0,2
insurrectionist's,17,1,0,1,1,0,1
insurrectionists,16,2,0,2,2,0,2
insurrections,13,4,0,4,4,0,4
intact,6,3,4,7,4,2,6
intagli,7,2,2,4,2,2,4
intaglio,8,1,2,3,1,2,3
intaglio's,10,5,1,6,4,2,6
intaglios,9,3,1,4,3,1,4
intake,6,5,2,7,5,2,7
intake's,8,6,1,7,5,3,8
intakes,7,6,0,6,6,0,6
intangible,10,4,1,5,3,1,4
intangible's,12,4,0,4,3,0,3
intangibles,11,4,0,4,4,0,4
intangibly,10,2,2,4,2,2,4
integer,7,4,2,6,4,1,5
integer's,9,5,0,5,5,0,5
integers,8,4,1,5,3,2,5
integral,8,3,1,4,3,1,4
integral's,10,8,0,8,5,0,5
integrals,9,7,0,7,7,0,7
integrate,9,3,1,4,3,1,4
integrated,10,2,1,3,2,1,3
integrates,10,5,0,5,4,0,4
integrating,11,5,1,6,5,1,6
integration,11,6,1,7,5,1,6
integration's,13,6,0,6,6,0,6
integrator,10,3,2,5,4,1,5
integrity,9,3,1,4,3,1,4
integrity's,11,5,0,5,4,0,4
integument,10,3,1,4,2,1,3
integument's,12,5,0,5,3,0,3
integuments,11,4,1,5,3,1,4
intellect,9,6,1,7,6,1,7
intellect's,11,6,0,6,6,0,6
intellects,10,4,1,5,4,1,5
intellectual,12,3,1,4,2,1,3
intellectual's,14,3,0,3,3,0,3
intellectualism,15,2,0,2,2,0,2
intellectualize,15,2,1,3,2,1,3
intellectualized,16,1,1,2,2,1,3
intellectualizes,16,3,0,3,3,0,3
intellectualizing,17,1,0,1,1,0,1
intellectually,14,2,1,3,2,1,3
intellectuals,13,6,0,6,5,0,5
intelligence,12,2,1,3,2,1,3
intelligence's,14,2,1,3,3,0,3
intelligent,11,2,1,3,2,1,3
intelligently,13,2,1,3,3,1,4
intelligentsia,14,2,0,2,2,0,2
intelligentsia's,16,1,0,1,1,0,1
intelligibility,15,5,1,6,2,1,3
intelligibility's,17,6,0,6,2,0,2
intelligible,12,5,1,6,3,1,4
intelligibly,12,5,1,6,3,1,4
intemperance,12,5,1,6,3,1,4
intemperance's,14,4,0,4,4,0,4
intemperate,11,6,1,7,3,1,4
intend,6,3,2,5,3,3,6
intended,8,3,1,4,3,1,4
intended's,10,3,1,4,3,1,4
intendeds,9,3,2,5,3,1,4
intending,9,4,1,5,4,1,5
intends,7,5,1,6,4,1,5
intense,7,4,1,5,4,1,5
intensely,9,6,0,6,6,0,6
intenser,8,3,1,4,3,1,4
intensest,9,2,0,2,3,0,3
intensification,15,2,0,2,2,0,2
intensification's,17,3,0,3,2,0,2
intensified,11,2,1,3,7,0,7
intensifier,11,3,0,3,6,1,7
intensifier's,13,3,0,3,3,0,3
intensifiers,12,3,0,3,4,0,4
intensifies,11,4,0,4,5,0,5
intensify,9,6,0,6,5,0,5
intensifying,12,3,0,3,3,0,3
intensities,11,4,0,4,5,0,5
intensity,9,6,0,6,5,0,5
intensity's,11,3,1,4,4,1,5
intensive,9,4,1,5,3,1,4
intensive's,11,3,0,3,3,0,3
intensively,11,4,0,4,3,0,3
intensives,10,3,0,3,3,0,3
intent,6,3,2,5,3,3,6
intent's,8,5,2,7,5,2,7
intention,9,3,1,4,4,1,5
intention's,11,5,0,5,5,1,6
intentional,11,2,1,3,2,1,3
intentionally,13,2,1,3,2,1,3
intentions,10,4,2,6,6,1,7
intently,8,3,1,4,3,1,4
intentness,10,3,0,3,3,0,3
intentness's,12,4,0,4,3,0,3
intents,7,4,1,5,4,1,5
inter,5,4,5,9,4,5,9
interact,8,4,1,5,4,1,5
interacted,10,5,1,6,4,1,5
interacting,11,5,1,6,5,1,6
interaction,11,6,1,7,5,1,6
interaction's,13,6,0,6,6,0,6
interactions,12,4,0,4,4,0,4
interactive,11,3,1,4,3,1,4
interactively,13,6,1,7,3,1,4
interacts,9,6,1,7,5,1,6
interbred,9,4,1,5,3,1,4
interbreed,10,1,1,2,1,1,2
interbreeding,13,5,1,6,3,1,4
interbreeds,11,2,0,2,2,0,2
intercede,9,4,1,5,3,1,4
interceded,10,3,1,4,3,1,4
intercedes,10,5,0,5,5,0,5
interceding,11,6,1,7,4,1,5
intercept,9,3,1,4,5,1,6
intercept's,11,6,0,6,5,1,6
intercepted,11,5,1,6,6,1,7
intercepting,12,6,1,7,6,1,7
interception,12,6,1,7,6,1,7
interception's,14,8,0,8,7,0,7
interceptions,13,7,0,7,7,0,7
interceptor,11,3,1,4,3,1,4
interceptor's,13,6,0,6,4,1,5
interceptors,12,3,0,3,3,0,3
intercepts,10,6,0,6,7,0,7
intercession,12,5,0,5,2,0,2
intercession's,14,2,0,2,2,0,2
intercessions,13,4,0,4,3,0,3
intercessor,11,3,0,3,3,0,3
intercessor's,13,4,0,4,3,0,3
intercessors,12,2,0,2,2,0,2
interchange,11,4,1,5,4,1,5
interchange's,13,3,0,3,5,0,5
interchangeable,15,8,1,9,2,1,3
interchangeably,15,8,1,9,2,1,3
interchanged,12,3,1,4,3,1,4
interchanges,12,4,0,4,4,0,4
interchanging,13,2,1,3,2,1,3
intercollegiate,15,1,1,2,1,1,2
intercom,8,6,2,8,6,2,8
intercom's,10,8,2,10,7,2,9
intercoms,9,6,1,7,6,1,7
interconnect,12,2,1,3,2,1,3
interconnected,14,2,1,3,2,1,3
interconnecting,15,3,1,4,2,1,3
interconnection,15,3,1,4,2,1,3
interconnection's,17,2,0,2,2,0,2
interconnections,16,2,0,2,3,0,3
interconnects,13,3,0,3,3,0,3
intercontinental,16,1,1,2,1,1,2
intercourse,11,3,1,4,2,0,2
intercourse's,13,3,0,3,2,0,2
interdenominational,19,1,0,1,1,0,1
interdepartmental,17,2,0,2,2,0,2
interdependence,15,2,1,3,2,1,3
interdependence's,17,2,0,2,2,0,2
interdependent,14,2,1,3,2,1,3
interdict,9,4,1,5,4,1,5
interdict's,11,6,0,6,6,1,7
interdicted,11,2,1,3,3,1,4
interdicting,12,4,1,5,3,1,4
interdiction,12,4,1,5,2,1,3
interdiction's,14,5,0,5,3,0,3
interdicts,10,6,2,8,4,2,6
interdisciplinary,17,1,0,1,1,0,1
interest,8,4,0,4,4,0,4
interest's,10,5,0,5,2,0,2
interested,10,3,0,3,2,0,2
interesting,11,2,0,2,2,0,2
interestingly,13,2,0,2,2,0,2
interests,9,3,1,4,4,0,4
interface,9,8,1,9,8,1,9
interface's,11,8,0,8,8,0,8
interfaced,10,9,1,10,9,1,10
interfaces,10,9,0,9,9,0,9
interfacing,11,9,1,10,9,1,10
interfaith,10,3,1,4,3,1,4
interfere,9,4,1,5,3,1,4
interfered,10,3,1,4,3,1,4
interference,12,5,1,6,2,1,3
interference's,14,3,0,3,3,0,3
interferes,10,5,0,5,5,0,5
interfering,11,5,1,6,4,1,5
interferon,10,2,1,3,2,1,3
interferon's,12,3,0,3,3,0,3
intergalactic,13,1,1,2,1,1,2
interim,7,4,3,7,4,2,6
interim's,9,4,2,6,3,2,5
interior,8,5,2,7,5,2,7
interior's,10,7,2,9,7,2,9
interiors,9,6,2,8,6,2,8
interject,9,5,2,7,5,2,7
interjected,11,5,1,6,6,1,7
interjecting,12,6,1,7,6,1,7
interjection,12,6,1,7,6,1,7
interjection's,14,8,0,8,7,0,7
interjections,13,7,0,7,7,0,7
interjects,10,6,0,6,7,0,7
interlace,9,7,2,9,7,2,9
interlaced,10,8,2,10,8,2,10
interlaces,10,8,1,9,8,1,9
interlacing,11,8,2,10,8,2,10
interlard,9,3,1,4,3,1,4
interlarded,11,5,1,6,4,1,5
interlarding,12,6,1,7,5,1,6
interlards,10,4,1,5,5,0,5
interleave,10,8,1,9,8,1,9
interleaved,11,9,1,10,9,1,10
interleaves,11,9,0,9,9,0,9
interleaving,12,9,1,10,9,1,10
interleukin,11,1,1,2,2,1,3
interleukin's,13,3,0,3,4,0,4
interlink,9,5,1,6,5,1,6
interlinked,11,4,1,5,4,1,5
interlinking,12,3,1,4,2,1,3
interlinks,10,5,2,7,4,2,6
interlock,9,5,2,7,3,3,6
interlock's,11,7,0,7,5,2,7
interlocked,11,5,1,6,4,1,5
interlocking,12,6,1,7,5,1,6
interlocks,10,6,2,8,8,1,9
interlocutory,13,7,1,8,3,1,4
interloper,10,4,1,5,4,1,5
interloper's,12,6,0,6,6,0,6
interlopers,11,5,1,6,5,0,5
interlude,9,6,2,8,6,2,8
interlude's,11,7,1,8,7,1,8
interluded,10,3,1,4,3,1,4
interludes,10,6,1,7,6,1,7
interluding,11,6,2,8,6,2,8
intermarriage,13,2,1,3,2,1,3
intermarriage's,15,3,0,3,2,0,2
intermarriages,14,3,0,3,3,0,3
intermarried,12,3,1,4,3,1,4
intermarries,12,3,0,3,3,0,3
intermarry,10,5,1,6,4,1,5
intermarrying,13,5,1,6,3,1,4
intermediaries,14,6,0,6,2,0,2
intermediary,12,3,1,4,2,1,3
intermediary's,14,6,0,6,4,0,4
intermediate,12,2,1,3,2,1,3
intermediate's,14,2,0,2,4,0,4
intermediates,13,3,0,3,3,0,3
interment,9,3,1,4,3,1,4
interment's,11,3,0,3,3,0,3
interments,10,5,0,5,5,0,5
intermezzi,10,6,1,7,4,1,5
intermezzo,10,6,1,7,4,1,5
intermezzo's,12,6,0,6,5,0,5
intermezzos,11,4,0,4,4,0,4
interminable,12,6,1,7,3,1,4
interminably,12,6,1,7,3,1,4
intermingle,11,4,1,5,2,2,4
intermingled,12,4,1,5,3,1,4
intermingles,12,3,0,3,3,0,3
intermingling,13,1,1,2,1,1,2
intermission,12,5,0,5,2,0,2
intermission's,14,2,0,2,2,0,2
intermissions,13,2,0,2,2,0,2
intermittent,12,2,1,3,2,1,3
intermittently,14,1,1,2,1,1,2
intern,6,2,2,4,2,3,5
intern's,8,5,2,7,4,2,6
internal,8,6,2,8,6,2,8
internalize,11,3,1,4,2,1,3
internalized,12,3,1,4,2,1,3
internalizes,12,3,0,3,3,0,3
internalizing,13,3,1,4,2,2,4
internally,10,4,2,6,4,1,5
internals,9,5,0,5,5,0,5
international,13,2,1,3,2,1,3
international's,15,3,0,3,3,0,3
internationalism,16,4,0,4,2,0,2
internationalism's,18,3,0,3,2,0,2
internationalize,16,1,1,2,1,1,2
internationalized,17,10,0,10,10,0,10
internationalizes,17,9,1,10,9,1,10
internationalizing,18,1,1,2,1,1,2
internationally,15,2,1,3,2,1,3
internationals,14,3,0,3,3,0,3
interne,7,2,1,3,2,0,2
interne's,9,6,1,7,5,0,5
internecine,11,4,1,5,2,1,3
interned,8,5,1,6,5,1,6
internee,8,2,1,3,2,1,3
internee's,10,4,0,4,3,0,3
internees,9,3,0,3,3,0,3
internement,11,2,1,3,1,1,2
internes,8,3,0,3,3,0,3
interneship,11,2,0,2,2,0,2
interneships,12,3,0,3,2,0,2
internet,8,3,2,5,3,2,5
interning,9,2,1,3,2,1,3
internist,9,5,0,5,4,0,4
internist's,11,3,0,3,3,0,3
internists,10,3,0,3,3,0,3
internment,10,3,1,4,2,1,3
internment's,12,5,0,5,3,0,3
interns,7,5,1,6,3,1,4
internship,10,2,0,2,3,0,3
internship's,12,3,0,3,3,0,3
internships,11,3,0,3,3,0,3
interoffice,11,4,1,5,2,2,4
interpersonal,13,2,0,2,2,0,2
interplanetary,14,2,1,3,2,1,3
interplay,9,5,2,7,4,2,6
interplay's,11,7,0,7,5,0,5
interpolate,11,7,1,8,4,1,5
interpolated,12,7,1,8,4,1,5
interpolates,12,7,0,7,5,0,5
interpolating,13,7,1,8,3,1,4
interpolation,13,7,1,8,3,1,4
interpolation's,15,9,0,9,4,0,4
interpolations,14,8,0,8,4,0,4
interpose,9,4,0,4,4,1,5
interposed,10,4,0,4,3,0,3
interposes,10,2,0,2,4,0,4
interposing,11,4,0,4,4,0,4
interposition,13,2,0,2,3,0,3
interposition's,15,3,0,3,2,0,2
interpret,9,4,1,5,3,1,4
interpretation,14,2,1,3,3,1,4
interpretation's,16,2,0,2,3,0,3
interpretations,15,2,0,2,3,0,3
interpretative,14,2,1,3,3,1,4
interpreted,11,6,1,7,2,1,3
interpreter,11,6,1,7,2,1,3
interpreter's,13,5,0,5,3,0,3
interpreters,12,4,0,4,3,0,3
interpreting,12,5,1,6,4,1,5
interpretive,12,3,1,4,3,1,4
interprets,10,3,1,4,3,1,4
interracial,11,4,1,5,3,1,4
interred,8,4,1,5,4,1,5
interrelate,11,6,1,7,3,1,4
interrelated,12,5,1,6,2,1,3
interrelates,12,4,0,4,3,0,3
interrelating,13,7,1,8,5,1,6
interrelation,13,4,1,5,5,1,6
interrelation's,15,4,0,4,6,0,6
interrelations,14,4,0,4,6,0,6
interrelationship,17,1,0,1,1,0,1
interrelationship's,19,1,0,1,1,0,1
interrelationships,18,1,0,1,1,0,1
interring,9,5,1,6,5,2,7
interrogate,11,7,1,8,4,1,5
interrogated,12,7,1,8,4,1,5
interrogates,12,7,0,7,5,0,5
interrogating,13,3,1,4,5,1,6
interrogation,13,7,1,8,5,1,6
interrogation's,15,9,0,9,6,0,6
interrogations,14,8,0,8,6,0,6
interrogative,13,2,1,3,2,1,3
interrogative's,15,4,0,4,3,0,3
interrogatives,14,4,0,4,3,0,3
interrogator,12,5,1,6,2,1,3
interrogator's,14,4,0,4,3,0,3
interrogatories,15,4,0,4,2,0,2
interrogators,13,3,0,3,4,0,4
interrogatory,13,7,1,8,3,1,4
interrogatory's,15,4,0,4,2,0,2
interrupt,9,3,1,4,3,1,4
interrupt's,11,5,0,5,3,0,3
interrupted,11,4,1,5,2,1,3
interrupting,12,5,1,6,4,1,5
interruption,12,5,1,6,4,1,5
interruption's,14,6,0,6,5,0,5
interruptions,13,6,0,6,3,0,3
interrupts,10,3,1,4,3,2,5
inters,6,5,4,9,5,4,9
interscholastic,15,1,0,1,1,0,1
intersect,9,2,1,3,2,1,3
intersected,11,2,0,2,2,0,2
intersecting,12,5,0,5,4,0,4
intersection,12,3,0,3,3,0,3
intersection's,14,3,0,3,4,0,4
intersections,13,2,0,2,2,0,2
intersects,10,5,0,5,5,0,5
intersperse,11,1,0,1,1,0,1
interspersed,12,1,0,1,1,0,1
intersperses,12,2,0,2,2,0,2
interspersing,13,2,0,2,2,0,2
interstate,10,5,0,5,4,0,4
interstate's,12,5,0,5,3,0,3
interstates,11,3,0,3,3,0,3
interstellar,12,2,0,2,2,0,2
interstice,10,4,1,5,3,1,4
interstice's,12,5,0,5,3,0,3
interstices,11,3,0,3,3,0,3
intertwine,10,2,2,4,2,2,4
intertwined,11,2,1,3,4,1,5
intertwines,11,3,0,3,4,0,4
intertwining,12,2,1,3,2,1,3
interurban,10,3,1,4,3,1,4
interval,8,4,2,6,4,2,6
interval's,10,8,0,8,5,0,5
intervals,9,7,0,7,7,0,7
intervene,9,2,1,3,2,1,3
intervened,10,5,1,6,5,1,6
intervenes,10,4,0,4,4,0,4
intervening,11,3,1,4,2,1,3
intervention,12,3,1,4,2,1,3
intervention's,14,3,0,3,3,0,3
interventions,13,3,0,3,4,0,4
interview,9,3,2,5,3,2,5
interview's,11,4,0,4,4,0,4
interviewed,11,6,1,7,2,1,3
interviewee,11,5,1,6,1,1,2
interviewee's,13,3,0,3,2,0,2
interviewees,12,2,0,2,2,0,2
interviewer,11,6,1,7,2,1,3
interviewer's,13,3,0,3,3,0,3
interviewers,12,4,0,4,3,0,3
interviewing,12,3,1,4,3,1,4
interviews,10,3,1,4,3,1,4
interweave,10,7,2,9,7,2,9
interweaved,11,8,2,10,8,2,10
interweaves,11,8,1,9,8,1,9
interweaving,12,8,2,10,8,2,10
interwove,9,5,3,8,5,3,8
interwoven,10,2,2,4,2,2,4
intestate,9,3,0,3,3,0,3
intestinal,10,3,0,3,3,0,3
intestine,9,3,0,3,3,0,3
intestine's,11,3,0,3,3,0,3
intestines,10,3,0,3,3,0,3
intimacies,10,4,0,4,3,0,3
intimacy,8,2,2,4,2,2,4
intimacy's,10,5,2,7,5,2,7
intimate,8,4,1,5,4,1,5
intimate's,10,4,0,4,5,1,6
intimated,9,5,1,6,4,1,5
intimately,10,2,1,3,3,1,4
intimates,9,4,0,4,4,0,4
intimating,10,4,2,6,3,2,5
intimation,10,4,2,6,3,2,5
intimation's,12,5,1,6,4,1,5
intimations,11,5,1,6,5,1,6
intimidate,10,3,1,4,3,1,4
intimidated,11,1,1,2,3,1,4
intimidates,11,3,0,3,3,0,3
intimidating,12,3,1,4,2,1,3
intimidation,12,3,1,4,2,1,3
intimidation's,14,5,0,5,2,0,2
into,4,3,3,6,3,3,6
intolerable,11,3,1,4,3,1,4
intolerably,11,2,1,3,3,1,4
intolerance,11,3,1,4,2,1,3
intolerance's,13,4,0,4,3,0,3
intolerant,10,3,1,4,3,1,4
intonation,10,2,2,4,3,2,5
intonation's,12,4,1,5,4,1,5
intonations,11,4,1,5,4,1,5
intone,6,3,1,4,3,1,4
intoned,7,4,4,8,4,4,8
intones,7,4,0,4,4,0,4
intoning,8,2,2,4,2,2,4
intoxicant,10,3,2,5,2,2,4
intoxicant's,12,4,1,5,4,1,5
intoxicants,11,4,1,5,4,1,5
intoxicate,10,4,1,5,4,1,5
intoxicated,11,4,1,5,4,1,5
intoxicates,11,5,0,5,5,0,5
intoxicating,12,4,1,5,3,1,4
intoxication,12,3,1,4,3,1,4
intoxication's,14,4,0,4,4,0,4
intractability,14,2,1,3,2,1,3
intractability's,16,3,0,3,3,0,3
intractable,11,6,1,7,4,1,5
intramural,10,1,3,4,2,2,4
intranet,8,3,2,5,3,2,5
intranet's,10,4,0,4,4,0,4
intranets,9,4,1,5,4,1,5
intransigence,13,2,0,2,2,0,2
intransigence's,15,2,0,2,2,0,2
intransigent,12,3,0,3,3,0,3
intransigent's,14,4,0,4,3,0,3
intransigents,13,3,0,3,3,0,3
intransitive,12,3,0,3,3,0,3
intransitive's,14,3,0,3,3,0,3
intransitively,14,2,0,2,2,0,2
intransitives,13,3,0,3,3,0,3
intravenous,11,3,1,4,5,0,5
intravenous's,13,4,0,4,4,0,4
intravenouses,13,4,0,4,4,0,4
intravenously,13,6,0,6,4,0,4
intrench,8,6,1,7,3,2,5
intrenched,10,4,1,5,3,2,5
intrenches,10,7,0,7,3,1,4
intrenching,11,4,1,5,2,1,3
intrenchment,12,2,1,3,3,1,4
intrenchment's,14,7,0,7,3,0,3
intrenchments,13,5,0,5,2,0,2
intrepid,8,3,2,5,3,2,5
intrepidly,10,7,1,8,6,1,7
intricacies,11,3,0,3,3,0,3
intricacy,9,2,2,4,2,2,4
intricacy's,11,5,1,6,4,1,5
intricate,9,3,1,4,3,1,4
intricately,11,2,1,3,3,1,4
intrigue,8,4,2,6,3,2,5
intrigue's,10,4,0,4,3,2,5
intrigued,9,5,2,7,5,1,6
intrigues,9,5,0,5,4,0,4
intriguing,10,3,2,5,3,2,5
intriguingly,12,1,1,2,1,1,2
intrinsic,9,2,2,4,1,3,4
intrinsically,13,2,0,2,2,0,2
introduce,9,3,2,5,3,2,5
introduced,10,3,1,4,3,2,5
introduces,10,4,1,5,4,1,5
introducing,11,5,1,6,3,2,5
introduction,12,4,1,5,3,2,5
introduction's,14,4,0,4,4,1,5
introductions,13,4,0,4,3,2,5
introductory,12,3,2,5,1,3,4
intros,6,3,3,6,3,3,6
introspection,13,3,0,3,3,0,3
introspection's,15,3,0,3,2,0,2
introspective,13,3,0,3,3,0,3
introversion,12,3,0,3,3,0,3
introversion's,14,3,0,3,2,0,2
introvert,9,4,1,5,3,1,4
introvert's,11,6,0,6,4,0,4
introverted,11,2,1,3,2,1,3
introverts,10,5,0,5,4,0,4
intrude,7,5,3,8,5,3,8
intruded,8,5,3,8,6,1,7
intruder,8,4,1,5,3,2,5
intruder's,10,5,0,5,5,0,5
intruders,9,4,1,5,4,1,5
intrudes,8,5,1,6,6,1,7
intruding,9,5,3,8,5,3,8
intrusion,9,5,2,7,5,2,7
intrusion's,11,6,2,8,6,2,8
intrusions,10,5,2,7,5,3,8
intrusive,9,6,2,8,6,2,8
intrust,7,4,1,5,3,1,4
intrusted,9,5,0,5,5,0,5
intrusting,10,7,0,7,4,1,5
intrusts,8,3,2,5,3,2,5
intuit,6,2,4,6,3,3,6
intuited,8,5,4,9,5,2,7
intuiting,9,4,3,7,5,2,7
intuition,9,2,2,4,2,2,4
intuition's,11,4,2,6,3,2,5
intuitions,10,3,2,5,3,2,5
intuitive,9,2,2,4,2,2,4
intuitively,11,2,1,3,3,1,4
intuits,7,2,4,6,2,3,5
inundate,8,5,1,6,5,1,6
inundated,9,4,1,5,4,1,5
inundates,9,6,0,6,4,0,4
inundating,10,3,2,5,2,2,4
inundation,10,3,2,5,2,2,4
inundation's,12,4,1,5,3,1,4
inundations,11,5,1,6,4,1,5
inure,5,3,3,6,3,3,6
inured,6,4,3,7,5,4,9
inures,6,5,3,8,5,3,8
inuring,7,4,2,6,4,3,7
invade,6,4,4,8,4,4,8
invaded,7,3,3,6,3,3,6
invader,7,5,2,7,5,2,7
invader's,9,5,1,6,5,3,8
invaders,8,5,2,7,5,2,7
invades,7,5,2,7,5,2,7
invading,8,4,3,7,4,3,7
invalid,7,3,3,6,3,3,6
invalid's,9,4,1,5,4,1,5
invalidate,10,3,1,4,3,1,4
invalidated,11,4,1,5,3,1,4
invalidates,11,5,0,5,4,0,4
invalidating,12,4,1,5,3,1,4
invalidation,12,3,1,4,3,1,4
invalidation's,14,4,0,4,4,0,4
invalided,9,4,1,5,4,1,5
invaliding,10,4,3,7,4,3,7
invalidity,10,4,2,6,3,2,5
invalidity's,12,5,1,6,3,2,5
invalids,8,4,3,7,4,3,7
invaluable,10,5,2,7,4,2,6
invariable,10,4,1,5,3,1,4
invariable's,12,4,0,4,3,0,3
invariables,11,5,0,5,4,0,4
invariably,10,2,2,4,2,2,4
invariant,9,2,2,4,2,2,4
invasion,8,4,2,6,4,2,6
invasion's,10,3,1,4,3,1,4
invasions,9,4,1,5,3,1,4
invasive,8,4,0,4,4,0,4
invective,9,3,2,5,5,1,6
invective's,11,5,0,5,5,1,6
inveigh,7,2,3,5,2,2,4
inveighed,9,7,2,9,7,2,9
inveighing,10,6,2,8,6,2,8
inveighs,8,3,3,6,3,2,5
inveigle,8,2,2,4,2,2,4
inveigled,9,6,3,9,6,3,9
inveigles,9,4,0,4,3,0,3
inveigling,10,5,3,8,5,3,8
invent,6,4,3,7,4,4,8
invented,8,4,1,5,4,1,5
inventing,9,5,2,7,5,2,7
invention,9,3,1,4,4,1,5
invention's,11,5,0,5,5,1,6
inventions,10,4,2,6,6,1,7
inventive,9,5,1,6,5,1,6
inventiveness,13,2,0,2,3,0,3
inventiveness's,15,2,0,2,3,0,3
inventor,8,3,1,4,3,1,4
inventor's,10,6,1,7,5,1,6
inventoried,11,4,1,5,2,1,3
inventories,11,3,0,3,3,0,3
inventors,9,5,2,7,5,2,7
inventory,9,4,1,5,3,1,4
inventory's,11,6,0,6,4,0,4
inventorying,12,2,1,3,2,1,3
invents,7,5,2,7,5,2,7
inverse,7,4,0,4,2,0,2
inverse's,9,5,0,5,3,0,3
inversely,9,6,0,6,6,0,6
inverses,8,4,1,5,4,0,4
inversion,9,4,0,4,4,0,4
inversion's,11,6,0,6,5,0,5
inversions,10,5,0,5,4,0,4
invert,6,4,3,7,4,4,8
invert's,8,6,2,8,4,2,6
invertebrate,12,3,1,4,3,1,4
invertebrate's,14,3,0,3,4,0,4
invertebrates,13,3,0,3,3,0,3
inverted,8,5,2,7,5,2,7
inverting,9,5,2,7,5,1,6
inverts,7,5,2,7,5,2,7
invest,6,5,3,8,5,3,8
invested,8,6,2,8,6,3,9
investigate,11,5,0,5,4,0,4
investigated,12,7,0,7,4,0,4
investigates,12,5,0,5,4,0,4
investigating,13,2,0,2,4,0,4
investigation,13,2,0,2,4,0,4
investigation's,15,4,0,4,2,0,2
investigations,14,3,0,3,2,0,2
investigative,13,4,0,4,4,0,4
investigator,12,7,0,7,4,0,4
investigator's,14,3,0,3,2,0,2
investigators,13,3,1,4,4,0,4
investing,9,6,1,7,6,1,7
investiture,11,5,0,5,3,0,3
investiture's,13,4,0,4,3,0,3
investitures,12,5,0,5,3,0,3
investment,10,3,0,3,3,0,3
investment's,12,3,0,3,3,0,3
investments,11,3,0,3,3,0,3
investor,8,6,1,7,6,1,7
investor's,10,7,1,8,7,1,8
investors,9,3,0,3,3,1,4
invests,7,5,3,8,5,3,8
inveterate,10,2,1,3,2,1,3
invidious,9,4,2,6,4,2,6
invidiously,11,6,0,6,4,0,4
invigorate,10,5,1,6,4,1,5
invigorated,11,3,1,4,4,1,5
invigorates,11,5,0,5,4,0,4
invigorating,12,3,1,4,3,1,4
invigoration,12,3,1,4,3,1,4
invigoration's,14,4,0,4,4,0,4
invincibility,13,1,1,2,1,1,2
invincibility's,15,3,0,3,2,0,2
invincible,10,2,2,4,2,1,3
invincibly,10,1,2,3,1,2,3
inviolability,13,1,1,2,1,1,2
inviolability's,15,3,0,3,2,0,2
inviolable,10,5,1,6,3,2,5
inviolate,9,4,2,6,4,2,6
invisibility,12,2,0,2,2,0,2
invisibility's,14,3,0,3,2,0,2
invisible,9,3,1,4,3,2,5
invisibly,9,2,1,3,2,1,3
invitation,10,4,2,6,3,2,5
invitation's,12,5,1,6,4,1,5
invitational,12,2,1,3,3,1,4
invitational's,14,3,0,3,2,0,2
invitationals,13,3,0,3,2,1,3
invitations,11,6,1,7,5,1,6
invite,6,4,2,6,3,2,5
invite's,8,5,0,5,5,2,7
invited,7,5,4,9,5,4,9
invites,7,4,1,5,4,1,5
inviting,8,4,3,7,4,3,7
invitingly,10,2,2,4,2,2,4
invocation,10,4,2,6,4,2,6
invocation's,12,4,1,5,5,1,6
invocations,11,5,1,6,4,1,5
invoice,7,3,3,6,3,2,5
invoice's,9,5,1,6,5,1,6
invoiced,8,5,3,8,4,3,7
invoices,8,4,1,5,4,1,5
invoicing,9,3,3,6,3,3,6
invoke,6,4,3,7,4,3,7
invoked,7,3,5,8,3,5,8
invokes,7,5,3,8,5,3,8
invoking,8,3,5,8,3,5,8
involuntarily,13,2,1,3,2,1,3
involuntary,11,2,2,4,2,2,4
involve,7,3,3,6,5,1,6
involved,8,5,4,9,5,2,7
involvement,11,3,1,4,4,1,5
involvement's,13,5,0,5,4,0,4
involvements,12,4,0,4,4,0,4
involves,8,5,1,6,6,0,6
involving,9,4,3,7,3,4,7
invulnerability,15,2,1,3,2,1,3
invulnerability's,17,2,0,2,2,0,2
invulnerable,12,6,1,7,3,1,4
invulnerably,12,6,1,7,2,1,3
inward,6,3,4,7,3,4,7
inwardly,8,3,2,5,4,2,6
inwards,7,6,3,9,4,2,6
iodine,6,3,0,3,3,0,3
iodine's,8,5,0,5,5,2,7
iodize,6,2,2,4,2,2,4
iodized,7,3,3,6,3,2,5
iodizes,7,3,2,5,3,2,5
iodizing,8,3,3,6,2,3,5
ion,3,3,10,13,3,10,13
ion's,5,4,12,16,4,12,16
ionization,10,2,2,4,2,2,4
ionization's,12,4,1,5,3,1,4
ionize,6,3,1,4,3,1,4
ionized,7,3,6,9,3,6,9
ionizer,7,3,1,4,3,1,4
ionizer's,9,5,1,6,7,2,9
ionizers,8,5,2,7,5,2,7
ionizes,7,4,1,5,4,1,5
ionizing,8,3,2,5,3,2,5
ionosphere,10,4,0,4,3,0,3
ionosphere's,12,4,0,4,3,0,3
ionospheres,11,4,0,4,3,0,3
ions,4,3,10,13,3,10,13
iota,4,3,7,10,3,8,11
iota's,6,5,7,12,5,7,12
iotas,5,4,1,5,4,1,5
ipecac,6,4,2,6,3,2,5
ipecac's,8,6,1,7,5,1,6
ipecacs,7,4,2,6,4,2,6
irascibility,12,2,0,2,2,0,2
irascibility's,14,4,1,5,2,0,2
irascible,9,4,0,4,3,1,4
irate,5,5,5,10,5,5,10
irately,7,4,1,5,4,1,5
irateness,9,4,0,4,4,0,4
irateness's,11,5,0,5,5,0,5
ire,3,2,4,6,2,4,6
ire's,5,4,4,8,4,4,8
iridescence,11,5,1,6,5,1,6
iridescence's,13,6,1,7,6,1,7
iridescent,10,5,1,6,5,1,6
iridium,7,1,3,4,1,3,4
iridium's,9,2,3,5,2,3,5
iris,4,3,3,6,3,3,6
iris's,6,4,2,6,4,2,6
irises,6,3,1,4,4,1,5
irk,3,2,8,10,1,9,10
irked,5,4,4,8,4,4,8
irking,6,4,4,8,4,4,8
irks,4,3,6,9,2,7,9
irksome,7,5,0,5,4,1,5
iron,4,2,9,11,2,9,11
iron's,6,4,8,12,4,8,12
ironclad,8,3,2,5,3,2,5
ironclad's,10,5,1,6,5,1,6
ironclads,9,4,1,5,4,1,5
ironed,6,3,1,4,4,3,7
ironic,6,2,3,5,2,3,5
ironical,8,1,2,3,1,2,3
ironically,10,3,2,5,3,2,5
ironies,7,4,0,4,4,0,4
ironing,7,2,2,4,2,3,5
ironing's,9,4,3,7,3,3,6
irons,5,3,7,10,3,7,10
ironware,8,3,3,6,3,3,6
ironware's,10,4,0,4,6,0,6
ironwork,8,1,3,4,3,2,5
ironwork's,10,4,2,6,3,2,5
irony,5,4,4,8,4,4,8
irony's,7,6,3,9,6,3,9
irradiate,9,4,1,5,3,1,4
irradiated,10,2,2,4,3,1,4
irradiates,10,5,0,5,4,0,4
irradiating,11,4,1,5,6,2,8
irradiation,11,2,1,3,6,2,8
irradiation's,13,5,0,5,2,1,3
irrational,10,2,2,4,2,2,4
irrational's,12,3,1,4,3,1,4
irrationality,13,1,1,2,1,1,2
irrationality's,15,2,0,2,2,0,2
irrationally,12,2,1,3,2,1,3
irrationals,11,3,1,4,3,1,4
irreconcilable,14,2,1,3,2,1,3
irrecoverable,13,2,1,3,2,1,3
irredeemable,12,2,2,4,2,1,3
irrefutable,11,7,1,8,7,2,9
irregardless,12,3,0,3,3,0,3
irregular,9,3,2,5,3,2,5
irregular's,11,4,1,5,3,0,3
irregularities,14,6,0,6,2,0,2
irregularity,12,2,1,3,1,2,3
irregularity's,14,6,0,6,2,1,3
irregularly,11,4,1,5,3,1,4
irregulars,10,3,1,4,4,0,4
irrelevance,11,2,1,3,2,1,3
irrelevance's,13,2,1,3,2,0,2
irrelevances,12,2,0,2,2,0,2
irrelevancies,13,2,1,3,2,0,2
irrelevancy,11,2,1,3,2,1,3
irrelevancy's,13,3,1,4,3,0,3
irrelevant,10,2,1,3,2,1,3
irrelevantly,12,4,1,5,3,1,4
irreligious,11,4,2,6,3,0,3
irremediable,12,2,1,3,2,1,3
irremediably,12,2,1,3,2,1,3
irreparable,11,3,1,4,2,1,3
irreparably,11,5,1,6,3,1,4
irreplaceable,13,2,1,3,2,1,3
irrepressible,13,2,0,2,2,0,2
irreproachable,14,2,1,3,2,1,3
irresistible,12,4,0,4,4,0,4
irresistibly,12,4,0,4,4,0,4
irresolute,10,3,0,3,3,0,3
irresolutely,12,2,0,2,2,0,2
irresolution,12,4,0,4,5,0,5
irresolution's,14,4,0,4,3,0,3
irrespective,12,4,0,4,5,0,5
irresponsibility,16,1,0,1,1,0,1
irresponsibility's,18,1,0,1,1,0,1
irresponsible,13,6,0,6,4,0,4
irresponsibly,13,6,0,6,4,0,4
irretrievable,13,5,1,6,2,1,3
irretrievably,13,5,1,6,2,1,3
irreverence,11,2,1,3,1,1,2
irreverence's,13,2,1,3,2,0,2
irreverent,10,2,1,3,2,1,3
irreverently,12,4,1,5,2,1,3
irreversible,12,5,1,6,4,0,4
irreversibly,12,6,1,7,4,0,4
irrevocable,11,6,2,8,6,3,9
irrevocably,11,5,1,6,3,1,4
irrigate,8,4,2,6,5,1,6
irrigated,9,5,1,6,4,1,5
irrigates,9,5,1,6,6,0,6
irrigating,10,3,2,5,4,2,6
irrigation,10,4,2,6,4,2,6
irrigation's,12,6,1,7,5,1,6
irritability,12,1,1,2,1,1,2
irritability's,14,3,0,3,2,0,2
irritable,9,3,1,4,4,2,6
irritably,9,3,2,5,2,2,4
irritant,8,2,2,4,2,2,4
irritant's,10,5,2,7,5,2,7
irritants,9,3,3,6,3,2,5
irritate,8,4,1,5,4,1,5
irritated,9,5,1,6,4,1,5
irritates,9,4,0,4,4,0,4
irritating,10,3,2,5,4,2,6
irritatingly,12,2,1,3,3,1,4
irritation,10,4,2,6,4,2,6
irritation's,12,6,1,7,5,1,6
irritations,11,6,1,7,4,1,5
irruption,9,3,2,5,3,2,5
irruption's,11,3,2,5,4,2,6
irruptions,10,4,2,6,4,2,6
is,2,2,6,8,2,6,8
isinglass,9,1,0,1,1,0,1
isinglass's,11,1,0,1,1,0,1
island,6,3,1,4,3,1,4
island's,8,4,0,4,3,1,4
islander,8,5,0,5,3,0,3
islander's,10,6,0,6,5,0,5
islanders,9,4,0,4,3,0,3
islands,7,2,2,4,2,2,4
isle,4,3,3,6,3,3,6
isle's,6,5,1,6,5,1,6
isles,5,2,2,4,2,2,4
islet,5,4,2,6,3,2,5
islet's,7,4,1,5,4,1,5
islets,6,4,2,6,4,2,6
ism,3,2,3,5,2,3,5
ism's,5,3,2,5,3,3,6
isms,4,2,3,5,2,3,5
isn't,5,3,3,6,2,3,5
isobar,6,4,2,6,4,2,6
isobar's,8,5,1,6,3,1,4
isobars,7,2,0,2,2,1,3
isolate,7,3,0,3,5,1,6
isolate's,9,3,0,3,3,0,3
isolated,8,3,0,3,3,0,3
isolates,8,3,1,4,4,0,4
isolating,9,4,0,4,4,0,4
isolation,9,4,0,4,4,0,4
isolation's,11,2,0,2,2,0,2
isolationism,12,2,0,2,4,0,4
isolationism's,14,2,0,2,4,0,4
isolationist,12,2,0,2,4,0,4
isolationist's,14,2,0,2,4,0,4
isolationists,13,2,0,2,2,0,2
isometric,9,3,1,4,2,1,3
isometrics,10,2,1,3,2,1,3
isometrics's,12,2,0,2,2,0,2
isomorphic,10,2,1,3,2,1,3
isosceles,9,1,0,1,1,0,1
isotope,7,3,1,4,3,1,4
isotope's,9,4,1,5,3,1,4
isotopes,8,2,2,4,2,1,3
isotopic,8,2,2,4,2,2,4
isotropic,9,2,1,3,2,2,4
issuance,8,2,0,2,2,0,2
issuance's,10,2,0,2,2,0,2
issue,5,2,1,3,2,1,3
issue's,7,2,1,3,2,0,2
issued,6,4,4,8,5,3,8
issues,6,2,2,4,2,2,4
issuing,7,2,1,3,1,2,3
isthmi,6,1,3,4,1,3,4
isthmus,7,2,3,5,2,2,4
isthmus's,9,7,0,7,7,0,7
isthmuses,9,6,1,7,6,1,7
it,2,1,7,8,1,7,8
it'd,4,2,5,7,2,5,7
it'll,5,1,6,7,2,5,7
it's,4,3,6,9,3,6,9
italic,6,3,3,6,3,3,6
italic's,8,5,2,7,4,2,6
italicize,9,3,1,4,3,1,4
italicized,10,4,1,5,3,2,5
italicizes,10,4,0,4,3,0,3
italicizing,11,1,1,2,1,2,3
italics,7,3,3,6,3,3,6
italics's,9,2,1,3,2,1,3
itch,4,3,7,10,3,7,10
itch's,6,5,5,10,3,5,8
itched,6,5,5,10,5,5,10
itches,6,4,4,8,4,3,7
itchier,7,3,1,4,3,1,4
itchiest,8,3,0,3,3,0,3
itchiness,9,4,0,4,4,0,4
itchiness's,11,5,0,5,5,0,5
itching,7,2,3,5,2,4,6
itchy,5,2,5,7,1,6,7
item,4,2,9,11,2,9,11
item's,6,4,5,9,4,5,9
itemization,11,3,1,4,2,1,3
itemization's,13,8,0,8,3,0,3
itemize,7,2,2,4,2,2,4
itemized,8,2,3,5,2,3,5
itemizes,8,3,2,5,3,1,4
itemizing,9,3,2,5,3,2,5
items,5,3,5,8,3,5,8
iterate,7,3,2,5,4,0,4
iterated,8,5,1,6,4,1,5
iterates,8,4,1,5,5,0,5
iterating,9,4,1,5,6,1,7
iteration,9,5,1,6,6,1,7
iteration's,11,7,0,7,5,0,5
iterations,10,6,1,7,4,0,4
iterative,9,4,1,5,3,1,4
iterator,8,3,1,4,3,1,4
iterators,9,5,0,5,4,0,4
itinerant,9,3,1,4,3,1,4
itinerant's,11,5,0,5,4,0,4
itinerants,10,4,0,4,4,0,4
itineraries,11,3,0,3,3,0,3
itinerary,9,4,1,5,3,1,4
itinerary's,11,6,0,6,4,0,4
its,3,2,7,9,2,7,9
itself,6,4,1,5,4,1,5
ivies,5,3,1,4,3,1,4
ivories,7,4,0,4,4,0,4
ivory,5,3,4,7,3,4,7
ivory's,7,5,3,8,5,3,8
ivy,3,3,6,9,3,6,9
ivy's,5,4,5,9,3,6,9
j,1,1,9,10,1,9,10
jab,3,1,14,15,2,13,15
jab's,5,5,10,15,4,12,16
jabbed,6,4,8,12,4,8,12
jabber,6,4,9,13,3,10,13
jabber's,8,6,8,14,6,6,12
jabbered,8,4,5,9,4,7,11
jabberer,8,3,4,7,4,3,7
jabberer's,10,5,2,7,6,0,6
jabberers,9,4,2,6,5,0,5
jabbering,9,7,3,10,6,4,10
jabbers,7,5,5,10,5,7,12
jabbing,7,6,10,16,5,8,13
jabot,5,4,6,10,4,6,10
jabot's,7,6,5,11,6,5,11
jabots,6,4,3,7,4,3,7
jabs,4,3,12,15,4,8,12
jack,4,4,7,11,4,7,11
jack's,6,6,4,10,6,5,11
jackal,6,3,4,7,3,4,7
jackal's,8,5,3,8,5,3,8
jackals,7,4,5,9,4,6,10
jackass,7,3,1,4,3,1,4
jackass's,9,4,1,5,3,1,4
jackasses,9,4,0,4,4,0,4
jackboot,8,4,4,8,4,4,8
jackboot's,10,6,2,8,6,2,8
jackboots,9,5,2,7,5,2,7
jackdaw,7,3,5,8,3,5,8
jackdaw's,9,4,4,8,4,5,9
jackdaws,8,3,3,6,3,3,6
jacked,6,6,7,13,6,9,15
jacket,6,5,7,12,5,7,12
jacket's,8,7,6,13,7,6,13
jackets,7,6,6,12,6,6,12
jackhammer,10,4,2,6,3,1,4
jackhammer's,12,6,0,6,5,0,5
jackhammers,11,5,1,6,4,1,5
jacking,7,7,7,14,7,8,15
jackknife,9,3,2,5,3,2,5
jackknife's,11,5,1,6,5,2,7
jackknifed,10,4,2,6,4,2,6
jackknifes,10,9,1,10,9,0,9
jackknifing,11,3,2,5,4,3,7
jackknives,10,8,2,10,8,1,9
jackpot,7,4,6,10,2,5,7
jackpot's,9,6,5,11,4,4,8
jackpots,8,4,2,6,4,2,6
jackrabbit,10,2,2,4,2,3,5
jackrabbit's,12,4,1,5,3,2,5
jackrabbits,11,3,1,4,3,1,4
jacks,5,5,8,13,5,9,14
jade,4,4,9,13,4,10,14
jade's,6,5,7,12,5,8,13
jaded,5,4,2,6,4,2,6
jades,5,5,6,11,5,7,12
jading,6,5,11,16,5,11,16
jag,3,3,8,11,3,8,11
jag's,5,5,8,13,5,8,13
jagged,6,5,8,13,5,5,10
jaggeder,8,4,1,5,4,1,5
jaggedest,9,7,0,7,7,0,7
jaggedly,8,4,4,8,2,4,6
jaggedness,10,7,0,7,7,0,7
jaggedness's,12,8,0,8,8,0,8
jags,4,4,7,11,4,7,11
jaguar,6,4,4,8,4,4,8
jaguar's,8,6,3,9,6,3,9
jaguars,7,4,4,8,4,4,8
jail,4,4,6,10,4,6,10
jail's,6,6,5,11,6,5,11
jailbreak,9,2,2,4,2,3,5
jailbreak's,11,4,1,5,3,2,5
jailbreaks,10,3,2,5,3,2,5
jailed,6,6,4,10,6,4,10
jailer,6,5,1,6,5,1,6
jailer's,8,6,4,10,6,4,10
jailers,7,5,4,9,7,5,12
jailing,7,6,5,11,6,5,11
jailor,6,6,4,10,6,4,10
jailor's,8,6,3,9,8,3,11
jailors,7,4,3,7,4,3,7
jails,5,5,6,11,5,5,10
jalapeño,8,2,3,5,2,2,4
jalapeño's,10,4,1,5,4,1,5
jalapeños,9,3,3,6,4,2,6
jalopies,8,5,1,6,6,1,7
jalopy,6,3,5,8,2,7,9
jalopy's,8,6,2,8,4,6,10
jalousie,8,4,0,4,3,1,4
jalousie's,10,3,1,4,4,2,6
jalousies,9,4,1,5,4,0,4
jam,3,3,5,8,3,5,8
jam's,5,5,8,13,5,8,13
jamb,4,3,8,11,3,8,11
jamb's,6,5,7,12,5,7,12
jamboree,8,2,3,5,2,1,3
jamboree's,10,4,1,5,4,1,5
jamborees,9,3,2,5,3,0,3
jambs,5,4,10,14,4,8,12
jammed,6,4,8,12,4,10,14
jamming,7,5,8,13,5,10,15
jams,4,3,10,13,4,8,12
jangle,6,6,3,9,6,4,10
jangle's,8,8,3,11,8,2,10
jangled,7,7,2,9,7,2,9
jangles,7,7,3,10,7,3,10
jangling,8,6,3,9,6,3,9
janitor,7,4,3,7,3,4,7
janitor's,9,5,3,8,5,3,8
janitorial,10,2,2,4,2,2,4
janitors,8,4,3,7,4,3,7
japan,5,3,4,7,3,5,8
japan's,7,5,2,7,5,2,7
japanned,8,4,1,5,4,3,7
japanning,9,2,2,4,2,2,4
japans,6,4,3,7,3,5,8
jape,4,2,14,16,2,13,15
jape's,6,5,12,17,5,12,17
japed,5,5,4,9,5,4,9
japes,5,3,14,17,4,13,17
japing,6,6,8,14,6,8,14
jar,3,3,12,15,3,11,14
jar's,5,5,12,17,5,12,17
jardinière,10,4,1,5,4,1,5
jardinière's,12,6,0,6,4,0,4
jardinières,11,5,0,5,5,0,5
jargon,6,4,6,10,4,6,10
jargon's,8,6,5,11,6,5,11
jarred,6,5,0,5,5,0,5
jarring,7,6,4,10,6,4,10
jars,4,4,8,12,4,11,15
jasmine,7,6,1,7,5,1,6
jasmine's,9,7,0,7,7,0,7
jasmines,8,3,2,5,5,0,5
jasper,6,5,4,9,5,4,9
jasper's,8,5,2,7,5,2,7
jaundice,8,4,2,6,4,1,5
jaundice's,10,6,1,7,6,3,9
jaundiced,9,3,1,4,3,1,4
jaundices,9,5,0,5,5,1,6
jaundicing,10,4,2,6,3,2,5
jaunt,5,5,8,13,5,8,13
jaunt's,7,7,3,10,7,3,10
jaunted,7,7,5,12,7,5,12
jauntier,8,4,4,8,3,4,7
jauntiest,9,6,1,7,6,1,7
jauntily,8,4,2,6,4,2,6
jauntiness,10,4,1,5,4,1,5
jauntiness's,12,5,1,6,5,1,6
jaunting,8,7,5,12,7,5,12
jaunts,6,6,6,12,6,6,12
jaunty,6,3,3,6,3,3,6
javelin,7,4,2,6,4,2,6
javelin's,9,6,1,7,6,2,8
javelins,8,5,3,8,5,3,8
jaw,3,3,8,11,3,11,14
jaw's,5,5,9,14,5,10,15
jawbone,7,3,4,7,3,3,6
jawbone's,9,5,3,8,5,3,8
jawboned,8,5,3,8,4,4,8
jawbones,8,5,2,7,5,2,7
jawboning,9,6,2,8,6,2,8
jawbreaker,10,7,1,8,7,2,9
jawbreaker's,12,9,0,9,9,1,10
jawbreakers,11,8,1,9,8,1,9
jawed,5,5,5,10,5,5,10
jawing,6,6,5,11,6,5,11
jaws,4,3,12,15,3,13,16
jay,3,3,5,8,3,6,9
jay's,5,5,4,9,5,4,9
jays,4,4,7,11,4,8,12
jaywalk,7,4,5,9,4,4,8
jaywalked,9,3,3,6,4,4,8
jaywalker,9,4,3,7,4,3,7
jaywalker's,11,6,0,6,6,0,6
jaywalkers,10,4,1,5,4,0,4
jaywalking,10,4,3,7,4,3,7
jaywalks,8,3,4,7,3,4,7
jazz,4,1,13,14,2,11,13
jazz's,6,3,13,16,4,11,15
jazzed,6,4,10,14,4,11,15
jazzes,6,4,9,13,4,9,13
jazzier,7,4,8,12,5,7,12
jazziest,8,6,5,11,5,7,12
jazzing,7,5,11,16,4,11,15
jazzy,5,3,10,13,3,10,13
jealous,7,7,3,10,7,3,10
jealousies,10,3,1,4,3,0,3
jealously,9,8,0,8,8,0,8
jealousy,8,3,1,4,2,2,4
jealousy's,10,3,1,4,2,1,3
jeans,5,5,6,11,5,6,11
jeans's,7,4,2,6,4,2,6
jeep,4,3,1,4,3,0,3
jeep's,6,5,0,5,5,0,5
jeeps,5,4,2,6,4,2,6
jeer,4,3,4,7,3,4,7
jeer's,6,5,3,8,5,3,8
jeered,6,4,0,4,4,1,5
jeering,7,6,2,8,6,2,8
jeeringly,9,6,1,7,3,1,4
jeers,5,4,6,10,4,6,10
jeez,4,2,10,12,2,9,11
jehad,5,3,4,7,3,5,8
jehad's,7,5,3,8,4,8,12
jehads,6,4,5,9,3,4,7
jejune,6,2,5,7,3,3,6
jell,4,3,9,12,3,8,11
jelled,6,4,4,8,4,4,8
jellied,7,4,3,7,4,2,6
jellies,7,4,2,6,4,3,7
jelling,7,6,3,9,6,3,9
jello,5,3,7,10,3,5,8
jello's,7,5,6,11,5,4,9
jells,5,4,9,13,4,8,12
jelly,5,3,8,11,3,5,8
jelly's,7,5,5,10,5,4,9
jellybean,9,3,1,4,2,2,4
jellybean's,11,4,1,5,3,1,4
jellybeans,10,3,1,4,3,1,4
jellyfish,9,6,0,6,5,2,7
jellyfish's,11,4,2,6,5,1,6
jellyfishes,11,5,1,6,2,1,3
jellying,8,6,4,10,6,4,10
jeopardize,10,4,1,5,3,1,4
jeopardized,11,4,1,5,3,1,4
jeopardizes,11,5,0,5,4,0,4
jeopardizing,12,4,1,5,4,1,5
jeopardy,8,3,2,5,3,3,6
jeopardy's,10,4,2,6,5,0,5
jeremiad,8,4,2,6,4,2,6
jeremiad's,10,8,1,9,8,1,9
jeremiads,9,7,1,8,7,2,9
jerk,4,3,10,13,3,11,14
jerk's,6,5,9,14,5,9,14
jerked,6,5,2,7,5,3,8
jerkier,7,5,2,7,5,2,7
jerkiest,8,7,1,8,7,1,8
jerkily,7,4,3,7,4,3,7
jerkin,6,4,4,8,4,4,8
jerkin's,8,6,3,9,6,4,10
jerking,7,7,2,9,7,2,9
jerkins,7,6,2,8,6,2,8
jerks,5,5,7,12,5,7,12
jerkwater,9,3,3,6,3,3,6
jerky,5,4,5,9,4,4,8
jerky's,7,5,4,9,5,3,8
jersey,6,5,0,5,5,1,6
jersey's,8,6,0,6,6,0,6
jerseys,7,4,1,5,4,0,4
jessamine,9,4,0,4,2,0,2
jessamine's,11,2,0,2,4,0,4
jessamines,10,2,0,2,2,0,2
jest,4,4,5,9,4,4,8
jest's,6,5,4,9,5,4,9
jested,6,5,3,8,5,1,6
jester,6,5,3,8,5,4,9
jester's,8,5,3,8,5,3,8
jesters,7,5,1,6,5,1,6
jesting,7,7,3,10,7,1,8
jests,5,4,3,7,4,3,7
jet,3,3,7,10,3,5,8
jet's,5,5,5,10,5,6,11
jets,4,4,7,11,4,7,11
jetsam,6,3,1,4,3,1,4
jetsam's,8,3,1,4,3,1,4
jetted,6,4,3,7,4,1,5
jetties,7,3,6,9,3,4,7
jetting,7,6,4,10,6,4,10
jettison,8,4,1,5,5,0,5
jettison's,10,5,1,6,6,0,6
jettisoned,10,5,0,5,3,0,3
jettisoning,11,3,0,3,3,0,3
jettisons,9,4,1,5,3,0,3
jetty,5,3,8,11,3,7,10
jetty's,7,5,7,12,5,6,11
jewel,5,4,3,7,4,3,7
jewel's,7,6,1,7,6,1,7
jeweled,7,3,3,6,3,2,5
jeweler,7,3,2,5,3,0,3
jeweler's,9,5,0,5,5,0,5
jewelers,8,4,0,4,4,0,4
jeweling,8,5,3,8,5,3,8
jewelled,8,3,3,6,3,3,6
jeweller,8,2,2,4,2,2,4
jeweller's,10,5,1,6,5,0,5
jewellers,9,4,1,5,4,0,4
jewelling,9,5,4,9,5,3,8
jewelries,9,3,0,3,3,0,3
jewelry,7,2,1,3,2,1,3
jewelry's,9,3,1,4,3,1,4
jewels,6,5,2,7,5,2,7
jib,3,3,9,12,3,7,10
jib's,5,5,8,13,5,6,11
jibbed,6,4,10,14,4,10,14
jibbing,7,4,7,11,5,7,12
jibe,4,3,11,14,3,13,16
jibe's,6,5,11,16,5,10,15
jibed,5,4,11,15,4,8,12
jibes,5,4,10,14,4,10,14
jibing,6,4,11,15,4,10,14
jibs,4,4,9,13,4,7,11
jiffies,7,5,4,9,4,3,7
jiffy,5,3,11,14,3,12,15
jiffy's,7,5,10,15,4,11,15
jig,3,3,10,13,3,9,12
jig's,5,5,8,13,5,9,14
jigged,6,5,8,13,5,8,13
jigger,6,4,7,11,4,7,11
jigger's,8,5,9,14,5,9,14
jiggered,8,5,3,8,5,4,9
jiggering,9,4,1,5,4,1,5
jiggers,7,4,9,13,5,8,13
jigging,7,4,3,7,4,4,8
jiggle,6,5,4,9,5,1,6
jiggle's,8,7,3,10,7,2,9
jiggled,7,6,4,10,6,3,9
jiggles,7,6,1,7,6,1,7
jiggling,8,5,2,7,5,2,7
jigs,4,4,8,12,4,8,12
jigsaw,6,2,3,5,3,2,5
jigsaw's,8,3,3,6,4,2,6
jigsawed,8,4,1,5,5,2,7
jigsawing,9,3,1,4,3,1,4
jigsawn,7,3,2,5,3,1,4
jigsaws,7,2,3,5,2,3,5
jihad,5,3,6,9,3,6,9
jihad's,7,5,5,10,5,5,10
jihadist,8,4,3,7,4,3,7
jihadist's,10,5,2,7,5,3,8
jihadists,9,4,3,7,4,3,7
jihads,6,3,6,9,4,5,9
jilt,4,4,6,10,4,6,10
jilt's,6,6,5,11,6,5,11
jilted,6,6,4,10,6,4,10
jilting,7,6,2,8,6,3,9
jilts,5,5,6,11,5,6,11
jimmied,7,3,5,8,3,5,8
jimmies,7,4,5,9,3,8,11
jimmy,5,4,10,14,3,10,13
jimmy's,7,6,5,11,6,5,11
jimmying,8,4,6,10,4,6,10
jingle,6,6,0,6,6,1,7
jingle's,8,8,2,10,8,3,11
jingled,7,7,4,11,7,3,10
jingles,7,7,0,7,7,0,7
jingling,8,5,3,8,5,3,8
jingoism,8,4,3,7,4,3,7
jingoism's,10,5,2,7,5,3,8
jingoist,8,6,2,8,6,1,7
jingoist's,10,7,1,8,7,1,8
jingoistic,10,7,0,7,7,1,8
jingoists,9,6,2,8,6,1,7
jinn,4,2,6,8,2,6,8
jinn's,6,4,5,9,4,5,9
jinni,5,2,4,6,2,4,6
jinni's,7,4,3,7,3,3,6
jinnis,6,2,6,8,3,5,8
jinns,5,3,6,9,3,6,9
jinricksha,10,3,0,3,2,2,4
jinricksha's,12,5,0,5,2,2,4
jinrickshas,11,3,2,5,2,1,3
jinrikisha,10,3,0,3,2,2,4
jinrikisha's,12,5,0,5,2,1,3
jinrikishas,11,3,2,5,2,2,4
jinx,4,4,9,13,4,9,13
jinx's,6,6,8,14,6,8,14
jinxed,6,4,7,11,4,7,11
jinxes,6,6,4,10,6,3,9
jinxing,7,3,6,9,3,7,10
jitney,6,3,6,9,3,6,9
jitney's,8,7,4,11,7,4,11
jitneys,7,4,2,6,4,4,8
jitterbug,9,8,2,10,8,2,10
jitterbug's,11,10,0,10,10,1,11
jitterbugged,12,3,1,4,3,1,4
jitterbugging,13,3,1,4,2,1,3
jitterbugs,10,9,1,10,9,1,10
jitterier,9,4,1,5,4,1,5
jitteriest,10,3,0,3,4,0,4
jitters,7,6,5,11,6,3,9
jitters's,9,6,1,7,6,1,7
jittery,7,4,5,9,4,3,7
jiujitsu,8,2,1,3,2,1,3
jiujitsu's,10,3,0,3,2,1,3
jive,4,4,10,14,4,10,14
jive's,6,5,10,15,5,10,15
jived,5,4,9,13,4,10,14
jives,5,5,8,13,5,8,13
jiving,6,4,9,13,4,9,13
job,3,3,2,5,3,2,5
job's,5,5,3,8,5,3,8
jobbed,6,5,6,11,5,5,10
jobber,6,3,11,14,4,7,11
jobber's,8,5,9,14,6,6,12
jobbers,7,4,9,13,5,4,9
jobbing,7,6,7,13,6,6,12
jobless,7,6,2,8,6,2,8
joblessness,11,4,1,5,4,1,5
joblessness's,13,5,1,6,5,1,6
jobs,4,4,2,6,4,2,6
jock,4,4,6,10,4,6,10
jock's,6,6,5,11,6,5,11
jockey,6,6,6,12,6,6,12
jockey's,8,8,4,12,8,4,12
jockeyed,8,5,4,9,3,5,8
jockeying,9,7,3,10,7,3,10
jockeys,7,5,7,12,5,7,12
jocks,5,5,8,13,5,8,13
jockstrap,9,3,2,5,3,2,5
jockstrap's,11,5,1,6,3,2,5
jockstraps,10,6,1,7,4,2,6
jocose,6,3,2,5,3,2,5
jocosely,8,6,0,6,6,0,6
jocosity,8,6,1,7,6,1,7
jocosity's,10,7,2,9,7,2,9
jocular,7,6,4,10,5,4,9
jocularity,10,9,3,12,8,4,12
jocularity's,12,11,1,12,10,2,12
jocularly,9,7,3,10,6,4,10
jocund,6,5,4,9,5,4,9
jocundity,9,5,2,7,3,2,5
jocundity's,11,7,2,9,5,2,7
jocundly,8,2,4,6,2,4,6
jodhpurs,8,4,3,7,4,3,7
jodhpurs's,10,5,3,8,3,3,6
jog,3,3,12,15,3,11,14
jog's,5,5,10,15,5,10,15
jogged,6,4,10,14,4,9,13
jogger,6,4,10,14,4,9,13
jogger's,8,6,5,11,6,7,13
joggers,7,5,5,10,5,3,8
jogging,7,5,7,12,5,7,12
jogging's,9,7,2,9,7,2,9
joggle,6,4,6,10,5,4,9
joggle's,8,7,4,11,7,3,10
joggled,7,6,5,11,6,3,9
joggles,7,5,7,12,6,4,10
joggling,8,6,3,9,6,3,9
jogs,4,4,10,14,4,10,14
john,4,4,6,10,4,6,10
john's,6,6,4,10,6,4,10
johns,5,5,6,11,5,6,11
join,4,3,7,10,3,7,10
join's,6,5,5,10,5,5,10
joined,6,4,7,11,5,6,11
joiner,6,4,3,7,4,3,7
joiner's,8,7,4,11,7,6,13
joiners,7,5,4,9,5,6,11
joining,7,4,4,8,4,4,8
joins,5,4,7,11,4,7,11
joint,5,5,6,11,5,6,11
joint's,7,7,5,12,7,4,11
jointed,7,7,4,11,7,4,11
jointing,8,4,4,8,4,4,8
jointly,7,4,4,8,4,4,8
joints,6,6,5,11,6,5,11
joist,5,5,4,9,5,4,9
joist's,7,6,4,10,6,3,9
joists,6,4,5,9,4,5,9
joke,4,4,8,12,4,8,12
joke's,6,6,7,13,6,8,14
joked,5,5,8,13,5,7,12
joker,5,5,8,13,5,8,13
joker's,7,7,6,13,7,6,13
jokers,6,6,6,12,6,6,12
jokes,5,5,9,14,5,11,16
joking,6,6,8,14,6,9,15
jokingly,8,7,5,12,7,5,12
jollied,7,5,3,8,5,3,8
jollier,7,5,3,8,5,2,7
jollies,7,5,5,10,5,5,10
jolliest,8,6,5,11,6,2,8
jolliness,9,6,1,7,6,0,6
jolliness's,11,7,1,8,7,0,7
jollity,7,5,4,9,5,4,9
jollity's,9,5,4,9,5,4,9
jolly,5,3,9,12,3,9,12
jolly's,7,5,8,13,5,9,14
jollying,8,5,4,9,5,4,9
jolt,4,4,8,12,4,7,11
jolt's,6,6,7,13,6,6,12
jolted,6,6,3,9,6,3,9
jolting,7,7,4,11,7,4,11
jolts,5,5,6,11,5,6,11
jonquil,7,4,4,8,4,4,8
jonquil's,9,6,3,9,4,3,7
jonquils,8,5,3,8,5,3,8
josh,4,4,5,9,4,5,9
josh's,6,5,5,10,5,5,10
joshed,6,6,4,10,4,7,11
joshes,6,5,5,10,5,5,10
joshing,7,6,3,9,5,4,9
jostle,6,4,3,7,4,5,9
jostle's,8,4,2,6,4,2,6
jostled,7,5,3,8,5,3,8
jostles,7,2,3,5,3,3,6
jostling,8,6,3,9,6,3,9
jot,3,3,6,9,3,6,9
jot's,5,5,5,10,5,5,10
jots,4,4,5,9,4,5,9
jotted,6,4,9,13,4,8,12
jotting,7,5,9,14,5,8,13
jotting's,9,7,4,11,7,3,10
jottings,8,6,5,11,6,4,10
joule,5,4,4,8,4,5,9
joule's,7,6,3,9,6,3,9
joules,6,4,6,10,4,6,10
jounce,6,6,4,10,6,4,10
jounce's,8,8,4,12,8,5,13
jounced,7,7,5,12,7,5,12
jounces,7,7,4,11,7,4,11
jouncing,8,7,4,11,7,4,11
journal,7,3,3,6,4,3,7
journal's,9,5,1,6,4,1,5
journalese,10,9,1,10,2,1,3
journalese's,12,4,1,5,3,1,4
journalism,10,8,2,10,3,2,5
journalism's,12,7,1,8,11,1,12
journalist,10,6,0,6,6,0,6
journalist's,12,7,0,7,10,2,12
journalistic,12,5,0,5,4,0,4
journalists,11,6,0,6,4,1,5
journals,8,4,3,7,4,3,7
journey,7,7,2,9,3,4,7
journey's,9,4,2,6,4,2,6
journeyed,9,3,2,5,3,2,5
journeying,10,6,2,8,4,2,6
journeyman,10,5,1,6,3,1,4
journeyman's,12,3,0,3,4,0,4
journeymen,10,3,1,4,3,1,4
journeys,8,8,1,9,5,2,7
joust,5,4,4,8,4,4,8
joust's,7,5,5,10,5,4,9
jousted,7,5,3,8,5,3,8
jousting,8,7,2,9,7,2,9
jousts,6,4,4,8,4,4,8
jovial,6,4,6,10,4,4,8
joviality,9,4,3,7,3,3,6
joviality's,11,7,1,8,4,1,5
jovially,8,4,3,7,3,3,6
jowl,4,4,8,12,4,7,11
jowl's,6,6,7,13,6,6,12
jowls,5,5,7,12,5,7,12
joy,3,3,8,11,3,8,11
joy's,5,5,9,14,5,9,14
joyed,5,3,11,14,4,11,15
joyful,6,2,6,8,2,6,8
joyfuller,9,3,4,7,3,4,7
joyfullest,10,3,2,5,3,2,5
joyfully,8,2,4,6,2,4,6
joyfulness,10,6,2,8,6,2,8
joyfulness's,12,7,2,9,7,2,9
joying,6,4,12,16,4,12,16
joyless,7,5,3,8,5,3,8
joyous,6,2,5,7,2,5,7
joyously,8,2,2,4,2,2,4
joyousness,10,1,0,1,1,0,1
joyousness's,12,1,0,1,1,0,1
joyridden,9,5,1,6,4,1,5
joyride,7,4,3,7,4,2,6
joyride's,9,6,2,8,6,2,8
joyrider,8,5,1,6,4,1,5
joyrider's,10,5,0,5,3,1,4
joyriders,9,5,1,6,5,1,6
joyrides,8,4,2,6,4,2,6
joyriding,9,4,2,6,4,2,6
joyriding's,11,5,2,7,4,2,6
joyrode,7,3,4,7,3,3,6
joys,4,3,11,14,3,11,14
joystick,8,4,2,6,4,2,6
joystick's,10,5,2,7,4,2,6
joysticks,9,4,2,6,5,1,6
jubilant,8,3,2,5,3,2,5
jubilantly,10,2,2,4,3,2,5
jubilation,10,6,3,9,6,3,9
jubilation's,12,8,2,10,8,2,10
jubilee,7,2,3,5,1,3,4
jubilee's,9,4,2,6,4,3,7
jubilees,8,2,2,4,2,2,4
judge,5,5,6,11,5,6,11
judge's,7,7,6,13,7,6,13
judged,6,5,3,8,5,3,8
judgement,9,5,1,6,5,1,6
judgement's,11,7,0,7,7,0,7
judgemental,11,3,2,5,4,1,5
judgements,10,3,2,5,6,1,7
judges,6,6,3,9,6,4,10
judgeship,9,3,1,4,3,1,4
judgeship's,11,3,1,4,3,1,4
judging,7,5,4,9,5,5,10
judgment,8,4,3,7,3,4,7
judgment's,10,5,3,8,9,1,10
judgmental,10,6,1,7,3,2,5
judgments,9,8,1,9,6,1,7
judicature,10,3,1,4,3,1,4
judicature's,12,5,0,5,4,0,4
judicial,8,5,4,9,4,5,9
judicially,10,6,2,8,5,3,8
judiciaries,11,6,0,6,4,0,4
judiciary,9,2,2,4,2,2,4
judiciary's,11,8,1,9,4,1,5
judicious,9,4,2,6,4,2,6
judiciously,11,8,0,8,6,0,6
judiciousness,13,7,0,7,4,0,4
judiciousness's,15,8,0,8,4,0,4
judo,4,3,4,7,3,4,7
judo's,6,5,4,9,5,4,9
jug,3,3,7,10,3,7,10
jug's,5,5,6,11,5,6,11
jugged,6,4,12,16,4,11,15
juggernaut,10,3,1,4,3,1,4
juggernaut's,12,5,0,5,4,0,4
juggernauts,11,3,1,4,4,0,4
jugging,7,5,6,11,5,6,11
juggle,6,5,7,12,5,5,10
juggle's,8,7,5,12,6,4,10
juggled,7,5,7,12,4,5,9
juggler,7,5,4,9,4,5,9
juggler's,9,7,3,10,7,3,10
jugglers,8,6,4,10,6,2,8
juggles,7,6,5,11,6,5,11
juggling,8,4,4,8,4,4,8
jugs,4,4,6,10,4,6,10
jugular,7,2,5,7,2,5,7
jugular's,9,4,3,7,4,4,8
jugulars,8,3,3,6,3,3,6
juice,5,4,4,8,4,4,8
juice's,7,5,6,11,5,6,11
juiced,6,4,5,9,4,5,9
juicer,6,5,5,10,4,3,7
juicer's,8,7,2,9,7,2,9
juicers,7,6,2,8,6,3,9
juices,6,5,5,10,5,4,9
juicier,7,4,2,6,4,2,6
juiciest,8,5,1,6,5,1,6
juicily,7,2,4,6,2,4,6
juiciness,9,4,1,5,4,1,5
juiciness's,11,5,1,6,5,1,6
juicing,7,3,6,9,3,6,9
juicy,5,3,9,12,3,9,12
jujitsu,7,5,1,6,4,1,5
jujitsu's,9,6,0,6,5,1,6
jujube,6,2,4,6,2,4,6
jujube's,8,4,5,9,4,5,9
jujubes,7,3,5,8,4,3,7
jujutsu,7,2,4,6,2,4,6
jujutsu's,9,3,4,7,3,4,7
jukebox,7,4,4,8,2,5,7
jukebox's,9,6,3,9,4,4,8
jukeboxes,9,3,2,5,3,2,5
julep,5,2,6,8,2,6,8
julep's,7,4,4,8,4,4,8
juleps,6,3,3,6,3,3,6
julienne,8,3,2,5,3,2,5
jumble,6,6,5,11,6,5,11
jumble's,8,8,3,11,8,2,10
jumbled,7,7,5,12,7,5,12
jumbles,7,7,4,11,7,5,12
jumbling,8,8,5,13,8,4,12
jumbo,5,4,6,10,4,6,10
jumbo's,7,6,5,11,6,7,13
jumbos,6,5,5,10,5,5,10
jump,4,3,13,16,3,13,16
jump's,6,5,12,17,5,12,17
jumped,6,5,9,14,5,9,14
jumper,6,5,5,10,5,5,10
jumper's,8,7,5,12,7,5,12
jumpers,7,6,6,12,6,5,11
jumpier,7,7,5,12,7,5,12
jumpiest,8,8,4,12,8,3,11
jumpiness,9,6,3,9,6,3,9
jumpiness's,11,7,3,10,7,3,10
jumping,7,6,9,15,6,9,15
jumps,5,4,12,16,4,12,16
jumpsuit,8,3,2,5,3,2,5
jumpsuit's,10,3,3,6,3,3,6
jumpsuits,9,3,1,4,3,3,6
jumpy,5,5,7,12,5,7,12
junco,5,3,5,8,3,5,8
junco's,7,5,4,9,5,4,9
juncoes,7,3,3,6,3,2,5
juncos,6,2,5,7,2,5,7
junction,8,6,4,10,6,4,10
junction's,10,8,3,11,8,3,11
junctions,9,7,3,10,7,3,10
juncture,8,7,4,11,7,4,11
juncture's,10,9,3,12,9,3,12
junctures,9,8,3,11,8,3,11
jungle,6,4,7,11,4,5,9
jungle's,8,6,5,11,7,4,11
jungles,7,5,5,10,5,5,10
junior,6,4,3,7,3,3,6
junior's,8,6,2,8,4,2,6
juniors,7,5,3,8,5,2,7
juniper,7,5,3,8,4,2,6
juniper's,9,7,1,8,6,3,9
junipers,8,5,3,8,5,3,8
junk,4,4,12,16,4,12,16
junk's,6,6,11,17,6,11,17
junked,6,5,11,16,5,11,16
junker,6,6,7,13,6,7,13
junker's,8,6,8,14,6,8,14
junkers,7,6,7,13,5,7,12
junket,6,3,5,8,3,5,8
junket's,8,5,3,8,5,3,8
junketed,8,4,5,9,3,5,8
junketing,9,6,3,9,6,3,9
junkets,7,5,5,10,5,6,11
junkie,6,4,4,8,3,5,8
junkie's,8,6,4,10,5,6,11
junkier,7,6,6,12,5,7,12
junkies,7,5,5,10,5,5,10
junkiest,8,7,7,14,7,6,13
junking,7,5,6,11,5,6,11
junks,5,5,11,16,5,11,16
junky,5,3,10,13,3,8,11
junky's,7,5,6,11,5,5,10
junkyard,8,2,5,7,3,5,8
junkyard's,10,4,4,8,5,4,9
junkyards,9,4,4,8,5,5,10
junta,5,3,6,9,3,6,9
junta's,7,5,5,10,5,5,10
juntas,6,4,5,9,3,7,10
juridical,9,4,2,6,4,2,6
juries,6,5,6,11,5,6,11
jurisdiction,12,3,0,3,3,0,3
jurisdiction's,14,4,0,4,3,0,3
jurisdictional,14,3,0,3,2,0,2
jurisprudence,13,3,0,3,2,0,2
jurisprudence's,15,1,1,2,2,0,2
jurist,6,6,3,9,6,3,9
jurist's,8,7,1,8,7,1,8
jurists,7,6,2,8,6,2,8
juror,5,3,5,8,3,4,7
juror's,7,5,4,9,5,3,8
jurors,6,4,5,9,4,5,9
jury,4,3,10,13,3,10,13
jury's,6,5,9,14,5,9,14
just,4,4,8,12,4,8,12
juster,6,6,6,12,6,6,12
justest,7,3,2,5,3,1,4
justice,7,6,1,7,7,2,9
justice's,9,5,1,6,5,1,6
justices,8,4,2,6,3,2,5
justifiable,11,10,0,10,10,0,10
justifiably,11,9,1,10,9,1,10
justification,13,9,0,9,9,0,9
justification's,15,10,0,10,10,0,10
justifications,14,4,0,4,2,0,2
justified,9,7,0,7,7,0,7
justifies,9,6,0,6,6,0,6
justify,7,4,3,7,4,3,7
justifying,10,6,0,6,6,0,6
justly,6,2,4,6,2,4,6
justness,8,5,1,6,5,1,6
justness's,10,6,1,7,6,1,7
jut,3,3,9,12,3,9,12
jut's,5,5,8,13,5,8,13
jute,4,4,7,11,4,7,11
jute's,6,5,10,15,5,10,15
juts,4,4,8,12,4,10,14
jutted,6,5,8,13,5,8,13
jutting,7,6,9,15,6,9,15
juvenile,8,3,2,5,4,2,6
juvenile's,10,5,0,5,3,2,5
juveniles,9,4,0,4,5,1,6
juxtapose,9,4,0,4,4,0,4
juxtaposed,10,2,1,3,3,0,3
juxtaposes,10,3,1,4,3,0,3
juxtaposing,11,2,1,3,2,1,3
juxtaposition,13,4,0,4,2,1,3
juxtaposition's,15,4,0,4,2,1,3
juxtapositions,14,3,1,4,2,1,3
k,1,1,10,11,1,10,11
kHz,3,2,9,11,1,10,11
kW,2,0,15,15,0,15,15
kabob,5,3,5,8,3,5,8
kabob's,7,5,4,9,5,4,9
kabobs,6,5,3,8,5,3,8
kaboom,6,2,6,8,2,6,8
kaftan,6,4,6,10,4,4,8
kaftan's,8,6,5,11,6,3,9
kaftans,7,5,3,8,5,3,8
kale,4,4,7,11,4,6,10
kale's,6,6,6,12,6,6,12
kaleidoscope,12,2,0,2,2,0,2
kaleidoscope's,14,2,0,2,2,0,2
kaleidoscopes,13,2,0,2,2,0,2
kaleidoscopic,13,2,1,3,3,0,3
kamikaze,8,4,2,6,3,4,7
kamikaze's,10,5,1,6,5,2,7
kamikazes,9,5,1,6,5,1,6
kangaroo,8,3,3,6,2,4,6
kangaroo's,10,4,2,6,4,1,5
kangaroos,9,4,2,6,4,2,6
kaolin,6,3,2,5,3,2,5
kaolin's,8,4,1,5,5,1,6
kapok,5,2,8,10,3,7,10
kapok's,7,4,8,12,5,6,11
kaput,5,3,6,9,3,6,9
karakul,7,4,4,8,3,2,5
karakul's,9,6,2,8,5,1,6
karaoke,7,3,2,5,3,1,4
karaoke's,9,5,1,6,5,1,6
karaokes,8,5,2,7,5,2,7
karat,5,3,5,8,3,5,8
karat's,7,5,3,8,5,3,8
karate,6,3,4,7,3,4,7
karate's,8,6,4,10,6,2,8
karats,6,3,4,7,3,4,7
karma,5,2,2,4,2,2,4
karma's,7,4,1,5,4,1,5
katydid,7,3,3,6,3,5,8
katydid's,9,5,3,8,5,3,8
katydids,8,3,4,7,4,3,7
kayak,5,2,7,9,2,6,8
kayak's,7,4,6,10,4,5,9
kayaked,7,4,6,10,4,6,10
kayaking,8,5,5,10,4,6,10
kayaks,6,3,5,8,3,6,9
kazoo,5,3,4,7,3,4,7
kazoo's,7,4,6,10,4,6,10
kazoos,6,4,2,6,4,2,6
kebab,5,3,5,8,2,6,8
kebab's,7,4,4,8,6,5,11
kebabs,6,3,6,9,5,5,10
kebob,5,3,6,9,2,6,8
kebob's,7,5,5,10,5,6,11
kebobs,6,4,4,8,4,6,10
keel,4,3,5,8,3,4,7
keel's,6,5,3,8,5,3,8
keeled,6,3,3,6,3,3,6
keeling,7,5,6,11,5,5,10
keels,5,4,4,8,4,4,8
keen,4,2,6,8,2,5,7
keen's,6,4,4,8,4,4,8
keened,6,2,5,7,2,5,7
keener,6,3,2,5,3,2,5
keenest,7,4,0,4,4,0,4
keening,7,2,1,3,2,0,2
keenly,6,2,1,3,2,1,3
keenness,8,3,0,3,3,0,3
keenness's,10,4,0,4,3,0,3
keens,5,3,3,6,3,3,6
keep,4,3,5,8,3,4,7
keep's,6,5,4,9,5,4,9
keeper,6,4,2,6,4,2,6
keeper's,8,6,1,7,6,1,7
keepers,7,5,1,6,5,1,6
keeping,7,6,2,8,6,1,7
keeping's,9,7,1,8,7,1,8
keeps,5,4,3,7,4,3,7
keepsake,8,2,0,2,2,0,2
keepsake's,10,2,0,2,2,0,2
keepsakes,9,2,1,3,3,0,3
keg,3,3,9,12,3,9,12
keg's,5,5,5,10,4,8,12
kegs,4,4,3,7,4,2,6
kelp,4,4,5,9,4,4,8
kelp's,6,6,5,11,6,4,10
ken,3,3,8,11,3,10,13
ken's,5,5,6,11,5,6,11
kenned,6,4,4,8,4,4,8
kennel,6,3,4,7,3,4,7
kennel's,8,5,2,7,5,2,7
kenneled,8,3,2,5,3,2,5
kenneling,9,2,1,3,2,1,3
kennelled,9,3,2,5,3,2,5
kennelling,10,2,1,3,2,1,3
kennels,7,3,2,5,3,2,5
kenning,7,5,1,6,5,1,6
kens,4,4,5,9,4,4,8
kept,4,4,7,11,4,6,10
keratin,7,5,2,7,3,2,5
keratin's,9,6,0,6,7,0,7
kerchief,8,2,2,4,2,2,4
kerchief's,10,4,0,4,4,0,4
kerchiefs,9,3,1,4,3,1,4
kerchieves,10,3,0,3,3,0,3
kernel,6,3,2,5,3,2,5
kernel's,8,5,0,5,4,0,4
kernels,7,3,1,4,3,1,4
kerosene,8,2,0,2,2,0,2
kerosene's,10,2,0,2,2,0,2
kerosine,8,3,1,4,3,1,4
kerosine's,10,3,0,3,3,0,3
kestrel,7,3,1,4,3,1,4
kestrel's,9,3,1,4,3,1,4
kestrels,8,3,1,4,3,1,4
ketch,5,5,8,13,5,5,10
ketch's,7,7,4,11,7,3,10
ketches,7,6,4,10,6,5,11
ketchup,7,3,4,7,2,5,7
ketchup's,9,4,3,7,3,5,8
kettle,6,4,5,9,4,2,6
kettle's,8,6,3,9,6,1,7
kettledrum,10,2,2,4,2,1,3
kettledrum's,12,3,0,3,3,0,3
kettledrums,11,3,0,3,3,0,3
kettles,7,5,1,6,5,2,7
key,3,3,8,11,2,11,13
key's,5,4,8,12,4,8,12
keybinding,10,4,2,6,4,2,6
keybindings,11,3,0,3,3,0,3
keyboard,8,3,3,6,3,2,5
keyboard's,10,5,1,6,4,0,4
keyboarded,10,2,1,3,2,1,3
keyboarder,10,2,1,3,2,1,3
keyboarder's,12,4,0,4,3,0,3
keyboarders,11,3,1,4,3,0,3
keyboarding,11,7,1,8,6,1,7
keyboards,9,6,3,9,6,3,9
keyed,5,2,5,7,3,4,7
keyhole,7,2,5,7,2,5,7
keyhole's,9,4,4,8,4,4,8
keyholes,8,3,3,6,3,3,6
keying,6,5,3,8,5,3,8
keynote,7,3,2,5,3,1,4
keynote's,9,5,1,6,4,1,5
keynoted,8,3,4,7,4,4,8
keynotes,8,3,3,6,3,3,6
keynoting,9,3,1,4,3,1,4
keypunch,8,3,4,7,3,4,7
keypunch's,10,5,3,8,4,3,7
keypunched,10,3,3,6,4,2,6
keypunches,10,2,3,5,2,3,5
keypunching,11,4,2,6,3,2,5
keys,4,2,12,14,3,9,12
keystone,8,5,2,7,5,2,7
keystone's,10,6,1,7,6,1,7
keystones,9,5,1,6,5,2,7
keystroke,9,3,0,3,3,0,3
keystroke's,11,3,0,3,3,0,3
keystrokes,10,3,0,3,3,0,3
keyword,7,5,3,8,4,2,6
keyword's,9,7,2,9,6,1,7
keywords,8,6,1,7,6,1,7
khaki,5,2,6,8,2,6,8
khaki's,7,4,5,9,4,5,9
khakis,6,4,5,9,3,4,7
khan,4,3,6,9,4,5,9
khan's,6,5,5,10,6,4,10
khans,5,4,7,11,4,8,12
kibbutz,7,2,5,7,2,5,7
kibbutz's,9,5,3,8,4,3,7
kibbutzim,9,1,3,4,1,3,4
kibitz,6,1,6,7,1,6,7
kibitzed,8,4,3,7,4,2,6
kibitzer,8,3,2,5,3,1,4
kibitzer's,10,5,1,6,5,1,6
kibitzers,9,4,4,8,4,2,6
kibitzes,8,4,0,4,4,0,4
kibitzing,9,4,3,7,4,3,7
kibosh,6,3,2,5,3,2,5
kibosh's,8,4,1,5,3,2,5
kick,4,2,8,10,2,8,10
kick's,6,4,7,11,4,7,11
kickback,8,3,4,7,3,2,5
kickback's,10,4,5,9,5,2,7
kickbacks,9,5,4,9,5,3,8
kicked,6,5,9,14,4,9,13
kicker,6,4,4,8,4,4,8
kicker's,8,6,5,11,6,7,13
kickers,7,5,4,9,5,4,9
kickier,7,4,6,10,4,6,10
kickiest,8,4,5,9,6,0,6
kicking,7,4,8,12,4,8,12
kickoff,7,2,6,8,3,5,8
kickoff's,9,5,4,9,5,4,9
kickoffs,8,3,6,9,3,6,9
kicks,5,4,7,11,3,7,10
kickstand,9,4,1,5,4,1,5
kickstand's,11,5,1,6,4,1,5
kickstands,10,4,2,6,4,1,5
kicky,5,4,8,12,3,9,12
kid,3,3,8,11,3,8,11
kid's,5,5,10,15,5,10,15
kidded,6,4,3,7,4,3,7
kidder,6,5,4,9,5,4,9
kidder's,8,6,5,11,6,7,13
kidders,7,6,4,10,6,4,10
kiddie,6,3,0,3,3,1,4
kiddie's,8,5,0,5,5,2,7
kiddies,7,5,1,6,5,1,6
kidding,7,4,8,12,4,8,12
kiddo,5,3,6,9,3,6,9
kiddo's,7,5,6,11,5,5,10
kiddoes,7,5,3,8,5,3,8
kiddos,6,3,7,10,4,5,9
kiddy,5,4,6,10,4,9,13
kiddy's,7,6,4,10,6,5,11
kidnap,6,3,5,8,3,5,8
kidnaped,8,3,1,4,3,2,5
kidnaper,8,3,1,4,4,2,6
kidnaper's,10,6,1,7,6,1,7
kidnapers,9,4,3,7,5,2,7
kidnaping,9,2,2,4,2,2,4
kidnapped,9,3,1,4,3,2,5
kidnapper,9,3,2,5,4,2,6
kidnapper's,11,6,0,6,6,0,6
kidnappers,10,5,1,6,4,0,4
kidnapping,10,2,2,4,3,2,5
kidnapping's,12,4,1,5,3,1,4
kidnappings,11,2,3,5,3,2,5
kidnaps,7,4,5,9,5,4,9
kidney,6,2,4,6,2,4,6
kidney's,8,6,5,11,6,5,11
kidneys,7,4,4,8,4,4,8
kids,4,4,6,10,4,6,10
kielbasa,8,6,0,6,4,0,4
kielbasa's,10,4,0,4,3,0,3
kielbasas,9,3,0,3,3,0,3
kielbasy,8,6,0,6,4,0,4
kill,4,3,12,15,3,12,15
kill's,6,5,11,16,5,11,16
killdeer,8,2,1,3,2,1,3
killdeer's,10,4,0,4,4,0,4
killdeers,9,4,1,5,3,1,4
killed,6,5,6,11,5,6,11
killer,6,4,4,8,4,4,8
killer's,8,7,5,12,6,7,13
killers,7,6,5,11,6,5,11
killing,7,5,4,9,5,5,10
killing's,9,6,5,11,6,5,11
killings,8,5,5,10,5,5,10
killjoy,7,3,5,8,3,4,7
killjoy's,9,5,4,9,5,3,8
killjoys,8,5,2,7,4,4,8
kills,5,4,10,14,4,10,14
kiln,4,3,6,9,3,6,9
kiln's,6,4,6,10,4,6,10
kilned,6,5,3,8,5,3,8
kilning,7,4,2,6,3,3,6
kilns,5,4,5,9,4,5,9
kilo,4,4,4,8,4,5,9
kilo's,6,5,5,10,5,5,10
kilobyte,8,4,2,6,3,2,5
kilobyte's,10,6,1,7,5,1,6
kilobytes,9,4,1,5,4,1,5
kilocycle,9,3,2,5,3,2,5
kilocycle's,11,5,1,6,4,1,5
kilocycles,10,4,1,5,3,1,4
kilogram,8,3,3,6,3,3,6
kilogram's,10,5,2,7,4,1,5
kilograms,9,5,1,6,4,2,6
kilohertz,9,4,1,5,2,2,4
kilohertz's,11,4,1,5,4,1,5
kilohertzes,11,4,0,4,3,0,3
kilometer,9,4,2,6,4,1,5
kilometer's,11,5,0,5,4,0,4
kilometers,10,4,0,4,4,0,4
kilos,5,4,3,7,4,3,7
kiloton,7,2,3,5,2,3,5
kiloton's,9,2,2,4,2,2,4
kilotons,8,4,3,7,5,3,8
kilowatt,8,3,4,7,3,2,5
kilowatt's,10,4,2,6,5,1,6
kilowatts,9,4,2,6,4,2,6
kilt,4,4,7,11,4,7,11
kilt's,6,6,6,12,6,6,12
kilter,6,5,3,8,5,3,8
kilter's,8,7,4,11,7,4,11
kilts,5,5,7,12,5,7,12
kimono,6,2,4,6,2,4,6
kimono's,8,3,4,7,5,3,8
kimonos,7,3,4,7,2,3,5
kin,3,3,11,14,3,11,14
kin's,5,5,9,14,5,11,16
kind,4,4,9,13,3,6,9
kind's,6,5,5,10,5,5,10
kinda,5,3,3,6,3,4,7
kinder,6,6,5,11,5,6,11
kindergarten,12,3,1,4,3,1,4
kindergarten's,14,4,1,5,4,0,4
kindergartener,14,2,1,3,2,1,3
kindergartener's,16,2,0,2,3,0,3
kindergarteners,15,5,0,5,3,0,3
kindergartens,13,3,0,3,5,0,5
kindergärtner,13,2,1,3,2,1,3
kindergärtner's,15,5,0,5,3,0,3
kindergärtners,14,3,1,4,3,0,3
kindest,7,5,2,7,5,3,8
kindhearted,11,4,1,5,3,1,4
kindle,6,5,1,6,4,1,5
kindled,7,4,5,9,4,5,9
kindles,7,5,1,6,5,1,6
kindlier,8,3,2,5,4,3,7
kindliest,9,6,1,7,5,2,7
kindliness,10,5,0,5,5,0,5
kindliness's,12,6,0,6,5,0,5
kindling,8,4,3,7,4,3,7
kindling's,10,5,3,8,3,3,6
kindly,6,4,6,10,4,4,8
kindness,8,4,0,4,4,1,5
kindness's,10,5,0,5,5,1,6
kindnesses,10,3,1,4,3,1,4
kindred,7,4,2,6,4,2,6
kindred's,9,6,2,8,6,2,8
kinds,5,5,8,13,5,5,10
kinematic,9,4,1,5,4,1,5
kinematics,10,4,2,6,4,1,5
kinetic,7,5,3,8,3,2,5
kinfolk,7,3,3,6,3,3,6
kinfolk's,9,5,2,7,5,2,7
kinfolks,8,4,4,8,5,2,7
kinfolks's,10,4,1,5,4,1,5
king,4,4,5,9,4,5,9
king's,6,6,4,10,6,4,10
kingdom,7,2,5,7,2,5,7
kingdom's,9,4,4,8,4,4,8
kingdoms,8,4,3,7,4,2,6
kingfisher,10,3,0,3,3,0,3
kingfisher's,12,5,0,5,4,0,4
kingfishers,11,3,0,3,3,0,3
kinglier,8,5,2,7,4,1,5
kingliest,9,6,0,6,5,0,5
kingly,6,6,4,10,6,3,9
kingpin,7,2,4,6,2,4,6
kingpin's,9,5,3,8,5,3,8
kingpins,8,2,5,7,3,4,7
kings,5,4,6,10,4,6,10
kingship,8,3,1,4,3,1,4
kingship's,10,3,2,5,3,2,5
kink,4,3,7,10,3,5,8
kink's,6,5,4,9,5,4,9
kinked,6,5,4,9,5,4,9
kinkier,7,5,2,7,5,2,7
kinkiest,8,5,1,6,5,1,6
kinking,7,4,2,6,4,3,7
kinks,5,4,6,10,4,5,9
kinky,5,3,9,12,4,6,10
kinship,7,4,2,6,4,2,6
kinship's,9,5,2,7,5,2,7
kinsman,7,3,2,5,3,2,5
kinsman's,9,4,2,6,4,2,6
kinsmen,7,3,2,5,3,2,5
kinswoman,9,3,1,4,3,1,4
kinswoman's,11,4,1,5,3,1,4
kinswomen,9,3,1,4,3,0,3
kiosk,5,3,4,7,3,4,7
kiosk's,7,4,4,8,4,4,8
kiosks,6,2,3,5,2,4,6
kipper,6,5,5,10,5,5,10
kipper's,8,6,6,12,7,5,12
kippered,8,6,2,8,6,3,9
kippering,9,7,1,8,7,2,9
kippers,7,5,6,11,5,6,11
kismet,6,4,2,6,4,2,6
kismet's,8,5,1,6,5,1,6
kiss,4,3,6,9,3,6,9
kiss's,6,4,4,8,4,4,8
kissed,6,5,7,12,5,7,12
kisser,6,4,5,9,4,5,9
kisser's,8,4,2,6,4,2,6
kissers,7,2,3,5,2,3,5
kisses,6,4,6,10,4,6,10
kissing,7,5,2,7,5,3,8
kit,3,3,3,6,3,3,6
kit's,5,5,3,8,5,3,8
kitchen,7,4,5,9,4,4,8
kitchen's,9,6,3,9,6,2,8
kitchenette,11,2,1,3,2,1,3
kitchenette's,13,2,0,2,3,0,3
kitchenettes,12,2,0,2,2,0,2
kitchens,8,5,3,8,5,2,7
kitchenware,11,2,1,3,3,1,4
kitchenware's,13,4,0,4,4,0,4
kite,4,3,6,9,3,6,9
kite's,6,6,4,10,5,5,10
kited,5,4,5,9,4,11,15
kites,5,5,5,10,5,5,10
kith,4,4,7,11,4,6,10
kith's,6,6,6,12,6,6,12
kiting,6,4,5,9,4,5,9
kits,4,4,7,11,4,7,11
kitsch,6,5,4,9,3,3,6
kitsch's,8,3,4,7,4,3,7
kitschy,7,3,1,4,3,2,5
kitten,6,5,5,10,5,5,10
kitten's,8,7,3,10,7,3,10
kittenish,9,4,1,5,3,1,4
kittens,7,6,3,9,6,3,9
kitties,7,4,3,7,4,4,8
kitty,5,4,5,9,4,6,10
kitty's,7,6,6,12,5,7,12
kiwi,4,2,3,5,2,4,6
kiwi's,6,4,4,8,4,4,8
kiwis,5,3,4,7,3,4,7
kleptomania,11,3,1,4,3,1,4
kleptomania's,13,12,0,12,12,0,12
kleptomaniac,12,4,1,5,3,1,4
kleptomaniac's,14,3,0,3,3,0,3
kleptomaniacs,13,11,1,12,11,1,12
klutz,5,3,6,9,3,9,12
klutz's,7,5,5,10,5,6,11
klutzes,7,5,3,8,3,4,7
klutzier,8,6,3,9,6,2,8
klutziest,9,4,1,5,4,1,5
klutzy,6,4,6,10,3,8,11
knack,5,2,5,7,3,4,7
knack's,7,5,3,8,5,3,8
knacker,7,5,3,8,5,3,8
knacks,6,4,6,10,4,5,9
knackwurst,10,9,2,11,9,2,11
knackwurst's,12,10,1,11,1,3,4
knackwursts,11,2,3,5,2,3,5
knapsack,8,4,2,6,3,2,5
knapsack's,10,2,1,3,2,1,3
knapsacks,9,4,2,6,2,1,3
knave,5,3,3,6,3,3,6
knave's,7,5,2,7,5,2,7
knavery,7,6,2,8,4,2,6
knavery's,9,6,1,7,5,1,6
knaves,6,4,4,8,4,5,9
knavish,7,4,3,7,4,3,7
knead,5,3,4,7,3,4,7
kneaded,7,3,1,4,3,2,5
kneader,7,3,2,5,3,3,6
kneader's,9,5,2,7,5,2,7
kneaders,8,6,1,7,6,1,7
kneading,8,6,1,7,5,2,7
kneads,6,4,4,8,4,4,8
knee,4,1,4,5,1,3,4
knee's,6,3,2,5,3,2,5
kneecap,7,2,2,4,2,2,4
kneecap's,9,3,1,4,3,1,4
kneecapped,10,1,2,3,1,2,3
kneecapping,11,4,1,5,1,2,3
kneecaps,8,3,1,4,3,1,4
kneed,5,4,3,7,4,3,7
kneeing,7,2,2,4,2,2,4
kneel,5,3,4,7,3,4,7
kneeled,7,4,2,6,4,1,5
kneeling,8,4,1,5,2,1,3
kneels,6,4,1,5,4,1,5
knees,5,2,2,4,2,2,4
knell,5,3,4,7,3,3,6
knell's,7,4,3,7,4,2,6
knelled,7,3,4,7,3,3,6
knelling,8,5,2,7,6,1,7
knells,6,4,3,7,4,3,7
knelt,5,2,5,7,3,3,6
knew,4,2,6,8,3,5,8
knickers,8,6,2,8,7,1,8
knickers's,10,4,0,4,3,1,4
knickknack,10,3,2,5,3,2,5
knickknack's,12,4,2,6,4,1,5
knickknacks,11,3,2,5,3,2,5
knife,5,4,5,9,4,5,9
knife's,7,5,6,11,5,6,11
knifed,6,5,4,9,5,4,9
knifes,6,6,4,10,6,2,8
knifing,7,4,2,6,4,3,7
knight,6,5,5,10,5,5,10
knight's,8,7,5,12,7,5,12
knighted,8,6,5,11,6,3,9
knighthood,10,3,3,6,3,3,6
knighthood's,12,2,2,4,2,2,4
knighthoods,11,4,2,6,3,2,5
knighting,9,4,2,6,3,2,5
knightly,8,2,4,6,2,4,6
knights,7,5,6,11,5,6,11
knit,4,4,7,11,4,6,10
knit's,6,6,6,12,6,5,11
knits,5,5,5,10,5,5,10
knitted,7,5,3,8,5,3,8
knitter,7,5,2,7,5,2,7
knitter's,9,7,1,8,7,1,8
knitters,8,6,2,8,5,1,6
knitting,8,4,2,6,3,2,5
knitting's,10,5,3,8,3,3,6
knitwear,8,5,2,7,3,2,5
knitwear's,10,5,1,6,5,1,6
knives,6,5,5,10,5,3,8
knob,4,4,6,10,4,6,10
knob's,6,6,5,11,6,5,11
knobbier,8,7,4,11,7,3,10
knobbiest,9,5,4,9,6,2,8
knobby,6,5,6,11,4,7,11
knobs,5,5,5,10,5,5,10
knock,5,3,6,9,3,6,9
knock's,7,5,5,10,5,5,10
knocked,7,4,5,9,4,5,9
knocker,7,4,4,8,4,5,9
knocker's,9,5,3,8,6,3,9
knockers,8,5,3,8,6,2,8
knocking,8,5,3,8,5,3,8
knockout,8,2,4,6,1,5,6
knockout's,10,3,3,6,2,3,5
knockouts,9,2,3,5,2,3,5
knocks,6,3,6,9,4,4,8
knockwurst,10,8,3,11,8,3,11
knockwurst's,12,9,2,11,3,2,5
knockwursts,11,3,2,5,3,2,5
knoll,5,2,4,6,2,4,6
knoll's,7,4,3,7,4,3,7
knolls,6,3,4,7,3,5,8
knot,4,4,7,11,4,7,11
knot's,6,5,6,11,5,6,11
knothole,8,3,3,6,3,3,6
knothole's,10,5,2,7,4,1,5
knotholes,9,4,2,6,4,2,6
knots,5,5,6,11,5,6,11
knotted,7,3,5,8,3,5,8
knottier,8,6,5,11,6,4,10
knottiest,9,4,1,5,4,1,5
knotting,8,5,3,8,5,3,8
knotty,6,4,7,11,3,8,11
know,4,3,8,11,3,8,11
knowable,8,6,2,8,6,2,8
knowing,7,3,3,6,3,4,7
knowingly,9,3,3,6,2,3,5
knowings,8,3,3,6,3,3,6
knowledge,9,2,1,3,2,1,3
knowledge's,11,4,0,4,3,1,4
knowledgeable,13,1,2,3,1,2,3
knowledgeably,13,1,2,3,1,2,3
known,5,2,6,8,2,6,8
knows,5,4,7,11,4,7,11
knuckle,7,4,5,9,5,4,9
knuckle's,9,6,3,9,5,4,9
knuckled,8,5,4,9,3,5,8
knucklehead,11,2,2,4,2,1,3
knucklehead's,13,2,1,3,3,0,3
knuckleheads,12,3,1,4,3,1,4
knuckles,8,5,3,8,5,3,8
knuckling,9,4,2,6,4,2,6
koala,5,2,4,6,2,2,4
koala's,7,4,3,7,4,1,5
koalas,6,3,4,7,3,2,5
kohlrabi,8,4,2,6,4,2,6
kohlrabi's,10,5,2,7,5,2,7
kohlrabies,10,5,0,5,5,0,5
kook,4,2,4,6,2,4,6
kook's,6,4,4,8,4,3,7
kookaburra,10,1,3,4,1,3,4
kookaburra's,12,4,1,5,2,2,4
kookaburras,11,2,1,3,2,1,3
kookie,6,4,0,4,4,0,4
kookier,7,4,6,10,5,3,8
kookiest,8,6,5,11,6,2,8
kookiness,9,5,2,7,6,0,6
kookiness's,11,6,2,8,7,0,7
kooks,5,3,3,6,3,3,6
kooky,5,3,5,8,3,5,8
kopeck,6,3,5,8,3,5,8
kopeck's,8,5,3,8,5,3,8
kopecks,7,5,4,9,4,4,8
kopek,5,2,8,10,3,7,10
kopek's,7,4,7,11,5,6,11
kopeks,6,4,6,10,4,6,10
kosher,6,4,8,12,4,8,12
koshered,8,4,2,6,4,2,6
koshering,9,6,2,8,4,1,5
koshers,7,4,4,8,4,4,8
kowtow,6,2,6,8,2,6,8
kowtow's,8,4,4,8,4,4,8
kowtowed,8,4,2,6,4,4,8
kowtowing,9,5,2,7,5,2,7
kowtows,7,3,5,8,3,4,7
krone,5,4,5,9,4,4,8
krone's,7,6,4,10,5,6,11
kroner,6,4,2,6,4,2,6
kronor,6,2,4,6,2,4,6
krypton,7,5,6,11,5,6,11
krypton's,9,7,5,12,7,5,12
króna,5,1,6,7,1,6,7
króna's,7,3,5,8,2,5,7
krónur,6,2,5,7,2,5,7
ks,2,2,7,9,2,7,9
kudos,5,2,4,6,2,4,6
kudos's,7,4,5,9,3,6,9
kudzu,5,1,5,6,1,5,6
kudzu's,7,3,4,7,3,5,8
kudzus,6,3,7,10,3,7,10
kumquat,7,5,5,10,5,5,10
kumquat's,9,7,4,11,7,4,11
kumquats,8,6,4,10,6,4,10
l,1,1,11,12,1,11,12
la,2,2,0,2,2,0,2
la's,4,4,7,11,4,7,11
lab,3,3,9,12,3,10,13
lab's,5,4,11,15,4,10,14
label,5,4,3,7,4,3,7
label's,7,6,1,7,6,1,7
labeled,7,5,4,9,5,1,6
labeling,8,5,2,7,5,2,7
labelled,8,5,2,7,5,2,7
labelling,9,6,2,8,5,1,6
labels,6,5,2,7,5,2,7
labia,5,2,5,7,2,5,7
labial,6,3,3,6,3,3,6
labial's,8,4,2,6,4,2,6
labials,7,3,4,7,3,4,7
labium,6,3,5,8,2,6,8
labium's,8,7,3,10,4,5,9
labor,5,3,6,9,3,6,9
labor's,7,5,3,8,5,3,8
laboratories,12,4,0,4,4,0,4
laboratory,10,2,3,5,2,3,5
laboratory's,12,5,1,6,3,2,5
labored,7,6,3,9,6,2,8
laborer,7,2,2,4,4,1,5
laborer's,9,5,0,5,4,0,4
laborers,8,4,1,5,4,0,4
laboring,8,6,2,8,6,2,8
laborious,9,3,2,5,3,2,5
laboriously,11,4,0,4,3,0,3
labors,6,4,4,8,4,4,8
labs,4,4,9,13,4,9,13
laburnum,8,2,4,6,2,4,6
laburnum's,10,4,3,7,3,3,6
laburnums,9,3,4,7,3,4,7
labyrinth,9,3,2,5,3,2,5
labyrinth's,11,3,2,5,3,2,5
labyrinthine,12,3,1,4,2,2,4
labyrinths,10,4,3,7,5,2,7
lace,4,4,3,7,4,2,6
lace's,6,6,2,8,6,2,8
laced,5,4,6,10,4,6,10
lacerate,8,6,1,7,6,1,7
lacerated,9,7,1,8,7,1,8
lacerates,9,6,0,6,7,1,8
lacerating,10,9,1,10,9,1,10
laceration,10,9,1,10,9,1,10
laceration's,12,11,0,11,11,0,11
lacerations,11,6,1,7,4,0,4
laces,5,5,1,6,5,2,7
lachrymal,9,3,3,6,3,3,6
lachrymose,10,3,1,4,3,1,4
lacier,6,5,2,7,5,3,8
laciest,7,7,0,7,7,0,7
lacing,6,6,5,11,6,5,11
lack,4,4,6,10,3,5,8
lack's,6,5,4,9,5,4,9
lackadaisical,13,2,0,2,2,0,2
lackadaisically,15,3,0,3,2,0,2
lacked,6,5,2,7,5,3,8
lackey,6,5,4,9,5,4,9
lackey's,8,7,2,9,7,2,9
lackeys,7,3,4,7,3,4,7
lacking,7,7,2,9,7,4,11
lackluster,10,4,1,5,4,1,5
lacks,5,4,7,11,4,7,11
laconic,7,3,2,5,3,2,5
laconically,11,3,1,4,2,2,4
lacquer,7,5,2,7,5,2,7
lacquer's,9,7,0,7,6,0,6
lacquered,9,4,1,5,4,2,6
lacquering,10,6,1,7,5,4,9
lacquers,8,6,1,7,6,0,6
lacrimal,8,3,3,6,3,3,6
lacrosse,8,3,0,3,3,0,3
lacrosse's,10,3,0,3,3,0,3
lactate,7,3,3,6,3,2,5
lactated,8,3,3,6,3,4,7
lactates,8,4,3,7,5,3,8
lactating,9,5,3,8,5,3,8
lactation,9,4,2,6,4,2,6
lactation's,11,4,1,5,5,1,6
lactic,6,4,4,8,4,4,8
lactose,7,5,0,5,5,1,6
lactose's,9,5,1,6,5,0,5
lacuna,6,3,4,7,3,5,8
lacuna's,8,5,3,8,5,4,9
lacunae,7,3,2,5,3,1,4
lacunas,7,3,3,6,3,2,5
lacy,4,4,4,8,4,4,8
lad,3,3,10,13,3,10,13
lad's,5,4,10,14,5,10,15
ladder,6,5,3,8,5,3,8
ladder's,8,7,2,9,7,2,9
laddered,8,4,1,5,4,1,5
laddering,9,6,4,10,6,5,11
ladders,7,6,3,9,6,4,10
laddie,6,4,5,9,5,3,8
laddie's,8,6,5,11,5,2,7
laddies,7,6,4,10,6,2,8
lade,4,4,4,8,4,3,7
laded,5,4,3,7,4,3,7
laden,5,4,3,7,4,3,7
lades,5,5,2,7,5,3,8
ladies,6,5,3,8,5,2,7
lading,6,6,6,12,6,6,12
lading's,8,7,3,10,7,2,9
ladings,7,5,8,13,5,8,13
ladle,5,3,2,5,3,1,4
ladle's,7,4,1,5,4,1,5
ladled,6,2,3,5,2,3,5
ladles,6,4,3,7,4,3,7
ladling,7,5,2,7,5,2,7
lads,4,4,7,11,4,10,14
lady,4,3,2,5,3,2,5
lady's,6,5,1,6,5,1,6
ladybird,8,3,3,6,2,4,6
ladybird's,10,5,3,8,5,2,7
ladybirds,9,3,4,7,4,3,7
ladybug,7,3,5,8,2,3,5
ladybug's,9,4,5,9,5,4,9
ladybugs,8,4,5,9,3,6,9
ladyfinger,10,2,1,3,3,1,4
ladyfinger's,12,6,0,6,5,0,5
ladyfingers,11,5,1,6,5,0,5
ladylike,8,4,4,8,4,3,7
ladyship,8,5,1,6,5,1,6
ladyship's,10,6,2,8,6,1,7
lag,3,3,9,12,3,9,12
lag's,5,5,9,14,5,9,14
lager,5,5,3,8,5,5,10
lager's,7,6,6,12,6,6,12
lagers,6,5,6,11,5,6,11
laggard,7,5,3,8,4,2,6
laggard's,9,7,1,8,6,1,7
laggards,8,6,2,8,5,2,7
lagged,6,5,4,9,5,4,9
lagging,7,5,4,9,5,4,9
lagniappe,9,3,1,4,3,1,4
lagniappe's,11,5,0,5,4,0,4
lagniappes,10,5,0,5,5,0,5
lagoon,6,3,4,7,3,4,7
lagoon's,8,5,3,8,5,3,8
lagoons,7,4,4,8,4,4,8
lags,4,4,8,12,4,8,12
laid,4,4,4,8,4,4,8
lain,4,4,3,7,4,3,7
lair,4,3,8,11,3,7,10
lair's,6,5,5,10,5,6,11
lairs,5,5,4,9,4,3,7
laity,5,3,4,7,3,4,7
laity's,7,5,4,9,5,4,9
lake,4,4,5,9,4,4,8
lake's,6,6,3,9,6,3,9
lakes,5,5,3,8,5,4,9
lallygag,8,2,4,6,2,3,5
lallygagged,11,3,3,6,4,1,5
lallygagging,12,5,1,6,5,1,6
lallygags,9,3,4,7,3,3,6
lam,3,3,6,9,3,6,9
lam's,5,5,9,14,5,9,14
lama,4,2,4,6,2,3,5
lama's,6,4,3,7,4,3,7
lamas,5,3,1,4,3,1,4
lamaseries,10,4,0,4,3,0,3
lamasery,8,3,0,3,3,1,4
lamasery's,10,4,1,5,3,1,4
lamb,4,4,5,9,4,5,9
lamb's,6,6,2,8,6,2,8
lambast,7,4,2,6,3,2,5
lambaste,8,3,0,3,3,0,3
lambasted,9,6,1,7,5,1,6
lambastes,9,3,2,5,3,1,4
lambasting,10,7,0,7,5,2,7
lambasts,8,4,3,7,3,2,5
lambda,6,1,6,7,1,6,7
lambed,6,5,3,8,5,1,6
lambent,7,4,2,6,3,2,5
lambing,7,6,3,9,6,2,8
lambkin,7,4,2,6,4,4,8
lambkin's,9,6,2,8,6,3,9
lambkins,8,4,4,8,4,4,8
lambs,5,4,8,12,4,8,12
lambskin,8,4,2,6,4,2,6
lambskin's,10,7,1,8,5,2,7
lambskins,9,4,1,5,3,2,5
lame,4,4,6,10,4,5,9
lame's,6,6,4,10,6,4,10
lamebrain,9,3,1,4,3,1,4
lamebrain's,11,5,0,5,3,1,4
lamebrains,10,4,1,5,4,0,4
lamed,5,5,6,11,5,6,11
lamely,6,5,1,6,3,2,5
lameness,8,6,1,7,6,1,7
lameness's,10,7,1,8,7,1,8
lament,6,5,2,7,5,1,6
lament's,8,7,0,7,7,0,7
lamentable,10,3,1,4,3,1,4
lamentably,10,3,1,4,3,1,4
lamentation,11,5,1,6,5,1,6
lamentation's,13,5,0,5,5,0,5
lamentations,12,4,0,4,4,0,4
lamented,8,6,1,7,6,1,7
lamenting,9,7,1,8,6,1,7
laments,7,5,2,7,5,2,7
lamer,5,5,5,10,5,6,11
lames,5,5,4,9,5,5,10
lamest,6,6,2,8,6,2,8
laminate,8,6,1,7,6,1,7
laminate's,10,6,1,7,6,2,8
laminated,9,7,1,8,7,1,8
laminates,9,7,0,7,6,0,6
laminating,10,5,2,7,5,2,7
lamination,10,6,2,8,6,2,8
lamination's,12,8,1,9,8,1,9
laming,6,6,7,13,6,7,13
lammed,6,5,3,8,5,1,6
lamming,7,6,3,9,6,2,8
lamp,4,3,6,9,3,6,9
lamp's,6,5,3,8,5,3,8
lampblack,9,2,3,5,2,4,6
lampblack's,11,5,2,7,4,2,6
lampoon,7,4,4,8,4,2,6
lampoon's,9,6,1,7,6,1,7
lampooned,9,6,1,7,6,2,8
lampooning,10,6,2,8,6,2,8
lampoons,8,5,3,8,4,3,7
lamppost,8,3,2,5,3,2,5
lamppost's,10,4,2,6,3,2,5
lampposts,9,3,3,6,3,3,6
lamprey,7,4,2,6,4,2,6
lamprey's,9,6,0,6,6,0,6
lampreys,8,4,1,5,4,1,5
lamps,5,4,5,9,4,2,6
lampshade,9,4,0,4,4,1,5
lampshade's,11,5,2,7,5,2,7
lampshades,10,4,0,4,4,3,7
lams,4,4,10,14,4,9,13
lance,5,5,1,6,4,2,6
lance's,7,6,1,7,6,1,7
lanced,6,5,2,7,5,3,8
lancer,6,5,3,8,5,3,8
lancer's,8,7,2,9,7,2,9
lancers,7,6,2,8,6,3,9
lances,6,5,3,8,4,4,8
lancet,6,3,3,6,3,3,6
lancet's,8,5,1,6,5,1,6
lancets,7,5,2,7,5,2,7
lancing,7,4,5,9,4,5,9
land,4,4,2,6,4,2,6
land's,6,6,1,7,6,1,7
landed,6,5,3,8,5,3,8
lander,6,6,3,9,5,3,8
landfall,8,4,4,8,2,3,5
landfall's,10,6,2,8,4,1,5
landfalls,9,5,2,7,3,2,5
landfill,8,3,2,5,3,2,5
landfill's,10,6,2,8,4,2,6
landfills,9,6,3,9,4,3,7
landholder,10,3,1,4,3,1,4
landholder's,12,6,0,6,5,0,5
landholders,11,5,1,6,5,0,5
landing,7,5,5,10,5,5,10
landing's,9,7,2,9,7,2,9
landings,8,6,3,9,6,3,9
landladies,10,5,0,5,5,0,5
landlady,8,2,3,5,3,3,6
landlady's,10,4,1,5,5,1,6
landline,8,4,2,6,4,1,5
landline's,10,6,1,7,6,1,7
landlines,9,5,2,7,5,2,7
landlocked,10,6,2,8,7,1,8
landlord,8,5,3,8,3,4,7
landlord's,10,7,1,8,5,2,7
landlords,9,5,2,7,4,2,6
landlubber,10,5,2,7,3,1,4
landlubber's,12,6,0,6,5,0,5
landlubbers,11,5,1,6,5,0,5
landmark,8,4,4,8,3,3,6
landmark's,10,6,2,8,6,1,7
landmarks,9,5,2,7,4,2,6
landmass,8,2,1,3,2,1,3
landmass's,10,2,1,3,2,1,3
landmasses,10,4,0,4,3,1,4
landowner,9,5,1,6,5,1,6
landowner's,11,7,0,7,7,0,7
landowners,10,5,2,7,5,1,6
lands,5,4,6,10,4,6,10
landscape,9,4,0,4,4,0,4
landscape's,11,5,0,5,5,1,6
landscaped,10,5,0,5,5,0,5
landscaper,10,3,0,3,5,0,5
landscaper's,12,5,0,5,4,0,4
landscapers,11,4,1,5,4,1,5
landscapes,10,4,0,4,4,2,6
landscaping,11,6,2,8,4,2,6
landslid,8,4,1,5,4,1,5
landslidden,11,4,0,4,3,1,4
landslide,9,5,0,5,4,0,4
landslide's,11,5,0,5,4,2,6
landslides,10,4,0,4,5,1,6
landsliding,11,3,1,4,3,1,4
landward,8,2,3,5,3,3,6
landwards,9,4,3,7,4,2,6
lane,4,4,1,5,4,0,4
lane's,6,6,0,6,6,0,6
lanes,5,5,5,10,5,6,11
language,8,3,3,6,2,5,7
language's,10,4,2,6,4,2,6
languages,9,4,2,6,5,2,7
languid,7,4,2,6,4,3,7
languidly,9,2,3,5,4,2,6
languish,8,7,1,8,7,1,8
languished,10,9,0,9,9,0,9
languishes,10,8,1,9,8,0,8
languishing,11,4,0,4,4,1,5
languor,7,4,4,8,4,3,7
languor's,9,6,2,8,6,2,8
languorous,10,3,2,5,4,1,5
languorously,12,3,0,3,3,0,3
languors,8,4,4,8,4,3,7
lank,4,3,4,7,3,4,7
lanker,6,5,7,12,5,7,12
lankest,7,5,4,9,5,3,8
lankier,7,6,2,8,6,3,9
lankiest,8,7,1,8,7,3,10
lankiness,9,6,0,6,6,0,6
lankiness's,11,7,0,7,7,0,7
lanky,5,4,4,8,4,4,8
lanolin,7,3,2,5,3,2,5
lanolin's,9,5,1,6,5,1,6
lantern,7,4,2,6,4,1,5
lantern's,9,6,0,6,6,0,6
lanterns,8,5,1,6,4,1,5
lanyard,7,4,4,8,3,3,6
lanyard's,9,6,2,8,5,2,7
lanyards,8,5,3,8,4,3,7
lap,3,3,4,7,3,3,6
lap's,5,5,6,11,5,5,10
lapel,5,3,4,7,3,4,7
lapel's,7,4,2,6,5,2,7
lapels,6,3,3,6,4,3,7
lapidaries,10,4,0,4,4,0,4
lapidary,8,2,2,4,2,2,4
lapidary's,10,4,1,5,6,1,7
lapped,6,5,5,10,5,2,7
lapping,7,6,4,10,6,3,9
laps,4,4,2,6,4,3,7
lapse,5,4,1,5,4,1,5
lapse's,7,5,2,7,5,2,7
lapsed,6,5,1,6,5,2,7
lapses,6,4,4,8,4,4,8
lapsing,7,6,2,8,6,2,8
laptop,6,3,5,8,3,5,8
laptop's,8,5,3,8,5,3,8
laptops,7,4,3,7,4,3,7
lapwing,7,6,4,10,6,3,9
lapwing's,9,7,2,9,7,3,10
lapwings,8,6,5,11,6,4,10
larboard,8,3,4,7,3,3,6
larboard's,10,5,3,8,5,1,6
larboards,9,4,3,7,4,2,6
larcenies,9,4,0,4,4,1,5
larcenous,9,5,1,6,6,1,7
larceny,7,4,1,5,4,1,5
larceny's,9,6,0,6,6,0,6
larch,5,5,8,13,5,8,13
larch's,7,6,5,11,6,5,11
larches,7,7,1,8,7,1,8
lard,4,3,5,8,3,5,8
lard's,6,5,3,8,5,3,8
larded,6,5,2,7,5,2,7
larder,6,5,4,9,5,4,9
larder's,8,7,5,12,5,6,11
larders,7,6,3,9,6,3,9
larding,7,7,5,12,7,5,12
lards,5,5,6,11,5,3,8
large,5,3,3,6,3,3,6
large's,7,6,3,9,6,3,9
largely,7,4,1,5,4,1,5
largeness,9,5,0,5,5,0,5
largeness's,11,6,0,6,6,0,6
larger,6,4,2,6,4,4,8
larges,6,5,4,9,5,4,9
largess,7,4,2,6,4,2,6
largess's,9,5,2,7,5,2,7
largesse,8,4,0,4,4,0,4
largesse's,10,3,0,3,3,0,3
largest,7,6,3,9,6,3,9
largo,5,4,6,10,4,6,10
largo's,7,6,4,10,6,4,10
largos,6,4,5,9,4,5,9
lariat,6,2,3,5,2,3,5
lariat's,8,4,2,6,4,2,6
lariats,7,4,4,8,4,4,8
lark,4,3,7,10,3,7,10
lark's,6,5,5,10,5,6,11
larked,6,6,2,8,6,4,10
larking,7,6,3,9,6,5,11
larks,5,5,7,12,4,4,8
larkspur,8,3,2,5,3,2,5
larkspur's,10,3,2,5,3,2,5
larkspurs,9,2,3,5,3,1,4
larva,5,3,4,7,3,4,7
larva's,7,5,3,8,5,3,8
larvae,6,2,2,4,2,2,4
larval,6,2,4,6,2,4,6
larvas,6,3,4,7,3,3,6
larynges,8,8,3,11,8,3,11
laryngitis,10,4,3,7,3,2,5
laryngitis's,12,4,0,4,4,0,4
larynx,6,3,4,7,3,4,7
larynx's,8,4,4,8,5,3,8
larynxes,8,7,4,11,7,4,11
lasagna,7,2,2,4,2,2,4
lasagna's,9,2,1,3,2,2,4
lasagnas,8,2,2,4,2,1,3
lasagne,7,3,1,4,3,1,4
lasagne's,9,4,1,5,4,1,5
lasagnes,8,3,1,4,3,1,4
lascivious,10,5,3,8,5,2,7
lasciviously,12,4,0,4,4,0,4
lasciviousness,14,7,1,8,7,1,8
lasciviousness's,16,8,1,9,8,1,9
laser,5,5,3,8,5,4,9
laser's,7,5,0,5,6,0,6
lasers,6,5,1,6,5,1,6
lash,4,4,5,9,4,6,10
lash's,6,5,6,11,5,6,11
lashed,6,6,1,7,6,5,11
lashes,6,5,5,10,5,5,10
lashing,7,7,4,11,7,5,12
lass,4,3,3,6,3,4,7
lass's,6,4,4,8,4,4,8
lasses,6,4,5,9,4,5,9
lassie,6,5,3,8,5,2,7
lassie's,8,6,0,6,6,0,6
lassies,7,5,1,6,5,1,6
lassitude,9,3,0,3,3,0,3
lassitude's,11,2,1,3,2,0,2
lasso,5,3,2,5,3,3,6
lasso's,7,4,2,6,4,2,6
lassoed,7,3,2,5,4,1,5
lassoes,7,4,2,6,4,2,6
lassoing,8,3,1,4,3,1,4
lassos,6,3,3,6,3,3,6
last,4,4,5,9,4,5,9
last's,6,5,5,10,5,5,10
lasted,6,5,2,7,5,6,11
lasting,7,7,4,11,7,5,12
lastingly,9,7,1,8,4,1,5
lastly,6,5,3,8,4,3,7
lasts,5,4,4,8,4,4,8
latch,5,5,6,11,5,6,11
latch's,7,7,4,11,7,4,11
latched,7,5,3,8,6,2,8
latches,7,5,3,8,6,2,8
latching,8,5,3,8,5,3,8
late,4,4,7,11,4,6,10
latecomer,9,3,1,4,3,1,4
latecomer's,11,5,0,5,4,0,4
latecomers,10,4,1,5,4,0,4
lately,6,4,2,6,4,1,5
latency,7,3,1,4,3,1,4
latency's,9,5,0,5,4,1,5
lateness,8,5,2,7,5,2,7
lateness's,10,6,2,8,6,2,8
latent,6,5,2,7,5,1,6
later,5,5,4,9,5,5,10
lateral,7,5,2,7,3,1,4
lateral's,9,7,1,8,5,0,5
lateraled,9,4,1,5,3,2,5
lateraling,10,3,1,4,4,1,5
lateralled,10,5,1,6,4,1,5
lateralling,11,4,2,6,3,1,4
laterally,9,2,2,4,3,2,5
laterals,8,4,1,5,4,0,4
latest,6,4,0,4,4,0,4
latest's,8,4,1,5,3,0,3
latex,5,3,5,8,3,5,8
latex's,7,5,2,7,5,2,7
lath,4,2,9,11,3,8,11
lath's,6,4,7,11,4,7,11
lathe,5,4,2,6,4,1,5
lathe's,7,5,3,8,5,3,8
lathed,6,5,6,11,5,6,11
lather,6,5,6,11,5,6,11
lather's,8,7,5,12,7,5,12
lathered,8,6,3,9,6,3,9
lathering,9,8,3,11,8,3,11
lathers,7,6,3,9,6,3,9
lathes,6,5,2,7,5,3,8
lathing,7,6,6,12,6,6,12
laths,5,3,9,12,3,9,12
latitude,8,3,2,5,4,1,5
latitude's,10,5,1,6,4,1,5
latitudes,9,4,1,5,5,0,5
latitudinal,11,2,1,3,2,2,4
latrine,7,5,3,8,4,3,7
latrine's,9,7,2,9,7,2,9
latrines,8,7,1,8,7,1,8
lats,4,4,6,10,4,6,10
latte,5,4,2,6,4,1,5
latte's,7,5,3,8,5,3,8
latter,6,5,4,9,5,4,9
latter's,8,7,2,9,7,2,9
latterly,8,3,1,4,4,1,5
lattes,6,5,2,7,5,3,8
lattice,7,4,2,6,5,0,5
lattice's,9,6,1,7,7,0,7
latticed,8,5,2,7,4,3,7
lattices,8,5,0,5,5,0,5
latticework,11,3,1,4,2,2,4
latticework's,13,3,0,3,3,1,4
latticeworks,12,4,1,5,4,0,4
laud,4,4,3,7,4,3,7
laud's,6,6,2,8,6,2,8
laudable,8,3,1,4,3,1,4
laudably,8,4,4,8,2,4,6
laudanum,8,3,4,7,2,4,6
laudanum's,10,4,2,6,3,2,5
laudatory,9,2,3,5,2,3,5
lauded,6,4,2,6,4,2,6
lauding,7,6,6,12,6,6,12
lauds,5,4,4,8,4,5,9
laugh,5,4,7,11,4,7,11
laugh's,7,6,8,14,6,9,15
laughable,9,3,1,4,3,1,4
laughably,9,2,3,5,2,3,5
laughed,7,5,3,8,5,3,8
laughing,8,5,3,8,5,3,8
laughingly,10,4,2,6,3,2,5
laughingstock,13,2,0,2,2,0,2
laughingstock's,15,2,0,2,2,0,2
laughingstocks,14,2,1,3,3,0,3
laughs,6,4,5,9,4,5,9
laughter,8,4,4,8,6,2,8
laughter's,10,8,0,8,8,0,8
launch,6,6,2,8,6,2,8
launch's,8,8,3,11,8,1,9
launched,8,4,3,7,4,3,7
launcher,8,4,3,7,6,2,8
launcher's,10,8,0,8,8,0,8
launchers,9,6,1,7,6,1,7
launches,8,8,2,10,8,2,10
launching,9,5,3,8,5,3,8
launder,7,5,2,7,5,2,7
laundered,9,6,1,7,6,1,7
launderer,9,6,1,7,3,1,4
launderer's,11,5,1,6,4,1,5
launderers,10,4,0,4,4,0,4
laundering,10,8,1,9,8,1,9
launders,8,6,1,7,6,0,6
laundress,9,4,0,4,4,0,4
laundress's,11,3,0,3,3,0,3
laundresses,11,3,0,3,3,0,3
laundries,9,5,0,5,5,0,5
laundry,7,3,5,8,5,3,8
laundry's,9,5,1,6,4,2,6
laundryman,10,1,4,5,2,3,5
laundryman's,12,4,1,5,3,2,5
laundrymen,10,3,1,4,3,1,4
laureate,8,2,2,4,2,2,4
laureate's,10,6,0,6,3,1,4
laureates,9,3,1,4,4,0,4
laurel,6,5,1,6,4,1,5
laurel's,8,7,0,7,6,0,6
laurels,7,4,2,6,5,1,6
lava,4,2,6,8,2,7,9
lava's,6,4,6,10,4,7,11
lavatories,10,4,0,4,6,0,6
lavatory,8,3,4,7,3,3,6
lavatory's,10,5,3,8,5,1,6
lavender,8,5,1,6,5,1,6
lavender's,10,7,0,7,5,0,5
lavenders,9,6,1,7,5,2,7
lavish,6,4,4,8,4,4,8
lavished,8,6,3,9,6,3,9
lavisher,8,6,1,7,5,1,6
lavishes,8,7,1,8,7,0,7
lavishest,9,3,0,3,4,0,4
lavishing,9,8,1,9,8,1,9
lavishly,8,6,1,7,4,1,5
lavishness,10,6,1,7,6,1,7
lavishness's,12,7,1,8,7,1,8
law,3,3,9,12,3,11,14
law's,5,5,10,15,5,11,16
lawbreaker,10,6,2,8,6,3,9
lawbreaker's,12,8,1,9,8,2,10
lawbreakers,11,7,2,9,7,2,9
lawful,6,2,4,6,2,4,6
lawfully,8,4,4,8,3,4,7
lawfulness,10,6,1,7,4,1,5
lawfulness's,12,7,1,8,5,1,6
lawgiver,8,4,2,6,4,1,5
lawgiver's,10,6,1,7,6,1,7
lawgivers,9,5,2,7,5,2,7
lawless,7,3,2,5,3,2,5
lawlessly,9,4,1,5,3,1,4
lawlessness,11,3,0,3,3,0,3
lawlessness's,13,4,0,4,3,0,3
lawmaker,8,4,3,7,4,2,6
lawmaker's,10,6,0,6,6,0,6
lawmakers,9,5,1,6,5,1,6
lawn,4,3,4,7,3,4,7
lawn's,6,5,4,9,5,4,9
lawns,5,4,6,10,4,6,10
lawrencium,10,4,1,5,3,1,4
lawrencium's,12,7,0,7,4,0,4
laws,4,3,11,14,3,11,14
lawsuit,7,4,1,5,3,3,6
lawsuit's,9,5,1,6,4,1,5
lawsuits,8,4,2,6,3,4,7
lawyer,6,4,4,8,4,6,10
lawyer's,8,6,3,9,6,3,9
lawyers,7,5,4,9,5,5,10
lax,3,2,11,13,2,12,14
laxative,8,3,1,4,3,1,4
laxative's,10,5,1,6,6,0,6
laxatives,9,5,0,5,5,1,6
laxer,5,5,6,11,5,7,12
laxest,6,5,3,8,5,3,8
laxity,6,3,4,7,3,4,7
laxity's,8,6,6,12,5,3,8
laxly,5,2,11,13,3,9,12
laxness,7,4,4,8,4,4,8
laxness's,9,5,4,9,5,4,9
lay,3,3,10,13,3,11,14
lay's,5,5,10,15,5,10,15
layaway,7,2,3,5,2,2,4
layaway's,9,4,1,5,4,1,5
layer,5,4,7,11,4,8,12
layer's,7,6,5,11,5,8,13
layered,7,4,4,8,4,3,7
layering,8,7,3,10,7,3,10
layers,6,4,7,11,4,7,11
layette,7,3,2,5,3,1,4
layette's,9,5,1,6,5,1,6
layettes,8,4,1,5,5,1,6
laying,6,6,8,14,6,8,14
layman,6,4,4,8,4,4,8
layman's,8,6,2,8,6,2,8
laymen,6,3,4,7,3,4,7
layoff,6,2,6,8,3,5,8
layoff's,8,7,1,8,5,4,9
layoffs,7,6,3,9,6,2,8
layout,6,3,4,7,3,4,7
layout's,8,6,2,8,5,3,8
layouts,7,6,2,8,6,3,9
layover,7,4,3,7,4,3,7
layover's,9,6,1,7,6,1,7
layovers,8,5,2,7,5,1,6
laypeople,9,2,2,4,2,2,4
layperson,9,6,0,6,6,0,6
layperson's,11,7,0,7,7,0,7
laypersons,10,3,1,4,3,0,3
lays,4,4,8,12,4,9,13
laywoman,8,5,3,8,2,3,5
laywoman's,10,7,2,9,6,2,8
laywomen,8,5,4,9,5,4,9
laze,4,3,8,11,3,7,10
laze's,6,5,5,10,5,5,10
lazed,5,4,10,14,4,10,14
lazes,5,4,6,10,4,7,11
lazied,6,4,7,11,4,7,11
lazier,6,5,4,9,5,5,10
lazies,6,4,4,8,5,4,9
laziest,7,6,2,8,6,2,8
lazily,6,2,4,6,2,4,6
laziness,8,6,3,9,6,3,9
laziness's,10,7,3,10,7,3,10
lazing,6,5,9,14,5,9,14
lazy,4,3,5,8,2,9,11
lazybones,9,5,1,6,5,1,6
lazybones's,11,3,1,4,3,1,4
lazying,7,5,7,12,5,7,12
lea,3,3,0,3,3,0,3
lea's,5,5,5,10,5,3,8
leach,5,5,3,8,4,2,6
leached,7,5,2,7,6,1,7
leaches,7,5,1,6,5,2,7
leaching,8,5,3,8,5,3,8
lead,4,4,3,7,4,4,8
lead's,6,6,3,9,6,3,9
leaded,6,3,2,5,3,1,4
leaden,6,4,2,6,4,2,6
leader,6,5,2,7,5,1,6
leader's,8,6,2,8,7,0,7
leaders,7,5,3,8,5,3,8
leadership,10,8,0,8,7,0,7
leadership's,12,9,0,9,8,0,8
leading,7,7,1,8,7,1,8
leading's,9,9,1,10,8,2,10
leads,5,5,2,7,5,3,8
leaf,4,4,4,8,4,5,9
leaf's,6,6,4,10,6,4,10
leafed,6,5,1,6,5,1,6
leafier,7,6,3,9,6,3,9
leafiest,8,7,1,8,7,1,8
leafing,7,7,2,9,7,2,9
leafless,8,3,1,4,3,1,4
leaflet,7,2,3,5,2,4,6
leaflet's,9,4,1,5,2,3,5
leafleted,9,2,2,4,2,2,4
leafleting,10,2,2,4,2,2,4
leaflets,8,3,2,5,3,2,5
leafletted,10,2,2,4,2,2,4
leafletting,11,5,1,6,3,1,4
leafs,5,5,3,8,5,4,9
leafy,5,5,3,8,5,4,9
league,6,3,2,5,3,2,5
league's,8,5,2,7,5,3,8
leagued,7,4,3,7,4,2,6
leagues,7,4,2,6,4,3,7
leaguing,8,4,1,5,4,1,5
leak,4,4,5,9,4,6,10
leak's,6,6,5,11,6,5,11
leakage,7,3,3,6,2,3,5
leakage's,9,5,2,7,5,2,7
leakages,8,4,1,5,4,1,5
leaked,6,5,2,7,5,2,7
leakier,7,5,4,9,5,4,9
leakiest,8,6,2,8,6,2,8
leaking,7,7,3,10,7,3,10
leaks,5,5,4,9,5,5,10
leaky,5,4,4,8,4,5,9
lean,4,4,0,4,4,1,5
lean's,6,6,0,6,6,0,6
leaned,6,5,3,8,5,3,8
leaner,6,4,2,6,4,3,7
leanest,7,6,1,7,6,1,7
leaning,7,6,2,8,6,2,8
leaning's,9,8,0,8,8,1,9
leanings,8,7,2,9,7,2,9
leanness,8,5,0,5,5,0,5
leanness's,10,6,0,6,6,0,6
leans,5,5,5,10,5,6,11
leap,4,4,6,10,3,7,10
leap's,6,5,6,11,5,6,11
leaped,6,5,4,9,5,4,9
leapfrog,8,4,2,6,4,2,6
leapfrog's,10,6,0,6,6,0,6
leapfrogged,11,4,2,6,3,1,4
leapfrogging,12,3,1,4,3,1,4
leapfrogs,9,5,2,7,4,3,7
leaping,7,7,4,11,7,4,11
leaps,5,4,6,10,4,7,11
leapt,5,3,5,8,3,5,8
learn,5,4,3,7,4,3,7
learned,7,6,1,7,5,0,5
learner,7,3,3,6,3,3,6
learner's,9,4,0,4,3,0,3
learners,8,3,1,4,3,1,4
learning,8,7,1,8,7,1,8
learning's,10,9,1,10,9,1,10
learns,6,6,1,7,5,1,6
learnt,6,4,2,6,4,2,6
leas,4,3,7,10,4,9,13
lease,5,4,1,5,4,1,5
lease's,7,5,1,6,5,2,7
leased,6,5,5,10,5,5,10
leasehold,9,3,0,3,3,0,3
leasehold's,11,3,0,3,2,1,3
leaseholder,11,2,2,4,2,0,2
leaseholder's,13,2,0,2,2,0,2
leaseholders,12,3,0,3,2,1,3
leaseholds,10,4,0,4,3,0,3
leases,6,4,3,7,4,3,7
leash,5,2,4,6,2,4,6
leash's,7,5,2,7,4,3,7
leashed,7,4,0,4,5,2,7
leashes,7,3,1,4,3,1,4
leashing,8,7,0,7,7,0,7
leasing,7,7,1,8,7,1,8
least,5,5,2,7,5,2,7
least's,7,6,2,8,6,2,8
leastwise,9,2,0,2,2,0,2
leather,7,6,3,9,6,3,9
leather's,9,8,1,9,8,1,9
leatherneck,11,1,2,3,1,1,2
leatherneck's,13,3,0,3,2,0,2
leathernecks,12,3,0,3,3,0,3
leathers,8,7,2,9,7,3,10
leathery,8,4,1,5,4,1,5
leave,5,4,6,10,3,5,8
leave's,7,6,4,10,4,4,8
leaved,6,4,6,10,4,6,10
leaven,6,4,5,9,4,5,9
leaven's,8,5,2,7,5,2,7
leavened,8,3,2,5,3,2,5
leavening,9,6,2,8,6,2,8
leavening's,11,3,0,3,3,0,3
leavens,7,5,4,9,5,4,9
leaves,6,5,3,8,4,2,6
leaving,7,6,5,11,6,5,11
leavings,8,7,2,9,6,4,10
leavings's,10,6,1,7,6,0,6
lecher,6,4,3,7,3,4,7
lecher's,8,5,2,7,5,2,7
lecherous,9,5,2,7,4,2,6
lecherously,11,5,0,5,4,1,5
lechers,7,4,3,7,3,6,9
lechery,7,4,3,7,5,2,7
lechery's,9,5,2,7,7,0,7
lecithin,8,3,1,4,2,2,4
lecithin's,10,4,1,5,4,1,5
lectern,7,2,1,3,4,3,7
lectern's,9,4,0,4,6,1,7
lecterns,8,4,1,5,4,1,5
lecture,7,4,3,7,4,3,7
lecture's,9,6,2,8,6,2,8
lectured,8,6,2,8,6,2,8
lecturer,8,2,2,4,2,2,4
lecturer's,10,3,0,3,3,0,3
lecturers,9,3,1,4,3,0,3
lectures,8,5,2,7,5,2,7
lecturing,9,7,2,9,7,2,9
led,3,3,9,12,3,9,12
ledge,5,4,3,7,2,6,8
ledge's,7,6,2,8,6,2,8
ledger,6,3,1,4,3,1,4
ledger's,8,5,0,5,6,0,6
ledgers,7,4,1,5,4,1,5
ledges,6,5,2,7,5,1,6
lee,3,2,2,4,2,2,4
lee's,5,4,2,6,4,2,6
leech,5,3,3,6,3,3,6
leech's,7,5,1,6,5,2,7
leeched,7,2,3,5,2,3,5
leeches,7,4,1,5,4,2,6
leeching,8,4,2,6,2,3,5
leek,4,3,6,9,3,5,8
leek's,6,5,4,9,5,4,9
leeks,5,4,3,7,4,3,7
leer,4,3,5,8,3,5,8
leer's,6,5,4,9,5,4,9
leered,6,4,1,5,4,2,6
leerier,7,2,1,3,2,0,2
leeriest,8,5,3,8,5,3,8
leering,7,6,3,9,6,3,9
leers,5,3,4,7,3,4,7
leery,5,3,4,7,3,4,7
lees,4,3,6,9,3,5,8
leeward,7,2,2,4,2,2,4
leeward's,9,4,1,5,4,1,5
leewards,8,4,2,6,3,2,5
leeway,6,3,2,5,3,2,5
leeway's,8,5,0,5,4,1,5
left,4,4,2,6,4,2,6
left's,6,5,3,8,5,3,8
lefter,6,4,4,8,4,4,8
leftest,7,4,1,5,4,1,5
leftie,6,3,2,5,3,3,6
leftie's,8,5,2,7,5,1,6
lefties,7,4,2,6,4,3,7
leftism,7,4,1,5,5,0,5
leftism's,9,6,0,6,3,0,3
leftist,7,4,2,6,5,0,5
leftist's,9,5,1,6,5,1,6
leftists,8,4,2,6,4,2,6
leftmost,8,4,1,5,3,1,4
leftover,8,4,2,6,3,3,6
leftover's,10,5,1,6,4,1,5
leftovers,9,3,3,6,3,2,5
lefts,5,3,5,8,3,5,8
leftwards,9,5,4,9,5,4,9
lefty,5,4,6,10,3,5,8
lefty's,7,5,3,8,5,3,8
leg,3,2,10,12,2,10,12
leg's,5,4,6,10,5,6,11
legacies,8,4,1,5,4,1,5
legacy,6,4,4,8,3,4,7
legacy's,8,4,3,7,4,3,7
legal,5,3,1,4,2,2,4
legal's,7,5,0,5,4,1,5
legalese,8,2,1,3,3,0,3
legalese's,10,3,2,5,4,0,4
legalism,8,4,1,5,5,1,6
legalism's,10,7,1,8,4,2,6
legalisms,9,2,2,4,2,2,4
legalistic,10,5,2,7,6,0,6
legality,8,6,2,8,4,3,7
legality's,10,8,0,8,6,0,6
legalization,12,7,1,8,6,1,7
legalization's,14,7,0,7,7,0,7
legalize,8,5,2,7,4,2,6
legalized,9,6,2,8,4,2,6
legalizes,9,5,2,7,4,0,4
legalizing,10,4,1,5,4,1,5
legally,7,3,2,5,2,3,5
legals,6,4,1,5,3,3,6
legate,6,5,3,8,3,1,4
legate's,8,5,3,8,5,2,7
legatee,7,2,2,4,2,2,4
legatee's,9,4,1,5,4,2,6
legatees,8,3,1,4,3,2,5
legates,7,4,1,5,4,2,6
legation,8,7,1,8,7,1,8
legation's,10,9,0,9,9,0,9
legations,9,8,1,9,8,1,9
legato,6,4,3,7,4,3,7
legato's,8,6,2,8,6,2,8
legatos,7,3,4,7,3,4,7
legend,6,3,2,5,3,3,6
legend's,8,5,1,6,5,1,6
legendary,9,2,1,3,2,1,3
legends,7,3,3,6,3,3,6
legerdemain,11,2,1,3,2,1,3
legerdemain's,13,2,1,3,2,0,2
legged,6,4,2,6,4,2,6
leggier,7,4,4,8,3,5,8
leggiest,8,5,2,7,4,3,7
leggin,6,4,3,7,4,3,7
leggin's,8,6,2,8,6,1,7
legging,7,5,2,7,5,2,7
legging's,9,6,1,7,6,1,7
leggings,8,5,2,7,5,2,7
leggins,7,3,4,7,3,4,7
leggy,5,3,6,9,3,4,7
legibility,10,4,2,6,2,2,4
legibility's,12,6,2,8,3,1,4
legible,7,2,3,5,2,3,5
legibly,7,3,1,4,2,4,6
legion,6,4,3,7,4,3,7
legion's,8,6,2,8,6,1,7
legionnaire,11,2,1,3,2,1,3
legionnaire's,13,3,1,4,3,0,3
legionnaires,12,4,0,4,3,0,3
legions,7,5,3,8,5,3,8
legislate,9,4,0,4,4,0,4
legislated,10,4,0,4,4,0,4
legislates,10,4,0,4,3,0,3
legislating,11,4,0,4,6,0,6
legislation,11,4,0,4,6,0,6
legislation's,13,4,0,4,3,0,3
legislative,11,6,0,6,3,0,3
legislator,10,3,0,3,4,0,4
legislator's,12,5,0,5,3,0,3
legislators,11,5,0,5,3,0,3
legislature,11,6,0,6,3,0,3
legislature's,13,4,0,4,3,0,3
legislatures,12,3,0,3,3,0,3
legit,5,3,4,7,3,4,7
legitimacy,10,2,1,3,2,1,3
legitimacy's,12,4,0,4,3,0,3
legitimate,10,3,1,4,3,1,4
legitimated,11,3,1,4,3,2,5
legitimately,12,2,1,3,2,1,3
legitimates,11,4,0,4,4,0,4
legitimating,12,2,1,3,3,1,4
legitimize,10,3,2,5,3,2,5
legitimized,11,2,1,3,3,2,5
legitimizes,11,3,0,3,3,0,3
legitimizing,12,4,1,5,2,1,3
legless,7,2,2,4,2,2,4
legman,6,5,3,8,5,3,8
legman's,8,7,2,9,7,0,7
legmen,6,4,4,8,4,4,8
legroom,7,4,4,8,5,3,8
legroom's,9,6,3,9,7,1,8
legrooms,8,6,2,8,6,2,8
legs,4,4,4,8,4,3,7
legume,6,3,4,7,2,3,5
legume's,8,4,3,7,4,3,7
legumes,7,3,3,6,3,4,7
leguminous,10,5,2,7,5,1,6
legwork,7,6,3,9,4,2,6
legwork's,9,8,2,10,6,1,7
lei,3,2,12,14,2,12,14
lei's,5,4,7,11,5,7,12
leis,4,3,10,13,3,10,13
leisure,7,3,0,3,5,2,7
leisure's,9,6,1,7,6,1,7
leisurely,9,2,1,3,3,0,3
leitmotif,9,2,1,3,2,1,3
leitmotif's,11,3,0,3,3,0,3
leitmotifs,10,3,1,4,3,1,4
lemma,5,3,3,6,4,2,6
lemmas,6,4,1,5,4,3,7
lemme,5,1,8,9,3,2,5
lemming,7,6,2,8,6,2,8
lemming's,9,7,2,9,7,2,9
lemmings,8,6,3,9,6,3,9
lemon,5,4,6,10,3,3,6
lemon's,7,6,3,9,5,1,6
lemonade,8,3,3,6,3,3,6
lemonade's,10,5,0,5,5,0,5
lemons,6,5,4,9,5,3,8
lemony,6,4,4,8,4,4,8
lemur,5,4,4,8,4,3,7
lemur's,7,6,3,9,6,2,8
lemurs,6,5,6,11,5,3,8
lend,4,4,5,9,4,5,9
lender,6,5,4,9,5,3,8
lender's,8,7,3,10,6,1,7
lenders,7,6,3,9,6,3,9
lending,7,6,3,9,6,3,9
lends,5,5,4,9,4,3,7
length,6,3,2,5,3,2,5
length's,8,6,2,8,6,2,8
lengthen,8,3,3,6,3,3,6
lengthened,10,2,2,4,3,1,4
lengthening,11,2,1,3,2,1,3
lengthens,9,3,2,5,4,1,5
lengthier,9,6,2,8,4,2,6
lengthiest,10,6,0,6,6,0,6
lengthily,9,5,1,6,4,1,5
lengths,7,3,4,7,3,4,7
lengthways,10,4,1,5,4,1,5
lengthwise,10,4,0,4,4,0,4
lengthy,7,1,5,6,3,1,4
leniency,8,3,2,5,3,2,5
leniency's,10,7,0,7,4,1,5
lenient,7,4,3,7,4,3,7
leniently,9,4,1,5,3,1,4
lens,4,4,6,10,4,5,9
lens's,6,4,1,5,4,1,5
lenses,6,4,3,7,4,3,7
lent,4,4,3,7,4,3,7
lentil,6,3,2,5,3,2,5
lentil's,8,6,1,7,6,1,7
lentils,7,4,3,7,5,2,7
leonine,7,3,3,6,3,2,5
leopard,7,7,3,10,7,2,9
leopard's,9,6,1,7,9,1,10
leopards,8,8,1,9,8,1,9
leotard,7,6,4,10,6,3,9
leotard's,9,5,2,7,8,2,10
leotards,8,7,2,9,7,2,9
leper,5,4,4,8,4,4,8
leper's,7,6,1,7,6,1,7
lepers,6,5,2,7,5,2,7
leprechaun,10,3,2,5,3,1,4
leprechaun's,12,5,1,6,3,1,4
leprechauns,11,4,1,5,4,0,4
leprosy,7,2,2,4,2,2,4
leprosy's,9,4,1,5,3,1,4
leprous,7,5,2,7,5,2,7
lept,4,3,4,7,3,4,7
lesbian,7,4,1,5,2,3,5
lesbian's,9,5,2,7,3,2,5
lesbianism,10,1,1,2,1,1,2
lesbianism's,12,1,1,2,3,0,3
lesbians,8,4,1,5,4,1,5
lesion,6,4,2,6,4,2,6
lesion's,8,5,2,7,5,2,7
lesions,7,4,3,7,4,3,7
less,4,3,5,8,3,4,7
less's,6,4,4,8,4,4,8
lessee,6,2,1,3,2,1,3
lessee's,8,2,0,2,2,0,2
lessees,7,2,0,2,2,0,2
lessen,6,3,2,5,3,2,5
lessened,8,2,1,3,2,1,3
lessening,9,3,0,3,2,0,2
lessens,7,3,1,4,3,1,4
lesser,6,3,4,7,4,2,6
lesson,6,4,1,5,4,1,5
lesson's,8,5,1,6,5,1,6
lessons,7,5,0,5,5,0,5
lessor,6,2,1,3,2,1,3
lessor's,8,3,1,4,2,2,4
lessors,7,4,1,5,4,1,5
lest,4,4,6,10,4,5,9
let,3,3,8,11,3,6,9
let's,5,5,6,11,4,8,12
letdown,7,3,4,7,4,3,7
letdown's,9,5,3,8,6,1,7
letdowns,8,4,2,6,4,3,7
lethal,6,2,3,5,2,3,5
lethally,8,4,3,7,2,4,6
lethargic,9,4,1,5,3,1,4
lethargically,13,4,1,5,3,1,4
lethargy,8,4,3,7,4,3,7
lethargy's,10,6,1,7,4,1,5
lets,4,4,8,12,4,8,12
letter,6,4,2,6,4,3,7
letter's,8,5,3,8,6,1,7
letterbox,9,3,2,5,3,2,5
lettered,8,4,3,7,4,3,7
letterhead,10,3,1,4,2,1,3
letterhead's,12,5,0,5,3,0,3
letterheads,11,3,0,3,3,0,3
lettering,9,6,4,10,6,4,10
lettering's,11,8,1,9,8,1,9
letters,7,4,2,6,4,2,6
letting,7,6,3,9,6,3,9
lettuce,7,2,4,6,2,2,4
lettuce's,9,4,3,7,4,3,7
lettuces,8,3,2,5,3,2,5
letup,5,4,9,13,3,5,8
letup's,7,5,3,8,5,3,8
letups,6,3,6,9,3,4,7
leukemia,8,3,2,5,2,3,5
leukemia's,10,3,3,6,3,2,5
leukocyte,9,3,3,6,1,4,5
leukocyte's,11,5,2,7,4,3,7
leukocytes,10,4,3,7,4,2,6
levee,5,1,3,4,1,3,4
levee's,7,3,2,5,3,2,5
levees,6,2,1,3,2,1,3
level,5,2,3,5,2,3,5
level's,7,4,1,5,4,1,5
leveled,7,3,2,5,2,1,3
leveler,7,2,2,4,3,0,3
leveler's,9,5,0,5,5,0,5
levelers,8,3,0,3,3,0,3
levelheaded,11,1,2,3,1,1,2
levelheadedness,15,3,0,3,2,0,2
levelheadedness's,17,4,1,5,2,1,3
leveling,8,5,2,7,4,2,6
levelled,8,3,2,5,3,2,5
leveller's,10,5,1,6,5,0,5
levellers,9,4,1,5,4,0,4
levelling,9,5,3,8,5,2,7
levelness,9,2,0,2,2,0,2
levelness's,11,2,0,2,2,0,2
levels,6,3,2,5,3,2,5
lever,5,3,5,8,3,5,8
lever's,7,5,2,7,5,2,7
leverage,8,5,2,7,5,3,8
leverage's,10,7,1,8,7,1,8
leveraged,9,3,2,5,3,2,5
leverages,9,6,1,7,6,1,7
leveraging,10,3,1,4,3,1,4
levered,7,4,2,6,5,1,6
levering,8,3,3,6,3,3,6
levers,6,4,3,7,4,3,7
leviathan,9,3,1,4,3,1,4
leviathan's,11,4,0,4,4,0,4
leviathans,10,4,1,5,4,0,4
levied,6,3,3,6,3,3,6
levies,6,4,3,7,4,2,6
levitate,8,5,1,6,5,1,6
levitated,9,4,2,6,4,2,6
levitates,9,6,0,6,6,0,6
levitating,10,7,1,8,7,1,8
levitation,10,7,1,8,7,1,8
levitation's,12,9,0,9,9,0,9
levity,6,3,4,7,3,4,7
levity's,8,5,3,8,5,3,8
levy,4,4,4,8,4,4,8
levy's,6,6,2,8,6,2,8
levying,7,5,4,9,5,4,9
lewd,4,3,6,9,3,6,9
lewder,6,4,3,7,4,2,6
lewdest,7,4,1,5,4,0,4
lewdly,6,2,3,5,2,3,5
lewdness,8,4,0,4,4,0,4
lewdness's,10,5,0,5,5,0,5
lexica,6,4,4,8,3,4,7
lexical,7,3,1,4,2,3,5
lexicographer,13,2,1,3,2,1,3
lexicographer's,15,2,1,3,3,0,3
lexicographers,14,3,1,4,3,0,3
lexicography,12,4,1,5,3,1,4
lexicography's,14,4,1,5,3,0,3
lexicon,7,3,1,4,4,2,6
lexicon's,9,6,1,7,6,1,7
lexicons,8,5,3,8,5,3,8
liabilities,11,3,0,3,3,0,3
liability,9,4,3,7,2,3,5
liability's,11,4,2,6,4,1,5
liable,6,3,1,4,3,1,4
liaise,6,3,2,5,3,1,4
liaised,7,4,1,5,4,1,5
liaises,7,4,2,6,3,1,4
liaising,8,3,1,4,3,1,4
liaison,7,3,1,4,3,1,4
liaison's,9,2,1,3,3,1,4
liaisons,8,3,2,5,3,2,5
liar,4,3,2,5,3,2,5
liar's,6,5,1,6,5,1,6
liars,5,4,3,7,4,3,7
lib,3,3,10,13,3,8,11
lib's,5,5,9,14,5,7,12
libation,8,6,2,8,5,2,7
libation's,10,8,1,9,8,1,9
libations,9,6,3,9,6,2,8
libel,5,2,4,6,2,4,6
libel's,7,5,2,7,4,2,6
libeled,7,4,5,9,4,2,6
libeler,7,3,4,7,3,3,6
libeler's,9,5,0,5,5,0,5
libelers,8,4,2,6,4,0,4
libeling,8,4,2,6,4,2,6
libelled,8,4,3,7,4,3,7
libeller,8,3,3,6,3,2,5
libeller's,10,4,2,6,5,0,5
libellers,9,3,3,6,3,1,4
libelling,9,4,2,6,4,2,6
libellous,9,4,2,6,5,1,6
libelous,8,5,2,7,5,1,6
libels,6,4,3,7,3,3,6
liberal,7,6,2,8,6,1,7
liberal's,9,8,0,8,8,0,8
liberalism,10,4,1,5,3,1,4
liberalism's,12,4,0,4,2,1,3
liberality,10,4,1,5,4,1,5
liberality's,12,5,0,5,5,0,5
liberalization,14,1,1,2,1,1,2
liberalization's,16,6,0,6,2,0,2
liberalizations,15,4,0,4,2,0,2
liberalize,10,3,1,4,3,1,4
liberalized,11,2,1,3,4,1,5
liberalizes,11,2,2,4,3,0,3
liberalizing,12,1,1,2,1,1,2
liberally,9,7,2,9,7,2,9
liberals,8,7,1,8,7,0,7
liberate,8,5,1,6,5,1,6
liberated,9,6,1,7,6,1,7
liberates,9,6,0,6,5,0,5
liberating,10,5,1,6,8,1,9
liberation,10,5,1,6,8,1,9
liberation's,12,5,0,5,5,0,5
liberator,9,3,2,5,3,2,5
liberator's,11,5,1,6,5,0,5
liberators,10,5,2,7,7,0,7
libertarian,11,3,1,4,3,1,4
libertarian's,13,4,0,4,4,0,4
libertarians,12,4,0,4,4,0,4
liberties,9,4,0,4,3,1,4
libertine,9,3,1,4,3,1,4
libertine's,11,6,0,6,6,0,6
libertines,10,5,0,5,4,0,4
liberty,7,2,4,6,5,3,8
liberty's,9,8,2,10,3,3,6
libidinous,10,5,2,7,4,2,6
libido,6,2,4,6,2,4,6
libido's,8,3,2,5,3,2,5
libidos,7,3,3,6,3,2,5
librarian,9,4,2,6,4,2,6
librarian's,11,4,1,5,4,1,5
librarians,10,3,1,4,3,1,4
libraries,9,4,0,4,4,0,4
library,7,3,2,5,2,2,4
library's,9,4,1,5,4,2,6
libretti,8,4,1,5,3,2,5
librettist,10,2,0,2,2,0,2
librettist's,12,4,0,4,3,0,3
librettists,11,3,0,3,2,1,3
libretto,8,4,1,5,3,2,5
libretto's,10,5,1,6,4,1,5
librettos,9,4,1,5,4,2,6
lice,4,4,4,8,4,4,8
licence,7,3,1,4,3,0,3
licence's,9,3,3,6,5,1,6
licenced,8,4,2,6,4,2,6
licences,8,5,0,5,5,0,5
licencing,9,3,1,4,3,1,4
license,7,3,1,4,4,1,5
license's,9,4,0,4,4,1,5
licensed,8,5,1,6,4,1,5
licensee,8,2,0,2,2,0,2
licensee's,10,2,0,2,2,0,2
licensees,9,2,1,3,2,0,2
licenses,8,4,1,5,4,1,5
licensing,9,3,1,4,4,0,4
licentiate,10,3,1,4,3,1,4
licentiate's,12,3,0,3,3,0,3
licentiates,11,4,0,4,3,0,3
licentious,10,4,2,6,5,1,6
licentiously,12,5,0,5,4,0,4
licentiousness,14,2,0,2,3,0,3
licentiousness's,16,2,0,2,3,0,3
lichee,6,5,2,7,5,2,7
lichee's,8,7,2,9,7,2,9
lichees,7,2,2,4,2,2,4
lichen,6,5,3,8,5,3,8
lichen's,8,7,1,8,7,1,8
lichens,7,5,5,10,5,5,10
licit,5,4,4,8,4,4,8
lick,4,3,7,10,3,7,10
lick's,6,5,6,11,5,6,11
licked,6,4,6,10,4,6,10
licking,7,5,2,7,5,3,8
licking's,9,6,3,9,5,3,8
lickings,8,5,3,8,4,3,7
licks,5,4,6,10,4,6,10
licorice,8,3,3,6,3,3,6
licorice's,10,5,2,7,5,1,6
licorices,9,4,2,6,5,1,6
lid,3,3,9,12,3,9,12
lid's,5,4,11,15,4,11,15
lidded,6,3,4,7,3,4,7
lids,4,4,7,11,4,7,11
lie,3,3,2,5,3,2,5
lie's,5,5,2,7,5,2,7
lied,4,4,3,7,4,3,7
lief,4,4,4,8,4,3,7
liefer,6,3,3,6,3,3,6
liefest,7,4,1,5,4,1,5
liege,5,3,2,5,3,2,5
liege's,7,5,1,6,5,1,6
lieges,6,4,1,5,4,1,5
lien,4,4,5,9,4,4,8
lien's,6,6,1,7,6,1,7
liens,5,3,3,6,3,3,6
lies,4,4,4,8,4,3,7
lieu,4,3,6,9,3,5,8
lieu's,6,5,2,7,5,2,7
lieutenancy,11,3,1,4,2,2,4
lieutenancy's,13,3,0,3,2,1,3
lieutenant,10,3,1,4,3,1,4
lieutenant's,12,3,0,3,3,0,3
lieutenants,11,3,0,3,3,0,3
life,4,4,5,9,4,5,9
life's,6,6,6,12,5,6,11
lifeblood,9,3,4,7,2,2,4
lifeblood's,11,4,2,6,3,2,5
lifeboat,8,2,3,5,2,3,5
lifeboat's,10,5,1,6,4,1,5
lifeboats,9,5,1,6,5,1,6
lifeforms,9,7,1,8,6,1,7
lifeguard,9,2,3,5,3,2,5
lifeguard's,11,4,1,5,3,1,4
lifeguards,10,4,1,5,5,0,5
lifeless,8,4,1,5,4,1,5
lifelike,8,5,2,7,5,2,7
lifeline,8,4,3,7,4,3,7
lifeline's,10,4,1,5,4,1,5
lifelines,9,3,0,3,4,0,4
lifelong,8,7,1,8,7,1,8
lifer,5,5,4,9,5,4,9
lifer's,7,6,5,11,6,5,11
lifers,6,6,3,9,6,3,9
lifesaver,9,3,0,3,3,0,3
lifesaver's,11,3,0,3,3,0,3
lifesavers,10,3,0,3,3,0,3
lifesaving,10,3,0,3,3,0,3
lifesaving's,12,3,0,3,2,1,3
lifespan,8,4,1,5,4,1,5
lifespans,9,3,0,3,4,0,4
lifestyle,9,4,1,5,5,0,5
lifestyle's,11,4,1,5,5,0,5
lifestyles,10,3,1,4,4,0,4
lifetime,8,3,2,5,3,2,5
lifetime's,10,5,0,5,4,1,5
lifetimes,9,4,0,4,4,0,4
lifework,8,3,4,7,5,3,8
lifework's,10,5,2,7,4,2,6
lifeworks,9,7,1,8,6,1,7
lift,4,2,8,10,2,8,10
lift's,6,4,7,11,4,7,11
lifted,6,6,4,10,6,4,10
lifting,7,5,3,8,5,4,9
liftoff,7,3,3,6,3,3,6
liftoff's,9,5,2,7,5,2,7
liftoffs,8,4,4,8,3,4,7
lifts,5,3,7,10,3,7,10
ligament,8,5,1,6,5,1,6
ligament's,10,5,0,5,5,0,5
ligaments,9,8,2,10,7,2,9
ligature,8,5,2,7,4,1,5
ligature's,10,6,0,6,5,0,5
ligatured,9,4,1,5,4,1,5
ligatures,9,5,0,5,5,0,5
ligaturing,10,3,2,5,2,2,4
light,5,5,7,12,5,7,12
light's,7,7,6,13,7,6,13
lighted,7,4,2,6,4,2,6
lighten,7,3,3,6,3,3,6
lightened,9,5,2,7,4,2,6
lightening,10,4,1,5,5,1,6
lightens,8,4,2,6,4,2,6
lighter,7,4,1,5,4,1,5
lighter's,9,5,2,7,5,2,7
lighters,8,4,2,6,4,1,5
lightest,8,7,0,7,7,0,7
lightheaded,11,3,1,4,2,2,4
lighthearted,12,2,1,3,2,1,3
lightheartedly,14,2,1,3,2,1,3
lightheartedness,16,1,0,1,1,0,1
lightheartedness's,18,1,0,1,1,0,1
lighthouse,10,4,0,4,4,0,4
lighthouse's,12,5,0,5,4,0,4
lighthouses,11,4,0,4,4,0,4
lighting,8,6,3,9,6,3,9
lighting's,10,7,4,11,7,4,11
lightly,7,2,4,6,2,4,6
lightness,9,8,0,8,8,0,8
lightness's,11,9,0,9,9,0,9
lightning,9,2,2,4,2,2,4
lightning's,11,3,3,6,3,3,6
lightninged,11,2,1,3,2,3,5
lightnings,10,3,3,6,3,3,6
lights,6,6,6,12,6,6,12
lightweight,11,2,1,3,1,3,4
lightweight's,13,3,0,3,2,2,4
lightweights,12,4,1,5,3,1,4
lignite,7,3,2,5,3,2,5
lignite's,9,5,1,6,5,1,6
likable,7,6,1,7,6,0,6
likableness,11,4,0,4,3,0,3
likableness's,13,4,0,4,3,0,3
like,4,4,6,10,4,6,10
like's,6,5,10,15,6,9,15
likeable,8,6,1,7,6,1,7
likeableness,12,2,0,2,2,0,2
likeableness's,14,2,0,2,2,0,2
liked,5,5,3,8,5,3,8
likelier,8,5,3,8,5,2,7
likeliest,9,6,0,6,6,0,6
likelihood,10,7,3,10,7,2,9
likelihood's,12,9,1,10,9,1,10
likelihoods,11,8,1,9,8,2,10
likely,6,5,3,8,5,2,7
liken,5,5,3,8,5,3,8
likened,7,6,2,8,6,1,7
likeness,8,5,2,7,5,2,7
likeness's,10,6,2,8,6,2,8
likenesses,10,4,0,4,3,0,3
likening,8,6,1,7,6,1,7
likens,6,6,2,8,6,2,8
liker,5,5,5,10,5,5,10
likes,5,5,1,6,5,1,6
likest,6,6,1,7,6,1,7
likewise,8,3,0,3,3,0,3
liking,6,5,3,8,5,3,8
liking's,8,7,3,10,7,3,10
lilac,5,3,3,6,3,3,6
lilac's,7,5,2,7,5,2,7
lilacs,6,4,3,7,4,3,7
lilies,6,3,5,8,4,3,7
lilt,4,2,5,7,2,5,7
lilt's,6,4,4,8,4,4,8
lilted,6,4,4,8,4,4,8
lilting,7,4,2,6,4,3,7
lilts,5,3,4,7,3,4,7
lily,4,3,4,7,3,4,7
lily's,6,5,3,8,5,3,8
limb,4,4,5,9,4,5,9
limb's,6,6,4,10,6,4,10
limber,6,6,2,8,6,2,8
limbered,8,5,4,9,7,2,9
limbering,9,5,5,10,6,3,9
limbers,7,5,6,11,5,5,10
limbless,8,4,1,5,4,1,5
limbo,5,3,4,7,3,3,6
limbo's,7,5,3,8,5,3,8
limbos,6,5,4,9,4,4,8
limbs,5,5,5,10,5,5,10
lime,4,4,7,11,4,7,11
lime's,6,5,7,12,6,4,10
limeade,7,3,2,5,4,2,6
limeade's,9,7,0,7,3,2,5
limeades,8,4,1,5,6,1,7
limed,5,5,4,9,5,4,9
limelight,9,5,5,10,2,2,4
limelight's,11,4,2,6,4,3,7
limerick,8,4,2,6,3,4,7
limerick's,10,5,2,7,4,3,7
limericks,9,4,3,7,3,3,6
limes,5,5,2,7,5,2,7
limestone,9,7,0,7,5,0,5
limestone's,11,8,0,8,6,0,6
limier,6,4,0,4,4,0,4
limiest,7,5,0,5,5,0,5
liming,6,5,4,9,5,4,9
limit,5,3,5,8,3,5,8
limit's,7,5,3,8,4,6,10
limitation,10,4,2,6,3,2,5
limitation's,12,6,1,7,3,1,4
limitations,11,5,1,6,3,1,4
limited,7,3,4,7,4,3,7
limiting,8,3,2,5,3,2,5
limitings,9,2,3,5,2,3,5
limitless,9,3,1,4,3,1,4
limits,6,4,5,9,3,4,7
limn,4,3,4,7,3,4,7
limned,6,5,3,8,5,3,8
limning,7,4,2,6,3,3,6
limns,5,4,4,8,4,4,8
limo,4,3,3,6,3,4,7
limo's,6,5,4,9,5,4,9
limos,5,4,2,6,4,2,6
limousine,9,3,0,3,3,0,3
limousine's,11,3,0,3,3,0,3
limousines,10,3,0,3,3,0,3
limp,4,4,6,10,4,6,10
limp's,6,5,5,10,5,5,10
limped,6,6,5,11,6,5,11
limper,6,5,3,8,5,3,8
limpest,7,5,0,5,5,0,5
limpet,6,2,5,7,2,5,7
limpet's,8,4,3,7,4,3,7
limpets,7,6,3,9,5,3,8
limpid,6,4,5,9,2,4,6
limpidity,9,6,3,9,6,3,9
limpidity's,11,8,3,11,8,3,11
limpidly,8,2,3,5,2,2,4
limping,7,4,4,8,4,5,9
limply,6,3,4,7,2,3,5
limpness,8,5,1,6,5,1,6
limpness's,10,6,1,7,6,1,7
limps,5,4,6,10,4,6,10
limy,4,3,7,10,3,7,10
linage,6,3,0,3,3,0,3
linage's,8,5,0,5,5,1,6
linchpin,8,2,3,5,2,2,4
linchpin's,10,3,3,6,3,3,6
linchpins,9,2,3,5,2,3,5
linden,6,3,2,5,3,2,5
linden's,8,5,1,6,5,1,6
lindens,7,3,3,6,3,3,6
line,4,4,5,9,4,5,9
line's,6,6,4,10,6,3,9
lineage,7,3,1,4,3,1,4
lineage's,9,6,1,7,4,1,5
lineages,8,5,0,5,5,2,7
lineal,6,3,3,6,3,2,5
lineally,8,6,1,7,4,1,5
lineament,9,2,1,3,2,1,3
lineament's,11,3,0,3,3,0,3
lineaments,10,3,1,4,3,1,4
linear,6,3,1,4,3,2,5
linearly,8,6,1,7,4,1,5
linebacker,10,5,1,6,4,1,5
linebacker's,12,7,0,7,5,0,5
linebackers,11,6,1,7,5,0,5
lined,5,5,5,10,5,5,10
linefeed,8,1,2,3,2,1,3
lineman,7,3,1,4,3,1,4
lineman's,9,4,1,5,4,0,4
linemen,7,2,3,5,2,2,4
linen,5,3,3,6,3,3,6
linen's,7,4,3,7,5,2,7
linens,6,4,2,6,4,2,6
linens's,8,4,1,5,4,1,5
liner,5,5,6,11,5,6,11
liner's,7,7,4,11,7,5,12
liners,6,6,4,10,6,4,10
lines,5,5,3,8,5,3,8
linesman,8,4,1,5,4,1,5
linesman's,10,4,1,5,4,1,5
linesmen,8,2,1,3,2,1,3
lineup,6,3,3,6,4,3,7
lineup's,8,5,3,8,5,3,8
lineups,7,5,4,9,4,2,6
linger,6,6,2,8,6,3,9
lingered,8,6,4,10,6,5,11
lingerer,8,4,2,6,4,3,7
lingerer's,10,6,1,7,6,1,7
lingerers,9,5,1,6,5,1,6
lingerie,8,3,1,4,3,1,4
lingerie's,10,4,1,5,4,1,5
lingering,9,5,2,7,5,2,7
lingeringly,11,2,1,3,3,1,4
lingerings,10,6,1,7,6,3,9
lingers,7,7,5,12,7,5,12
lingo,5,4,6,10,4,6,10
lingo's,7,6,5,11,6,5,11
lingoes,7,5,0,5,5,0,5
lingos,6,4,4,8,4,4,8
lingual,7,3,2,5,3,3,6
linguist,8,5,3,8,5,2,7
linguist's,10,6,2,8,6,2,8
linguistic,10,6,1,7,6,2,8
linguistics,11,2,1,3,1,3,4
linguistics's,13,2,0,2,2,0,2
linguists,9,5,3,8,5,2,7
liniment,8,5,1,6,3,2,5
liniment's,10,5,2,7,6,1,7
liniments,9,6,1,7,5,1,6
lining,6,4,5,9,4,5,9
lining's,8,6,3,9,6,3,9
linings,7,3,4,7,3,3,6
link,4,4,5,9,4,5,9
link's,6,6,4,10,6,4,10
linkage,7,4,2,6,4,2,6
linkage's,9,7,1,8,6,1,7
linkages,8,5,1,6,5,1,6
linked,6,6,5,11,6,5,11
linker,6,6,2,8,6,3,9
linking,7,5,3,8,5,4,9
links,5,4,5,9,4,5,9
linkup,6,3,5,8,3,3,6
linkup's,8,7,3,10,7,4,11
linkups,7,6,4,10,6,5,11
linnet,6,3,3,6,3,3,6
linnet's,8,5,1,6,5,1,6
linnets,7,5,4,9,5,2,7
linoleum,8,2,2,4,3,2,5
linoleum's,10,4,2,6,5,1,6
linseed,7,4,0,4,3,1,4
linseed's,9,5,0,5,4,1,5
lint,4,3,6,9,3,6,9
lint's,6,5,5,10,5,5,10
lintel,6,3,3,6,4,3,7
lintel's,8,5,1,6,6,1,7
lintels,7,5,2,7,4,2,6
lion,4,3,3,6,3,4,7
lion's,6,5,3,8,5,4,9
lioness,7,4,4,8,4,4,8
lioness's,9,5,4,9,5,4,9
lionesses,9,5,1,6,5,1,6
lionhearted,11,4,1,5,3,1,4
lionize,7,3,4,7,2,4,6
lionized,8,4,3,7,4,2,6
lionizes,8,4,0,4,4,0,4
lionizing,9,2,2,4,2,2,4
lions,5,4,3,7,4,3,7
lip,3,3,7,10,3,7,10
lip's,5,5,9,14,5,7,12
lipid,5,4,5,9,4,5,9
lipid's,7,4,4,8,4,5,9
lipids,6,3,6,9,3,5,8
liposuction,11,3,1,4,3,1,4
liposuction's,13,4,0,4,3,1,4
lipread,7,3,2,5,4,1,5
lipreading,10,6,1,7,6,1,7
lipreading's,12,5,0,5,4,0,4
lipreads,8,4,3,7,4,3,7
lips,4,4,5,9,4,5,9
lipstick,8,6,2,8,6,2,8
lipstick's,10,7,3,10,7,2,9
lipsticked,10,4,1,5,4,1,5
lipsticking,11,3,0,3,2,2,4
lipsticks,9,6,3,9,6,2,8
liquefaction,12,5,1,6,3,1,4
liquefaction's,14,4,0,4,4,0,4
liquefied,9,3,3,6,3,3,6
liquefies,9,3,1,4,3,1,4
liquefy,7,3,5,8,3,5,8
liquefying,10,5,2,7,5,2,7
liqueur,7,2,2,4,3,1,4
liqueur's,9,4,1,5,5,0,5
liqueurs,8,3,4,7,3,4,7
liquid,6,3,6,9,1,7,8
liquid's,8,4,5,9,4,5,9
liquidate,9,5,1,6,5,1,6
liquidated,10,3,1,4,3,1,4
liquidates,10,6,0,6,4,0,4
liquidating,11,2,1,3,2,2,4
liquidation,11,3,1,4,3,2,5
liquidation's,13,6,0,6,3,1,4
liquidations,12,6,1,7,3,1,4
liquidator,10,3,3,6,2,3,5
liquidator's,12,8,1,9,4,2,6
liquidators,11,7,2,9,5,1,6
liquidity,9,5,4,9,5,4,9
liquidity's,11,7,4,11,7,4,11
liquidize,9,4,2,6,4,2,6
liquidized,10,3,1,4,3,3,6
liquidizes,10,5,1,6,5,0,5
liquidizing,11,5,1,6,5,2,7
liquids,7,3,6,9,3,6,9
liquified,9,3,2,5,3,1,4
liquifies,9,3,1,4,3,1,4
liquify,7,3,3,6,3,4,7
liquifying,10,5,2,7,3,2,5
liquor,6,3,4,7,2,4,6
liquor's,8,5,3,8,5,4,9
liquored,8,5,3,8,5,2,7
liquoring,9,5,3,8,4,3,7
liquors,7,5,4,9,4,4,8
lira,4,3,6,9,3,6,9
lira's,6,5,5,10,5,5,10
liras,5,3,5,8,3,5,8
lire,4,4,5,9,4,5,9
lisle,5,3,1,4,2,2,4
lisle's,7,3,2,5,3,2,5
lisp,4,4,6,10,4,6,10
lisp's,6,5,5,10,5,5,10
lisped,6,5,6,11,5,6,11
lisping,7,6,1,7,6,2,8
lisps,5,4,5,9,4,5,9
lissom,6,2,2,4,2,2,4
lissome,7,3,1,4,3,2,5
list,4,4,5,9,4,5,9
list's,6,5,7,12,5,7,12
listed,6,5,5,10,5,5,10
listen,6,4,3,7,4,3,7
listen's,8,5,2,7,5,2,7
listened,8,5,1,6,5,2,7
listener,8,5,2,7,5,1,6
listener's,10,6,1,7,6,1,7
listeners,9,3,0,3,3,0,3
listening,9,3,0,3,5,0,5
listens,7,4,2,6,4,2,6
listing,7,5,2,7,5,3,8
listing's,9,4,2,6,4,1,5
listings,8,4,1,5,4,2,6
listless,8,4,2,6,4,2,6
listlessly,10,3,0,3,2,0,2
listlessness,12,3,0,3,2,0,2
listlessness's,14,3,0,3,2,0,2
lists,5,4,5,9,4,5,9
lit,3,3,8,11,3,8,11
litanies,8,4,0,4,4,0,4
litany,6,4,3,7,4,3,7
litany's,8,6,2,8,5,5,10
litchi,6,2,3,5,2,3,5
litchi's,8,3,3,6,3,3,6
litchis,7,2,4,6,2,3,5
lite,4,4,8,12,4,8,12
liter,5,5,7,12,5,7,12
liter's,7,7,2,9,7,2,9
literacy,8,4,2,6,5,2,7
literacy's,10,6,0,6,6,0,6
literal,7,5,3,8,5,2,7
literal's,9,7,1,8,7,1,8
literally,9,6,3,9,6,3,9
literals,8,6,2,8,6,1,7
literary,8,2,2,4,2,2,4
literate,8,4,1,5,3,1,4
literate's,10,7,1,8,5,0,5
literates,9,4,0,4,5,0,5
literati,8,4,2,6,5,2,7
literati's,10,6,0,6,6,0,6
literature,10,3,1,4,3,1,4
literature's,12,3,1,4,4,0,4
liters,6,6,5,11,6,5,11
lithe,5,3,3,6,3,3,6
lither,6,6,2,8,6,1,7
lithest,7,4,0,4,4,0,4
lithium,7,4,4,8,4,5,9
lithium's,9,6,5,11,6,5,11
lithograph,10,3,2,5,3,2,5
lithograph's,12,5,1,6,4,1,5
lithographed,12,8,1,9,4,1,5
lithographer,12,8,1,9,4,1,5
lithographer's,14,3,0,3,3,0,3
lithographers,13,5,0,5,3,0,3
lithographic,12,6,1,7,2,1,3
lithographing,13,8,1,9,3,1,4
lithographs,11,4,1,5,5,1,6
lithography,11,3,2,5,2,2,4
lithography's,13,6,2,8,3,1,4
lithosphere,11,5,0,5,3,0,3
lithosphere's,13,6,0,6,3,0,3
lithospheres,12,3,0,3,3,0,3
litigant,8,2,2,4,2,2,4
litigant's,10,5,2,7,5,2,7
litigants,9,4,3,7,5,2,7
litigate,8,6,1,7,6,1,7
litigated,9,7,1,8,7,1,8
litigates,9,7,0,7,7,0,7
litigating,10,6,2,8,6,2,8
litigation,10,7,2,9,7,2,9
litigation's,12,9,1,10,9,1,10
litigious,9,3,2,5,3,2,5
litigiousness,13,5,0,5,4,0,4
litigiousness's,15,6,0,6,4,0,4
litmus,6,4,5,9,4,5,9
litmus's,8,5,3,8,5,3,8
litter,6,5,4,9,5,3,8
litter's,8,6,5,11,6,5,11
litterbug,9,7,3,10,7,3,10
litterbug's,11,9,1,10,9,2,11
litterbugs,10,8,2,10,8,2,10
littered,8,5,3,8,5,3,8
littering,9,6,2,8,6,1,7
litters,7,5,6,11,5,4,9
little,6,4,0,4,4,0,4
little's,8,5,0,5,5,1,6
littleness,10,4,0,4,4,0,4
littleness's,12,5,0,5,4,0,4
littler,7,4,1,5,4,1,5
littlest,8,4,0,4,4,0,4
littoral,8,3,2,5,3,2,5
littoral's,10,5,1,6,4,1,5
littorals,9,4,1,5,4,1,5
liturgical,10,3,2,5,2,2,4
liturgies,9,4,0,4,4,0,4
liturgy,7,2,4,6,2,4,6
liturgy's,9,3,3,6,3,3,6
livability,10,1,3,4,3,2,5
livability's,12,5,1,6,2,1,3
livable,7,5,2,7,5,1,6
live,4,3,9,12,3,9,12
liveable,8,5,2,7,5,2,7
lived,5,4,6,10,4,6,10
livelier,8,4,4,8,4,3,7
liveliest,9,5,1,6,5,1,6
livelihood,10,6,4,10,6,3,9
livelihood's,12,8,2,10,8,2,10
livelihoods,11,7,2,9,7,3,10
liveliness,10,5,0,5,5,0,5
liveliness's,12,6,0,6,5,0,5
livelong,8,6,2,8,6,2,8
livelongs,9,4,2,6,4,2,6
lively,6,4,4,8,4,3,7
liven,5,4,4,8,4,4,8
livened,7,5,3,8,5,2,7
livening,8,5,2,7,5,2,7
livens,6,5,3,8,5,3,8
liver,5,4,8,12,4,8,12
liver's,7,6,8,14,6,8,14
liveried,8,4,2,6,4,2,6
liveries,8,3,1,4,3,1,4
livers,6,5,6,11,5,6,11
liverwurst,10,4,0,4,4,0,4
liverwurst's,12,4,0,4,3,0,3
livery,6,4,4,8,4,3,7
livery's,8,5,3,8,5,3,8
lives,5,4,4,8,4,4,8
livest,6,5,2,7,5,2,7
livestock,9,5,2,7,4,1,5
livestock's,11,5,1,6,5,1,6
livid,5,3,6,9,3,6,9
lividly,7,2,2,4,2,3,5
living,6,4,5,9,4,5,9
living's,8,6,4,10,6,4,10
livings,7,5,4,9,5,3,8
lizard,6,6,4,10,4,4,8
lizard's,8,8,3,11,6,2,8
lizards,7,5,3,8,7,2,9
llama,5,2,4,6,2,2,4
llama's,7,4,3,7,4,1,5
llamas,6,3,3,6,3,2,5
llano,5,2,3,5,2,3,5
llano's,7,4,2,6,4,2,6
llanos,6,3,3,6,3,3,6
lo,2,2,7,9,2,7,9
load,4,4,2,6,4,2,6
load's,6,6,2,8,6,2,8
loadable,8,4,1,5,3,1,4
loaded,6,4,2,6,4,2,6
loader,6,6,2,8,6,2,8
loader's,8,8,1,9,8,1,9
loaders,7,7,1,8,7,2,9
loading,7,7,3,10,7,3,10
loads,5,5,2,7,5,2,7
loadstar,8,3,2,5,3,2,5
loadstar's,10,4,1,5,4,1,5
loadstars,9,2,2,4,2,0,2
loadstone,9,5,0,5,5,0,5
loadstone's,11,6,0,6,5,0,5
loadstones,10,5,0,5,4,0,4
loaf,4,4,3,7,4,3,7
loaf's,6,6,3,9,6,3,9
loafed,6,6,2,8,6,2,8
loafer,6,6,1,7,6,1,7
loafer's,8,8,0,8,8,0,8
loafers,7,7,0,7,7,1,8
loafing,7,6,4,10,6,4,10
loafs,5,5,3,8,5,3,8
loam,4,4,4,8,4,4,8
loam's,6,6,4,10,6,4,10
loamier,7,5,1,6,6,1,7
loamiest,8,7,2,9,6,2,8
loamy,5,4,3,7,4,4,8
loan,4,3,5,8,3,5,8
loan's,6,5,5,10,5,5,10
loaned,6,5,3,8,5,3,8
loaner,6,5,3,8,5,3,8
loaner's,8,7,2,9,7,2,9
loaners,7,6,2,8,6,3,9
loaning,7,6,2,8,5,2,7
loans,5,4,4,8,4,4,8
loanword,8,4,3,7,3,3,6
loanword's,10,6,1,7,4,1,5
loanwords,9,3,2,5,3,1,4
loath,5,3,4,7,3,5,8
loathe,6,3,2,5,3,2,5
loathed,7,5,3,8,5,2,7
loathes,7,4,3,7,4,3,7
loathing,8,5,2,7,5,2,7
loathing's,10,5,1,6,4,1,5
loathings,9,3,2,5,5,2,7
loathsome,9,4,1,5,3,1,4
loathsomeness,13,4,0,4,2,1,3
loathsomeness's,15,5,0,5,2,1,3
loaves,6,4,2,6,4,3,7
lob,3,3,8,11,3,8,11
lob's,5,5,9,14,5,9,14
lobbed,6,5,3,8,5,3,8
lobbied,7,5,3,8,4,3,7
lobbies,7,6,0,6,6,0,6
lobbing,7,6,3,9,6,3,9
lobby,5,4,3,7,4,3,7
lobby's,7,6,2,8,6,3,9
lobbying,8,5,3,8,5,3,8
lobbyist,8,4,2,6,6,3,9
lobbyist's,10,6,0,6,7,3,10
lobbyists,9,6,3,9,4,1,5
lobe,4,4,5,9,4,5,9
lobe's,6,6,4,10,6,4,10
lobed,5,5,8,13,5,5,10
lobes,5,5,2,7,5,3,8
lobotomies,10,5,1,6,5,1,6
lobotomy,8,3,4,7,3,4,7
lobotomy's,10,5,2,7,5,2,7
lobs,4,4,7,11,4,7,11
lobster,7,7,0,7,7,0,7
lobster's,9,8,0,8,8,0,8
lobsters,8,5,0,5,5,0,5
local,5,4,3,7,4,3,7
local's,7,6,5,11,5,2,7
locale,6,5,2,7,4,3,7
locale's,8,4,1,5,5,3,8
locales,7,3,1,4,4,4,8
localities,10,7,0,7,6,0,6
locality,8,6,3,9,4,3,7
locality's,10,8,1,9,7,1,8
localization,12,5,1,6,6,1,7
localization's,14,6,0,6,6,0,6
localize,8,6,1,7,6,1,7
localized,9,7,1,8,7,1,8
localizes,9,7,0,7,5,1,6
localizing,10,7,2,9,6,2,8
locally,7,4,3,7,4,3,7
locals,6,4,4,8,4,4,8
locate,6,5,2,7,4,2,6
located,7,5,4,9,5,4,9
locates,7,4,1,5,5,1,6
locating,8,5,2,7,5,2,7
location,8,7,2,9,7,2,9
location's,10,9,1,10,9,1,10
locations,9,8,1,9,8,1,9
locavore,8,3,2,5,3,2,5
locavore's,10,5,1,6,4,1,5
locavores,9,4,1,5,4,1,5
loci,4,3,7,10,3,7,10
lock,4,2,8,10,2,7,9
lock's,6,5,6,11,4,6,10
lockable,8,3,1,4,3,1,4
locked,6,5,4,9,5,5,10
locker,6,5,5,10,5,6,11
locker's,8,7,2,9,7,4,11
lockers,7,6,2,8,6,3,9
locket,6,4,5,9,4,5,9
locket's,8,6,3,9,6,3,9
lockets,7,5,2,7,4,4,8
locking,7,6,4,10,6,5,11
lockjaw,7,3,5,8,3,2,5
lockjaw's,9,5,2,7,4,2,6
lockout,7,2,4,6,2,4,6
lockout's,9,4,2,6,4,2,6
lockouts,8,3,3,6,3,3,6
locks,5,4,6,10,4,6,10
locksmith,9,3,2,5,5,2,7
locksmith's,11,6,1,7,6,1,7
locksmiths,10,4,2,6,4,2,6
lockstep,8,4,2,6,3,3,6
lockstep's,10,4,1,5,4,1,5
lockup,6,4,4,8,4,4,8
lockup's,8,5,3,8,5,3,8
lockups,7,5,4,9,5,4,9
loco,4,3,2,5,3,2,5
locomotion,10,4,2,6,3,2,5
locomotion's,12,2,2,4,3,2,5
locomotive,10,4,2,6,4,2,6
locomotive's,12,6,1,7,4,1,5
locomotives,11,5,1,6,5,1,6
locoweed,8,5,1,6,3,1,4
locoweed's,10,7,0,7,5,0,5
locoweeds,9,3,2,5,3,1,4
locus,5,5,3,8,5,3,8
locus's,7,5,4,9,5,4,9
locust,6,5,2,7,5,2,7
locust's,8,5,3,8,2,3,5
locusts,7,3,4,7,3,4,7
locution,8,3,3,6,3,3,6
locution's,10,4,2,6,3,2,5
locutions,9,3,2,5,3,2,5
lode,4,4,6,10,4,6,10
lode's,6,6,5,11,6,5,11
lodes,5,5,3,8,5,4,9
lodestar,8,5,0,5,5,0,5
lodestar's,10,6,0,6,5,0,5
lodestars,9,7,2,9,4,1,5
lodestone,9,3,1,4,3,1,4
lodestone's,11,6,0,6,6,0,6
lodestones,10,5,0,5,4,0,4
lodge,5,4,3,7,4,3,7
lodge's,7,6,2,8,6,2,8
lodged,6,3,3,6,3,3,6
lodger,6,5,3,8,5,3,8
lodger's,8,7,1,8,7,2,9
lodgers,7,6,1,7,6,2,8
lodges,6,5,3,8,5,4,9
lodging,7,4,4,8,4,4,8
lodging's,9,6,2,8,5,2,7
lodgings,8,5,3,8,5,3,8
lodgings's,10,5,0,5,5,1,6
loft,4,4,4,8,4,4,8
loft's,6,6,4,10,6,3,9
lofted,6,5,5,10,4,6,10
loftier,7,5,2,7,5,2,7
loftiest,8,5,1,6,5,1,6
loftily,7,4,4,8,3,4,7
loftiness,9,6,1,7,6,0,6
loftiness's,11,7,1,8,7,0,7
lofting,7,6,5,11,6,6,12
lofts,5,3,7,10,3,7,10
lofty,5,4,4,8,3,5,8
log,3,2,13,15,2,12,14
log's,5,4,11,15,4,11,15
loganberries,12,3,0,3,3,0,3
loganberry,10,4,1,5,4,1,5
loganberry's,12,6,0,6,4,0,4
logarithm,9,3,2,5,2,2,4
logarithm's,11,5,1,6,4,1,5
logarithmic,11,4,1,5,2,2,4
logarithms,10,4,2,6,4,2,6
logbook,7,3,5,8,3,5,8
logbook's,9,5,3,8,5,3,8
logbooks,8,3,4,7,4,3,7
loge,4,4,7,11,4,7,11
loge's,6,6,6,12,6,6,12
loges,5,5,4,9,5,5,10
logged,6,5,2,7,5,2,7
logger,6,5,4,9,5,5,10
logger's,8,7,1,8,7,3,10
loggerhead,10,4,2,6,3,3,6
loggerhead's,12,8,1,9,5,0,5
loggerheads,11,4,0,4,4,0,4
loggers,7,6,1,7,6,2,8
logging,7,4,8,12,4,8,12
logging's,9,6,3,9,6,3,9
logic,5,3,8,11,3,7,10
logic's,7,6,6,12,6,5,11
logical,7,5,2,7,3,2,5
logically,9,4,2,6,4,2,6
logician,8,5,2,7,5,2,7
logician's,10,7,1,8,7,2,9
logicians,9,4,1,5,4,1,5
login,5,4,5,9,4,5,9
login's,7,6,4,10,6,3,9
logins,6,6,4,10,6,5,11
logistic,8,6,1,7,5,1,6
logistical,10,2,1,3,2,1,3
logistically,12,5,0,5,3,0,3
logistics,9,3,0,3,3,2,5
logistics's,11,1,1,2,2,0,2
logjam,6,4,4,8,3,3,6
logjam's,8,6,3,9,5,2,7
logjams,7,3,6,9,4,5,9
logo,4,2,3,5,2,3,5
logo's,6,3,8,11,3,8,11
logoff,6,2,5,7,2,5,7
logoff's,8,4,3,7,4,3,7
logoffs,7,2,4,6,2,4,6
logon,5,3,4,7,2,4,6
logon's,7,5,3,8,4,3,7
logons,6,4,4,8,3,4,7
logos,5,2,4,6,2,4,6
logotype,8,2,3,5,2,3,5
logotype's,10,4,2,6,4,1,5
logotypes,9,3,2,5,3,2,5
logout,6,3,4,7,3,4,7
logout's,8,5,2,7,5,2,7
logouts,7,3,4,7,3,4,7
logrolling,10,3,2,5,3,2,5
logrolling's,12,4,3,7,4,2,6
logs,4,3,11,14,3,11,14
loin,4,3,6,9,3,5,8
loin's,6,5,3,8,5,4,9
loincloth,9,2,2,4,2,2,4
loincloth's,11,4,2,6,4,2,6
loincloths,10,3,3,6,3,2,5
loins,5,4,5,9,4,5,9
loiter,6,4,0,4,4,0,4
loitered,8,5,2,7,5,2,7
loiterer,8,3,2,5,3,2,5
loiterer's,10,5,1,6,6,1,7
loiterers,9,4,1,5,5,1,6
loitering,9,6,1,7,6,1,7
loiters,7,6,3,9,6,1,7
lolcat,6,4,4,8,3,3,6
lolcat's,8,6,3,9,5,2,7
lolcats,7,5,4,9,5,4,9
loll,4,2,4,6,2,3,5
lolled,6,4,2,6,4,2,6
lolling,7,5,3,8,5,3,8
lollipop,8,3,3,6,2,3,5
lollipop's,10,6,2,8,6,2,8
lollipops,9,4,3,7,5,2,7
lolls,5,3,3,6,3,3,6
lollygag,8,3,3,6,3,4,7
lollygagged,11,4,2,6,3,3,6
lollygagging,12,5,1,6,5,1,6
lollygags,9,4,1,5,4,1,5
lollypop,8,2,4,6,2,4,6
lollypop's,10,5,3,8,5,3,8
lollypops,9,4,4,8,4,3,7
lone,4,4,8,12,4,8,12
lonelier,8,6,2,8,6,2,8
loneliest,9,7,0,7,7,0,7
loneliness,10,3,0,3,3,0,3
loneliness's,12,4,0,4,3,0,3
lonely,6,4,3,7,5,3,8
loner,5,5,7,12,5,7,12
loner's,7,6,6,12,6,6,12
loners,6,5,5,10,5,5,10
lonesome,8,4,1,5,3,1,4
long,4,3,7,10,3,6,9
long's,6,5,3,8,5,5,10
longboat,8,3,3,6,2,4,6
longboat's,10,5,2,7,3,2,5
longboats,9,4,1,5,3,2,5
longed,6,5,2,7,5,2,7
longer,6,5,4,9,5,5,10
longest,7,5,3,8,6,2,8
longevity,9,6,1,7,6,1,7
longevity's,11,8,2,10,7,0,7
longhair,8,4,3,7,5,2,7
longhair's,10,5,2,7,5,2,7
longhairs,9,4,3,7,4,2,6
longhand,8,3,3,6,3,3,6
longhand's,10,5,1,6,5,1,6
longhorn,8,2,5,7,3,4,7
longhorn's,10,4,3,7,3,2,5
longhorns,9,3,3,6,3,2,5
longing,7,3,5,8,4,5,9
longing's,9,6,2,8,5,2,7
longingly,9,3,4,7,3,4,7
longings,8,4,2,6,4,2,6
longish,7,6,2,8,6,1,7
longitude,9,4,2,6,4,2,6
longitude's,11,6,1,7,5,1,6
longitudes,10,6,1,7,7,1,8
longitudinal,12,2,1,3,2,1,3
longitudinally,14,1,1,2,1,1,2
longs,5,4,5,9,4,5,9
longshoreman,12,3,1,4,3,1,4
longshoreman's,14,2,1,3,3,1,4
longshoremen,12,2,1,3,2,1,3
longtime,8,6,2,8,5,2,7
loofah,6,3,2,5,3,2,5
look,4,3,8,11,3,8,11
look's,6,5,3,8,5,7,12
lookalike,9,3,3,6,4,2,6
lookalike's,11,6,0,6,4,1,5
lookalikes,10,5,0,5,5,0,5
looked,6,5,2,7,5,2,7
looking,7,6,9,15,6,9,15
lookout,7,4,5,9,4,5,9
lookout's,9,6,3,9,6,3,9
lookouts,8,5,3,8,5,3,8
looks,5,4,7,11,4,7,11
lookup,6,4,6,10,2,4,6
loom,4,3,4,7,3,4,7
loom's,6,5,4,9,5,6,11
loomed,6,5,3,8,5,3,8
looming,7,6,6,12,6,7,13
looms,5,4,4,8,4,4,8
loon,4,3,10,13,3,10,13
loon's,6,5,5,10,4,10,14
looney,6,3,3,6,3,3,6
looney's,8,5,1,6,5,1,6
looneyier,9,3,1,4,3,1,4
looneyies,9,3,2,5,4,1,5
looneys,7,5,3,8,5,3,8
loonie,6,4,1,5,4,1,5
loonie's,8,6,3,9,6,1,7
loonier,7,6,2,8,6,1,7
loonies,7,5,3,8,5,3,8
looniest,8,7,1,8,7,0,7
loons,5,3,12,15,3,11,14
loony,5,4,6,10,4,6,10
loony's,7,5,5,10,5,5,10
loop,4,2,9,11,2,8,10
loop's,6,5,6,11,4,9,13
looped,6,5,4,9,5,4,9
loophole,8,2,4,6,2,4,6
loophole's,10,4,3,7,3,2,5
loopholes,9,3,3,6,3,3,6
loopier,7,5,3,8,5,2,7
loopiest,8,6,2,8,6,1,7
looping,7,5,7,12,5,6,11
loops,5,3,8,11,3,8,11
loopy,5,3,7,10,3,7,10
loose,5,4,1,5,4,1,5
loosed,6,5,5,10,5,5,10
loosely,7,3,0,3,3,0,3
loosen,6,4,2,6,4,2,6
loosened,8,3,0,3,3,0,3
looseness,9,3,0,3,3,0,3
looseness's,11,5,0,5,3,0,3
loosening,9,3,0,3,3,0,3
loosens,7,3,2,5,3,2,5
looser,6,4,5,9,5,5,10
looses,6,4,3,7,4,3,7
loosest,7,4,0,4,3,0,3
loosing,7,5,3,8,5,3,8
loot,4,3,8,11,3,8,11
loot's,6,4,7,11,4,9,13
looted,6,4,6,10,4,6,10
looter,6,4,6,10,4,6,10
looter's,8,6,4,10,6,4,10
looters,7,5,4,9,5,1,6
looting,7,6,6,12,6,6,12
loots,5,4,8,12,4,8,12
lop,3,3,8,11,3,8,11
lope,4,4,9,13,4,9,13
lope's,6,6,7,13,6,7,13
loped,5,5,6,11,5,5,10
lopes,5,5,5,10,5,5,10
loping,6,6,6,12,6,7,13
lopped,6,4,6,10,5,4,9
lopping,7,6,6,12,6,4,10
lops,4,4,8,12,4,8,12
lopsided,8,3,1,4,3,1,4
lopsidedly,10,3,0,3,2,1,3
lopsidedness,12,3,0,3,2,0,2
lopsidedness's,14,3,0,3,2,0,2
loquacious,10,5,2,7,6,2,8
loquacity,9,4,3,7,4,3,7
loquacity's,11,8,1,9,8,1,9
lord,4,4,5,9,4,3,7
lord's,6,6,3,9,6,2,8
lorded,6,5,3,8,5,3,8
lording,7,5,7,12,5,7,12
lordlier,8,5,1,6,4,1,5
lordliest,9,6,1,7,6,1,7
lordly,6,3,5,8,3,5,8
lords,5,4,4,8,4,4,8
lordship,8,6,3,9,6,3,9
lordship's,10,2,4,6,2,4,6
lordships,9,4,4,8,6,2,8
lore,4,4,6,10,4,6,10
lore's,6,5,8,13,5,8,13
lorgnette,9,3,1,4,3,1,4
lorgnette's,11,5,0,5,5,1,6
lorgnettes,10,4,0,4,5,0,5
lorn,4,4,7,11,3,6,9
lorries,7,5,1,6,5,1,6
lorry,5,3,5,8,4,4,8
lorry's,7,5,3,8,5,4,9
lose,4,3,10,13,3,10,13
loser,5,5,1,6,5,1,6
loser's,7,6,2,8,5,1,6
losers,6,5,2,7,4,2,6
loses,5,4,3,7,4,3,7
losing,6,6,3,9,6,3,9
loss,4,3,5,8,3,5,8
loss's,6,4,6,10,4,6,10
losses,6,4,5,9,4,5,9
lost,4,4,5,9,4,5,9
lot,3,3,2,5,3,2,5
lot's,5,5,3,8,5,3,8
loth,4,3,4,7,3,4,7
lotion,6,5,3,8,5,3,8
lotion's,8,7,2,9,7,2,9
lotions,7,6,5,11,6,3,9
lots,4,4,6,10,4,6,10
lotteries,9,7,1,8,7,1,8
lottery,7,6,2,8,6,2,8
lottery's,9,8,1,9,8,1,9
lotto,5,2,5,7,3,4,7
lotto's,7,4,4,8,3,5,8
lotus,5,4,4,8,4,4,8
lotus's,7,4,6,10,4,6,10
lotuses,7,4,3,7,4,3,7
loud,4,3,6,9,3,5,8
louder,6,5,2,7,5,2,7
loudest,7,5,3,8,5,3,8
loudly,6,4,4,8,4,4,8
loudmouth,9,2,4,6,2,4,6
loudmouth's,11,4,2,6,3,2,5
loudmouthed,11,2,3,5,3,2,5
loudmouths,10,3,3,6,2,4,6
loudness,8,4,2,6,4,1,5
loudness's,10,5,2,7,5,1,6
loudspeaker,11,3,0,3,5,0,5
loudspeaker's,13,3,2,5,5,0,5
loudspeakers,12,3,0,3,3,0,3
lounge,6,4,3,7,4,3,7
lounge's,8,6,2,8,4,3,7
lounged,7,4,5,9,4,5,9
lounges,7,5,3,8,5,3,8
lounging,8,5,3,8,4,3,7
louse,5,5,2,7,5,2,7
louse's,7,6,2,8,6,2,8
louses,6,5,4,9,5,4,9
lousier,7,7,2,9,7,2,9
lousiest,8,4,1,5,7,0,7
lousiness,9,7,1,8,7,1,8
lousiness's,11,8,1,9,8,1,9
lousy,5,5,5,10,5,4,9
lout,4,3,5,8,3,5,8
lout's,6,5,5,10,5,4,9
loutish,7,5,3,8,5,2,7
louts,5,4,4,8,4,4,8
louver,6,4,6,10,4,7,11
louver's,8,6,3,9,6,5,11
louvered,8,4,4,8,4,4,8
louvers,7,5,4,9,5,4,9
louvred,7,4,1,5,4,1,5
lovable,7,5,3,8,3,2,5
love,4,4,2,6,4,2,6
love's,6,6,1,7,6,1,7
loveable,8,4,2,6,4,2,6
lovebird,8,4,3,7,4,3,7
lovebird's,10,6,1,7,6,1,7
lovebirds,9,5,2,7,5,1,6
loved,5,4,9,13,5,9,14
loveless,8,3,2,5,3,2,5
lovelier,8,5,3,8,5,3,8
lovelies,8,4,2,6,5,1,6
loveliest,9,6,1,7,6,1,7
loveliness,10,6,0,6,5,0,5
loveliness's,12,7,0,7,5,0,5
lovelorn,8,3,3,6,3,3,6
lovely,6,3,4,7,4,4,8
lovely's,8,5,1,6,5,1,6
lovemaking,10,7,1,8,5,2,7
lovemaking's,12,5,0,5,5,0,5
lover,5,5,6,11,5,6,11
lover's,7,7,3,10,7,3,10
lovers,6,6,4,10,6,4,10
loves,5,5,6,11,5,6,11
lovesick,8,4,1,5,4,1,5
loving,6,5,11,16,5,11,16
lovingly,8,6,3,9,4,3,7
low,3,3,8,11,3,8,11
low's,5,5,7,12,5,7,12
lowbrow,7,2,6,8,1,6,7
lowbrow's,9,3,4,7,2,4,6
lowbrows,8,3,4,7,3,4,7
lowdown,7,2,6,8,2,6,8
lowdown's,9,4,4,8,4,4,8
lowed,5,5,5,10,5,4,9
lower,5,5,5,10,5,5,10
lowercase,9,6,1,7,5,1,6
lowercase's,11,4,1,5,6,1,7
lowered,7,6,3,9,6,2,8
lowering,8,8,3,11,8,3,11
lowers,6,6,4,10,6,4,10
lowest,6,4,3,7,4,3,7
lowing,6,6,6,12,6,5,11
lowish,6,5,3,8,5,3,8
lowland,7,5,3,8,2,3,5
lowland's,9,4,2,6,4,1,5
lowlands,8,5,5,10,5,3,8
lowlier,7,5,2,7,5,1,6
lowliest,8,6,5,11,6,2,8
lowliness,9,6,1,7,6,0,6
lowliness's,11,7,1,8,7,0,7
lowly,5,3,3,6,3,3,6
lowness,7,4,4,8,4,4,8
lowness's,9,5,4,9,5,4,9
lows,4,4,8,12,4,8,12
lox,3,3,10,13,3,11,14
lox's,5,4,12,16,4,12,16
loxes,5,4,7,11,4,7,11
loyal,5,3,4,7,3,4,7
loyaler,7,3,2,5,3,2,5
loyalest,8,5,2,7,5,2,7
loyalist,8,6,1,7,5,1,6
loyalist's,10,6,0,6,6,1,7
loyalists,9,5,1,6,4,1,5
loyaller,8,3,3,6,3,2,5
loyallest,9,4,1,5,4,1,5
loyally,7,4,3,7,4,3,7
loyalties,9,8,0,8,5,0,5
loyalty,7,4,3,7,3,3,6
loyalty's,9,4,3,7,4,3,7
lozenge,7,3,2,5,3,1,4
lozenge's,9,6,2,8,4,3,7
lozenges,8,3,2,5,3,2,5
ls,2,2,8,10,2,8,10
luau,4,2,3,5,2,3,5
luau's,6,4,3,7,4,3,7
luaus,5,3,3,6,3,3,6
lubber,6,4,8,12,5,7,12
lubber's,8,6,3,9,6,5,11
lubbers,7,5,3,8,5,5,10
lube,4,4,6,10,4,7,11
lube's,6,6,6,12,6,6,12
lubed,5,5,5,10,5,5,10
lubes,5,5,3,8,5,3,8
lubing,6,6,6,12,6,6,12
lubricant,9,3,2,5,3,2,5
lubricant's,11,5,1,6,4,1,5
lubricants,10,3,3,6,4,2,6
lubricate,9,5,1,6,5,1,6
lubricated,10,5,2,7,6,1,7
lubricates,10,6,0,6,6,0,6
lubricating,11,6,2,8,6,2,8
lubrication,11,6,2,8,7,2,9
lubrication's,13,8,1,9,8,1,9
lubricator,10,3,2,5,3,2,5
lubricator's,12,7,1,8,5,1,6
lubricators,11,5,2,7,4,1,5
lucid,5,5,7,12,3,4,7
lucidity,8,6,3,9,6,3,9
lucidity's,10,8,3,11,8,3,11
lucidly,7,6,4,10,6,4,10
lucidness,9,8,0,8,8,0,8
lucidness's,11,9,0,9,9,0,9
luck,4,3,7,10,3,6,9
luck's,6,6,10,16,5,6,11
lucked,6,5,6,11,5,5,10
luckier,7,6,4,10,7,6,13
luckiest,8,6,3,9,6,3,9
luckily,7,3,5,8,3,5,8
luckiness,9,7,2,9,7,2,9
luckiness's,11,8,2,10,8,2,10
lucking,7,7,4,11,7,4,11
luckless,8,3,2,5,3,2,5
lucks,5,5,5,10,5,5,10
lucky,5,3,9,12,3,6,9
lucrative,9,4,2,6,5,1,6
lucratively,11,2,1,3,2,2,4
lucre,5,3,5,8,3,5,8
lucre's,7,6,2,8,6,2,8
ludicrous,9,4,2,6,4,2,6
ludicrously,11,5,0,5,4,0,4
ludicrousness,13,7,0,7,4,0,4
ludicrousness's,15,8,0,8,4,0,4
lug,3,3,8,11,3,8,11
lug's,5,5,7,12,5,7,12
luggage,7,3,2,5,3,2,5
luggage's,9,5,0,5,5,0,5
lugged,6,5,5,10,5,4,9
lugging,7,5,7,12,5,7,12
lugs,4,4,7,11,4,7,11
lugubrious,10,3,2,5,3,2,5
lugubriously,12,3,0,3,3,0,3
lugubriousness,14,4,0,4,3,0,3
lugubriousness's,16,5,0,5,3,0,3
lukewarm,8,3,3,6,2,4,6
lull,4,2,6,8,2,5,7
lull's,6,4,6,10,4,5,9
lullabies,9,4,1,5,5,0,5
lullaby,7,3,6,9,2,3,5
lullaby's,9,4,2,6,4,2,6
lulled,6,4,5,9,4,4,8
lulling,7,5,4,9,5,4,9
lulls,5,3,5,8,3,5,8
lumbago,7,4,3,7,4,4,8
lumbago's,9,6,3,9,6,2,8
lumbar,6,3,5,8,4,4,8
lumber,6,6,5,11,6,5,11
lumber's,8,8,3,11,8,5,13
lumbered,8,7,4,11,6,3,9
lumbering,9,7,4,11,6,3,9
lumbering's,11,7,0,7,4,1,5
lumberjack,10,3,2,5,3,2,5
lumberjack's,12,5,1,6,4,2,6
lumberjacks,11,7,2,9,4,2,6
lumberman,9,5,2,7,4,1,5
lumberman's,11,5,2,7,5,0,5
lumbermen,9,3,1,4,3,1,4
lumbers,7,6,4,10,6,5,11
lumberyard,10,3,2,5,2,3,5
lumberyard's,12,5,1,6,4,2,6
lumberyards,11,7,2,9,5,1,6
luminaries,10,6,0,6,5,0,5
luminary,8,7,2,9,6,2,8
luminary's,10,6,2,8,5,2,7
luminescence,12,4,0,4,4,0,4
luminescence's,14,4,0,4,4,0,4
luminescent,11,3,0,3,4,0,4
luminosity,10,2,0,2,2,1,3
luminosity's,12,3,0,3,3,2,5
luminous,8,5,2,7,5,2,7
luminously,10,3,1,4,4,0,4
lummox,6,2,6,8,2,6,8
lummox's,8,4,5,9,4,4,8
lummoxes,8,3,3,6,4,2,6
lump,4,3,7,10,3,6,9
lump's,6,5,7,12,5,6,11
lumped,6,4,7,11,5,6,11
lumpier,7,6,6,12,6,6,12
lumpiest,8,7,5,12,7,4,11
lumpiness,9,6,3,9,6,3,9
lumpiness's,11,7,3,10,7,3,10
lumping,7,5,5,10,5,5,10
lumpish,7,5,4,9,5,4,9
lumps,5,4,6,10,4,6,10
lumpy,5,4,8,12,4,8,12
lunacies,8,4,1,5,4,1,5
lunacy,6,2,4,6,3,5,8
lunacy's,8,4,3,7,4,4,8
lunar,5,3,4,7,3,4,7
lunatic,7,4,3,7,2,4,6
lunatic's,9,6,3,9,4,3,7
lunatics,8,5,3,8,5,3,8
lunch,5,4,9,13,4,9,13
lunch's,7,6,8,14,6,8,14
lunchbox,8,3,4,7,3,4,7
lunched,7,7,2,9,7,3,10
luncheon,8,2,2,4,2,4,6
luncheon's,10,5,1,6,4,1,5
luncheonette,12,1,2,3,1,2,3
luncheonette's,14,3,0,3,2,1,3
luncheonettes,13,2,0,2,3,0,3
luncheons,9,3,4,7,6,1,7
lunches,7,7,2,9,7,3,10
lunching,8,7,4,11,7,4,11
lunchroom,9,1,4,5,1,4,5
lunchroom's,11,4,2,6,3,2,5
lunchrooms,10,3,2,5,3,2,5
lunchtime,9,4,3,7,4,2,6
lunchtime's,11,6,1,7,5,1,6
lunchtimes,10,5,1,6,5,1,6
lung,4,2,8,10,3,7,10
lung's,6,4,8,12,4,7,11
lunge,5,4,5,9,4,5,9
lunge's,7,5,2,7,5,2,7
lunged,6,5,5,10,5,4,9
lunges,6,5,5,10,5,6,11
lunging,7,4,4,8,4,5,9
lungs,5,3,7,10,3,7,10
lupin,5,3,5,8,4,5,9
lupin's,7,6,3,9,6,3,9
lupine,6,4,4,8,4,4,8
lupine's,8,5,3,8,6,2,8
lupines,7,5,2,7,5,2,7
lupins,6,4,5,9,4,5,9
lupus,5,3,4,7,3,4,7
lupus's,7,4,2,6,4,2,6
lurch,5,4,7,11,4,7,11
lurch's,7,6,6,12,6,6,12
lurched,7,6,3,9,6,3,9
lurches,7,6,2,8,6,4,10
lurching,8,4,4,8,4,4,8
lure,4,4,7,11,4,8,12
lure's,6,6,7,13,6,7,13
lured,5,4,6,10,4,6,10
lures,5,5,4,9,5,4,9
lurid,5,4,8,12,3,7,10
luridly,7,5,5,10,5,5,10
luridness,9,7,1,8,7,1,8
luridness's,11,8,1,9,8,1,9
luring,6,5,7,12,5,7,12
lurk,4,3,7,10,2,8,10
lurked,6,5,1,6,5,1,6
lurking,7,6,5,11,6,5,11
lurks,5,4,6,10,4,6,10
luscious,8,3,2,5,3,2,5
lusciously,10,2,0,2,1,1,2
lusciousness,12,1,0,1,1,0,1
lusciousness's,14,1,0,1,1,0,1
lush,4,4,7,11,4,7,11
lush's,6,5,5,10,5,5,10
lusher,6,6,8,14,4,8,12
lushes,6,5,5,10,5,5,10
lushest,7,5,1,6,5,1,6
lushness,8,4,2,6,4,2,6
lushness's,10,5,2,7,5,2,7
lust,4,4,9,13,4,9,13
lust's,6,5,6,11,5,6,11
lusted,6,5,7,12,4,7,11
luster,6,6,7,13,6,7,13
luster's,8,7,3,10,7,3,10
lustful,7,2,3,5,2,3,5
lustfully,9,2,4,6,1,4,5
lustier,7,7,5,12,7,4,11
lustiest,8,6,3,9,6,3,9
lustily,7,5,2,7,5,2,7
lustiness,9,7,2,9,7,2,9
lustiness's,11,8,2,10,8,2,10
lusting,7,7,3,10,7,5,12
lustre,6,3,3,6,3,3,6
lustre's,8,5,0,5,5,0,5
lustrous,8,2,3,5,2,3,5
lusts,5,4,4,8,4,4,8
lusty,5,5,6,11,5,6,11
lute,4,3,8,11,3,9,12
lute's,6,5,8,13,5,8,13
lutes,5,4,5,9,4,5,9
luxuriance,10,4,1,5,3,1,4
luxuriance's,12,6,0,6,4,0,4
luxuriant,9,4,3,7,4,2,6
luxuriantly,11,2,1,3,2,2,4
luxuriate,9,4,1,5,4,1,5
luxuriated,10,5,1,6,5,1,6
luxuriates,10,5,0,5,5,0,5
luxuriating,11,5,2,7,3,2,5
luxuries,8,4,2,6,4,2,6
luxurious,9,4,2,6,4,2,6
luxuriously,11,5,0,5,3,0,3
luxuriousness,13,4,0,4,3,0,3
luxuriousness's,15,5,0,5,3,0,3
luxury,6,2,5,7,2,5,7
luxury's,8,3,4,7,3,4,7
lyceum,6,3,3,6,3,4,7
lyceum's,8,4,3,7,4,3,7
lyceums,7,4,5,9,4,4,8
lychee,6,4,3,7,4,3,7
lychee's,8,6,3,9,6,3,9
lychees,7,3,1,4,3,1,4
lye,3,3,6,9,3,6,9
lye's,5,5,6,11,5,6,11
lying,5,2,4,6,2,4,6
lying's,7,4,3,7,4,3,7
lymph,5,3,7,10,3,7,10
lymph's,7,7,5,12,7,5,12
lymphatic,9,3,2,5,3,2,5
lymphatic's,11,3,2,5,3,2,5
lymphatics,10,3,3,6,3,3,6
lymphoma,8,2,3,5,2,3,5
lymphoma's,10,3,2,5,3,2,5
lymphomas,9,4,2,6,3,1,4
lymphomata,10,2,3,5,1,3,4
lynch,5,3,6,9,4,6,10
lynched,7,6,3,9,6,4,10
lynches,7,6,3,9,3,4,7
lynching,8,5,4,9,5,4,9
lynching's,10,2,4,6,3,3,6
lynchings,9,3,4,7,3,3,6
lynchpin,8,2,4,6,2,4,6
lynchpin's,10,2,3,5,2,3,5
lynchpins,9,3,3,6,2,4,6
lynx,4,2,6,8,2,6,8
lynx's,6,4,5,9,4,5,9
lynxes,6,3,6,9,3,6,9
lyre,4,3,5,8,3,5,8
lyre's,6,5,5,10,5,5,10
lyres,5,4,5,9,4,5,9
lyric,5,2,5,7,2,5,7
lyric's,7,5,4,9,3,4,7
lyrical,7,4,3,7,4,3,7
lyrically,9,4,2,6,4,2,6
lyricist,8,4,1,5,4,1,5
lyricist's,10,5,2,7,5,1,6
lyricists,9,4,1,5,4,1,5
lyrics,6,4,5,9,3,5,8
m,1,1,12,13,1,12,13
ma,2,1,8,9,1,8,9
ma'am,5,3,5,8,3,4,7
ma's,4,4,8,12,4,6,10
macabre,7,3,2,5,3,1,4
macadam,7,1,5,6,1,4,5
macadam's,9,3,3,6,3,3,6
macaroni,8,2,2,4,2,2,4
macaroni's,10,4,1,5,6,2,8
macaronies,10,4,1,5,6,0,6
macaronis,9,4,2,6,4,1,5
macaroon,8,2,3,5,2,3,5
macaroon's,10,4,2,6,5,2,7
macaroons,9,3,2,5,4,2,6
macaw,5,3,6,9,3,5,8
macaw's,7,5,4,9,5,4,9
macaws,6,3,2,5,3,2,5
mace,4,4,5,9,4,3,7
mace's,6,6,6,12,6,7,13
maced,5,5,4,9,5,4,9
macerate,8,5,2,7,5,2,7
macerated,9,6,2,8,6,2,8
macerates,9,3,1,4,6,2,8
macerating,10,8,2,10,8,2,10
maceration,10,8,2,10,8,2,10
maceration's,12,10,1,11,10,1,11
maces,5,5,6,11,5,8,13
machete,7,4,3,7,2,4,6
machete's,9,4,4,8,4,4,8
machetes,8,4,1,5,3,1,4
machination,11,6,1,7,4,2,6
machination's,13,7,0,7,5,1,6
machinations,12,4,1,5,5,1,6
machine,7,5,1,6,4,1,5
machine's,9,6,0,6,6,0,6
machined,8,5,3,8,6,2,8
machinery,9,5,1,6,4,1,5
machinery's,11,7,0,7,4,0,4
machines,8,6,0,6,5,0,5
machining,9,5,2,7,5,2,7
machinist,9,6,1,7,4,1,5
machinist's,11,7,0,7,5,1,6
machinists,10,6,0,6,4,1,5
machismo,8,4,1,5,4,1,5
machismo's,10,6,1,7,4,2,6
macho,5,4,6,10,4,6,10
macho's,7,6,5,11,5,5,10
macing,6,6,7,13,6,7,13
macintosh,9,4,1,5,3,1,4
macintosh's,11,5,0,5,2,1,3
macintoshes,11,5,1,6,5,0,5
mackerel,8,6,2,8,6,2,8
mackerel's,10,8,0,8,8,0,8
mackerels,9,7,0,7,7,0,7
mackinaw,8,4,2,6,4,2,6
mackinaw's,10,6,1,7,4,1,5
mackinaws,9,4,2,6,4,2,6
mackintosh,10,3,0,3,3,0,3
mackintosh's,12,5,0,5,11,0,11
mackintoshes,12,2,1,3,10,1,11
macramé,7,3,3,6,3,2,5
macramé's,9,5,2,7,5,1,6
macro,5,4,3,7,4,3,7
macro's,7,6,3,9,6,3,9
macrobiotic,11,2,1,3,2,2,4
macrobiotics,12,3,1,4,3,1,4
macrobiotics's,14,2,0,2,2,0,2
macrocosm,9,3,2,5,3,2,5
macrocosm's,11,4,2,6,3,2,5
macrocosms,10,2,3,5,3,2,5
macron,6,5,3,8,5,3,8
macron's,8,7,2,9,7,2,9
macrons,7,6,3,9,6,3,9
macros,6,5,2,7,5,2,7
macroscopic,11,2,1,3,2,1,3
mad,3,3,6,9,3,7,10
mad's,5,5,7,12,5,8,13
madam,5,2,6,8,2,5,7
madam's,7,4,3,7,4,3,7
madame,6,3,2,5,3,2,5
madame's,8,5,3,8,5,3,8
madams,6,3,6,9,3,3,6
madcap,6,2,6,8,2,6,8
madcap's,8,4,5,9,4,5,9
madcaps,7,3,5,8,3,6,9
madden,6,5,1,6,5,1,6
maddened,8,3,2,5,3,2,5
maddening,9,6,1,7,6,1,7
maddeningly,11,5,1,6,2,1,3
maddens,7,6,3,9,6,3,9
madder,6,5,5,10,5,4,9
madder's,8,6,3,9,6,3,9
madders,7,6,2,8,5,5,10
maddest,7,5,2,7,5,2,7
made,4,3,10,13,3,11,14
mademoiselle,12,2,0,2,2,0,2
mademoiselle's,14,2,0,2,2,0,2
mademoiselles,13,2,0,2,2,0,2
madhouse,8,6,0,6,5,1,6
madhouse's,10,7,1,8,4,1,5
madhouses,9,5,1,6,5,1,6
madly,5,4,6,10,4,6,10
madman,6,3,3,6,3,3,6
madman's,8,5,2,7,5,2,7
madmen,6,3,3,6,3,3,6
madness,7,5,1,6,5,1,6
madness's,9,6,1,7,6,1,7
madras,6,3,3,6,3,3,6
madras's,8,5,1,6,5,2,7
madrasa,7,2,2,4,2,2,4
madrasa's,9,3,2,5,3,2,5
madrasah,8,2,1,3,2,1,3
madrasah's,10,2,2,4,2,1,3
madrasahs,9,2,2,4,2,2,4
madrasas,8,2,3,5,2,1,3
madrases,8,3,2,5,3,2,5
madrassa,8,2,0,2,2,0,2
madrassa's,10,3,0,3,3,0,3
madrassas,9,2,1,3,2,1,3
madrigal,8,3,4,7,2,4,6
madrigal's,10,4,2,6,4,2,6
madrigals,9,4,3,7,4,2,6
mads,4,4,8,12,4,7,11
madwoman,8,5,3,8,2,5,7
madwoman's,10,7,2,9,6,2,8
madwomen,8,4,2,6,3,2,5
maelstrom,9,3,0,3,3,0,3
maelstrom's,11,5,0,5,4,0,4
maelstroms,10,4,0,4,3,0,3
maestri,7,7,0,7,7,0,7
maestro,7,6,1,7,6,1,7
maestro's,9,5,0,5,3,0,3
maestros,8,3,1,4,3,0,3
magazine,8,3,2,5,3,3,6
magazine's,10,6,0,6,5,1,6
magazines,9,4,1,5,4,2,6
magenta,7,3,3,6,3,3,6
magenta's,9,5,2,7,5,2,7
maggot,6,4,6,10,4,6,10
maggot's,8,6,4,10,6,5,11
maggots,7,5,5,10,5,6,11
magic,5,3,7,10,3,7,10
magic's,7,5,5,10,5,5,10
magical,7,5,2,7,5,2,7
magically,9,6,2,8,4,2,6
magician,8,3,4,7,3,4,7
magician's,10,5,1,6,5,2,7
magicians,9,4,1,5,4,2,6
magisterial,11,5,0,5,5,0,5
magisterially,13,2,1,3,2,0,2
magistrate,10,4,0,4,4,0,4
magistrate's,12,4,0,4,5,0,5
magistrates,11,4,0,4,4,0,4
magma,5,2,2,4,2,2,4
magma's,7,4,1,5,4,1,5
magnanimity,11,2,1,3,2,2,4
magnanimity's,13,5,1,6,4,1,5
magnanimous,11,3,2,5,3,1,4
magnanimously,13,6,0,6,4,0,4
magnate,7,3,2,5,3,0,3
magnate's,9,5,0,5,5,0,5
magnates,8,4,1,5,4,1,5
magnesia,8,3,0,3,3,0,3
magnesia's,10,3,0,3,3,0,3
magnesium,9,4,0,4,4,0,4
magnesium's,11,4,0,4,3,1,4
magnet,6,3,5,8,3,5,8
magnet's,8,5,3,8,5,3,8
magnetic,8,6,2,8,3,2,5
magnetically,12,6,1,7,6,1,7
magnetism,9,5,0,5,5,0,5
magnetism's,11,5,0,5,5,0,5
magnetization,13,3,1,4,3,1,4
magnetization's,15,3,0,3,4,0,4
magnetize,9,4,1,5,4,1,5
magnetized,10,4,1,5,3,3,6
magnetizes,10,3,2,5,3,1,4
magnetizing,11,4,1,5,2,1,3
magneto,7,2,2,4,2,2,4
magneto's,9,6,2,8,6,2,8
magnetos,8,3,1,4,3,1,4
magnetosphere,13,3,0,3,2,0,2
magnets,7,4,4,8,4,4,8
magnification,13,7,1,8,4,1,5
magnification's,15,9,0,9,4,0,4
magnifications,14,4,0,4,3,0,3
magnificence,12,2,1,3,2,2,4
magnificence's,14,3,1,4,3,0,3
magnificent,11,3,1,4,3,1,4
magnificently,13,3,1,4,2,1,3
magnified,9,5,3,8,5,3,8
magnifier,9,5,2,7,4,2,6
magnifier's,11,6,1,7,6,1,7
magnifiers,10,5,1,6,5,0,5
magnifies,9,5,2,7,5,2,7
magnify,7,4,2,6,4,2,6
magnifying,10,2,2,4,2,2,4
magnitude,9,4,1,5,3,2,5
magnitude's,11,6,0,6,4,1,5
magnitudes,10,5,1,6,4,1,5
magnolia,8,3,2,5,3,2,5
magnolia's,10,4,1,5,4,1,5
magnolias,9,4,1,5,4,1,5
magnum,6,4,2,6,4,2,6
magnum's,8,6,3,9,6,1,7
magnums,7,4,4,8,4,4,8
magpie,6,5,4,9,5,3,8
magpie's,8,7,6,13,6,6,12
magpies,7,4,6,10,4,6,10
maharaja,8,3,4,7,3,4,7
maharaja's,10,5,2,7,5,2,7
maharajah,9,2,3,5,2,3,5
maharajah's,11,3,1,4,3,1,4
maharajahs,10,4,1,5,4,1,5
maharajas,9,2,1,3,2,1,3
maharanee,9,2,1,3,2,1,3
maharanee's,11,3,0,3,3,0,3
maharanees,10,3,0,3,3,0,3
maharani,8,3,2,5,3,2,5
maharani's,10,4,2,6,3,2,5
maharanis,9,3,3,6,2,4,6
maharishi,9,2,1,3,2,2,4
maharishi's,11,2,1,3,3,1,4
maharishis,10,2,2,4,2,1,3
mahatma,7,3,3,6,3,2,5
mahatma's,9,5,1,6,5,1,6
mahatmas,8,2,3,5,2,3,5
mahjong,7,4,5,9,4,3,7
mahjong's,9,5,2,7,5,2,7
mahoganies,10,5,0,5,4,1,5
mahogany,8,1,6,7,3,5,8
mahogany's,10,6,3,9,5,3,8
maid,4,3,7,10,3,7,10
maid's,6,4,8,12,4,8,12
maiden,6,4,5,9,4,5,9
maiden's,8,6,3,9,6,3,9
maidenhair,10,3,1,4,3,1,4
maidenhair's,12,5,0,5,5,0,5
maidenhead,10,2,2,4,3,2,5
maidenhead's,12,4,1,5,4,1,5
maidenheads,11,2,1,3,2,1,3
maidenhood,10,4,1,5,3,2,5
maidenhood's,12,6,0,6,5,0,5
maidenly,8,2,4,6,3,3,6
maidens,7,6,3,9,6,3,9
maids,5,4,7,11,4,6,10
maidservant,11,3,0,3,3,0,3
maidservant's,13,4,0,4,3,0,3
maidservants,12,3,0,3,3,0,3
mail,4,4,7,11,4,7,11
mail's,6,6,6,12,6,6,12
mailbox,7,4,2,6,3,3,6
mailbox's,9,7,2,9,5,3,8
mailboxes,9,5,0,5,4,1,5
mailed,6,6,5,11,6,5,11
mailer,6,6,0,6,6,0,6
mailer's,8,8,2,10,8,2,10
mailers,7,5,3,8,6,6,12
mailing,7,6,6,12,6,6,12
mailing's,9,8,2,10,8,2,10
mailings,8,7,4,11,7,4,11
mailman,7,2,3,5,2,3,5
mailman's,9,5,2,7,6,1,7
mailmen,7,3,3,6,3,4,7
mails,5,5,7,12,5,6,11
maim,4,2,6,8,2,6,8
maimed,6,4,7,11,4,9,13
maiming,7,5,5,10,5,4,9
maims,5,4,7,11,3,6,9
main,4,4,8,12,4,8,12
main's,6,6,6,12,6,6,12
mainframe,9,2,3,5,3,2,5
mainframe's,11,5,0,5,4,0,4
mainframes,10,3,2,5,5,0,5
mainland,8,3,2,5,3,2,5
mainland's,10,5,1,6,5,1,6
mainlands,9,4,3,7,3,2,5
mainline,8,5,1,6,5,1,6
mainline's,10,5,0,5,5,1,6
mainlined,9,4,2,6,4,1,5
mainlines,9,4,0,4,4,0,4
mainlining,10,2,2,4,2,2,4
mainly,6,6,3,9,6,3,9
mainmast,8,3,1,4,3,1,4
mainmast's,10,4,0,4,3,1,4
mainmasts,9,2,1,3,2,1,3
mains,5,5,6,11,5,6,11
mainsail,8,4,2,6,4,2,6
mainsail's,10,2,1,3,2,1,3
mainsails,9,3,0,3,3,0,3
mainspring,10,4,1,5,4,1,5
mainspring's,12,3,1,4,3,1,4
mainsprings,11,4,2,6,3,1,4
mainstay,8,3,1,4,3,1,4
mainstay's,10,3,1,4,3,1,4
mainstays,9,4,0,4,3,0,3
mainstream,10,3,0,3,3,0,3
mainstream's,12,3,0,3,3,0,3
mainstreamed,12,4,0,4,4,0,4
mainstreaming,13,3,0,3,2,0,2
mainstreams,11,3,0,3,3,0,3
maintain,8,3,2,5,2,2,4
maintainability,15,1,1,2,1,1,2
maintainable,12,3,1,4,3,1,4
maintained,10,3,2,5,7,1,8
maintainer,10,3,3,6,6,2,8
maintainers,11,4,2,6,4,0,4
maintaining,11,2,1,3,2,2,4
maintains,9,2,5,7,3,4,7
maintenance,11,3,1,4,3,1,4
maintenance's,13,4,0,4,4,0,4
maize,5,4,5,9,4,5,9
maize's,7,6,4,10,6,5,11
maizes,6,5,4,9,4,5,9
majestic,8,4,1,5,4,1,5
majestically,12,5,0,5,3,0,3
majesties,9,4,1,5,4,0,4
majesty,7,4,2,6,3,1,4
majesty's,9,3,2,5,3,3,6
major,5,4,5,9,4,5,9
major's,7,7,1,8,7,1,8
majored,7,5,4,9,5,3,8
majorette,9,4,2,6,4,2,6
majorette's,11,6,1,7,5,0,5
majorettes,10,5,0,5,5,0,5
majoring,8,6,4,10,6,4,10
majorities,10,6,0,6,5,0,5
majority,8,4,3,7,3,3,6
majority's,10,4,1,5,3,1,4
majorly,7,5,3,8,2,4,6
majors,6,6,2,8,6,2,8
make,4,3,13,16,4,12,16
make's,6,6,10,16,6,10,16
maker,5,4,8,12,4,8,12
maker's,7,7,2,9,6,4,10
makers,6,5,7,12,5,7,12
makes,5,5,10,15,5,10,15
makeshift,9,4,0,4,4,0,4
makeshift's,11,4,0,4,4,0,4
makeshifts,10,3,1,4,3,1,4
makeup,6,2,5,7,2,5,7
makeup's,8,5,3,8,4,4,8
makeups,7,3,4,7,4,2,6
making,6,5,11,16,6,12,18
making's,8,8,4,12,8,3,11
makings,7,7,4,11,7,4,11
maladies,8,4,2,6,4,2,6
maladjusted,11,5,0,5,4,0,4
maladjustment,13,3,0,3,3,0,3
maladjustment's,15,3,0,3,2,0,2
maladroit,9,2,3,5,2,3,5
malady,6,3,5,8,3,5,8
malady's,8,5,4,9,5,4,9
malaise,7,4,1,5,3,2,5
malaise's,9,4,2,6,3,1,4
malapropism,11,3,1,4,4,1,5
malapropism's,13,4,1,5,4,1,5
malapropisms,12,4,0,4,4,0,4
malaria,7,3,3,6,3,4,7
malaria's,9,5,3,8,5,3,8
malarial,8,4,3,7,4,3,7
malarkey,8,3,2,5,3,2,5
malarkey's,10,5,0,5,4,0,4
malcontent,10,3,1,4,3,1,4
malcontent's,12,5,0,5,3,0,3
malcontents,11,4,1,5,4,1,5
male,4,4,4,8,4,3,7
male's,6,6,2,8,6,2,8
malediction,11,6,1,7,3,1,4
malediction's,13,8,0,8,4,0,4
maledictions,12,4,0,4,4,0,4
malefactor,10,3,1,4,3,1,4
malefactor's,12,4,0,4,4,0,4
malefactors,11,4,1,5,3,0,3
maleness,8,5,0,5,5,0,5
maleness's,10,6,0,6,6,0,6
males,5,5,6,11,5,7,12
malevolence,11,1,2,3,2,1,3
malevolence's,13,2,1,3,3,0,3
malevolent,10,3,1,4,3,1,4
malevolently,12,2,2,4,2,2,4
malfeasance,11,3,0,3,3,0,3
malfeasance's,13,3,0,3,3,0,3
malformation,12,5,1,6,3,1,4
malformation's,14,7,0,7,3,1,4
malformations,13,6,0,6,3,1,4
malformed,9,5,1,6,4,2,6
malfunction,11,3,1,4,3,2,5
malfunction's,13,7,0,7,4,1,5
malfunctioned,13,2,1,3,2,1,3
malfunctioning,14,2,1,3,2,1,3
malfunctions,12,5,1,6,5,1,6
malice,6,5,1,6,4,3,7
malice's,8,6,2,8,6,2,8
malicious,9,5,3,8,5,3,8
maliciously,11,6,1,7,6,1,7
malign,6,3,3,6,3,3,6
malignancies,12,3,0,3,3,0,3
malignancy,10,4,2,6,4,2,6
malignancy's,12,3,1,4,4,1,5
malignant,9,3,2,5,3,2,5
malignantly,11,1,3,4,2,2,4
maligned,8,5,4,9,4,3,7
maligning,9,3,2,5,3,2,5
malignity,9,2,2,4,2,2,4
malignity's,11,3,2,5,3,2,5
maligns,7,4,3,7,4,3,7
malinger,8,5,3,8,5,3,8
malingered,10,4,1,5,4,1,5
malingerer,10,2,1,3,2,1,3
malingerer's,12,3,0,3,3,0,3
malingerers,11,3,0,3,3,0,3
malingering,11,3,1,4,3,1,4
malingers,9,6,1,7,6,3,9
mall,4,3,8,11,3,8,11
mall's,6,5,7,12,5,7,12
mallard,7,4,4,8,4,3,7
mallard's,9,6,2,8,6,2,8
mallards,8,5,2,7,4,2,6
malleability,12,2,2,4,2,2,4
malleability's,14,5,0,5,4,0,4
malleable,9,2,1,3,2,1,3
mallet,6,5,4,9,5,4,9
mallet's,8,7,2,9,7,2,9
mallets,7,6,3,9,6,3,9
mallow,6,5,7,12,5,7,12
mallow's,8,7,4,11,7,4,11
mallows,7,5,6,11,5,6,11
malls,5,4,9,13,4,8,12
malnourished,12,3,0,3,3,0,3
malnutrition,12,2,1,3,2,1,3
malnutrition's,14,3,0,3,3,0,3
malodorous,10,3,2,5,3,1,4
malpractice,11,3,2,5,3,1,4
malpractice's,13,4,1,5,4,0,4
malpractices,12,3,1,4,3,1,4
malt,4,3,4,7,3,4,7
malt's,6,5,3,8,5,3,8
malted,6,5,3,8,5,3,8
malted's,8,5,1,6,5,1,6
malteds,7,3,3,6,4,2,6
malting,7,6,4,10,6,4,10
maltreat,8,3,1,4,3,1,4
maltreated,10,4,1,5,4,1,5
maltreating,11,5,1,6,4,2,6
maltreatment,12,1,2,3,1,2,3
maltreatment's,14,2,0,2,2,1,3
maltreats,9,4,1,5,4,2,6
malts,5,4,4,8,4,3,7
malware,7,3,3,6,3,3,6
malware's,9,5,3,8,5,3,8
mama,4,2,3,5,2,2,4
mama's,6,4,2,6,4,2,6
mamas,5,3,1,4,3,1,4
mambo,5,3,6,9,3,6,9
mambo's,7,4,6,10,5,5,10
mamboed,7,3,6,9,3,6,9
mamboing,8,5,5,10,4,6,10
mambos,6,4,4,8,4,4,8
mamma,5,2,2,4,2,2,4
mamma's,7,4,1,5,4,1,5
mammal,6,2,6,8,3,4,7
mammal's,8,4,5,9,5,3,8
mammalian,9,3,4,7,4,2,6
mammalian's,11,5,3,8,5,2,7
mammalians,10,4,3,7,5,1,6
mammals,7,3,5,8,4,4,8
mammary,7,3,6,9,4,3,7
mammas,6,3,2,5,3,2,5
mammogram,9,2,3,5,2,3,5
mammogram's,11,3,2,5,3,2,5
mammograms,10,2,3,5,3,2,5
mammography,11,6,3,9,2,3,5
mammography's,13,8,3,11,3,2,5
mammon,6,4,4,8,4,4,8
mammon's,8,6,3,9,6,3,9
mammoth,7,4,4,8,3,5,8
mammoth's,9,5,5,10,5,4,9
mammoths,8,4,4,8,4,4,8
man,3,3,7,10,3,8,11
man's,5,5,8,13,5,9,14
manacle,7,3,2,5,3,1,4
manacle's,9,6,0,6,6,0,6
manacled,8,4,1,5,4,3,7
manacles,8,4,1,5,4,1,5
manacling,9,4,2,6,4,2,6
manage,6,3,2,5,3,2,5
manageability,13,2,1,3,2,1,3
manageability's,15,6,0,6,3,0,3
manageable,10,2,1,3,2,1,3
managed,7,3,7,10,3,7,10
management,10,2,1,3,2,1,3
management's,12,4,0,4,4,0,4
manager,7,6,3,9,6,3,9
manager's,9,5,5,10,5,5,10
managerial,10,3,1,4,3,1,4
managers,8,7,3,10,7,1,8
manages,7,4,3,7,5,1,6
managing,8,3,2,5,3,2,5
manatee,7,2,1,3,2,0,2
manatee's,9,4,0,4,4,0,4
manatees,8,3,0,3,3,0,3
mandarin,8,3,2,5,3,2,5
mandarin's,10,5,1,6,4,1,5
mandarins,9,4,2,6,4,2,6
mandate,7,3,4,7,3,3,6
mandate's,9,5,3,8,5,3,8
mandated,8,4,3,7,4,4,8
mandates,8,5,3,8,5,2,7
mandating,9,3,3,6,3,3,6
mandatory,9,1,4,5,1,4,5
mandible,8,4,2,6,7,2,9
mandible's,10,6,1,7,9,2,11
mandibles,9,5,2,7,8,1,9
mandolin,8,4,2,6,4,3,7
mandolin's,10,5,1,6,5,1,6
mandolins,9,5,3,8,4,3,7
mandrake,8,4,2,6,3,2,5
mandrake's,10,6,1,7,5,0,5
mandrakes,9,4,1,5,4,3,7
mandrill,8,5,3,8,5,3,8
mandrill's,10,7,3,10,7,3,10
mandrills,9,6,4,10,6,4,10
mane,4,4,9,13,4,9,13
mane's,6,6,8,14,6,8,14
manes,5,5,6,11,5,6,11
maneuver,8,3,4,7,3,5,8
maneuver's,10,5,1,6,5,2,7
maneuverability,15,2,1,3,1,2,3
maneuverability's,17,1,0,1,1,0,1
maneuverable,12,1,2,3,1,2,3
maneuvered,10,2,1,3,2,1,3
maneuvering,11,5,1,6,2,1,3
maneuvers,9,4,1,5,3,3,6
manful,6,4,5,9,4,5,9
manfully,8,4,4,8,3,4,7
manga,5,4,3,7,4,3,7
manga's,7,6,2,8,6,2,8
manganese,9,4,0,4,4,0,4
manganese's,11,5,1,6,4,0,4
mange,5,5,2,7,5,3,8
mange's,7,5,5,10,5,5,10
manger,6,5,6,11,5,6,11
manger's,8,7,4,11,7,4,11
mangers,7,6,4,10,6,6,12
mangier,7,7,3,10,7,4,11
mangiest,8,8,2,10,8,4,12
mangle,6,6,4,10,6,5,11
mangle's,8,8,4,12,8,3,11
mangled,7,7,3,10,7,3,10
mangles,7,7,4,11,7,4,11
mangling,8,6,4,10,6,4,10
mango,5,3,6,9,3,6,9
mango's,7,5,5,10,5,5,10
mangoes,7,5,4,9,5,4,9
mangos,6,3,6,9,4,4,8
mangrove,8,3,3,6,3,3,6
mangrove's,10,5,2,7,6,1,7
mangroves,9,4,2,6,4,2,6
mangy,5,5,5,10,5,5,10
manhandle,9,7,1,8,7,1,8
manhandled,10,7,1,8,7,1,8
manhandles,10,8,0,8,8,1,9
manhandling,11,8,1,9,8,2,10
manhole,7,6,2,8,6,1,7
manhole's,9,8,1,9,8,1,9
manholes,8,5,2,7,5,2,7
manhood,7,3,4,7,3,2,5
manhood's,9,5,1,6,5,1,6
manhunt,7,3,5,8,3,4,7
manhunt's,9,5,3,8,5,3,8
manhunts,8,4,4,8,4,4,8
mania,5,3,4,7,3,4,7
mania's,7,5,3,8,5,3,8
maniac,6,3,3,6,3,3,6
maniac's,8,5,2,7,5,2,7
maniacal,8,2,2,4,2,2,4
maniacs,7,5,2,7,5,2,7
manias,6,4,4,8,4,4,8
manic,5,5,4,9,5,4,9
manic's,7,7,4,11,7,4,11
manics,6,6,4,10,6,4,10
manicure,8,4,1,5,3,2,5
manicure's,10,6,0,6,5,0,5
manicured,9,4,2,6,4,1,5
manicures,9,5,0,5,4,1,5
manicuring,10,6,2,8,5,3,8
manicurist,10,4,0,4,4,0,4
manicurist's,12,4,0,4,4,0,4
manicurists,11,4,0,4,4,0,4
manifest,8,6,0,6,6,0,6
manifest's,10,4,0,4,5,1,6
manifestation,13,2,0,2,2,0,2
manifestation's,15,2,0,2,2,0,2
manifestations,14,2,0,2,2,0,2
manifested,10,6,0,6,3,1,4
manifesting,11,3,0,3,3,0,3
manifestly,10,6,0,6,3,0,3
manifesto,9,4,0,4,3,0,3
manifesto's,11,3,0,3,4,0,4
manifestoes,11,2,0,2,2,0,2
manifestos,10,3,1,4,4,1,5
manifests,9,4,2,6,4,2,6
manifold,8,3,2,5,7,2,9
manifold's,10,5,2,7,6,2,8
manifolded,10,3,1,4,3,1,4
manifolding,11,3,1,4,3,2,5
manifolds,9,5,2,7,8,2,10
manikin,7,3,2,5,3,3,6
manikin's,9,4,3,7,5,2,7
manikins,8,3,3,6,3,3,6
manipulate,10,5,1,6,4,1,5
manipulated,11,4,1,5,4,1,5
manipulates,11,5,0,5,5,0,5
manipulating,12,3,1,4,4,1,5
manipulation,12,3,1,4,4,1,5
manipulation's,14,4,0,4,4,0,4
manipulations,13,4,0,4,4,1,5
manipulative,12,3,1,4,4,1,5
manipulator,11,2,2,4,2,2,4
manipulator's,13,3,0,3,3,1,4
manipulators,12,4,1,5,3,1,4
mankind,7,2,3,5,4,3,7
mankind's,9,5,2,7,5,2,7
manlier,7,6,2,8,6,3,9
manliest,8,7,1,8,7,3,10
manliness,9,6,0,6,6,0,6
manliness's,11,7,0,7,7,0,7
manly,5,5,4,9,5,4,9
manna,5,3,3,6,3,3,6
manna's,7,5,2,7,5,2,7
manned,6,5,6,11,5,7,12
mannequin,9,2,1,3,2,1,3
mannequin's,11,5,1,6,3,0,3
mannequins,10,3,3,6,4,0,4
manner,6,5,3,8,5,4,9
manner's,8,6,2,8,6,2,8
mannered,8,5,3,8,5,2,7
mannerism,9,5,0,5,5,0,5
mannerism's,11,5,1,6,5,0,5
mannerisms,10,4,1,5,3,1,4
mannerly,8,6,1,7,6,1,7
manners,7,5,2,7,5,3,8
mannikin,8,1,3,4,1,3,4
mannikin's,10,4,2,6,3,2,5
mannikins,9,4,4,8,4,3,7
manning,7,5,2,7,5,2,7
mannish,7,6,4,10,6,5,11
mannishly,9,8,2,10,8,2,10
mannishness,11,3,0,3,3,0,3
mannishness's,13,3,0,3,3,0,3
manor,5,3,4,7,3,4,7
manor's,7,7,2,9,7,2,9
manorial,8,3,2,5,3,2,5
manors,6,6,3,9,6,3,9
manpower,8,5,4,9,4,5,9
manpower's,10,5,4,9,7,4,11
manqué,6,3,5,8,3,5,8
mans,4,4,10,14,4,8,12
mansard,7,3,2,5,4,2,6
mansard's,9,3,2,5,2,2,4
mansards,8,3,2,5,4,2,6
manse,5,4,4,8,4,4,8
manse's,7,5,3,8,5,3,8
manservant,10,3,1,4,3,1,4
manservant's,12,3,0,3,3,0,3
manses,6,3,5,8,3,5,8
mansion,7,4,1,5,4,1,5
mansion's,9,5,1,6,4,1,5
mansions,8,3,2,5,3,2,5
manslaughter,12,2,1,3,2,1,3
manslaughter's,14,3,0,3,2,1,3
mantel,6,5,4,9,5,4,9
mantel's,8,7,3,10,7,3,10
mantelpiece,11,2,1,3,1,1,2
mantelpiece's,13,3,0,3,2,0,2
mantelpieces,12,2,0,2,2,0,2
mantels,7,5,2,7,4,2,6
mantes,6,5,5,10,4,6,10
mantilla,8,2,2,4,2,2,4
mantilla's,10,3,1,4,3,1,4
mantillas,9,4,1,5,4,1,5
mantis,6,4,4,8,5,4,9
mantis's,8,5,3,8,5,4,9
mantises,8,3,2,5,3,2,5
mantissa,8,2,0,2,2,0,2
mantle,6,5,4,9,5,3,8
mantle's,8,6,2,8,5,4,9
mantled,7,5,3,8,4,4,8
mantlepiece,11,2,1,3,1,1,2
mantlepieces,12,2,0,2,2,0,2
mantles,7,6,4,10,5,4,9
mantling,8,4,5,9,4,5,9
mantra,6,2,5,7,2,5,7
mantra's,8,4,4,8,4,4,8
mantras,7,4,3,7,4,2,6
manual,6,3,3,6,3,3,6
manual's,8,5,2,7,5,2,7
manually,8,2,4,6,2,4,6
manuals,7,4,3,7,4,3,7
manufacture,11,2,2,4,4,1,5
manufacture's,13,5,1,6,4,1,5
manufactured,12,8,3,11,4,3,7
manufacturer,12,8,3,11,4,3,7
manufacturer's,14,3,0,3,3,1,4
manufacturers,13,3,1,4,3,1,4
manufactures,12,2,2,4,2,2,4
manufacturing,13,3,1,4,1,3,4
manufacturing's,15,3,0,3,2,2,4
manumit,7,4,2,6,4,3,7
manumits,8,4,3,7,4,4,8
manumitted,10,5,2,7,5,2,7
manumitting,11,4,2,6,2,3,5
manure,6,4,4,8,4,4,8
manure's,8,6,4,10,6,1,7
manured,7,7,1,8,7,2,9
manures,7,4,4,8,4,4,8
manuring,8,5,3,8,5,3,8
manuscript,10,3,1,4,4,1,5
manuscript's,12,5,1,6,4,1,5
manuscripts,11,2,2,4,4,1,5
many,4,3,8,11,3,8,11
many's,6,5,7,12,5,7,12
manège,6,3,4,7,3,3,6
manège's,8,5,3,8,5,4,9
map,3,3,8,11,3,4,7
map's,5,5,9,14,5,6,11
maple,5,3,4,7,3,3,6
maple's,7,5,3,8,5,4,9
maples,6,5,4,9,5,5,10
mapped,6,4,7,11,5,7,12
mapper,6,4,6,10,5,5,10
mapping,7,5,7,12,6,6,12
mappings,8,6,5,11,6,5,11
maps,4,4,3,7,4,4,8
mar,3,3,0,3,3,1,4
marabou,7,3,5,8,3,4,7
marabou's,9,5,1,6,5,3,8
marabous,8,5,2,7,5,2,7
maraca,6,2,2,4,2,2,4
maraca's,8,4,1,5,4,1,5
maracas,7,3,2,5,3,2,5
marathon,8,3,3,6,4,3,7
marathon's,10,5,2,7,7,1,8
marathoner,10,3,2,5,4,1,5
marathoner's,12,4,0,4,4,0,4
marathoners,11,4,1,5,4,0,4
marathons,9,4,3,7,4,2,6
maraud,6,2,5,7,2,5,7
marauded,8,3,3,6,3,1,4
marauder,8,3,1,4,3,2,5
marauder's,10,5,2,7,5,1,6
marauders,9,4,1,5,4,1,5
marauding,9,5,3,8,5,3,8
marauds,7,3,3,6,3,3,6
marble,6,5,1,6,5,1,6
marble's,8,7,1,8,7,2,9
marbled,7,7,2,9,7,3,10
marbles,7,7,2,9,7,2,9
marbling,8,8,2,10,6,2,8
marbling's,10,7,3,10,5,2,7
march,5,5,7,12,5,7,12
march's,7,7,4,11,7,4,11
marched,7,7,2,9,7,2,9
marcher,7,4,3,7,4,3,7
marcher's,9,6,1,7,6,1,7
marchers,8,4,3,7,4,2,6
marches,7,7,2,9,7,2,9
marching,8,8,3,11,8,3,11
marchioness,11,5,0,5,4,0,4
marchioness's,13,6,0,6,5,0,5
marchionesses,13,3,0,3,2,0,2
mare,4,4,8,12,4,7,11
mare's,6,6,6,12,6,6,12
mares,5,5,7,12,5,6,11
margarine,9,5,1,6,4,1,5
margarine's,11,7,0,7,5,0,5
margarita,9,2,3,5,2,3,5
margarita's,11,3,1,4,3,1,4
margaritas,10,3,1,4,3,1,4
margin,6,5,6,11,5,6,11
margin's,8,7,5,12,7,5,12
marginal,8,3,3,6,3,3,6
marginalia,10,3,2,5,4,2,6
marginalia's,12,4,1,5,5,1,6
marginally,10,5,2,7,4,3,7
margins,7,7,4,11,7,4,11
maria,5,4,2,6,4,2,6
maria's,7,6,1,7,6,1,7
mariachi,8,2,2,4,2,2,4
mariachi's,10,4,1,5,4,1,5
mariachis,9,4,2,6,4,2,6
marigold,8,2,3,5,6,3,9
marigold's,10,5,2,7,7,1,8
marigolds,9,3,3,6,7,3,10
marihuana,9,7,2,9,7,2,9
marihuana's,11,9,1,10,9,1,10
marijuana,9,6,3,9,6,3,9
marijuana's,11,8,2,10,8,2,10
marimba,7,2,4,6,2,4,6
marimba's,9,4,3,7,3,3,6
marimbas,8,3,1,4,3,1,4
marina,6,5,2,7,5,2,7
marina's,8,7,1,8,7,1,8
marinade,8,5,2,7,3,2,5
marinade's,10,7,0,7,5,1,6
marinaded,9,3,1,4,3,1,4
marinades,9,5,1,6,8,0,8
marinading,10,7,2,9,7,2,9
marinas,7,5,2,7,5,1,6
marinate,8,6,1,7,6,1,7
marinated,9,7,1,8,7,1,8
marinates,9,7,0,7,7,1,8
marinating,10,6,3,9,6,3,9
marine,6,5,0,5,6,0,6
marine's,8,7,0,7,6,1,7
mariner,7,4,1,5,4,1,5
mariner's,9,7,1,8,7,1,8
mariners,8,6,3,9,6,2,8
marines,7,6,0,6,6,0,6
marionette,10,2,1,3,2,1,3
marionette's,12,4,0,4,4,0,4
marionettes,11,5,0,5,4,0,4
marital,7,4,3,7,4,3,7
maritime,8,4,1,5,4,1,5
marjoram,8,1,5,6,2,5,7
marjoram's,10,3,4,7,3,2,5
mark,4,4,4,8,4,4,8
mark's,6,6,3,9,6,3,9
markdown,8,3,3,6,3,3,6
markdown's,10,6,1,7,7,1,8
markdowns,9,5,2,7,3,4,7
marked,6,6,3,9,5,2,7
markedly,8,3,1,4,3,1,4
marker,6,4,1,5,4,2,6
marker's,8,6,1,7,6,1,7
markers,7,5,1,6,5,1,6
market,6,4,5,9,4,5,9
market's,8,6,3,9,6,3,9
marketability,13,2,1,3,2,1,3
marketability's,15,5,0,5,3,0,3
marketable,10,2,2,4,2,2,4
marketed,8,5,3,8,5,2,7
marketer,8,2,2,4,2,2,4
marketer's,10,5,1,6,5,1,6
marketers,9,4,1,5,4,1,5
marketing,9,8,2,10,8,2,10
marketing's,11,7,1,8,8,1,9
marketplace,11,2,2,4,3,1,4
marketplace's,13,4,0,4,3,0,3
marketplaces,12,4,0,4,4,0,4
markets,7,6,3,9,6,3,9
marking,7,6,5,11,6,6,12
marking's,9,8,2,10,8,2,10
markings,8,7,5,12,7,5,12
marks,5,5,3,8,5,5,10
marksman,8,3,3,6,3,2,5
marksman's,10,3,2,5,3,2,5
marksmanship,12,3,0,3,3,0,3
marksmanship's,14,3,0,3,3,0,3
marksmen,8,3,1,4,4,1,5
markup,6,4,5,9,4,5,9
markup's,8,7,4,11,7,4,11
markups,7,4,4,8,4,4,8
marlin,6,6,3,9,6,3,9
marlin's,8,8,2,10,8,2,10
marlins,7,7,5,12,7,5,12
marmalade,9,2,1,3,2,1,3
marmalade's,11,4,0,4,3,0,3
marmoset,8,3,1,4,5,1,6
marmoset's,10,5,0,5,6,0,6
marmosets,9,3,1,4,3,1,4
marmot,6,3,4,7,3,4,7
marmot's,8,6,3,9,6,3,9
marmots,7,5,4,9,6,3,9
maroon,6,4,2,6,4,3,7
maroon's,8,6,1,7,6,2,8
marooned,8,4,1,5,5,1,6
marooning,9,4,2,6,3,2,5
maroons,7,5,2,7,5,3,8
marquee,7,2,3,5,2,2,4
marquee's,9,4,2,6,4,2,6
marquees,8,5,0,5,5,0,5
marquess,8,3,2,5,3,2,5
marquess's,10,4,1,5,3,1,4
marquesses,10,4,1,5,4,1,5
marquetry,9,8,1,9,8,1,9
marquetry's,11,10,0,10,10,0,10
marquis,7,3,3,6,3,3,6
marquis's,9,6,1,7,5,2,7
marquise,8,4,1,5,4,1,5
marquise's,10,6,1,7,3,1,4
marquises,9,4,1,5,4,1,5
marred,6,5,2,7,5,2,7
marriage,8,5,2,7,5,3,8
marriage's,10,7,2,9,7,1,8
marriageable,12,3,1,4,3,1,4
marriages,9,5,2,7,5,1,6
married,7,6,3,9,6,3,9
married's,9,6,1,7,6,1,7
marrieds,8,3,1,4,5,1,6
marries,7,6,4,10,6,4,10
marring,7,6,5,11,6,5,11
marrow,6,4,7,11,4,7,11
marrow's,8,7,5,12,6,6,12
marrows,7,6,5,11,6,5,11
marry,5,4,7,11,4,7,11
marrying,8,7,5,12,7,5,12
mars,4,4,3,7,4,5,9
marsh,5,4,2,6,4,2,6
marsh's,7,4,3,7,4,3,7
marshal,7,2,3,5,3,2,5
marshal's,9,3,3,6,3,2,5
marshaled,9,4,1,5,3,1,4
marshaling,10,5,1,6,4,1,5
marshalled,10,6,0,6,4,0,4
marshalling,11,4,2,6,3,2,5
marshals,8,2,3,5,2,3,5
marshes,7,4,1,5,3,1,4
marshier,8,3,0,3,3,0,3
marshiest,9,6,0,6,5,1,6
marshmallow,11,2,2,4,3,1,4
marshmallow's,13,5,0,5,4,0,4
marshmallows,12,2,1,3,3,1,4
marshy,6,3,3,6,2,3,5
marsupial,9,3,2,5,3,2,5
marsupial's,11,3,2,5,2,2,4
marsupials,10,2,3,5,3,2,5
mart,4,4,7,11,4,7,11
mart's,6,6,6,12,6,6,12
marten,6,5,3,8,4,3,7
marten's,8,7,1,8,6,1,7
martens,7,5,2,7,5,2,7
martial,7,6,3,9,6,2,8
martin,6,6,4,10,6,4,10
martin's,8,8,3,11,8,3,11
martinet,8,5,2,7,4,2,6
martinet's,10,8,0,8,5,0,5
martinets,9,4,1,5,4,1,5
martini,7,4,2,6,4,4,8
martini's,9,6,1,7,6,1,7
martinis,8,3,3,6,3,3,6
martins,7,6,6,12,6,6,12
marts,5,5,6,11,5,7,12
martyr,6,2,5,7,2,5,7
martyr's,8,4,5,9,4,4,8
martyrdom,9,3,3,6,3,3,6
martyrdom's,11,5,1,6,3,2,5
martyred,8,3,4,7,6,1,7
martyring,9,4,4,8,4,4,8
martyrs,7,4,6,10,5,5,10
marvel,6,5,4,9,5,4,9
marvel's,8,7,2,9,7,2,9
marveled,8,5,3,8,6,2,8
marveling,9,7,3,10,7,3,10
marvelled,9,4,3,7,6,2,8
marvelling,10,6,3,9,8,1,9
marvellously,12,5,0,5,4,0,4
marvelous,9,5,1,6,6,1,7
marvelously,11,5,0,5,4,1,5
marvels,7,5,4,9,5,4,9
marzipan,8,5,2,7,5,2,7
marzipan's,10,7,1,8,7,1,8
mas,3,3,9,12,3,9,12
mascara,7,2,2,4,2,2,4
mascara's,9,3,1,4,3,2,5
mascaraed,9,4,1,5,4,1,5
mascaraing,10,5,1,6,4,1,5
mascaras,8,2,2,4,2,1,3
mascot,6,3,3,6,3,3,6
mascot's,8,4,2,6,3,1,4
mascots,7,4,3,7,4,3,7
masculine,9,6,0,6,5,0,5
masculine's,11,5,0,5,5,0,5
masculines,10,4,0,4,4,0,4
masculinity,11,3,0,3,3,1,4
masculinity's,13,2,0,2,2,0,2
mash,4,4,6,10,4,7,11
mash's,6,5,7,12,5,7,12
mashed,6,6,7,13,6,7,13
masher,6,6,5,11,6,5,11
masher's,8,7,3,10,7,3,10
mashers,7,6,3,9,6,3,9
mashes,6,5,6,11,5,6,11
mashing,7,7,5,12,7,6,13
mashup,6,4,3,7,4,3,7
mashup's,8,3,3,6,3,3,6
mashups,7,2,4,6,2,4,6
mask,4,3,6,9,3,6,9
mask's,6,4,5,9,4,5,9
masked,6,5,6,11,5,7,12
masking,7,6,3,9,6,4,10
masks,5,3,5,8,3,5,8
masochism,9,3,1,4,3,1,4
masochism's,11,4,0,4,3,0,3
masochist,9,3,1,4,2,1,3
masochist's,11,4,0,4,2,0,2
masochistic,11,2,0,2,2,0,2
masochists,10,4,1,5,1,2,3
mason,5,5,3,8,5,3,8
mason's,7,6,2,8,6,2,8
masonic,7,5,0,5,5,1,6
masonry,7,3,2,5,3,2,5
masonry's,9,4,2,6,3,2,5
masons,6,2,3,5,4,2,6
masque,6,5,3,8,5,5,10
masque's,8,7,1,8,7,1,8
masquerade,10,2,1,3,2,1,3
masquerade's,12,6,1,7,4,1,5
masqueraded,11,6,1,7,3,1,4
masquerader,11,6,1,7,3,1,4
masquerader's,13,2,1,3,2,1,3
masqueraders,12,6,1,7,4,1,5
masquerades,11,3,0,3,3,0,3
masquerading,12,8,0,8,3,0,3
masques,7,5,1,6,5,1,6
mass,4,3,1,4,3,2,5
mass's,6,4,2,6,4,2,6
massacre,8,4,1,5,4,0,4
massacre's,10,4,0,4,3,0,3
massacred,9,2,1,3,5,0,5
massacres,9,2,2,4,2,1,3
massacring,10,5,0,5,3,0,3
massage,7,5,1,6,5,0,5
massage's,9,6,1,7,6,1,7
massaged,8,3,0,3,3,0,3
massages,8,5,1,6,5,1,6
massaging,9,3,1,4,2,1,3
massed,6,5,5,10,5,5,10
masses,6,4,2,6,4,2,6
masseur,7,3,2,5,3,0,3
masseur's,9,4,2,6,3,1,4
masseurs,8,2,2,4,2,2,4
masseuse,8,2,0,2,2,0,2
masseuse's,10,1,0,1,1,0,1
masseuses,9,3,1,4,2,0,2
massing,7,6,3,9,6,3,9
massive,7,6,0,6,6,2,8
massively,9,8,0,8,8,0,8
massiveness,11,2,0,2,2,0,2
massiveness's,13,1,0,1,1,0,1
mast,4,4,6,10,4,6,10
mast's,6,5,6,11,5,6,11
mastectomies,12,3,0,3,3,0,3
mastectomy,10,3,1,4,4,1,5
mastectomy's,12,3,1,4,4,1,5
master,6,6,3,9,6,3,9
master's,8,7,3,10,7,3,10
mastered,8,7,1,8,7,0,7
masterful,9,4,1,5,5,1,6
masterfully,11,3,1,4,3,1,4
mastering,9,9,0,9,9,0,9
masterly,8,5,0,5,4,0,4
mastermind,10,3,1,4,4,1,5
mastermind's,12,5,0,5,5,0,5
masterminded,12,3,0,3,3,0,3
masterminding,13,2,0,2,2,0,2
masterminds,11,5,0,5,5,0,5
masterpiece,11,4,0,4,3,0,3
masterpiece's,13,2,0,2,2,0,2
masterpieces,12,5,0,5,5,0,5
masters,7,6,0,6,6,0,6
masterstroke,12,1,1,2,2,1,3
masterstroke's,14,2,1,3,2,1,3
masterstrokes,13,1,1,2,1,1,2
masterwork,10,5,1,6,5,1,6
masterwork's,12,4,1,5,4,1,5
masterworks,11,4,1,5,4,1,5
mastery,7,5,1,6,5,1,6
mastery's,9,6,1,7,5,1,6
masthead,8,3,0,3,3,0,3
masthead's,10,4,0,4,3,0,3
mastheads,9,4,1,5,3,1,4
masticate,9,6,0,6,6,0,6
masticated,10,4,0,4,5,0,5
masticates,10,4,0,4,6,0,6
masticating,11,5,0,5,7,0,7
mastication,11,6,0,6,7,0,7
mastication's,13,7,0,7,5,0,5
mastiff,7,3,3,6,3,3,6
mastiff's,9,4,2,6,3,3,6
mastiffs,8,3,3,6,4,3,7
mastodon,8,3,2,5,3,2,5
mastodon's,10,4,2,6,3,2,5
mastodons,9,3,2,5,3,2,5
mastoid,7,5,0,5,5,1,6
mastoid's,9,6,1,7,6,1,7
mastoids,8,4,2,6,5,2,7
masts,5,4,5,9,4,5,9
masturbate,10,3,1,4,3,1,4
masturbated,11,3,1,4,3,1,4
masturbates,11,3,1,4,3,1,4
masturbating,12,8,0,8,9,0,9
masturbation,12,5,0,5,9,0,9
masturbation's,14,5,0,5,3,0,3
mat,3,3,10,13,3,10,13
mat's,5,5,8,13,5,8,13
matador,7,3,4,7,2,2,4
matador's,9,4,1,5,3,1,4
matadors,8,4,2,6,4,2,6
match,5,5,7,12,5,7,12
match's,7,7,5,12,7,5,12
matchbook,9,2,3,5,2,3,5
matchbook's,11,3,1,4,3,1,4
matchbooks,10,3,2,5,4,1,5
matchbox,8,6,3,9,6,3,9
matchbox's,10,8,2,10,6,2,8
matchboxes,10,4,1,5,4,1,5
matched,7,7,4,11,7,4,11
matches,7,7,4,11,7,4,11
matching,8,8,6,14,8,6,14
matchless,9,4,1,5,4,1,5
matchmaker,10,6,2,8,3,3,6
matchmaker's,12,8,0,8,5,1,6
matchmakers,11,7,1,8,5,1,6
matchmaking,11,5,1,6,5,3,8
matchmaking's,13,8,1,9,3,2,5
matchstick,10,3,2,5,4,1,5
matchstick's,12,4,1,5,3,1,4
matchsticks,11,3,1,4,3,1,4
mate,4,3,11,14,4,10,14
mate's,6,5,10,15,5,9,14
mated,5,5,5,10,5,5,10
material,8,3,3,6,4,3,7
material's,10,7,1,8,5,0,5
materialism,11,4,0,4,4,0,4
materialism's,13,5,0,5,4,0,4
materialist,11,3,0,3,4,0,4
materialist's,13,5,0,5,4,0,4
materialistic,13,3,0,3,2,0,2
materialistically,17,1,0,1,1,0,1
materialists,12,3,0,3,3,0,3
materialization,15,1,1,2,1,1,2
materialization's,17,1,0,1,1,0,1
materialize,11,3,2,5,2,1,3
materialized,12,2,1,3,2,1,3
materializes,12,3,0,3,3,0,3
materializing,13,3,1,4,2,1,3
materially,10,8,1,9,8,1,9
materials,9,6,1,7,4,0,4
maternal,8,7,1,8,7,1,8
maternally,10,7,2,9,7,2,9
maternity,9,8,1,9,8,1,9
maternity's,11,10,0,10,10,0,10
mates,5,5,7,12,5,7,12
math,4,4,6,10,4,6,10
mathematical,12,3,1,4,3,1,4
mathematically,14,2,1,3,2,1,3
mathematician,13,2,1,3,2,1,3
mathematician's,15,4,0,4,3,0,3
mathematicians,14,4,0,4,3,0,3
mathematics,11,3,2,5,2,4,6
mathematics's,13,4,0,4,3,0,3
mating,6,5,8,13,5,8,13
matins,6,6,4,10,6,4,10
matins's,8,4,2,6,5,2,7
matinée,7,4,2,6,5,1,6
matinée's,9,6,1,7,6,1,7
matinées,8,5,1,6,5,2,7
matriarch,9,7,2,9,7,2,9
matriarch's,11,9,1,10,9,1,10
matriarchal,11,8,2,10,8,2,10
matriarchies,12,9,0,9,9,0,9
matriarchs,10,8,2,10,8,2,10
matriarchy,10,8,2,10,8,2,10
matriarchy's,12,10,1,11,10,1,11
matrices,8,5,0,5,5,0,5
matricide,9,8,1,9,8,1,9
matricide's,11,10,0,10,10,0,10
matricides,10,9,0,9,9,0,9
matriculate,11,3,1,4,3,1,4
matriculated,12,5,1,6,3,1,4
matriculates,12,4,0,4,5,0,5
matriculating,13,9,1,10,9,1,10
matriculation,13,9,1,10,9,1,10
matriculation's,15,5,0,5,4,0,4
matrimonial,11,3,1,4,4,2,6
matrimony,9,4,2,6,4,2,6
matrimony's,11,5,1,6,5,1,6
matrix,6,4,4,8,4,4,8
matrix's,8,5,3,8,6,3,9
matrixes,8,6,2,8,6,2,8
matron,6,6,3,9,6,3,9
matron's,8,8,2,10,8,2,10
matronly,8,3,3,6,3,3,6
matrons,7,7,3,10,7,3,10
mats,4,4,7,11,4,7,11
matt,4,2,7,9,2,7,9
matte,5,3,5,8,3,5,8
matte's,7,6,5,11,6,4,10
matted,6,5,4,9,5,4,9
matter,6,5,5,10,5,5,10
matter's,8,7,3,10,7,3,10
mattered,8,6,3,9,6,3,9
mattering,9,8,2,10,8,2,10
matters,7,6,2,8,6,4,10
mattes,6,4,6,10,4,6,10
matting,7,6,6,12,6,6,12
matting's,9,7,6,13,7,3,10
mattock,7,5,6,11,4,5,9
mattock's,9,7,4,11,6,4,10
mattocks,8,6,4,10,5,4,9
mattress,8,4,3,7,4,3,7
mattress's,10,5,2,7,5,2,7
mattresses,10,4,1,5,4,1,5
matts,5,3,6,9,3,6,9
maturation,10,4,2,6,5,2,7
maturation's,12,4,1,5,4,1,5
mature,6,3,3,6,4,3,7
matured,7,6,2,8,6,3,9
maturely,8,4,2,6,3,2,5
maturer,7,3,1,4,3,2,5
matures,7,4,4,8,4,4,8
maturest,8,4,0,4,4,1,5
maturing,8,5,4,9,5,4,9
maturities,10,6,0,6,5,0,5
maturity,8,4,3,7,3,3,6
maturity's,10,5,3,8,4,3,7
matzo,5,3,7,10,3,7,10
matzo's,7,5,5,10,5,5,10
matzoh,6,3,5,8,3,5,8
matzoh's,8,6,4,10,5,4,9
matzohs,7,5,5,10,4,6,10
matzos,6,4,5,9,4,5,9
matzot,6,2,6,8,2,6,8
matzoth,7,4,4,8,4,5,9
matériel,8,3,2,5,3,2,5
matériel's,10,3,1,4,4,0,4
maudlin,7,5,3,8,5,3,8
maul,4,3,7,10,3,7,10
maul's,6,5,6,11,5,6,11
mauled,6,5,4,9,5,4,9
mauling,7,6,4,10,6,4,10
mauls,5,4,6,10,4,5,9
maunder,7,5,5,10,5,5,10
maundered,9,6,3,9,6,3,9
maundering,10,8,3,11,8,3,11
maunders,8,7,3,10,7,2,9
mausolea,8,2,2,4,2,2,4
mausoleum,9,3,0,3,3,0,3
mausoleum's,11,5,0,5,4,0,4
mausoleums,10,3,1,4,3,1,4
mauve,5,4,8,12,4,8,12
mauve's,7,6,6,12,6,6,12
maven,5,4,6,10,4,6,10
maven's,7,6,4,10,6,4,10
mavens,6,5,6,11,5,6,11
maverick,8,4,3,7,3,3,6
maverick's,10,4,2,6,4,3,7
mavericks,9,4,1,5,4,3,7
mavin,5,3,8,11,3,8,11
mavin's,7,5,6,11,5,6,11
mavins,6,5,5,10,5,5,10
maw,3,2,11,13,2,11,13
maw's,5,4,10,14,4,10,14
mawkish,7,5,5,10,5,6,11
mawkishly,9,7,3,10,7,3,10
maws,4,3,9,12,3,9,12
maxed,5,4,6,10,4,6,10
maxes,5,5,9,14,5,10,15
maxilla,7,4,3,7,4,3,7
maxilla's,9,6,2,8,6,2,8
maxillae,8,5,1,6,4,2,6
maxillary,9,5,3,8,5,3,8
maxillas,8,4,1,5,4,3,7
maxim,5,2,9,11,2,9,11
maxim's,7,4,8,12,5,7,12
maxima,6,3,3,6,3,3,6
maximal,7,4,3,7,4,2,6
maximally,9,4,3,7,4,2,6
maximization,12,6,1,7,4,1,5
maximization's,14,8,0,8,5,0,5
maximize,8,3,2,5,4,1,5
maximized,9,4,2,6,4,1,5
maximizes,9,4,0,4,4,0,4
maximizing,10,3,2,5,3,2,5
maxims,6,3,8,11,3,8,11
maximum,7,3,5,8,3,5,8
maximum's,9,5,4,9,6,3,9
maximums,8,4,4,8,5,3,8
maxing,6,4,13,17,5,13,18
may,3,3,1,4,3,2,5
may's,5,5,5,10,5,5,10
maybe,5,3,8,11,3,8,11
maybe's,7,5,7,12,5,7,12
maybes,6,3,10,13,3,10,13
mayday,6,3,5,8,4,5,9
mayday's,8,5,4,9,6,4,10
maydays,7,2,7,9,2,7,9
mayflies,8,6,2,8,6,1,7
mayflower,9,4,3,7,4,3,7
mayflower's,11,6,0,6,6,0,6
mayflowers,10,5,2,7,5,1,6
mayfly,6,3,4,7,3,4,7
mayfly's,8,4,4,8,5,3,8
mayhem,6,2,6,8,2,6,8
mayhem's,8,5,5,10,4,5,9
mayo,4,3,8,11,3,8,11
mayo's,6,5,7,12,5,7,12
mayonnaise,10,2,2,4,3,1,4
mayonnaise's,12,4,1,5,3,0,3
mayor,5,4,2,6,4,2,6
mayor's,7,6,3,9,6,3,9
mayoral,7,4,3,7,4,3,7
mayoralty,9,2,3,5,2,3,5
mayoralty's,11,4,1,5,3,2,5
mayors,6,5,4,9,5,4,9
maypole,7,5,3,8,5,2,7
maypole's,9,7,2,9,7,2,9
maypoles,8,4,3,7,4,3,7
maze,4,3,11,14,3,10,13
maze's,6,5,8,13,5,8,13
mazes,5,4,10,14,4,11,15
mazourka,8,2,4,6,1,4,5
mazourka's,10,4,3,7,3,2,5
mazourkas,9,3,2,5,3,2,5
mazurka,7,3,4,7,2,4,6
mazurka's,9,5,3,8,4,3,7
mazurkas,8,3,3,6,3,4,7
me,2,2,10,12,2,10,12
mead,4,4,4,8,4,6,10
mead's,6,5,4,9,6,3,9
meadow,6,3,5,8,2,6,8
meadow's,8,4,4,8,4,5,9
meadowlark,10,2,2,4,2,2,4
meadowlark's,12,3,0,3,3,1,4
meadowlarks,11,4,1,5,4,1,5
meadows,7,4,4,8,4,4,8
meager,6,4,5,9,4,5,9
meagerly,8,3,2,5,2,2,4
meagerness,10,3,0,3,3,0,3
meagerness's,12,3,0,3,3,0,3
meal,4,4,3,7,4,4,8
meal's,6,6,2,8,6,2,8
mealier,7,5,3,8,5,3,8
mealiest,8,6,1,7,6,1,7
meals,5,5,4,9,5,5,10
mealtime,8,6,1,7,5,2,7
mealtime's,10,6,1,7,6,1,7
mealtimes,9,5,2,7,4,0,4
mealy,5,3,4,7,3,3,6
mean,4,4,7,11,4,6,10
mean's,6,5,6,11,5,6,11
meander,7,5,2,7,5,1,6
meander's,9,7,2,9,7,2,9
meandered,9,3,1,4,3,1,4
meandering,10,2,1,3,3,1,4
meanders,8,4,2,6,4,1,5
meaner,6,3,6,9,3,6,9
meanest,7,5,2,7,5,2,7
meaning,7,6,3,9,6,3,9
meaning's,9,7,1,8,7,2,9
meaningful,10,3,1,4,3,1,4
meaningfully,12,2,1,3,2,1,3
meaningless,11,3,0,3,3,0,3
meanings,8,6,3,9,6,3,9
meanly,6,3,2,5,3,2,5
meanness,8,4,1,5,4,1,5
meanness's,10,5,1,6,5,1,6
means,5,5,7,12,5,7,12
meant,5,4,5,9,4,4,8
meantime,8,5,2,7,4,1,5
meantime's,10,6,0,6,6,0,6
meanwhile,9,2,2,4,3,2,5
meanwhile's,11,4,1,5,5,1,6
measles,7,3,1,4,3,1,4
measles's,9,2,0,2,2,0,2
measlier,8,6,0,6,6,0,6
measliest,9,4,0,4,4,0,4
measly,6,4,1,5,4,1,5
measurable,10,6,0,6,4,0,4
measurably,10,3,0,3,3,0,3
measure,7,4,2,6,4,3,7
measure's,9,5,2,7,5,2,7
measured,8,4,1,5,4,1,5
measureless,11,3,0,3,2,1,3
measurement,11,3,0,3,2,0,2
measurement's,13,2,1,3,2,1,3
measurements,12,2,0,2,2,0,2
measures,8,4,2,6,4,2,6
measuring,9,3,0,3,3,0,3
meat,4,4,5,9,4,7,11
meat's,6,6,6,12,6,6,12
meatball,8,2,3,5,2,3,5
meatball's,10,4,1,5,3,1,4
meatballs,9,3,3,6,3,3,6
meatier,7,3,4,7,3,4,7
meatiest,8,4,1,5,4,1,5
meatloaf,8,2,2,4,2,2,4
meatloaf's,10,4,0,4,3,1,4
meatloaves,10,3,1,4,3,1,4
meats,5,4,8,12,4,7,11
meaty,5,3,6,9,3,6,9
mecca,5,3,5,8,4,5,9
mecca's,7,5,4,9,6,4,10
meccas,6,5,1,6,3,6,9
mechanic,8,4,1,5,3,1,4
mechanic's,10,8,0,8,6,1,7
mechanical,10,4,1,5,4,1,5
mechanically,12,3,1,4,3,1,4
mechanics,9,6,1,7,5,2,7
mechanics's,11,7,0,7,6,1,7
mechanism,9,5,1,6,5,2,7
mechanism's,11,6,1,7,4,2,6
mechanisms,10,4,1,5,4,1,5
mechanistic,11,4,0,4,4,0,4
mechanization,13,7,1,8,4,1,5
mechanization's,15,8,0,8,5,0,5
mechanize,9,5,1,6,3,2,5
mechanized,10,4,2,6,4,2,6
mechanizes,10,5,1,6,7,0,7
mechanizing,11,6,1,7,4,1,5
medal,5,4,3,7,4,3,7
medal's,7,6,1,7,6,2,8
medalist,8,4,0,4,5,1,6
medalist's,10,8,1,9,6,1,7
medalists,9,5,2,7,5,2,7
medallion,9,6,1,7,6,1,7
medallion's,11,8,0,8,7,0,7
medallions,10,4,2,6,4,1,5
medals,6,6,1,7,6,3,9
meddle,6,4,5,9,4,2,6
meddled,7,4,1,5,4,0,4
meddler,7,5,1,6,5,0,5
meddler's,9,7,1,8,7,1,8
meddlers,8,6,2,8,6,1,7
meddles,7,5,2,7,4,1,5
meddlesome,10,6,1,7,4,0,4
meddling,8,7,2,9,7,2,9
media,5,5,4,9,5,6,11
media's,7,7,3,10,7,6,13
mediaeval,9,4,1,5,3,1,4
medial,6,4,3,7,4,3,7
median,6,4,3,7,4,3,7
median's,8,6,2,8,6,1,7
medians,7,5,4,9,5,4,9
medias,6,4,2,6,6,4,10
mediate,7,5,4,9,3,2,5
mediated,8,3,1,4,3,1,4
mediates,8,6,2,8,5,2,7
mediating,9,6,1,7,6,1,7
mediation,9,6,1,7,4,1,5
mediation's,11,8,0,8,5,0,5
mediator,8,3,2,5,3,2,5
mediator's,10,8,1,9,4,0,4
mediators,9,5,1,6,4,1,5
medic,5,2,6,8,2,7,9
medic's,7,4,6,10,4,4,8
medical,7,5,2,7,5,4,9
medical's,9,7,2,9,7,3,10
medically,9,5,1,6,3,2,5
medicals,8,5,3,8,5,3,8
medicate,8,6,1,7,5,1,6
medicated,9,5,1,6,4,1,5
medicates,9,7,0,7,6,0,6
medicating,10,8,1,9,8,1,9
medication,10,7,1,8,8,1,9
medication's,12,9,0,9,5,0,5
medications,11,8,0,8,5,0,5
medicinal,9,2,1,3,2,1,3
medicinally,11,7,1,8,2,1,3
medicine,8,3,2,5,3,2,5
medicine's,10,5,1,6,5,1,6
medicines,9,4,0,4,4,0,4
medics,6,3,5,8,5,5,10
medieval,8,3,2,5,3,2,5
mediocre,8,4,2,6,5,2,7
mediocrities,12,3,1,4,3,0,3
mediocrity,10,2,2,4,3,1,4
mediocrity's,12,3,1,4,4,0,4
meditate,8,4,2,6,4,2,6
meditated,9,5,1,6,4,1,5
meditates,9,5,1,6,5,1,6
meditating,10,6,2,8,6,2,8
meditation,10,7,2,9,7,2,9
meditation's,12,9,1,10,9,1,10
meditations,11,8,0,8,8,0,8
meditative,10,6,1,7,6,1,7
meditatively,12,2,1,3,2,1,3
medium,6,3,5,8,3,5,8
medium's,8,5,6,11,4,4,8
mediums,7,4,5,9,4,5,9
medley,6,2,2,4,2,2,4
medley's,8,5,2,7,4,2,6
medleys,7,3,3,6,3,3,6
medulla,7,4,2,6,4,4,8
medulla's,9,6,1,7,6,3,9
medullae,8,2,1,3,2,1,3
medullas,8,5,4,9,5,4,9
meek,4,3,7,10,3,6,9
meeker,6,4,2,6,4,2,6
meekest,7,4,0,4,4,0,4
meekly,6,5,2,7,5,2,7
meekness,8,3,1,4,3,1,4
meekness's,10,4,1,5,4,1,5
meet,4,2,8,10,2,7,9
meet's,6,4,5,9,4,5,9
meeting,7,5,5,10,5,4,9
meeting's,9,6,2,8,6,2,8
meetinghouse,12,5,0,5,4,0,4
meetinghouse's,14,5,0,5,3,0,3
meetinghouses,13,3,0,3,3,0,3
meetings,8,5,3,8,5,2,7
meets,5,3,5,8,3,5,8
meg,3,3,6,9,3,6,9
megabyte,8,3,1,4,3,1,4
megabyte's,10,5,0,5,5,0,5
megabytes,9,4,1,5,4,1,5
megachurch,10,4,2,6,2,3,5
megachurch's,12,4,1,5,3,2,5
megachurches,12,3,0,3,3,1,4
megacycle,9,5,1,6,5,2,7
megacycle's,11,7,0,7,7,1,8
megacycles,10,6,1,7,6,1,7
megahertz,9,2,2,4,2,2,4
megahertz's,11,3,0,3,3,0,3
megahertzes,11,3,0,3,4,0,4
megalith,8,4,3,7,4,3,7
megalith's,10,6,1,7,8,0,8
megaliths,9,4,3,7,4,3,7
megalomania,11,2,1,3,3,1,4
megalomania's,13,10,1,11,10,0,10
megalomaniac,12,4,1,5,3,1,4
megalomaniac's,14,4,1,5,4,0,4
megalomaniacs,13,9,2,11,9,1,10
megalopolis,11,3,0,3,3,0,3
megalopolis's,13,7,0,7,5,0,5
megalopolises,13,7,0,7,5,0,5
megaphone,9,4,2,6,4,3,7
megaphone's,11,6,1,7,6,2,8
megaphoned,10,3,2,5,4,2,6
megaphones,10,5,2,7,5,2,7
megaphoning,11,3,1,4,4,1,5
megapixel,9,2,3,5,2,3,5
megapixel's,11,3,1,4,3,1,4
megapixels,10,2,2,4,2,2,4
megaton,7,5,4,9,4,1,5
megaton's,9,7,1,8,6,2,8
megatons,8,4,4,8,5,2,7
megs,4,4,5,9,4,4,8
meh,3,2,9,11,2,9,11
melancholia,11,2,1,3,3,1,4
melancholia's,13,3,1,4,4,0,4
melancholic,11,3,1,4,4,1,5
melancholics,12,3,1,4,4,0,4
melancholy,10,4,2,6,3,2,5
melancholy's,12,6,0,6,4,1,5
melange,7,5,3,8,5,2,7
melange's,9,7,1,8,7,2,9
melanges,8,3,2,5,3,2,5
melanin,7,3,3,6,3,1,4
melanin's,9,4,3,7,5,1,6
melanoma,8,2,2,4,2,2,4
melanoma's,10,4,0,4,3,0,3
melanomas,9,3,2,5,3,2,5
melanomata,10,2,2,4,2,2,4
meld,4,4,5,9,4,4,8
meld's,6,6,3,9,6,2,8
melded,6,4,3,7,4,2,6
melding,7,7,3,10,7,3,10
melds,5,5,5,10,5,4,9
mellifluous,11,4,1,5,4,2,6
mellifluously,13,4,0,4,3,0,3
mellow,6,5,5,10,5,5,10
mellowed,8,6,3,9,6,3,9
mellower,8,6,2,8,6,3,9
mellowest,9,7,0,7,7,0,7
mellowing,9,8,3,11,8,3,11
mellowness,10,4,1,5,3,1,4
mellowness's,12,5,1,6,5,1,6
mellows,7,6,5,11,6,5,11
melodic,7,5,3,8,5,3,8
melodically,11,4,1,5,3,1,4
melodies,8,5,2,7,5,2,7
melodious,9,5,3,8,5,3,8
melodiously,11,4,0,4,3,0,3
melodiousness,13,6,1,7,6,1,7
melodiousness's,15,7,1,8,7,1,8
melodrama,9,2,2,4,3,2,5
melodrama's,11,3,1,4,4,1,5
melodramas,10,3,3,6,3,0,3
melodramatic,12,3,1,4,2,2,4
melodramatically,16,2,1,3,2,1,3
melody,6,3,4,7,3,4,7
melody's,8,5,3,8,5,3,8
melon,5,4,5,9,4,6,10
melon's,7,6,2,8,5,5,10
melons,6,5,3,8,5,2,7
melt,4,4,6,10,4,5,9
melt's,6,6,5,11,6,4,10
meltdown,8,2,3,5,2,3,5
meltdown's,10,4,2,6,3,2,5
meltdowns,9,3,3,6,3,4,7
melted,6,5,3,8,5,3,8
melting,7,7,3,10,7,3,10
melts,5,5,6,11,5,5,10
member,6,3,6,9,3,6,9
member's,8,5,5,10,5,7,12
members,7,4,5,9,4,5,9
membership,10,6,1,7,6,1,7
membership's,12,7,1,8,7,1,8
memberships,11,6,1,7,7,0,7
membrane,8,4,2,6,4,2,6
membrane's,10,5,1,6,5,1,6
membranes,9,4,2,6,4,2,6
membranous,10,5,2,7,4,0,4
meme,4,2,5,7,2,1,3
meme's,6,4,4,8,4,1,5
memento,7,2,3,5,2,3,5
memento's,9,4,2,6,3,2,5
mementoes,9,3,1,4,3,1,4
mementos,8,3,1,4,3,2,5
memes,5,3,0,3,3,0,3
memo,4,2,8,10,2,9,11
memo's,6,4,7,11,4,9,13
memoir,6,4,3,7,5,2,7
memoir's,8,6,1,7,5,2,7
memoirs,7,4,2,6,4,2,6
memorabilia,11,2,1,3,3,1,4
memorabilia's,13,3,1,4,3,0,3
memorable,9,5,1,6,3,1,4
memorably,9,5,2,7,4,2,6
memoranda,9,2,2,4,3,2,5
memorandum,10,2,3,5,3,2,5
memorandum's,12,3,1,4,3,1,4
memorandums,11,5,1,6,4,1,5
memorial,8,4,2,6,3,2,5
memorial's,10,5,0,5,5,0,5
memorialize,11,3,2,5,2,1,3
memorialized,12,2,1,3,2,1,3
memorializes,12,4,0,4,3,0,3
memorializing,13,3,1,4,3,1,4
memorials,9,4,2,6,4,2,6
memories,8,4,2,6,5,0,5
memorization,12,6,2,8,7,1,8
memorization's,14,8,1,9,9,0,9
memorize,8,2,4,6,2,4,6
memorized,9,3,1,4,3,1,4
memorizes,9,4,3,7,3,3,6
memorizing,10,5,1,6,5,1,6
memory,6,3,4,7,3,4,7
memory's,8,5,3,8,5,2,7
memos,5,3,7,10,3,7,10
men,3,3,9,12,3,11,14
men's,5,5,7,12,5,7,12
menace,6,5,2,7,5,4,9
menace's,8,7,2,9,7,2,9
menaced,7,4,3,7,4,2,6
menaces,7,3,3,6,6,3,9
menacing,8,5,1,6,5,2,7
menacingly,10,4,1,5,4,1,5
menage,6,4,3,7,4,5,9
menage's,8,6,3,9,6,3,9
menagerie,9,2,1,3,2,1,3
menagerie's,11,4,0,4,3,0,3
menageries,10,4,0,4,4,0,4
menages,7,4,6,10,5,4,9
mend,4,4,6,10,4,6,10
mend's,6,5,3,8,5,5,10
mendacious,10,4,2,6,4,1,5
mendacity,9,5,1,6,4,1,5
mendacity's,11,8,0,8,5,0,5
mended,6,4,2,6,4,1,5
mender,6,5,5,10,5,4,9
mender's,8,7,4,11,7,4,11
menders,7,6,4,10,6,4,10
mendicant,9,3,1,4,3,2,5
mendicant's,11,4,0,4,4,1,5
mendicants,10,5,1,6,4,1,5
mending,7,6,4,10,6,4,10
mends,5,5,5,10,5,5,10
menfolk,7,6,4,10,6,2,8
menfolk's,9,5,3,8,5,2,7
menhaden,8,3,2,5,3,2,5
menhaden's,10,3,1,4,3,1,4
menhadens,9,3,2,5,4,1,5
menial,6,6,4,10,6,4,10
menial's,8,7,3,10,7,3,10
menially,8,6,2,8,6,2,8
menials,7,6,3,9,6,3,9
meningitis,10,4,1,5,3,1,4
meningitis's,12,2,0,2,2,0,2
menopausal,10,2,1,3,2,0,2
menopause,9,3,0,3,3,0,3
menopause's,11,4,1,5,4,0,4
menorah,7,4,3,7,2,4,6
menorah's,9,6,1,7,6,1,7
menorahs,8,4,2,6,4,2,6
menservants,11,2,1,3,3,0,3
menses,6,4,4,8,4,4,8
menses's,8,3,0,3,2,0,2
menstrual,9,4,0,4,4,0,4
menstruate,10,4,0,4,4,0,4
menstruated,11,3,1,4,3,0,3
menstruates,11,3,0,3,3,0,3
menstruating,12,7,1,8,4,1,5
menstruation,12,4,0,4,4,0,4
menstruation's,14,3,0,3,3,0,3
menswear,8,3,1,4,2,1,3
menswear's,10,4,1,5,2,1,3
mental,6,5,4,9,5,4,9
mentalities,11,4,0,4,4,0,4
mentality,9,5,1,6,4,1,5
mentality's,11,8,0,8,5,0,5
mentally,8,5,3,8,3,3,6
menthol,7,3,3,6,4,2,6
menthol's,9,5,2,7,5,1,6
mentholated,11,3,2,5,3,2,5
mention,7,4,2,6,4,2,6
mention's,9,5,1,6,6,2,8
mentioned,9,4,2,6,4,2,6
mentioning,10,3,1,4,3,1,4
mentions,8,5,3,8,5,3,8
mentor,6,4,3,7,4,3,7
mentor's,8,6,2,8,7,0,7
mentored,8,5,3,8,5,3,8
mentoring,9,5,1,6,5,1,6
mentors,7,5,3,8,5,3,8
menu,4,2,7,9,2,7,9
menu's,6,4,5,9,4,6,10
menus,5,4,6,10,4,7,11
meow,4,2,8,10,2,9,11
meow's,6,4,7,11,4,9,13
meowed,6,3,8,11,3,7,10
meowing,7,5,6,11,5,6,11
meows,5,3,7,10,3,7,10
mercantile,10,4,1,5,3,1,4
mercenaries,11,3,0,3,3,0,3
mercenary,9,4,1,5,3,1,4
mercenary's,11,4,0,4,4,0,4
mercerize,9,3,3,6,2,1,3
mercerized,10,2,1,3,2,1,3
mercerizes,10,3,0,3,3,0,3
mercerizing,11,4,1,5,2,1,3
merchandise,11,3,1,4,3,1,4
merchandise's,13,4,1,5,3,1,4
merchandised,12,2,1,3,2,1,3
merchandises,12,3,1,4,3,1,4
merchandising,13,2,0,2,3,0,3
merchandize,11,3,1,4,2,2,4
merchandized,12,3,1,4,3,1,4
merchandizes,12,4,0,4,4,0,4
merchandizing,13,3,1,4,3,1,4
merchant,8,4,2,6,3,3,6
merchant's,10,6,0,6,4,1,5
merchantman,11,3,2,5,2,3,5
merchantman's,13,5,1,6,2,2,4
merchantmen,11,2,2,4,2,1,3
merchants,9,5,2,7,4,3,7
mercies,7,4,1,5,3,4,7
merciful,8,4,2,6,5,2,7
mercifully,10,5,1,6,4,1,5
merciless,9,5,0,5,5,0,5
mercilessly,11,5,0,5,4,0,4
mercurial,9,3,2,5,3,2,5
mercuric,8,3,2,5,3,1,4
mercury,7,5,4,9,5,2,7
mercury's,9,7,3,10,7,0,7
mercy,5,4,6,10,4,5,9
mercy's,7,6,3,9,6,2,8
mere,4,3,3,6,3,2,5
mere's,6,4,2,6,4,2,6
merely,6,4,2,6,3,2,5
meres,5,4,1,5,4,1,5
merest,6,4,0,4,3,2,5
meretricious,12,4,0,4,3,1,4
merganser,9,3,1,4,3,0,3
merganser's,11,2,0,2,2,0,2
mergansers,10,2,1,3,3,0,3
merge,5,3,4,7,3,4,7
merged,6,4,1,5,4,4,8
merger,6,3,3,6,3,3,6
merger's,8,5,3,8,5,3,8
mergers,7,3,2,5,3,2,5
merges,6,5,1,6,5,3,8
merging,7,6,2,8,6,2,8
meridian,8,4,1,5,4,1,5
meridian's,10,6,0,6,6,0,6
meridians,9,5,2,7,4,3,7
meringue,8,3,2,5,3,2,5
meringue's,10,5,1,6,5,1,6
meringues,9,4,1,5,4,1,5
merino,6,5,1,6,5,1,6
merino's,8,7,0,7,7,0,7
merinos,7,5,1,6,5,2,7
merit,5,4,4,8,4,4,8
merit's,7,6,3,9,6,3,9
merited,7,4,2,6,4,2,6
meriting,8,6,2,8,6,2,8
meritocracies,13,4,0,4,3,0,3
meritocracy,11,3,1,4,3,1,4
meritocracy's,13,4,0,4,3,0,3
meritorious,11,4,1,5,4,1,5
meritoriously,13,3,0,3,3,0,3
merits,6,5,3,8,5,1,6
mermaid,7,4,2,6,4,2,6
mermaid's,9,6,1,7,6,0,6
mermaids,8,6,1,7,6,1,7
merman,6,4,2,6,4,2,6
merman's,8,6,1,7,6,0,6
mermen,6,3,3,6,4,2,6
merrier,7,4,3,7,4,3,7
merriest,8,5,1,6,5,1,6
merrily,7,5,2,7,5,2,7
merriment,9,4,1,5,2,1,3
merriment's,11,4,0,4,3,0,3
merriness,9,3,0,3,3,0,3
merriness's,11,6,0,6,6,0,6
merry,5,3,9,12,3,8,11
merrymaker,10,2,2,4,2,2,4
merrymaker's,12,4,0,4,3,0,3
merrymakers,11,3,1,4,3,0,3
merrymaking,11,6,1,7,4,1,5
merrymaking's,13,4,1,5,4,1,5
mes,3,2,12,14,3,11,14
mesa,4,3,3,6,4,1,5
mesa's,6,5,1,6,5,1,6
mesas,5,3,4,7,3,4,7
mescal,6,3,3,6,2,3,5
mescal's,8,2,3,5,2,3,5
mescaline,9,3,0,3,3,0,3
mescaline's,11,4,0,4,4,0,4
mescals,7,2,3,5,2,3,5
mesdames,8,3,2,5,3,2,5
mesdemoiselles,14,2,0,2,2,0,2
mesh,4,3,3,6,3,3,6
mesh's,6,4,3,7,4,3,7
meshed,6,3,5,8,3,3,6
meshes,6,3,2,5,2,3,5
meshing,7,5,4,9,5,2,7
mesmerism,9,2,0,2,2,0,2
mesmerism's,11,4,0,4,2,0,2
mesmerize,9,3,1,4,4,0,4
mesmerized,10,3,0,3,3,0,3
mesmerizes,10,4,0,4,3,0,3
mesmerizing,11,4,0,4,3,0,3
mesquite,8,3,1,4,3,1,4
mesquite's,10,3,0,3,3,0,3
mesquites,9,3,1,4,3,1,4
mess,4,2,6,8,2,5,7
mess's,6,3,5,8,3,5,8
message,7,2,3,5,2,4,6
message's,9,3,3,6,4,2,6
messages,8,2,0,2,2,0,2
messed,6,4,5,9,4,3,7
messenger,9,2,2,4,2,0,2
messenger's,11,2,0,2,2,2,4
messengers,10,2,0,2,2,0,2
messes,6,2,2,4,2,2,4
messiah,7,4,1,5,5,0,5
messiah's,9,6,0,6,5,0,5
messiahs,8,4,1,5,3,1,4
messier,7,3,0,3,2,1,3
messiest,8,2,0,2,2,0,2
messieurs,9,2,1,3,3,1,4
messily,7,3,2,5,3,2,5
messiness,9,3,0,3,2,0,2
messiness's,11,3,0,3,2,0,2
messing,7,6,0,6,6,1,7
messy,5,4,1,5,4,1,5
mestizo,7,4,2,6,4,2,6
mestizo's,9,5,1,6,5,1,6
mestizoes,9,4,0,4,4,0,4
mestizos,8,4,1,5,4,1,5
met,3,3,9,12,3,7,10
metabolic,9,6,1,7,3,1,4
metabolism,10,3,1,4,3,0,3
metabolism's,12,4,1,5,5,0,5
metabolisms,11,4,0,4,4,0,4
metabolize,10,2,1,3,2,1,3
metabolized,11,4,1,5,3,2,5
metabolizes,11,5,0,5,4,1,5
metabolizing,12,4,1,5,4,1,5
metacarpal,10,2,2,4,2,2,4
metacarpal's,12,3,0,3,3,1,4
metacarpals,11,3,1,4,4,1,5
metacarpi,9,3,1,4,3,1,4
metacarpus,10,6,1,7,4,0,4
metacarpus's,12,3,1,4,3,1,4
metal,5,4,5,9,4,5,9
metal's,7,5,2,7,5,3,8
metallic,8,5,1,6,4,1,5
metallurgical,13,3,1,4,3,1,4
metallurgist,12,5,0,5,2,1,3
metallurgist's,14,6,0,6,2,1,3
metallurgists,13,3,1,4,3,1,4
metallurgy,10,3,3,6,3,2,5
metallurgy's,12,6,0,6,4,1,5
metals,6,6,2,8,6,4,10
metamorphic,11,3,1,4,4,1,5
metamorphism,12,3,0,3,3,0,3
metamorphism's,14,4,0,4,3,0,3
metamorphose,12,3,0,3,3,0,3
metamorphosed,13,2,0,2,2,0,2
metamorphoses,13,2,1,3,2,1,3
metamorphosing,14,3,0,3,3,0,3
metamorphosis,13,3,0,3,3,0,3
metamorphosis's,15,2,0,2,2,0,2
metaphor,8,3,2,5,3,2,5
metaphor's,10,5,1,6,5,0,5
metaphorical,12,3,1,4,3,1,4
metaphorically,14,2,1,3,2,1,3
metaphors,9,3,2,5,3,2,5
metaphysical,12,3,0,3,3,0,3
metaphysics,11,4,1,5,3,0,3
metaphysics's,13,1,0,1,1,0,1
metastases,10,3,0,3,4,0,4
metastasis,10,3,0,3,4,0,4
metastasis's,12,1,0,1,1,0,1
metastasize,11,2,0,2,2,0,2
metastasized,12,2,0,2,2,0,2
metastasizes,12,2,0,2,2,0,2
metastasizing,13,2,0,2,3,0,3
metatarsal,10,2,0,2,2,1,3
metatarsal's,12,3,0,3,2,0,2
metatarsals,11,4,1,5,2,1,3
mete,4,2,5,7,2,1,3
mete's,6,4,4,8,4,1,5
meted,5,3,3,6,3,3,6
meteor,6,2,0,2,2,1,3
meteor's,8,4,0,4,3,0,3
meteoric,8,3,1,4,3,1,4
meteorite,9,3,1,4,2,1,3
meteorite's,11,4,0,4,3,0,3
meteorites,10,3,0,3,3,0,3
meteoroid,9,3,2,5,3,2,5
meteoroid's,11,3,0,3,3,0,3
meteoroids,10,3,1,4,4,0,4
meteorological,14,2,1,3,2,1,3
meteorologist,13,3,0,3,3,0,3
meteorologist's,15,4,0,4,3,0,3
meteorologists,14,3,0,3,3,0,3
meteorology,11,3,2,5,2,2,4
meteorology's,13,4,0,4,2,1,3
meteors,7,4,1,5,4,1,5
meter,5,3,3,6,3,3,6
meter's,7,5,3,8,5,3,8
metered,7,5,2,7,5,1,6
metering,8,7,1,8,7,1,8
meters,6,4,2,6,4,2,6
metes,5,3,2,5,3,2,5
methadon,8,7,2,9,4,3,7
methadon's,10,6,0,6,5,1,6
methadone,9,3,1,4,3,2,5
methadone's,11,5,0,5,5,1,6
methane,7,4,2,6,4,3,7
methane's,9,6,1,7,6,3,9
methanol,8,7,2,9,3,3,6
methanol's,10,7,1,8,5,2,7
methinks,8,7,4,11,7,4,11
method,6,3,4,7,3,4,7
method's,8,5,3,8,5,3,8
methodical,10,4,1,5,4,1,5
methodically,12,8,1,9,5,1,6
methodological,14,2,1,3,2,1,3
methodologies,13,3,0,3,4,0,4
methodology,11,2,2,4,3,2,5
methodology's,13,3,0,3,3,1,4
methods,7,3,4,7,3,4,7
methought,9,7,4,11,6,4,10
meticulous,10,6,1,7,4,1,5
meticulously,12,7,0,7,5,0,5
meticulousness,14,7,0,7,2,0,2
meticulousness's,16,3,0,3,2,0,2
meting,6,6,2,8,6,2,8
metric,6,4,2,6,4,2,6
metrical,8,4,1,5,3,1,4
metrically,10,7,1,8,5,1,6
metrication,11,6,1,7,4,1,5
metrication's,13,8,0,8,5,0,5
metrics,7,4,2,6,3,3,6
metro,5,2,5,7,2,5,7
metro's,7,5,3,8,5,3,8
metronome,9,2,3,5,2,2,4
metronome's,11,4,2,6,3,1,4
metronomes,10,3,1,4,3,2,5
metropolis,10,4,2,6,3,1,4
metropolis's,12,8,0,8,5,0,5
metropolises,12,8,0,8,5,0,5
metropolitan,12,4,1,5,5,1,6
metros,6,4,4,8,4,3,7
mettle,6,4,6,10,4,3,7
mettle's,8,6,4,10,6,2,8
mettlesome,10,5,2,7,3,1,4
mew,3,3,8,11,3,8,11
mew's,5,5,5,10,5,6,11
mewed,5,3,4,7,3,5,8
mewing,6,5,3,8,5,3,8
mewl,4,2,4,6,2,4,6
mewled,6,4,2,6,4,2,6
mewling,7,6,2,8,6,1,7
mewls,5,4,3,7,4,2,6
mews,4,4,6,10,4,7,11
mews's,6,3,3,6,3,3,6
mezzanine,9,3,1,4,3,2,5
mezzanine's,11,5,0,5,5,1,6
mezzanines,10,5,1,6,4,0,4
mi,2,2,10,12,2,10,12
mi's,4,4,9,13,3,11,14
miaow,5,2,6,8,2,6,8
miaow's,7,4,5,9,4,5,9
miaowed,7,3,5,8,3,5,8
miaowing,8,5,5,10,4,6,10
miaows,6,3,6,9,3,6,9
miasma,6,3,2,5,3,1,4
miasma's,8,4,2,6,4,1,5
miasmas,7,2,2,4,2,2,4
miasmata,8,2,3,5,3,1,4
mica,4,2,8,10,2,8,10
mica's,6,6,6,12,6,6,12
mice,4,3,11,14,3,10,13
micra,5,3,5,8,3,4,7
microaggression,15,2,0,2,2,0,2
microaggression's,17,3,0,3,2,0,2
microaggressions,16,2,0,2,2,0,2
microbe,7,3,2,5,3,2,5
microbe's,9,5,1,6,5,1,6
microbes,8,4,1,5,4,1,5
microbiologist,14,3,0,3,2,0,2
microbiologist's,16,4,0,4,2,0,2
microbiologists,15,3,0,3,3,0,3
microbiology,12,2,1,3,2,1,3
microbiology's,14,3,3,6,2,0,2
microchip,9,3,2,5,3,2,5
microchip's,11,4,2,6,3,2,5
microchips,10,3,2,5,3,2,5
microcode,9,3,2,5,3,2,5
microcomputer,13,2,1,3,2,1,3
microcomputer's,15,3,0,3,3,0,3
microcomputers,14,3,1,4,3,0,3
microcosm,9,3,1,4,3,1,4
microcosm's,11,3,1,4,2,1,3
microcosms,10,3,1,4,3,1,4
microeconomics,14,3,1,4,2,0,2
microeconomics's,16,2,0,2,2,0,2
microfiche,10,2,2,4,2,1,3
microfiche's,12,4,0,4,3,0,3
microfiches,11,3,0,3,3,0,3
microfilm,9,4,3,7,2,3,5
microfilm's,11,5,2,7,4,2,6
microfilmed,11,2,1,3,2,2,4
microfilming,12,1,1,2,1,1,2
microfilms,10,4,2,6,4,2,6
microloan,9,3,2,5,3,2,5
microloan's,11,3,1,4,3,1,4
microloans,10,5,1,6,5,1,6
micrometer,10,3,1,4,3,1,4
micrometer's,12,5,0,5,4,0,4
micrometers,11,4,0,4,4,0,4
micron,6,5,4,9,3,5,8
micron's,8,7,3,10,6,5,11
microns,7,6,3,9,6,2,8
microorganism,13,2,0,2,2,0,2
microorganism's,15,3,0,3,2,0,2
microorganisms,14,2,0,2,2,0,2
microphone,10,2,2,4,3,1,4
microphone's,12,8,0,8,5,0,5
microphones,11,7,0,7,4,0,4
microprocessor,14,1,0,1,1,0,1
microprocessor's,16,2,0,2,2,0,2
microprocessors,15,2,0,2,2,0,2
microscope,10,3,1,4,3,1,4
microscope's,12,4,1,5,3,0,3
microscopes,11,3,1,4,3,1,4
microscopic,11,2,1,3,2,1,3
microscopically,15,2,0,2,2,0,2
microscopy,10,2,2,4,2,1,3
microscopy's,12,3,1,4,2,1,3
microsecond,11,3,0,3,3,0,3
microsecond's,13,3,0,3,3,0,3
microseconds,12,3,0,3,3,0,3
microsurgery,12,3,0,3,3,0,3
microsurgery's,14,3,0,3,2,1,3
microwave,9,3,2,5,3,2,5
microwave's,11,6,0,6,5,0,5
microwaved,10,3,2,5,3,2,5
microwaves,10,4,1,5,4,0,4
microwaving,11,4,2,6,3,2,5
mid,3,3,10,13,3,10,13
midair,6,3,2,5,3,3,6
midair's,8,5,1,6,4,2,6
midday,6,5,4,9,4,4,8
midday's,8,7,3,10,6,3,9
middies,7,4,2,6,4,2,6
middle,6,5,4,9,5,3,8
middle's,8,7,3,10,7,5,12
middlebrow,10,2,2,4,2,2,4
middlebrow's,12,4,0,4,4,1,5
middlebrows,11,2,3,5,4,1,5
middleman,9,4,2,6,4,1,5
middleman's,11,6,1,7,5,0,5
middlemen,9,2,1,3,3,2,5
middles,7,6,2,8,6,2,8
middleweight,12,2,1,3,1,2,3
middleweight's,14,3,0,3,2,0,2
middleweights,13,3,0,3,3,0,3
middling,8,6,3,9,6,3,9
middy,5,3,7,10,3,10,13
middy's,7,5,5,10,5,6,11
midge,5,5,5,10,5,6,11
midge's,7,5,6,11,5,6,11
midges,6,4,4,8,4,1,5
midget,6,5,3,8,5,3,8
midget's,8,7,5,12,7,6,13
midgets,7,6,5,11,6,5,11
midland,7,4,3,7,4,3,7
midland's,9,6,2,8,6,1,7
midlands,8,4,4,8,4,4,8
midmost,7,2,1,3,2,1,3
midnight,8,2,3,5,3,3,6
midnight's,10,4,4,8,2,4,6
midpoint,8,3,3,6,2,4,6
midpoint's,10,4,2,6,4,2,6
midpoints,9,3,4,7,4,4,8
midriff,7,1,5,6,2,5,7
midriff's,9,4,4,8,3,4,7
midriffs,8,3,5,8,3,5,8
midshipman,10,2,1,3,2,1,3
midshipman's,12,3,1,4,2,2,4
midshipmen,10,4,1,5,4,1,5
midst,5,3,4,7,3,4,7
midst's,7,4,4,8,4,4,8
midstream,9,4,1,5,3,2,5
midstream's,11,6,0,6,4,0,4
midsummer,9,3,0,3,3,2,5
midsummer's,11,4,0,4,4,0,4
midterm,7,3,3,6,3,2,5
midterm's,9,5,1,6,5,1,6
midterms,8,4,2,6,3,3,6
midtown,7,4,4,8,4,4,8
midtown's,9,4,5,9,4,5,9
midway,6,5,4,9,4,4,8
midway's,8,7,3,10,6,3,9
midways,7,4,4,8,4,5,9
midweek,7,2,2,4,2,2,4
midweek's,9,5,1,6,4,1,5
midweeks,8,3,2,5,3,2,5
midwife,7,2,4,6,3,3,6
midwife's,9,4,2,6,4,2,6
midwifed,8,6,1,7,6,2,8
midwiferies,11,2,1,3,2,1,3
midwifery,9,3,4,7,3,2,5
midwifery's,11,3,3,6,4,1,5
midwifes,8,7,1,8,7,1,8
midwifing,9,4,2,6,4,2,6
midwinter,9,4,1,5,4,2,6
midwinter's,11,7,1,8,7,1,8
midwived,8,5,2,7,5,3,8
midwives,8,6,2,8,6,2,8
midwiving,9,3,3,6,3,3,6
midyear,7,3,2,5,2,2,4
midyear's,9,6,2,8,4,1,5
midyears,8,4,4,8,4,4,8
mien,4,2,8,10,3,6,9
mien's,6,4,6,10,4,6,10
miens,5,4,6,10,4,6,10
miff,4,2,9,11,2,10,12
miffed,6,5,7,12,5,7,12
miffing,7,4,7,11,4,7,11
miffs,5,3,9,12,3,9,12
might,5,5,8,13,5,8,13
might's,7,7,7,14,7,7,14
mightier,8,4,3,7,4,1,5
mightiest,9,4,0,4,4,0,4
mightily,8,2,3,5,2,3,5
mightiness,10,5,0,5,5,0,5
mightiness's,12,6,0,6,6,0,6
mighty,6,6,5,11,2,5,7
migraine,8,4,2,6,4,2,6
migraine's,10,5,0,5,5,0,5
migraines,9,4,0,4,4,0,4
migrant,7,6,2,8,6,2,8
migrant's,9,6,2,8,5,3,8
migrants,8,5,3,8,5,3,8
migrate,7,6,1,7,6,1,7
migrated,8,7,1,8,7,2,9
migrates,8,7,0,7,7,0,7
migrating,9,3,2,5,3,2,5
migration,9,7,2,9,7,2,9
migration's,11,9,1,10,9,1,10
migrations,10,8,1,9,8,1,9
migratory,9,4,2,6,3,2,5
mike,4,4,6,10,4,6,10
mike's,6,6,5,11,6,3,9
miked,5,5,7,12,5,4,9
mikes,5,5,9,14,5,5,10
miking,6,5,9,14,5,9,14
mil,3,3,8,11,3,9,12
mil's,5,5,9,14,5,8,13
milch,5,5,8,13,5,8,13
mild,4,4,5,9,4,5,9
mild's,6,6,4,10,6,4,10
milder,6,6,3,9,6,3,9
mildest,7,6,0,6,6,0,6
mildew,6,3,4,7,3,4,7
mildew's,8,5,3,8,5,3,8
mildewed,8,2,2,4,2,2,4
mildewing,9,4,3,7,5,2,7
mildews,7,5,4,9,4,4,8
mildly,6,5,4,9,5,3,8
mildness,8,5,1,6,5,1,6
mildness's,10,6,1,7,6,1,7
mile,4,4,6,10,4,6,10
mile's,6,6,8,14,6,4,10
mileage,7,3,2,5,3,3,6
mileage's,9,6,0,6,4,1,5
mileages,8,4,0,4,4,0,4
milepost,8,4,0,4,4,0,4
milepost's,10,4,0,4,5,0,5
mileposts,9,4,0,4,4,0,4
miler,5,5,4,9,5,4,9
miler's,7,6,8,14,6,8,14
milers,6,5,3,8,5,3,8
miles,5,5,1,6,5,1,6
milestone,9,7,0,7,5,0,5
milestone's,11,8,0,8,6,0,6
milestones,10,5,0,5,4,0,4
milf,4,4,6,10,4,6,10
milf's,6,6,5,11,6,5,11
milfs,5,4,6,10,4,6,10
milieu,6,4,4,8,3,3,6
milieu's,8,5,2,7,5,2,7
milieus,7,5,4,9,4,4,8
milieux,7,2,4,6,2,4,6
militancy,9,3,2,5,2,2,4
militancy's,11,3,2,5,3,1,4
militant,8,2,2,4,2,2,4
militant's,10,5,2,7,5,2,7
militantly,10,4,2,6,2,2,4
militants,9,4,3,7,5,2,7
militaries,10,4,0,4,3,0,3
militarily,10,1,3,4,2,2,4
militarism,10,3,0,3,3,0,3
militarism's,12,4,0,4,3,0,3
militarist,10,3,0,3,3,0,3
militarist's,12,4,0,4,3,0,3
militaristic,12,2,0,2,2,0,2
militarists,11,3,0,3,3,0,3
militarization,14,1,1,2,1,1,2
militarization's,16,8,0,8,2,0,2
militarize,10,3,1,4,3,1,4
militarized,11,1,1,2,3,1,4
militarizes,11,4,0,4,4,0,4
militarizing,12,1,1,2,1,1,2
military,8,2,2,4,2,2,4
military's,10,5,2,7,5,2,7
militate,8,4,1,5,4,1,5
militated,9,5,1,6,4,1,5
militates,9,4,0,4,4,0,4
militating,10,4,2,6,3,2,5
militia,7,1,2,3,2,3,5
militia's,9,4,2,6,4,2,6
militiaman,10,1,2,3,1,2,3
militiaman's,12,3,1,4,2,1,3
militiamen,10,2,3,5,3,2,5
militias,8,2,2,4,2,2,4
milk,4,3,7,10,3,7,10
milk's,6,5,6,11,5,6,11
milked,6,5,6,11,5,6,11
milker,6,5,4,9,5,4,9
milkier,7,5,3,8,5,4,9
milkiest,8,6,2,8,6,1,7
milkiness,9,5,1,6,4,2,6
milkiness's,11,6,1,7,5,2,7
milking,7,5,4,9,5,5,10
milkmaid,8,3,2,5,2,3,5
milkmaid's,10,4,2,6,4,2,6
milkmaids,9,4,3,7,3,3,6
milkman,7,4,3,7,4,3,7
milkman's,9,5,1,6,5,4,9
milkmen,7,5,3,8,4,4,8
milks,5,4,6,10,4,6,10
milkshake,9,4,1,5,4,1,5
milkshake's,11,4,2,6,5,1,6
milkshakes,10,3,1,4,5,1,6
milksop,7,4,3,7,3,3,6
milksop's,9,2,2,4,3,3,6
milksops,8,3,4,7,3,2,5
milkweed,8,3,1,4,3,1,4
milkweed's,10,5,0,5,5,0,5
milkweeds,9,3,2,5,3,1,4
milky,5,4,6,10,4,4,8
mill,4,3,7,10,3,7,10
mill's,6,5,6,11,5,6,11
millage,7,6,2,8,6,2,8
millage's,9,8,1,9,8,1,9
milled,6,5,7,12,5,7,12
millennia,9,2,1,3,2,1,3
millennial,10,3,1,4,3,1,4
millennial's,12,5,0,5,4,0,4
millennium,10,3,1,4,3,1,4
millennium's,12,5,0,5,4,0,4
millenniums,11,3,1,4,3,0,3
millepede,9,2,1,3,2,1,3
millepede's,11,3,0,3,3,0,3
millepedes,10,2,0,2,2,0,2
miller,6,5,2,7,5,2,7
miller's,8,7,6,13,7,5,12
millers,7,5,7,12,5,9,14
millet,6,5,3,8,5,3,8
millet's,8,7,1,8,7,1,8
milligram,9,2,3,5,3,2,5
milligram's,11,3,3,6,3,2,5
milligrams,10,3,1,4,3,1,4
milliliter,10,3,4,7,3,3,6
milliliter's,12,5,2,7,4,1,5
milliliters,11,4,3,7,3,1,4
millimeter,10,3,1,4,3,1,4
millimeter's,12,5,0,5,4,0,4
millimeters,11,4,0,4,4,0,4
milliner,8,4,2,6,4,1,5
milliner's,10,6,0,6,6,0,6
milliners,9,5,2,7,5,1,6
millinery,9,5,1,6,4,1,5
millinery's,11,7,0,7,3,1,4
milling,7,5,5,10,5,6,11
million,7,5,3,8,5,4,9
million's,9,7,3,10,7,3,10
millionaire,11,7,2,9,7,2,9
millionaire's,13,9,2,11,9,1,10
millionaires,12,8,1,9,8,1,9
millions,8,6,3,9,6,3,9
millionth,9,6,3,9,3,2,5
millionth's,11,8,3,11,8,3,11
millionths,10,7,4,11,7,3,10
millipede,9,2,1,3,2,1,3
millipede's,11,3,1,4,3,1,4
millipedes,10,3,0,3,3,0,3
millisecond,11,3,0,3,3,0,3
millisecond's,13,3,0,3,3,0,3
milliseconds,12,3,0,3,3,0,3
millrace,8,3,3,6,4,2,6
millrace's,10,7,0,7,6,1,7
millraces,9,5,0,5,6,0,6
mills,5,4,4,8,4,4,8
millstone,9,5,1,6,3,2,5
millstone's,11,7,1,8,7,1,8
millstones,10,4,2,6,6,1,7
milquetoast,11,2,0,2,2,0,2
milquetoast's,13,3,0,3,2,0,2
milquetoasts,12,3,0,3,2,1,3
mils,4,3,10,13,3,9,12
mime,4,3,11,14,3,10,13
mime's,6,4,12,16,5,3,8
mimed,5,4,9,13,4,4,8
mimeograph,10,4,1,5,3,1,4
mimeograph's,12,6,0,6,5,0,5
mimeographed,12,2,1,3,2,1,3
mimeographing,13,8,1,9,3,1,4
mimeographs,11,3,1,4,5,0,5
mimes,5,4,10,14,4,5,9
mimetic,7,4,4,8,2,3,5
mimic,5,2,6,8,2,5,7
mimic's,7,4,5,9,3,6,9
mimicked,8,4,3,7,4,3,7
mimicking,9,4,3,7,4,3,7
mimicries,9,3,0,3,3,0,3
mimicry,7,2,4,6,2,4,6
mimicry's,9,3,3,6,3,3,6
mimics,6,3,5,8,3,4,7
miming,6,3,12,15,4,7,11
mimosa,6,4,1,5,3,1,4
mimosa's,8,5,0,5,4,1,5
mimosas,7,2,3,5,2,3,5
minaret,7,5,3,8,5,3,8
minaret's,9,7,1,8,7,1,8
minarets,8,6,2,8,6,1,7
minatory,8,6,3,9,6,3,9
mince,5,5,5,10,5,5,10
mince's,7,7,5,12,7,5,12
minced,6,6,6,12,6,6,12
mincemeat,9,2,1,3,2,1,3
mincemeat's,11,4,0,4,4,0,4
minces,6,6,5,11,6,4,10
mincing,7,5,5,10,5,6,11
mind,4,4,10,14,4,10,14
mind's,6,6,8,14,6,8,14
mindbogglingly,14,2,1,3,2,1,3
minded,6,5,2,7,5,3,8
mindedness,10,4,1,5,4,1,5
mindful,7,2,4,6,2,4,6
mindfully,9,4,4,8,2,4,6
mindfulness,11,3,0,3,3,0,3
mindfulness's,13,2,0,2,3,0,3
minding,7,5,5,10,5,6,11
mindless,8,6,1,7,3,2,5
mindlessly,10,5,1,6,5,0,5
mindlessness,12,2,0,2,3,0,3
mindlessness's,14,2,0,2,3,0,3
minds,5,5,9,14,5,9,14
mine,4,4,6,10,4,6,10
mine's,6,6,5,11,6,4,10
mined,5,5,7,12,5,5,10
minefield,9,3,1,4,3,1,4
minefield's,11,4,0,4,4,0,4
minefields,10,4,1,5,4,1,5
miner,5,4,6,10,4,6,10
miner's,7,6,5,11,6,6,12
mineral,7,5,2,7,5,2,7
mineral's,9,7,1,8,7,1,8
mineralogist,12,4,0,4,3,0,3
mineralogist's,14,4,0,4,3,0,3
mineralogists,13,4,0,4,3,0,3
mineralogy,10,3,1,4,3,1,4
mineralogy's,12,4,0,4,4,0,4
minerals,8,6,2,8,6,1,7
miners,6,6,4,10,6,5,11
mines,5,5,5,10,5,5,10
minestrone,10,4,0,4,3,0,3
minestrone's,12,3,0,3,3,0,3
minesweeper,11,2,0,2,2,0,2
minesweeper's,13,3,1,4,2,0,2
minesweepers,12,2,0,2,2,0,2
mingle,6,6,1,7,6,2,8
mingled,7,7,5,12,7,4,11
mingles,7,7,1,8,7,1,8
mingling,8,5,4,9,5,4,9
mini,4,2,4,6,2,3,5
mini's,6,4,3,7,4,3,7
miniature,9,3,1,4,3,1,4
miniature's,11,5,0,5,4,0,4
miniatures,10,4,0,4,4,0,4
miniaturist,11,3,0,3,3,0,3
miniaturist's,13,4,0,4,3,0,3
miniaturists,12,2,0,2,2,0,2
miniaturization,15,1,1,2,1,1,2
miniaturization's,17,1,0,1,1,0,1
miniaturize,11,2,1,3,3,1,4
miniaturized,12,1,1,2,1,1,2
miniaturizes,12,3,0,3,3,0,3
miniaturizing,13,1,1,2,1,1,2
minibike,8,2,3,5,2,3,5
minibike's,10,4,0,4,3,2,5
minibikes,9,3,1,4,3,1,4
minibus,7,3,4,7,4,3,7
minibus's,9,3,1,4,3,1,4
minibuses,9,3,2,5,3,2,5
minibusses,10,4,0,4,4,0,4
minicam,7,3,4,7,3,3,6
minicam's,9,5,1,6,4,2,6
minicams,8,4,2,6,4,2,6
minicomputer,12,1,1,2,1,1,2
minicomputer's,14,3,0,3,2,0,2
minicomputers,13,4,0,4,4,0,4
minim,5,1,8,9,2,5,7
minim's,7,4,5,9,4,3,7
minima,6,3,3,6,3,3,6
minimal,7,2,3,5,3,3,6
minimalism,10,2,2,4,3,2,5
minimalism's,12,4,0,4,3,0,3
minimalist,10,3,0,3,3,0,3
minimalist's,12,4,0,4,3,0,3
minimalists,11,4,0,4,3,0,3
minimally,9,3,3,6,3,3,6
minimization,12,2,1,3,3,1,4
minimize,8,3,4,7,4,2,6
minimized,9,4,3,7,5,1,6
minimizes,9,4,2,6,5,0,5
minimizing,10,2,2,4,2,2,4
minims,6,2,7,9,3,4,7
minimum,7,2,4,6,2,4,6
minimum's,9,3,3,6,3,3,6
minimums,8,2,4,6,2,4,6
mining,6,4,6,10,4,6,10
mining's,8,5,4,9,5,4,9
minion,6,4,3,7,4,3,7
minion's,8,6,2,8,6,2,8
minions,7,5,4,9,5,2,7
minis,5,3,4,7,3,4,7
miniscule,9,3,1,4,3,2,5
miniscule's,11,7,0,7,4,2,6
miniscules,10,5,3,8,3,1,4
miniseries,10,4,0,4,3,0,3
miniseries's,12,2,0,2,2,0,2
miniskirt,9,3,1,4,3,1,4
miniskirt's,11,5,1,6,2,1,3
miniskirts,10,2,2,4,2,2,4
minister,8,5,1,6,5,1,6
minister's,10,5,3,8,6,0,6
ministered,10,5,1,6,5,0,5
ministerial,11,7,0,7,4,0,4
ministering,11,7,0,7,4,0,4
ministers,9,5,1,6,5,3,8
ministrant,10,2,1,3,2,1,3
ministrant's,12,2,1,3,2,1,3
ministrants,11,3,2,5,2,1,3
ministration,12,2,0,2,2,0,2
ministration's,14,3,0,3,2,0,2
ministrations,13,2,2,4,2,1,3
ministries,10,5,1,6,3,1,4
ministry,8,2,1,3,2,1,3
ministry's,10,2,2,4,2,2,4
minivan,7,2,3,5,3,3,6
minivan's,9,5,2,7,4,2,6
minivans,8,4,2,6,4,2,6
mink,4,4,8,12,4,6,10
mink's,6,6,5,11,6,5,11
minks,5,5,7,12,5,6,11
minnow,6,4,3,7,3,4,7
minnow's,8,5,2,7,3,2,5
minnows,7,5,3,8,5,2,7
minor,5,4,4,8,3,5,8
minor's,7,6,3,9,5,4,9
minored,7,6,3,9,5,3,8
minoring,8,5,4,9,5,4,9
minorities,10,3,1,4,4,0,4
minority,8,3,3,6,3,5,8
minority's,10,3,2,5,3,2,5
minors,6,5,4,9,5,4,9
minster,7,6,2,8,6,2,8
minstrel,8,5,0,5,5,0,5
minstrel's,10,4,0,4,4,0,4
minstrels,9,3,1,4,4,0,4
mint,4,4,9,13,4,8,12
mint's,6,6,8,14,6,8,14
minted,6,5,6,11,5,6,11
mintier,7,4,3,7,4,3,7
mintiest,8,5,0,5,5,0,5
minting,7,4,5,9,4,6,10
mints,5,5,8,13,5,8,13
minty,5,3,6,9,3,7,10
minuend,7,2,3,5,2,3,5
minuend's,9,4,3,7,4,3,7
minuends,8,3,3,6,3,3,6
minuet,6,3,5,8,3,5,8
minuet's,8,5,3,8,5,3,8
minuets,7,4,5,9,4,5,9
minus,5,4,9,13,4,9,13
minus's,7,5,3,8,5,4,9
minuscule,9,5,1,6,3,2,5
minuscule's,11,7,0,7,4,2,6
minuscules,10,5,3,8,5,1,6
minuses,7,5,2,7,5,0,5
minute,6,4,2,6,4,2,6
minute's,8,6,2,8,5,2,7
minuted,7,4,5,9,4,5,9
minutely,8,6,1,7,4,2,6
minuteman,9,2,2,4,3,2,5
minuteman's,11,6,1,7,4,0,4
minutemen,9,2,2,4,2,2,4
minuteness,10,5,0,5,5,0,5
minuteness's,12,6,0,6,6,0,6
minuter,7,4,3,7,4,3,7
minutes,7,4,2,6,4,2,6
minutest,8,4,1,5,4,1,5
minutia,7,3,2,5,2,3,5
minutia's,9,3,2,5,3,2,5
minutiae,8,3,1,4,3,1,4
minuting,8,4,5,9,4,5,9
minx,4,3,10,13,3,10,13
minx's,6,5,9,14,5,9,14
minxes,6,5,5,10,5,4,9
miracle,7,4,4,8,4,2,6
miracle's,9,6,1,7,6,1,7
miracles,8,5,1,6,4,2,6
miraculous,10,3,2,5,4,1,5
miraculously,12,7,0,7,5,0,5
mirage,6,4,3,7,3,4,7
mirage's,8,5,3,8,5,2,7
mirages,7,4,4,8,4,4,8
mire,4,4,6,10,4,6,10
mire's,6,6,6,12,6,5,11
mired,5,5,6,11,5,6,11
mires,5,5,7,12,5,6,11
miring,6,5,6,11,5,6,11
mirror,6,3,6,9,2,7,9
mirror's,8,5,5,10,4,3,7
mirrored,8,5,3,8,2,1,3
mirroring,9,4,4,8,4,4,8
mirrors,7,4,4,8,4,4,8
mirth,5,4,9,13,4,9,13
mirth's,7,6,7,13,6,8,14
mirthful,8,5,4,9,3,4,7
mirthfully,10,2,3,5,3,3,6
mirthless,9,6,1,7,6,1,7
misadventure,12,3,0,3,3,0,3
misadventure's,14,3,0,3,3,0,3
misadventures,13,3,0,3,3,0,3
misalignment,12,3,0,3,2,1,3
misalliance,11,3,0,3,3,0,3
misalliance's,13,2,0,2,2,0,2
misalliances,12,3,0,3,3,0,3
misanthrope,11,4,0,4,4,0,4
misanthrope's,13,4,0,4,4,0,4
misanthropes,12,4,0,4,4,0,4
misanthropic,12,2,0,2,2,0,2
misanthropist,13,2,0,2,2,0,2
misanthropist's,15,2,0,2,2,0,2
misanthropists,14,2,0,2,2,0,2
misanthropy,11,3,1,4,3,1,4
misanthropy's,13,3,1,4,3,1,4
misapplication,14,2,0,2,2,0,2
misapplication's,16,2,0,2,2,0,2
misapplied,10,6,1,7,5,0,5
misapplies,10,5,0,5,5,0,5
misapply,8,4,1,5,3,2,5
misapplying,11,6,0,6,6,0,6
misapprehend,12,4,0,4,4,0,4
misapprehended,14,3,0,3,3,0,3
misapprehending,15,2,0,2,2,0,2
misapprehends,13,4,0,4,4,0,4
misapprehension,15,1,0,1,1,0,1
misapprehension's,17,3,0,3,2,0,2
misapprehensions,16,1,0,1,1,0,1
misappropriate,14,2,0,2,2,0,2
misappropriated,15,2,0,2,2,0,2
misappropriates,15,3,0,3,3,0,3
misappropriating,16,3,0,3,6,0,6
misappropriation,16,3,0,3,6,0,6
misappropriation's,18,3,0,3,3,0,3
misappropriations,17,3,0,3,3,0,3
misbegotten,11,4,1,5,3,1,4
misbehave,9,2,1,3,3,1,4
misbehaved,10,5,0,5,5,0,5
misbehaves,10,3,0,3,3,0,3
misbehaving,11,5,1,6,5,1,6
misbehavior,11,4,1,5,3,1,4
misbehavior's,13,4,1,5,2,1,3
miscalculate,12,3,1,4,4,0,4
miscalculated,13,5,0,5,5,0,5
miscalculates,13,3,1,4,4,0,4
miscalculating,14,4,0,4,4,0,4
miscalculation,14,5,0,5,4,0,4
miscalculation's,16,5,0,5,3,0,3
miscalculations,15,2,0,2,2,0,2
miscall,7,3,2,5,3,2,5
miscalled,9,6,0,6,6,0,6
miscalling,10,6,1,7,4,1,5
miscalls,8,3,3,6,3,3,6
miscarriage,11,4,1,5,2,1,3
miscarriage's,13,3,1,4,3,1,4
miscarriages,12,2,1,3,2,1,3
miscarried,10,6,1,7,5,0,5
miscarries,10,5,0,5,5,0,5
miscarry,8,5,2,7,4,3,7
miscarrying,11,6,0,6,6,0,6
miscast,7,2,1,3,3,2,5
miscasting,10,5,0,5,3,0,3
miscasts,8,3,2,5,3,2,5
miscegenation,13,3,0,3,3,0,3
miscegenation's,15,3,0,3,3,0,3
miscellaneous,13,3,0,3,3,0,3
miscellanies,12,2,0,2,2,0,2
miscellany,10,5,1,6,3,1,4
miscellany's,12,4,0,4,4,0,4
mischance,9,5,0,5,5,0,5
mischance's,11,5,0,5,4,0,4
mischances,10,5,0,5,5,0,5
mischief,8,5,2,7,5,2,7
mischief's,10,3,1,4,3,1,4
mischievous,11,4,1,5,3,0,3
mischievously,13,2,0,2,2,0,2
mischievousness,15,1,0,1,1,0,1
mischievousness's,17,1,0,1,1,0,1
miscommunication,16,2,0,2,2,0,2
misconceive,11,3,0,3,3,0,3
misconceived,12,3,0,3,3,0,3
misconceives,12,3,0,3,3,0,3
misconceiving,13,3,0,3,3,0,3
misconception,13,3,0,3,3,0,3
misconception's,15,4,0,4,4,0,4
misconceptions,14,3,0,3,4,0,4
misconduct,10,3,0,3,3,0,3
misconduct's,12,4,1,5,4,1,5
misconducted,12,4,0,4,4,0,4
misconducting,13,4,0,4,4,0,4
misconducts,11,4,1,5,4,1,5
misconstruction,15,1,0,1,1,0,1
misconstruction's,17,3,0,3,2,0,2
misconstructions,16,2,0,2,2,0,2
misconstrue,11,3,0,3,3,0,3
misconstrued,12,4,0,4,3,0,3
misconstrues,12,2,0,2,2,0,2
misconstruing,13,2,0,2,2,0,2
miscount,8,8,3,11,8,2,10
miscount's,10,9,2,11,9,2,11
miscounted,10,5,0,5,5,0,5
miscounting,11,8,1,9,7,1,8
miscounts,9,8,3,11,8,3,11
miscreant,9,6,0,6,4,0,4
miscreant's,11,7,0,7,4,0,4
miscreants,10,6,1,7,3,0,3
miscue,6,4,3,7,4,3,7
miscue's,8,4,1,5,4,1,5
miscued,7,4,0,4,6,2,8
miscues,7,3,1,4,3,1,4
miscuing,8,5,2,7,5,2,7
misdeal,7,4,0,4,3,1,4
misdeal's,9,4,1,5,4,1,5
misdealing,10,5,0,5,3,0,3
misdeals,8,4,1,5,4,1,5
misdealt,8,3,0,3,3,0,3
misdeed,7,3,0,3,2,0,2
misdeed's,9,2,0,2,2,0,2
misdeeds,8,2,0,2,2,0,2
misdemeanor,11,3,0,3,3,0,3
misdemeanor's,13,3,0,3,3,0,3
misdemeanors,12,3,0,3,3,0,3
misdiagnose,11,1,1,2,2,0,2
misdiagnosed,12,2,0,2,1,1,2
misdiagnoses,12,2,1,3,2,1,3
misdiagnosing,13,2,0,2,2,0,2
misdiagnosis,12,2,0,2,2,0,2
misdiagnosis's,14,1,0,1,1,0,1
misdid,6,3,2,5,3,1,4
misdirect,9,3,0,3,3,0,3
misdirected,11,2,0,2,2,0,2
misdirecting,12,3,0,3,9,0,9
misdirection,12,5,0,5,9,0,9
misdirection's,14,7,0,7,3,0,3
misdirects,10,3,1,4,3,1,4
misdo,5,4,4,8,4,4,8
misdoes,7,3,2,5,4,1,5
misdoing,8,5,1,6,4,1,5
misdoing's,10,3,3,6,3,3,6
misdoings,9,2,3,5,3,2,5
misdone,7,4,0,4,4,1,5
miser,5,5,2,7,5,1,6
miser's,7,4,3,7,5,1,6
miserable,9,4,0,4,3,1,4
miserably,9,4,0,4,4,1,5
miseries,8,4,0,4,4,0,4
miserliness,11,3,0,3,2,0,2
miserliness's,13,3,0,3,2,0,2
miserly,7,3,1,4,2,2,4
misers,6,3,3,6,4,2,6
misery,6,5,1,6,5,1,6
misery's,8,4,1,5,4,1,5
misfeasance,11,2,0,2,4,0,4
misfeasance's,13,2,0,2,3,0,3
misfire,7,4,1,5,4,1,5
misfire's,9,4,1,5,4,1,5
misfired,8,5,1,6,5,1,6
misfires,8,4,0,4,4,0,4
misfiring,9,5,1,6,5,1,6
misfit,6,3,1,4,3,2,5
misfit's,8,3,1,4,3,2,5
misfits,7,3,2,5,3,1,4
misfitted,9,4,0,4,4,0,4
misfitting,10,3,1,4,2,1,3
misfortune,10,5,1,6,3,1,4
misfortune's,12,3,0,3,3,0,3
misfortunes,11,4,0,4,3,1,4
misgiving,9,4,1,5,3,1,4
misgiving's,11,2,1,3,2,1,3
misgivings,10,1,4,5,2,1,3
misgovern,9,3,1,4,3,1,4
misgoverned,11,4,0,4,4,0,4
misgoverning,12,3,0,3,3,0,3
misgoverns,10,5,0,5,5,0,5
misguide,8,4,0,4,4,0,4
misguided,9,3,1,4,3,1,4
misguidedly,11,3,0,3,3,0,3
misguides,9,4,0,4,4,0,4
misguiding,10,3,0,3,3,0,3
mishandle,9,5,0,5,5,0,5
mishandled,10,3,0,3,3,0,3
mishandles,10,5,0,5,5,0,5
mishandling,11,5,0,5,5,0,5
mishap,6,5,1,6,5,1,6
mishap's,8,4,3,7,5,3,8
mishaps,7,5,2,7,5,1,6
mishmash,8,2,2,4,1,2,3
mishmash's,10,6,1,7,6,0,6
mishmashes,10,5,2,7,5,1,6
misidentified,13,3,0,3,3,0,3
misidentifies,13,2,0,2,2,0,2
misidentify,11,2,0,2,2,0,2
misidentifying,14,2,0,2,2,0,2
misinform,9,3,1,4,3,1,4
misinformation,14,5,0,5,5,0,5
misinformation's,16,5,0,5,5,0,5
misinformed,11,4,0,4,3,0,3
misinforming,12,5,1,6,5,0,5
misinforms,10,2,3,5,3,1,4
misinterpret,12,4,0,4,4,0,4
misinterpretation,17,1,0,1,1,0,1
misinterpretation's,19,1,0,1,1,0,1
misinterpretations,18,2,0,2,2,0,2
misinterpreted,14,2,0,2,2,0,2
misinterpreting,15,2,0,2,2,0,2
misinterprets,13,4,0,4,3,0,3
misjudge,8,4,0,4,4,0,4
misjudged,9,4,0,4,4,0,4
misjudgement,12,4,0,4,4,0,4
misjudgement's,14,3,0,3,4,0,4
misjudgements,13,4,0,4,4,0,4
misjudges,9,4,0,4,4,0,4
misjudging,10,5,0,5,3,0,3
misjudgment,11,4,0,4,4,0,4
misjudgment's,13,4,0,4,4,0,4
misjudgments,12,4,0,4,4,0,4
mislaid,7,4,0,4,3,1,4
mislay,6,4,2,6,4,2,6
mislaying,9,6,1,7,6,1,7
mislays,7,4,3,7,4,2,6
mislead,7,7,0,7,4,1,5
misleading,10,9,0,9,9,0,9
misleads,8,7,1,8,7,1,8
misled,6,5,4,9,4,5,9
mismanage,9,4,1,5,4,1,5
mismanaged,10,6,0,6,5,0,5
mismanagement,13,4,0,4,5,0,5
mismanagement's,15,3,0,3,5,0,5
mismanages,10,5,1,6,6,0,6
mismanaging,11,4,0,4,4,0,4
mismatch,8,5,1,6,4,3,7
mismatch's,10,6,2,8,4,2,6
mismatched,10,6,0,6,5,0,5
mismatches,10,5,0,5,5,0,5
mismatching,11,8,1,9,9,1,10
misnomer,8,3,1,4,3,1,4
misnomer's,10,5,0,5,5,0,5
misnomers,9,5,2,7,6,1,7
misogynist,10,4,0,4,4,0,4
misogynist's,12,3,0,3,2,0,2
misogynistic,12,2,0,2,2,0,2
misogynists,11,2,1,3,2,1,3
misogyny,8,3,2,5,3,1,4
misogyny's,10,4,1,5,3,1,4
misplace,8,4,1,5,5,2,7
misplaced,9,9,0,9,9,0,9
misplaces,9,5,1,6,5,1,6
misplacing,10,9,1,10,9,1,10
misplay,7,3,2,5,3,2,5
misplay's,9,7,2,9,4,3,7
misplayed,9,8,1,9,8,1,9
misplaying,10,8,2,10,8,2,10
misplays,8,6,2,8,3,2,5
misprint,8,4,3,7,4,3,7
misprint's,10,4,1,5,4,1,5
misprinted,10,3,0,3,3,0,3
misprinting,11,5,1,6,5,1,6
misprints,9,4,3,7,4,2,6
mispronounce,12,4,0,4,3,1,4
mispronounced,13,5,0,5,5,0,5
mispronounces,13,4,0,4,3,1,4
mispronouncing,14,3,0,3,3,0,3
mispronunciation,16,2,0,2,3,0,3
mispronunciation's,18,2,0,2,3,0,3
mispronunciations,17,3,0,3,3,0,3
misquotation,12,4,0,4,4,0,4
misquotation's,14,2,0,2,3,0,3
misquotations,13,3,0,3,3,0,3
misquote,8,5,2,7,4,3,7
misquote's,10,6,1,7,6,1,7
misquoted,9,5,1,6,5,1,6
misquotes,9,4,2,6,4,2,6
misquoting,10,5,2,7,3,2,5
misread,7,6,1,7,3,0,3
misreading,10,8,1,9,8,1,9
misreading's,12,3,0,3,3,0,3
misreadings,11,3,1,4,4,1,5
misreads,8,6,2,8,6,2,8
misrepresent,12,3,0,3,3,0,3
misrepresentation,17,1,0,1,1,0,1
misrepresentation's,19,1,0,1,1,0,1
misrepresentations,18,3,0,3,2,0,2
misrepresented,14,1,0,1,1,0,1
misrepresenting,15,1,0,1,1,0,1
misrepresents,13,2,0,2,1,1,2
misrule,7,4,2,6,5,2,7
misrule's,9,5,1,6,5,1,6
misruled,8,5,0,5,5,0,5
misrules,8,4,2,6,4,2,6
misruling,9,6,2,8,6,1,7
miss,4,3,4,7,3,4,7
miss's,6,4,5,9,4,5,9
missal,6,3,3,6,3,3,6
missal's,8,4,3,7,4,3,7
missals,7,2,2,4,2,2,4
missed,6,4,8,12,4,8,12
misses,6,4,7,11,4,7,11
misshapen,9,3,1,4,3,1,4
missile,7,5,1,6,5,1,6
missile's,9,6,0,6,6,1,7
missilery,9,3,1,4,3,1,4
missilery's,11,4,1,5,3,1,4
missiles,8,5,0,5,5,0,5
missing,7,5,3,8,5,4,9
mission,7,4,1,5,4,2,6
mission's,9,4,1,5,4,2,6
missionaries,12,3,0,3,3,0,3
missionary,10,2,1,3,2,1,3
missionary's,12,3,1,4,2,1,3
missions,8,2,2,4,2,2,4
missive,7,4,2,6,4,2,6
missive's,9,5,1,6,5,2,7
missives,8,4,1,5,4,1,5
misspell,8,6,0,6,6,0,6
misspelled,10,3,0,3,3,0,3
misspelling,11,4,0,4,4,0,4
misspelling's,13,3,0,3,3,0,3
misspellings,12,2,0,2,2,0,2
misspells,9,6,1,7,6,1,7
misspelt,8,6,0,6,6,0,6
misspend,8,7,1,8,7,1,8
misspending,11,3,0,3,3,0,3
misspends,9,5,2,7,5,2,7
misspent,8,6,2,8,6,2,8
misstate,8,3,1,4,3,1,4
misstated,9,4,0,4,4,0,4
misstatement,12,2,0,2,2,0,2
misstatement's,14,2,0,2,2,0,2
misstatements,13,2,0,2,2,0,2
misstates,9,3,2,5,3,1,4
misstating,10,4,1,5,3,1,4
misstep,7,3,0,3,3,0,3
misstep's,9,4,0,4,5,1,6
missteps,8,3,1,4,4,0,4
mist,4,4,6,10,4,6,10
mist's,6,4,8,12,4,8,12
mistake,7,6,1,7,3,1,4
mistake's,9,4,1,5,4,1,5
mistaken,8,3,1,4,3,1,4
mistakenly,10,3,1,4,3,1,4
mistakes,8,6,1,7,6,1,7
mistaking,9,5,3,8,7,2,9
misted,6,4,7,11,4,7,11
mister,6,6,1,7,6,0,6
mister's,8,6,4,10,6,4,10
misters,7,6,1,7,6,1,7
mistier,7,5,2,7,5,1,6
mistiest,8,4,0,4,3,0,3
mistily,7,4,2,6,4,2,6
mistime,7,4,1,5,4,1,5
mistimed,8,5,1,6,5,1,6
mistimes,8,4,0,4,4,0,4
mistiming,9,5,1,6,5,1,6
mistiness,9,5,0,5,5,0,5
mistiness's,11,6,0,6,6,0,6
misting,7,5,2,7,5,3,8
mistletoe,9,3,0,3,3,0,3
mistletoe's,11,3,0,3,3,0,3
mistook,7,3,3,6,3,3,6
mistranslated,13,2,0,2,2,0,2
mistreat,8,4,0,4,4,0,4
mistreated,10,5,0,5,5,0,5
mistreating,11,6,0,6,6,0,6
mistreatment,12,3,0,3,3,0,3
mistreatment's,14,2,0,2,3,0,3
mistreats,9,4,1,5,3,1,4
mistress,8,5,2,7,5,2,7
mistress's,10,6,2,8,6,2,8
mistresses,10,5,1,6,5,1,6
mistrial,8,2,3,5,3,2,5
mistrial's,10,4,1,5,4,1,5
mistrials,9,3,1,4,3,1,4
mistrust,8,5,2,7,5,1,6
mistrust's,10,6,1,7,3,0,3
mistrusted,10,7,0,7,3,0,3
mistrustful,11,7,2,9,7,2,9
mistrusting,11,7,1,8,7,1,8
mistrusts,9,5,2,7,5,2,7
mists,5,3,6,9,3,6,9
misty,5,4,3,7,4,3,7
mistype,7,5,2,7,4,3,7
mistypes,8,5,2,7,5,2,7
mistyping,9,6,1,7,6,3,9
misunderstand,13,3,0,3,3,0,3
misunderstanding,16,1,0,1,1,0,1
misunderstanding's,18,3,0,3,2,0,2
misunderstandings,17,1,0,1,1,0,1
misunderstands,14,3,0,3,2,0,2
misunderstood,13,3,0,3,3,0,3
misuse,6,4,3,7,4,3,7
misuse's,8,5,1,6,5,1,6
misused,7,5,0,5,3,0,3
misuses,7,4,1,5,4,1,5
misusing,8,5,1,6,5,1,6
mite,4,4,10,14,4,10,14
mite's,6,6,5,11,5,6,11
miter,5,4,6,10,4,7,11
miter's,7,7,3,10,7,3,10
mitered,7,4,3,7,4,2,6
mitering,8,5,1,6,5,1,6
miters,6,6,5,11,6,6,12
mites,5,5,6,11,5,6,11
mitigate,8,5,2,7,5,2,7
mitigated,9,6,2,8,6,2,8
mitigates,9,6,1,7,6,1,7
mitigating,10,5,3,8,5,3,8
mitigation,10,6,3,9,6,3,9
mitigation's,12,8,2,10,8,2,10
mitosis,7,2,2,4,2,2,4
mitosis's,9,1,1,2,1,1,2
mitt,4,2,9,11,2,8,10
mitt's,6,4,7,11,4,7,11
mitten,6,4,6,10,4,6,10
mitten's,8,6,4,10,6,4,10
mittens,7,5,4,9,5,4,9
mitts,5,3,9,12,3,7,10
mix,3,2,9,11,2,10,12
mix's,5,4,10,14,4,9,13
mixed,5,4,9,13,4,7,11
mixer,5,3,10,13,3,10,13
mixer's,7,5,9,14,5,9,14
mixers,6,5,6,11,5,7,12
mixes,5,4,10,14,4,7,11
mixing,6,4,10,14,4,7,11
mixture,7,6,3,9,6,3,9
mixture's,9,8,2,10,8,2,10
mixtures,8,7,2,9,7,2,9
mizzen,6,3,6,9,2,8,10
mizzen's,8,6,4,10,5,5,10
mizzenmast,10,4,0,4,4,0,4
mizzenmast's,12,4,0,4,3,0,3
mizzenmasts,11,3,0,3,3,0,3
mizzens,7,5,5,10,5,5,10
mkay,4,1,9,10,2,6,8
mnemonic,8,4,2,6,3,2,5
mnemonic's,10,4,1,5,4,1,5
mnemonics,9,3,2,5,4,1,5
moan,4,3,7,10,3,7,10
moan's,6,5,6,11,5,6,11
moaned,6,5,5,10,5,5,10
moaning,7,5,3,8,4,4,8
moans,5,4,5,9,4,5,9
moat,4,3,8,11,3,7,10
moat's,6,5,7,12,5,6,11
moats,5,4,6,10,4,6,10
mob,3,3,9,12,3,9,12
mob's,5,4,10,14,4,10,14
mobbed,6,4,7,11,5,6,11
mobbing,7,5,8,13,6,7,13
mobile,6,6,3,9,6,2,8
mobile's,8,7,3,10,5,1,6
mobiles,7,7,2,9,7,2,9
mobility,8,5,4,9,5,4,9
mobility's,10,9,2,11,9,2,11
mobilization,12,5,2,7,4,2,6
mobilization's,14,7,1,8,5,1,6
mobilizations,13,6,1,7,4,2,6
mobilize,8,3,2,5,4,2,6
mobilized,9,4,2,6,4,1,5
mobilizes,9,4,0,4,4,0,4
mobilizing,10,3,2,5,2,2,4
mobs,4,4,8,12,4,8,12
mobster,7,6,1,7,6,1,7
mobster's,9,7,1,8,7,1,8
mobsters,8,6,1,7,6,1,7
moccasin,8,2,1,3,2,1,3
moccasin's,10,3,1,4,3,1,4
moccasins,9,2,2,4,2,2,4
mocha,5,4,6,10,3,4,7
mocha's,7,6,4,10,5,3,8
mochas,6,4,2,6,4,2,6
mock,4,4,9,13,4,9,13
mocked,6,6,6,12,5,10,15
mocker,6,5,7,12,4,8,12
mocker's,8,6,7,13,5,9,14
mockeries,9,5,1,6,5,2,7
mockers,7,5,6,11,5,5,10
mockery,7,5,1,6,4,4,8
mockery's,9,6,3,9,5,2,7
mocking,7,6,9,15,6,10,16
mockingbird,11,4,1,5,3,2,5
mockingbird's,13,3,3,6,4,1,5
mockingbirds,12,3,2,5,3,2,5
mockingly,9,3,3,6,3,3,6
mocks,5,5,9,14,5,9,14
mod,3,3,7,10,3,8,11
mod's,5,5,8,13,5,8,13
modal,5,4,5,9,3,6,9
modal's,7,6,4,10,6,4,10
modals,6,5,4,9,5,5,10
mode,4,3,8,11,3,8,11
mode's,6,6,5,11,5,7,12
model,5,4,3,7,4,3,7
model's,7,7,5,12,7,5,12
modeled,7,5,1,6,5,0,5
modeling,8,8,2,10,8,2,10
modeling's,10,9,1,10,9,1,10
modelings,9,8,2,10,8,1,9
modelled,8,5,2,7,5,2,7
modelling,9,8,3,11,8,1,9
models,6,6,5,11,6,4,10
modem,5,4,3,7,4,3,7
modem's,7,5,5,10,5,4,9
modems,6,4,5,9,4,4,8
moderate,8,5,2,7,5,2,7
moderate's,10,6,2,8,5,0,5
moderated,9,3,1,4,5,1,6
moderately,10,3,1,4,2,2,4
moderates,9,4,1,5,6,1,7
moderating,10,7,1,8,8,1,9
moderation,10,6,1,7,6,1,7
moderation's,12,7,0,7,6,0,6
moderator,9,2,3,5,2,3,5
moderator's,11,5,1,6,4,0,4
moderators,10,4,1,5,5,0,5
modern,6,4,3,7,4,4,8
modern's,8,5,4,9,5,4,9
modernism,9,4,1,5,4,1,5
modernism's,11,6,1,7,5,1,6
modernist,9,5,0,5,5,0,5
modernist's,11,6,1,7,5,1,6
modernistic,11,6,0,6,4,0,4
modernists,10,3,2,5,3,1,4
modernity,9,4,1,5,3,1,4
modernity's,11,6,0,6,5,1,6
modernization,13,5,1,6,5,1,6
modernization's,15,6,0,6,6,0,6
modernize,9,2,2,4,2,2,4
modernized,10,4,1,5,4,1,5
modernizes,10,4,0,4,4,1,5
modernizing,11,4,2,6,3,1,4
moderns,7,5,4,9,5,2,7
modes,5,4,7,11,4,9,13
modest,6,4,5,9,4,5,9
modestly,8,6,1,7,6,1,7
modesty,7,5,1,6,5,1,6
modesty's,9,6,2,8,5,1,6
modicum,7,3,3,6,3,3,6
modicum's,9,5,2,7,3,3,6
modicums,8,3,3,6,3,3,6
modifiable,10,3,1,4,3,1,4
modification,12,6,1,7,5,1,6
modification's,14,8,0,8,6,0,6
modifications,13,7,0,7,5,1,6
modified,8,5,2,7,5,3,8
modifier,8,2,2,4,4,1,5
modifier's,10,7,1,8,7,1,8
modifiers,9,5,3,8,6,2,8
modifies,8,5,2,7,5,2,7
modify,6,3,6,9,3,6,9
modifying,9,7,4,11,7,4,11
modish,6,4,5,9,4,5,9
modishly,8,6,2,8,4,2,6
modishness,10,6,2,8,6,2,8
modishness's,12,7,2,9,7,2,9
mods,4,4,7,11,4,7,11
modular,7,7,3,10,7,2,9
modulate,8,6,3,9,5,3,8
modulated,9,4,2,6,3,1,4
modulates,9,6,2,8,5,3,8
modulating,10,8,3,11,5,3,8
modulation,10,4,3,7,3,3,6
modulation's,12,9,2,11,5,2,7
modulations,11,9,1,10,8,2,10
modulator,9,4,3,7,3,3,6
modulator's,11,4,1,5,4,2,6
modulators,10,5,2,7,5,2,7
module,6,6,4,10,6,3,9
module's,8,8,2,10,8,3,11
modules,7,7,2,9,7,3,10
modulus,7,4,4,8,4,4,8
mogul,5,3,5,8,3,6,9
mogul's,7,5,4,9,5,5,10
moguls,6,4,3,7,4,3,7
mohair,6,4,2,6,4,3,7
mohair's,8,6,1,7,5,1,6
moieties,8,3,0,3,3,0,3
moiety,6,4,4,8,2,6,8
moiety's,8,5,4,9,5,4,9
moire,5,4,3,7,4,3,7
moire's,7,6,2,8,6,2,8
moires,6,4,1,5,4,1,5
moist,5,4,5,9,4,5,9
moisten,7,5,3,8,5,3,8
moistened,9,6,2,8,6,2,8
moistening,10,6,0,6,5,0,5
moistens,8,5,2,7,4,2,6
moister,7,7,1,8,7,1,8
moistest,8,3,1,4,3,1,4
moistly,7,2,2,4,2,2,4
moistness,9,5,1,6,5,1,6
moistness's,11,6,1,7,6,1,7
moisture,8,4,0,4,3,1,4
moisture's,10,5,0,5,4,1,5
moisturize,10,3,1,4,4,0,4
moisturized,11,9,0,9,5,0,5
moisturizer,11,9,0,9,5,0,5
moisturizer's,13,3,0,3,3,0,3
moisturizers,12,6,0,6,3,1,4
moisturizes,11,3,1,4,6,0,6
moisturizing,12,2,0,2,2,0,2
molar,5,5,3,8,5,3,8
molar's,7,5,2,7,5,2,7
molars,6,4,2,6,4,2,6
molasses,8,6,0,6,6,0,6
molasses's,10,2,0,2,2,0,2
mold,4,3,10,13,3,9,12
mold's,6,5,8,13,5,7,12
molded,6,4,4,8,4,3,7
molder,6,6,6,12,6,6,12
molder's,8,7,3,10,7,3,10
moldered,8,5,2,7,5,2,7
moldering,9,8,3,11,6,2,8
molders,7,6,3,9,6,3,9
moldier,7,5,2,7,5,1,6
moldiest,8,6,2,8,6,1,7
moldiness,9,6,1,7,6,0,6
moldiness's,11,7,1,8,7,0,7
molding,7,6,6,12,6,6,12
molding's,9,8,4,12,8,5,13
moldings,8,6,4,10,7,7,14
molds,5,4,8,12,4,8,12
moldy,5,3,4,7,3,4,7
mole,4,4,7,11,4,7,11
mole's,6,6,6,12,6,6,12
molecular,9,3,2,5,2,2,4
molecule,8,2,3,5,2,3,5
molecule's,10,4,0,4,3,2,5
molecules,9,3,0,3,3,2,5
molehill,8,2,4,6,2,4,6
molehill's,10,6,1,7,6,1,7
molehills,9,5,2,7,4,1,5
moles,5,5,6,11,5,6,11
moleskin,8,5,0,5,5,0,5
moleskin's,10,7,2,9,6,0,6
molest,6,4,3,7,4,3,7
molestation,11,7,1,8,7,1,8
molestation's,13,8,1,9,8,1,9
molested,8,4,2,6,4,2,6
molester,8,5,2,7,5,2,7
molester's,10,5,1,6,5,1,6
molesters,9,4,1,5,3,1,4
molesting,9,6,1,7,4,1,5
molests,7,3,3,6,3,3,6
moll,4,3,4,7,3,3,6
moll's,6,5,3,8,5,2,7
mollification,13,5,1,6,5,1,6
mollification's,15,7,0,7,6,0,6
mollified,9,5,3,8,6,1,7
mollifies,9,6,0,6,6,0,6
mollify,7,4,5,9,4,5,9
mollifying,10,6,2,8,8,2,10
molls,5,4,5,9,4,5,9
mollusc,7,6,3,9,6,3,9
mollusc's,9,7,3,10,7,3,10
molluscs,8,6,4,10,3,3,6
mollusk,7,5,4,9,5,4,9
mollusk's,9,6,4,10,6,4,10
mollusks,8,5,5,10,3,4,7
mollycoddle,11,2,3,5,2,3,5
mollycoddle's,13,3,1,4,4,2,6
mollycoddled,12,3,2,5,3,2,5
mollycoddles,12,4,1,5,4,1,5
mollycoddling,13,4,2,6,3,1,4
molt,4,4,9,13,4,8,12
molt's,6,6,8,14,6,7,13
molted,6,5,4,9,5,4,9
molten,6,3,3,6,3,4,7
molting,7,6,5,11,6,5,11
molts,5,5,7,12,5,7,12
molybdenum,10,1,3,4,3,2,5
molybdenum's,12,3,2,5,2,2,4
mom,3,2,12,14,2,12,14
mom's,5,4,11,15,4,11,15
moment,6,5,3,8,5,3,8
moment's,8,5,4,9,5,4,9
momentarily,11,5,1,6,3,1,4
momentary,9,4,1,5,4,1,5
momentous,9,3,2,5,3,2,5
momentousness,13,2,0,2,3,0,3
momentousness's,15,2,0,2,3,0,3
moments,7,6,3,9,6,2,8
momentum,8,4,3,7,3,3,6
momentum's,10,6,3,9,4,2,6
momma,5,3,7,10,3,4,7
momma's,7,5,6,11,5,2,7
mommas,6,3,5,8,4,2,6
mommies,7,5,6,11,5,5,10
mommy,5,3,10,13,3,7,10
mommy's,7,5,7,12,5,7,12
moms,4,2,12,14,2,12,14
monarch,7,4,4,8,4,4,8
monarch's,9,6,2,8,6,2,8
monarchic,9,2,2,4,2,2,4
monarchical,11,2,2,4,2,2,4
monarchies,10,4,0,4,4,0,4
monarchism,10,3,1,4,2,2,4
monarchism's,12,4,1,5,5,0,5
monarchist,10,4,0,4,5,0,5
monarchist's,12,5,0,5,4,0,4
monarchists,11,4,0,4,4,0,4
monarchs,8,3,3,6,3,3,6
monarchy,8,4,3,7,3,4,7
monarchy's,10,3,2,5,3,2,5
monasteries,11,3,0,3,3,0,3
monastery,9,3,0,3,4,1,5
monastery's,11,4,1,5,3,0,3
monastic,8,6,2,8,6,2,8
monastic's,10,3,1,4,4,1,5
monasticism,11,4,0,4,3,0,3
monasticism's,13,4,0,4,3,0,3
monastics,9,5,1,6,3,2,5
monaural,8,2,4,6,2,3,5
monetarily,10,4,1,5,4,1,5
monetarism,10,4,0,4,4,0,4
monetary,8,6,1,7,6,1,7
monetize,8,2,3,5,2,3,5
monetized,9,4,2,6,3,2,5
monetizes,9,3,2,5,4,1,5
monetizing,10,2,2,4,2,2,4
money,5,4,7,11,4,7,11
money's,7,6,4,10,6,4,10
moneybag,8,3,1,4,3,1,4
moneybag's,10,5,0,5,4,1,5
moneybags,9,4,2,6,3,3,6
moneyed,7,5,3,8,5,3,8
moneymaker,10,5,1,6,4,1,5
moneymaker's,12,7,0,7,5,0,5
moneymakers,11,6,1,7,5,0,5
moneymaking,11,5,1,6,3,1,4
moneymaking's,13,3,1,4,3,0,3
mongeese,8,2,0,2,2,0,2
monger,6,4,7,11,4,7,11
monger's,8,6,4,10,6,5,11
mongered,8,4,6,10,5,2,7
mongering,9,5,2,7,5,2,7
mongers,7,6,5,11,5,3,8
mongolism,9,4,1,5,4,1,5
mongolism's,11,5,1,6,4,1,5
mongoose,8,3,0,3,3,0,3
mongoose's,10,4,1,5,3,0,3
mongooses,9,3,0,3,3,0,3
mongrel,7,3,4,7,3,4,7
mongrel's,9,5,3,8,5,3,8
mongrels,8,5,2,7,4,2,6
monicker,8,5,3,8,4,2,6
monicker's,10,6,2,8,6,2,8
monickers,9,5,2,7,5,3,8
monied,6,5,8,13,5,8,13
monies,6,6,3,9,6,2,8
moniker,7,5,3,8,3,4,7
moniker's,9,7,3,10,7,3,10
monikers,8,6,3,9,6,3,9
monitor,7,3,3,6,3,3,6
monitor's,9,5,2,7,4,2,6
monitored,9,4,2,6,4,2,6
monitoring,10,5,3,8,6,2,8
monitors,8,4,3,7,5,3,8
monk,4,4,8,12,4,8,12
monk's,6,6,5,11,6,5,11
monkey,6,3,5,8,3,5,8
monkey's,8,4,4,8,4,4,8
monkeyed,8,3,4,7,3,4,7
monkeying,9,5,4,9,5,4,9
monkeys,7,6,4,10,3,5,8
monkeyshine,11,4,1,5,3,0,3
monkeyshine's,13,3,0,3,3,0,3
monkeyshines,12,3,1,4,3,0,3
monks,5,4,8,12,4,8,12
mono,4,2,5,7,2,6,8
mono's,6,4,4,8,4,4,8
monochromatic,13,2,1,3,2,1,3
monochrome,10,2,3,5,2,3,5
monochrome's,12,4,1,5,3,1,4
monochromes,11,3,2,5,3,1,4
monocle,7,3,3,6,3,2,5
monocle's,9,5,3,8,5,2,7
monocles,8,4,2,6,4,2,6
monocotyledon,13,1,2,3,1,2,3
monocotyledon's,15,3,0,3,2,1,3
monocotyledons,14,3,0,3,2,1,3
monogamous,10,3,2,5,3,2,5
monogamy,8,4,4,8,2,4,6
monogamy's,10,5,2,7,6,1,7
monogram,8,4,3,7,3,3,6
monogram's,10,6,2,8,4,2,6
monogrammed,11,5,2,7,4,1,5
monogramming,12,3,1,4,3,1,4
monograms,9,4,1,5,4,2,6
monograph,9,5,3,8,4,3,7
monograph's,11,7,1,8,5,1,6
monographs,10,6,2,8,5,1,6
monolingual,11,3,1,4,3,2,5
monolingual's,13,4,2,6,3,1,4
monolinguals,12,3,1,4,3,1,4
monolith,8,4,3,7,4,3,7
monolith's,10,4,2,6,5,3,8
monolithic,10,1,2,3,1,2,3
monoliths,9,3,2,5,3,2,5
monolog,7,1,5,6,1,5,6
monolog's,9,3,3,6,3,3,6
monologs,8,3,3,6,3,3,6
monologue,9,2,3,5,2,3,5
monologue's,11,4,2,6,3,2,5
monologues,10,3,2,5,3,2,5
monomania,9,3,2,5,3,2,5
monomania's,11,7,1,8,7,1,8
monomaniac,10,2,2,4,2,2,4
monomaniac's,12,3,1,4,4,1,5
monomaniacs,11,6,2,8,6,2,8
mononucleosis,13,3,0,3,3,0,3
mononucleosis's,15,2,0,2,2,0,2
monophonic,10,5,2,7,3,2,5
monopolies,10,5,1,6,5,1,6
monopolist,10,5,1,6,4,0,4
monopolist's,12,6,1,7,3,1,4
monopolistic,12,5,0,5,4,0,4
monopolists,11,3,1,4,3,1,4
monopolization,14,3,1,4,3,1,4
monopolization's,16,4,0,4,4,0,4
monopolize,10,4,2,6,4,2,6
monopolized,11,2,2,4,2,2,4
monopolizes,11,4,1,5,5,1,6
monopolizing,12,5,2,7,4,1,5
monopoly,8,3,4,7,3,4,7
monopoly's,10,5,2,7,5,2,7
monorail,8,4,2,6,4,2,6
monorail's,10,5,2,7,6,1,7
monorails,9,4,2,6,4,2,6
monosyllabic,12,5,0,5,4,0,4
monosyllable,12,3,1,4,3,1,4
monosyllable's,14,4,1,5,3,1,4
monosyllables,13,4,1,5,3,0,3
monotheism,10,5,0,5,5,0,5
monotheism's,12,5,0,5,4,1,5
monotheist,10,4,0,4,4,0,4
monotheist's,12,5,0,5,4,1,5
monotheistic,12,5,0,5,4,0,4
monotheists,11,3,1,4,3,1,4
monotone,8,2,3,5,2,3,5
monotone's,10,4,2,6,3,1,4
monotones,9,3,2,5,3,2,5
monotonic,9,2,3,5,2,3,5
monotonically,13,6,1,7,3,2,5
monotonous,10,2,2,4,2,2,4
monotonously,12,2,0,2,2,0,2
monotony,8,2,5,7,2,5,7
monotony's,10,4,3,7,4,3,7
monoxide,8,4,2,6,4,2,6
monoxide's,10,5,1,6,3,2,5
monoxides,9,5,1,6,5,0,5
monsieur,8,4,1,5,4,1,5
monsieur's,10,4,2,6,4,2,6
monsignor,9,3,1,4,3,1,4
monsignor's,11,3,1,4,3,1,4
monsignori,10,2,1,3,2,1,3
monsignors,10,2,2,4,2,2,4
monsoon,7,2,4,6,3,3,6
monsoon's,9,3,3,6,2,3,5
monsoons,8,2,3,5,2,3,5
monster,7,6,2,8,6,2,8
monster's,9,6,3,9,6,3,9
monsters,8,5,3,8,5,3,8
monstrance,10,4,0,4,4,1,5
monstrance's,12,6,0,6,4,0,4
monstrances,11,4,0,4,5,1,6
monstrosities,13,7,0,7,4,0,4
monstrosity,11,2,0,2,2,0,2
monstrosity's,13,7,0,7,4,0,4
monstrous,9,3,3,6,2,3,5
monstrously,11,6,1,7,2,1,3
montage,7,6,1,7,6,1,7
montage's,9,8,0,8,8,0,8
montages,8,7,1,8,7,2,9
month,5,3,4,7,3,5,8
month's,7,4,5,9,6,4,10
monthlies,9,4,1,5,5,1,6
monthly,7,3,5,8,2,5,7
monthly's,9,4,4,8,3,4,7
months,6,4,6,10,3,6,9
monument,8,4,1,5,2,4,6
monument's,10,5,2,7,5,1,6
monumental,10,3,1,4,3,1,4
monumentally,12,2,2,4,2,2,4
monuments,9,5,1,6,4,1,5
moo,3,2,4,6,2,4,6
moo's,5,4,3,7,4,3,7
mooch,5,4,5,9,4,5,9
mooch's,7,6,4,10,6,4,10
mooched,7,6,5,11,6,4,10
moocher,7,3,4,7,3,4,7
moocher's,9,7,2,9,5,2,7
moochers,8,6,4,10,6,2,8
mooches,7,6,3,9,6,4,10
mooching,8,7,4,11,7,4,11
mood,4,3,5,8,3,5,8
mood's,6,5,6,11,5,6,11
moodier,7,6,4,10,6,4,10
moodiest,8,6,3,9,6,3,9
moodily,7,2,4,6,2,4,6
moodiness,9,6,0,6,6,1,7
moodiness's,11,7,0,7,7,1,8
moods,5,4,4,8,4,4,8
moody,5,4,3,7,4,3,7
mooed,5,4,4,8,4,4,8
mooing,6,5,5,10,5,5,10
moon,4,3,2,5,3,2,5
moon's,6,5,5,10,5,5,10
moonbeam,8,2,4,6,3,2,5
moonbeam's,10,5,1,6,5,1,6
moonbeams,9,3,4,7,4,1,5
mooned,6,4,8,12,4,8,12
mooning,7,4,3,7,4,3,7
moonlight,9,5,3,8,3,3,6
moonlight's,11,4,2,6,3,2,5
moonlighted,11,10,2,12,10,2,12
moonlighter,11,9,3,12,9,3,12
moonlighter's,13,6,0,6,5,0,5
moonlighters,12,6,1,7,5,0,5
moonlighting,12,3,1,4,3,1,4
moonlighting's,14,4,0,4,3,1,4
moonlights,10,5,2,7,4,2,6
moonlit,7,3,3,6,3,3,6
moons,5,4,5,9,4,5,9
moonscape,9,4,0,4,4,0,4
moonscape's,11,5,0,5,5,0,5
moonscapes,10,4,0,4,4,0,4
moonshine,9,4,1,5,3,1,4
moonshine's,11,6,0,6,5,0,5
moonshines,10,2,3,5,4,0,4
moonshot,8,3,4,7,3,4,7
moonshot's,10,4,4,8,4,4,8
moonshots,9,3,4,7,3,3,6
moonstone,9,4,3,7,5,1,6
moonstone's,11,6,0,6,6,0,6
moonstones,10,4,2,6,5,0,5
moonstruck,10,3,2,5,3,2,5
moor,4,3,3,6,3,3,6
moor's,6,5,6,11,5,6,11
moored,6,3,4,7,3,2,5
mooring,7,5,4,9,5,5,10
mooring's,9,6,4,10,6,4,10
moorings,8,5,5,10,5,5,10
moorland,8,5,3,8,4,3,7
moors,5,4,2,6,4,2,6
moos,4,3,6,9,3,6,9
moose,5,4,2,6,4,2,6
moose's,7,5,1,6,5,1,6
moot,4,2,7,9,2,7,9
mooted,6,4,6,10,4,7,11
mooting,7,6,7,13,6,7,13
moots,5,3,6,9,3,6,9
mop,3,3,9,12,3,9,12
mop's,5,4,9,13,4,9,13
mope,4,3,7,10,3,7,10
mope's,6,5,6,11,5,6,11
moped,5,4,7,11,5,6,11
moped's,7,5,5,10,5,4,9
mopeds,6,4,5,9,4,4,8
mopes,5,5,7,12,5,6,11
moping,6,6,7,13,6,8,14
mopped,6,5,8,13,5,6,11
moppet,6,4,7,11,4,6,10
moppet's,8,6,6,12,6,4,10
moppets,7,4,7,11,4,7,11
mopping,7,6,8,14,6,7,13
mops,4,3,9,12,3,9,12
moraine,7,6,2,8,6,1,7
moraine's,9,8,1,9,8,1,9
moraines,8,5,2,7,5,2,7
moral,5,4,4,8,4,4,8
moral's,7,6,3,9,6,3,9
morale,6,4,4,8,4,3,7
morale's,8,5,1,6,6,3,9
moralist,8,7,1,8,7,1,8
moralist's,10,8,0,8,8,1,9
moralistic,10,5,0,5,5,1,6
moralists,9,7,1,8,7,1,8
moralities,10,7,0,7,6,0,6
morality,8,6,3,9,4,3,7
morality's,10,8,1,9,7,1,8
moralize,8,7,1,8,7,1,8
moralized,9,8,1,9,8,1,9
moralizes,9,8,0,8,8,1,9
moralizing,10,8,2,10,8,2,10
morally,7,5,3,8,5,4,9
morals,6,5,3,8,5,3,8
morass,6,2,2,4,2,2,4
morass's,8,3,2,5,2,1,3
morasses,8,5,1,6,5,1,6
moratoria,9,2,2,4,2,2,4
moratorium,10,2,3,5,2,3,5
moratorium's,12,4,1,5,3,1,4
moratoriums,11,2,2,4,3,1,4
moray,5,4,6,10,4,6,10
moray's,7,6,4,10,6,5,11
morays,6,5,4,9,5,4,9
morbid,6,5,6,11,5,5,10
morbidity,9,4,4,8,4,4,8
morbidity's,11,6,2,8,4,3,7
morbidly,8,6,4,10,6,3,9
mordant,7,5,3,8,4,2,6
mordant's,9,6,1,7,5,3,8
mordants,8,4,2,6,4,2,6
more,4,4,2,6,4,2,6
more's,6,6,3,9,6,3,9
moreover,8,2,2,4,2,2,4
mores,5,5,8,13,4,9,13
mores's,7,4,3,7,4,3,7
morgue,6,5,4,9,5,4,9
morgue's,8,7,4,11,7,2,9
morgues,7,6,5,11,6,5,11
moribund,8,3,3,6,3,3,6
morn,4,4,8,12,4,8,12
morn's,6,6,7,13,6,8,14
morning,7,5,4,9,5,4,9
morning's,9,7,3,10,7,3,10
mornings,8,4,2,6,4,2,6
morns,5,4,4,8,4,4,8
morocco,7,3,4,7,2,4,6
morocco's,9,5,2,7,4,2,6
moron,5,3,4,7,3,4,7
moron's,7,5,3,8,5,3,8
moronic,7,4,3,7,4,3,7
morons,6,4,3,7,4,3,7
morose,6,2,3,5,2,3,5
morosely,8,5,1,6,5,1,6
moroseness,10,4,0,4,3,0,3
moroseness's,12,4,0,4,3,0,3
morpheme,8,2,3,5,2,3,5
morpheme's,10,3,0,3,3,0,3
morphemes,9,3,1,4,3,1,4
morphine,8,4,3,7,4,3,7
morphine's,10,6,2,8,7,1,8
morphological,13,4,1,5,2,2,4
morphology,10,1,3,4,1,4,5
morphology's,12,7,2,9,2,3,5
morrow,6,4,6,10,4,5,9
morrow's,8,5,4,9,4,3,7
morrows,7,3,4,7,4,4,8
morsel,6,5,3,8,5,3,8
morsel's,8,5,3,8,5,2,7
morsels,7,5,2,7,5,2,7
mortal,6,5,4,9,5,3,8
mortal's,8,7,3,10,7,2,9
mortality,9,6,3,9,4,3,7
mortality's,11,6,1,7,5,1,6
mortally,8,3,3,6,6,3,9
mortals,7,5,2,7,5,2,7
mortar,6,5,4,9,3,5,8
mortar's,8,7,3,10,5,4,9
mortarboard,11,1,3,4,1,3,4
mortarboard's,13,3,1,4,3,2,5
mortarboards,12,3,1,4,2,2,4
mortared,8,4,1,5,6,1,7
mortaring,9,5,3,8,5,3,8
mortars,7,4,2,6,4,2,6
mortgage,8,5,1,6,5,1,6
mortgage's,10,6,2,8,6,1,7
mortgaged,9,5,2,7,5,2,7
mortgagee,9,2,2,4,2,2,4
mortgagee's,11,4,1,5,3,1,4
mortgagees,10,3,1,4,3,1,4
mortgager,9,3,2,5,3,2,5
mortgager's,11,5,0,5,4,0,4
mortgagers,10,4,1,5,4,1,5
mortgages,9,4,2,6,4,2,6
mortgaging,10,3,2,5,3,2,5
mortgagor,9,4,3,7,3,3,6
mortgagor's,11,4,1,5,4,2,6
mortgagors,10,5,2,7,5,2,7
mortice,7,6,2,8,6,1,7
mortice's,9,6,1,7,6,1,7
morticed,8,4,2,6,6,1,7
mortices,8,8,0,8,8,0,8
mortician,9,4,2,6,4,2,6
mortician's,11,4,1,5,4,1,5
morticians,10,3,1,4,3,1,4
morticing,9,4,2,6,4,2,6
mortification,13,8,1,9,6,1,7
mortification's,15,6,0,6,6,0,6
mortified,9,5,2,7,5,2,7
mortifies,9,5,1,6,5,1,6
mortify,7,6,5,11,4,5,9
mortifying,10,6,3,9,7,3,10
mortise,7,3,1,4,4,3,7
mortise's,9,5,0,5,3,1,4
mortised,8,4,2,6,4,1,5
mortises,8,3,2,5,3,2,5
mortising,9,6,1,7,3,2,5
mortuaries,10,6,0,6,6,0,6
mortuary,8,4,4,8,3,4,7
mortuary's,10,5,2,7,5,2,7
mosaic,6,5,2,7,5,2,7
mosaic's,8,6,2,8,5,1,6
mosaics,7,5,3,8,3,1,4
mosey,5,5,2,7,5,2,7
moseyed,7,4,1,5,4,5,9
moseying,8,3,1,4,3,1,4
moseys,6,2,3,5,2,3,5
mosque,6,3,5,8,4,5,9
mosque's,8,6,2,8,6,2,8
mosques,7,4,1,5,4,1,5
mosquito,8,2,2,4,2,2,4
mosquito's,10,4,1,5,2,2,4
mosquitoes,10,3,0,3,3,0,3
mosquitos,9,2,3,5,2,3,5
moss,4,3,2,5,3,2,5
moss's,6,4,3,7,4,3,7
mosses,6,4,6,10,4,6,10
mossier,7,5,2,7,5,2,7
mossiest,8,5,2,7,5,2,7
mossy,5,4,2,6,4,2,6
most,4,3,6,9,3,6,9
most's,6,4,6,10,4,6,10
mostly,6,5,4,9,5,4,9
mote,4,4,7,11,4,7,11
mote's,6,6,6,12,6,5,11
motel,5,4,7,11,4,7,11
motel's,7,6,5,11,6,6,12
motels,6,5,4,9,5,5,10
motes,5,5,8,13,5,6,11
moth,4,3,10,13,3,10,13
moth's,6,5,7,12,5,7,12
mothball,8,4,4,8,3,4,7
mothball's,10,5,3,8,5,3,8
mothballed,10,4,2,6,5,3,8
mothballing,11,5,2,7,5,3,8
mothballs,9,4,4,8,4,2,6
mother,6,5,6,11,5,4,9
mother's,8,7,5,12,7,5,12
motherboard,11,2,2,4,2,2,4
motherboard's,13,3,0,3,3,1,4
motherboards,12,3,2,5,4,1,5
mothered,8,6,3,9,6,3,9
motherfucker,12,3,2,5,2,2,4
motherfucker's,14,4,0,4,3,1,4
motherfuckers,13,3,0,3,4,0,4
motherfucking,13,5,1,6,4,1,5
motherhood,10,3,2,5,3,2,5
motherhood's,12,5,1,6,4,1,5
mothering,9,8,2,10,8,2,10
motherland,10,5,2,7,6,1,7
motherland's,12,7,0,7,5,0,5
motherlands,11,6,1,7,6,0,6
motherless,10,6,2,8,6,2,8
motherliness,12,4,0,4,3,1,4
motherliness's,14,4,0,4,3,1,4
motherly,8,5,2,7,3,3,6
mothers,7,6,5,11,6,3,9
moths,5,4,8,12,4,8,12
motif,5,3,8,11,3,8,11
motif's,7,5,7,12,5,7,12
motifs,6,4,5,9,4,6,10
motile,6,5,4,9,5,3,8
motiles,7,6,3,9,6,3,9
motility,8,4,4,8,4,4,8
motility's,10,6,2,8,4,2,6
motion,6,5,4,9,5,4,9
motion's,8,7,3,10,7,3,10
motioned,8,5,3,8,5,2,7
motioning,9,5,2,7,4,2,6
motionless,10,3,0,3,3,0,3
motions,7,4,4,8,4,2,6
motivate,8,6,1,7,6,1,7
motivated,9,7,1,8,7,1,8
motivates,9,7,0,7,7,0,7
motivating,10,5,3,8,7,2,9
motivation,10,4,2,6,5,2,7
motivation's,12,5,1,6,6,1,7
motivational,12,3,1,4,2,1,3
motivations,11,4,1,5,5,1,6
motivator,9,3,3,6,3,3,6
motivator's,11,4,1,5,5,1,6
motivators,10,5,2,7,5,2,7
motive,6,4,4,8,4,5,9
motive's,8,6,4,10,4,5,9
motives,7,5,3,8,5,3,8
motley,6,3,3,6,3,3,6
motley's,8,5,1,6,5,1,6
motleys,7,3,4,7,4,4,8
motlier,7,5,3,8,5,2,7
motliest,8,4,1,5,4,0,4
motocross,9,2,1,3,2,1,3
motocross's,11,2,1,3,2,1,3
motocrosses,11,3,0,3,3,0,3
motor,5,2,5,7,2,5,7
motor's,7,4,4,8,4,4,8
motorbike,9,3,2,5,3,3,6
motorbike's,11,4,2,6,3,2,5
motorbiked,10,3,2,5,2,2,4
motorbikes,10,4,2,6,4,2,6
motorbiking,11,4,1,5,3,3,6
motorboat,9,2,3,5,2,3,5
motorboat's,11,3,1,4,3,1,4
motorboats,10,3,2,5,3,2,5
motorcade,9,3,1,4,3,1,4
motorcade's,11,5,1,6,6,0,6
motorcades,10,4,0,4,5,1,6
motorcar,8,3,3,6,4,3,7
motorcar's,10,5,2,7,4,1,5
motorcars,9,4,2,6,5,2,7
motorcycle,10,2,3,5,2,3,5
motorcycle's,12,4,1,5,4,1,5
motorcycled,11,2,3,5,2,2,4
motorcycles,11,3,2,5,3,1,4
motorcycling,12,5,1,6,4,2,6
motorcyclist,12,5,0,5,3,0,3
motorcyclist's,14,6,0,6,3,0,3
motorcyclists,13,3,0,3,3,0,3
motored,7,4,4,8,4,3,7
motoring,8,5,4,9,5,3,8
motorist,8,4,2,6,4,2,6
motorist's,10,4,1,5,5,2,7
motorists,9,3,2,5,3,2,5
motorize,8,3,3,6,3,3,6
motorized,9,5,3,8,5,3,8
motorizes,9,4,2,6,4,1,5
motorizing,10,4,3,7,3,3,6
motorman,8,5,3,8,3,3,6
motorman's,10,7,2,9,5,1,6
motormen,8,2,3,5,2,3,5
motormouth,10,1,3,4,1,4,5
motormouth's,12,2,2,4,2,3,5
motormouths,11,2,2,4,2,2,4
motors,6,3,5,8,3,5,8
motorway,8,5,3,8,4,3,7
motorway's,10,7,2,9,5,1,6
motorways,9,4,2,6,5,2,7
mottle,6,4,3,7,4,5,9
mottled,7,4,7,11,5,4,9
mottles,7,5,4,9,5,6,11
mottling,8,6,5,11,5,5,10
motto,5,2,6,8,2,5,7
motto's,7,4,5,9,4,4,8
mottoes,7,3,5,8,4,3,7
mottos,6,3,4,7,3,5,8
mound,5,5,8,13,5,8,13
mound's,7,7,6,13,7,5,12
mounded,7,6,5,11,6,5,11
mounding,8,7,5,12,7,5,12
mounds,6,6,6,12,6,6,12
mount,5,5,5,10,5,5,10
mount's,7,7,4,11,7,3,10
mountain,8,6,3,9,6,3,9
mountain's,10,8,2,10,8,2,10
mountaineer,11,2,1,3,2,1,3
mountaineer's,13,4,0,4,3,0,3
mountaineered,13,2,1,3,2,1,3
mountaineering,14,2,1,3,2,1,3
mountaineering's,16,2,0,2,2,0,2
mountaineers,12,3,0,3,3,0,3
mountainous,11,4,1,5,4,1,5
mountains,9,7,3,10,7,2,9
mountainside,12,2,0,2,2,0,2
mountainside's,14,3,0,3,2,0,2
mountainsides,13,2,0,2,2,0,2
mountaintop,11,2,2,4,2,2,4
mountaintop's,13,3,0,3,3,1,4
mountaintops,12,4,1,5,3,1,4
mountebank,10,2,2,4,2,2,4
mountebank's,12,3,2,5,3,1,4
mountebanks,11,4,1,5,4,0,4
mounted,7,6,6,12,6,6,12
mounting,8,5,4,9,5,4,9
mounting's,10,5,2,7,4,2,6
mountings,9,3,3,6,4,2,6
mounts,6,5,6,11,5,6,11
mourn,5,2,5,7,2,5,7
mourned,7,5,5,10,5,5,10
mourner,7,4,3,7,4,3,7
mourner's,9,6,2,8,6,2,8
mourners,8,5,3,8,5,2,7
mournful,8,4,5,9,2,5,7
mournfully,10,5,5,10,5,5,10
mournfulness,12,4,0,4,4,0,4
mournfulness's,14,4,0,4,4,0,4
mourning,8,5,2,7,5,2,7
mourning's,10,5,2,7,4,2,6
mourns,6,4,3,7,4,3,7
mouse,5,5,3,8,5,3,8
mouse's,7,5,3,8,5,3,8
moused,6,5,4,9,5,7,12
mouser,6,4,8,12,3,11,14
mouser's,8,5,1,6,4,1,5
mousers,7,3,2,5,3,2,5
mouses,6,4,5,9,4,5,9
mousetrap,9,4,0,4,4,0,4
mousetrap's,11,5,0,5,3,1,4
mousetrapped,12,3,1,4,3,1,4
mousetrapping,13,7,0,7,4,0,4
mousetraps,10,4,0,4,3,2,5
mousey,6,4,4,8,4,4,8
mousier,7,6,3,9,6,3,9
mousiest,8,5,2,7,6,1,7
mousiness,9,6,2,8,6,2,8
mousiness's,11,7,2,9,7,2,9
mousing,7,7,4,11,7,4,11
mousse,6,4,5,9,5,5,10
mousse's,8,3,1,4,3,1,4
moussed,7,4,1,5,4,1,5
mousses,7,2,3,5,3,1,4
moussing,8,5,2,7,4,3,7
moustache,9,4,0,4,4,1,5
moustache's,11,5,0,5,3,1,4
moustaches,10,3,1,4,4,1,5
mousy,5,4,6,10,4,5,9
mouth,5,3,7,10,2,8,10
mouth's,7,5,6,11,5,6,11
mouthed,7,4,3,7,4,3,7
mouthful,8,7,4,11,7,4,11
mouthful's,10,4,3,7,5,3,8
mouthfuls,9,3,4,7,5,3,8
mouthing,8,4,5,9,5,5,10
mouthpiece,10,1,2,3,1,2,3
mouthpiece's,12,2,1,3,2,1,3
mouthpieces,11,4,0,4,4,0,4
mouths,6,6,5,11,6,5,11
mouthwash,9,3,2,5,3,2,5
mouthwash's,11,4,2,6,3,2,5
mouthwashes,11,3,1,4,3,0,3
mouthwatering,13,4,1,5,4,1,5
movable,7,6,3,9,6,3,9
movable's,9,8,2,10,8,2,10
movables,8,7,2,9,7,2,9
move,4,4,11,15,4,11,15
move's,6,5,7,12,5,11,16
moveable,8,4,1,5,3,1,4
moveable's,10,5,1,6,3,0,3
moveables,9,4,1,5,3,1,4
moved,5,4,10,14,4,10,14
movement,8,5,2,7,4,2,6
movement's,10,6,1,7,6,1,7
movements,9,6,1,7,4,1,5
mover,5,4,7,11,4,7,11
mover's,7,6,4,10,6,4,10
movers,6,5,5,10,5,5,10
moves,5,4,9,13,4,10,14
movie,5,4,6,10,4,6,10
movie's,7,6,5,11,6,5,11
movies,6,5,4,9,5,3,8
moving,6,5,8,13,5,9,14
movingly,8,6,6,12,6,6,12
mow,3,3,9,12,3,9,12
mow's,5,5,8,13,5,8,13
mowed,5,5,6,11,5,5,10
mower,5,5,6,11,5,6,11
mower's,7,6,3,9,6,3,9
mowers,6,6,5,11,6,5,11
mowing,6,6,7,13,6,6,12
mown,4,4,7,11,4,7,11
mows,4,4,9,13,4,9,13
mozzarella,10,2,1,3,2,1,3
mozzarella's,12,4,0,4,4,0,4
ms,2,2,5,7,2,5,7
mu,2,2,8,10,2,8,10
much,4,2,10,12,2,11,13
much's,6,4,11,15,4,10,14
mucilage,8,6,2,8,5,3,8
mucilage's,10,6,0,6,6,1,7
muck,4,4,13,17,4,13,17
muck's,6,6,11,17,6,12,18
mucked,6,5,7,12,4,9,13
muckier,7,6,3,9,5,5,10
muckiest,8,8,2,10,8,1,9
mucking,7,7,8,15,7,10,17
muckrake,8,5,3,8,6,2,8
muckraked,9,4,2,6,4,3,7
muckraker,9,3,2,5,3,2,5
muckraker's,11,5,0,5,3,1,4
muckrakers,10,4,1,5,4,1,5
muckrakes,9,4,2,6,4,2,6
muckraking,10,4,3,7,4,3,7
mucks,5,5,11,16,3,10,13
mucky,5,5,6,11,5,5,10
mucous,6,3,4,7,2,6,8
mucus,5,3,6,9,3,6,9
mucus's,7,4,3,7,4,3,7
mud,3,2,8,10,2,8,10
mud's,5,4,9,13,4,9,13
muddied,7,3,4,7,3,4,7
muddier,7,6,4,10,6,3,9
muddies,7,5,3,8,5,2,7
muddiest,8,7,3,10,7,2,9
muddiness,9,7,3,10,7,3,10
muddiness's,11,8,3,11,8,3,11
muddle,6,5,8,13,5,7,12
muddle's,8,7,6,13,7,6,13
muddled,7,5,5,10,5,5,10
muddles,7,6,7,13,6,7,13
muddling,8,7,3,10,7,6,13
muddy,5,4,7,11,4,6,10
muddying,8,6,6,12,3,8,11
mudguard,8,2,4,6,2,4,6
mudguard's,10,4,3,7,4,3,7
mudguards,9,3,4,7,4,3,7
mudslide,8,4,1,5,4,1,5
mudslide's,10,4,1,5,4,1,5
mudslides,9,3,1,4,3,1,4
mudslinger,10,6,0,6,4,1,5
mudslinger's,12,7,0,7,5,1,6
mudslingers,11,6,1,7,4,1,5
mudslinging,11,2,1,3,2,2,4
mudslinging's,13,1,2,3,1,2,3
muesli,6,3,2,5,3,2,5
muezzin,7,3,3,6,3,3,6
muezzin's,9,5,2,7,4,2,6
muezzins,8,3,4,7,3,3,6
muff,4,3,13,16,3,13,16
muff's,6,5,12,17,5,11,16
muffed,6,5,8,13,5,7,12
muffin,6,3,6,9,3,6,9
muffin's,8,5,6,11,7,4,11
muffing,7,6,9,15,6,8,14
muffins,7,5,5,10,6,3,9
muffle,6,3,9,12,3,9,12
muffled,7,4,8,12,3,8,11
muffler,7,5,5,10,5,6,11
muffler's,9,7,4,11,6,4,10
mufflers,8,6,5,11,6,4,10
muffles,7,4,7,11,4,8,12
muffling,8,7,4,11,7,5,12
muffs,5,3,12,15,4,10,14
mufti,5,5,5,10,5,6,11
mufti's,7,4,5,9,4,5,9
muftis,6,3,5,8,2,5,7
mug,3,3,9,12,3,9,12
mug's,5,5,8,13,5,8,13
mugged,6,4,9,13,5,8,13
mugger,6,4,5,9,4,5,9
mugger's,8,6,6,12,6,5,11
muggers,7,5,6,11,5,4,9
muggier,7,5,5,10,6,4,10
muggiest,8,6,4,10,6,3,9
mugginess,9,7,4,11,7,4,11
mugginess's,11,8,4,12,8,4,12
mugging,7,5,8,13,5,8,13
mugging's,9,6,3,9,4,3,7
muggings,8,5,3,8,5,3,8
muggle,6,4,8,12,4,6,10
muggle's,8,6,6,12,6,5,11
muggles,7,5,6,11,5,6,11
muggy,5,3,8,11,3,7,10
mugs,4,4,8,12,4,8,12
mukluk,6,2,5,7,2,6,8
mukluk's,8,4,4,8,4,5,9
mukluks,7,3,5,8,3,5,8
mulatto,7,2,3,5,2,3,5
mulatto's,9,4,2,6,4,2,6
mulattoes,9,4,1,5,4,1,5
mulattos,8,3,3,6,3,3,6
mulberries,10,5,0,5,4,0,4
mulberry,8,3,2,5,2,2,4
mulberry's,10,5,1,6,3,1,4
mulch,5,4,8,12,4,8,12
mulch's,7,6,7,13,6,7,13
mulched,7,5,4,9,5,4,9
mulches,7,6,2,8,6,4,10
mulching,8,5,2,7,5,3,8
mule,4,4,4,8,4,5,9
mule's,6,6,4,10,6,4,10
mules,5,5,5,10,5,5,10
muleteer,8,3,1,4,1,3,4
muleteer's,10,5,0,5,2,1,3
muleteers,9,4,0,4,2,1,3
mulish,6,4,2,6,4,2,6
mulishly,8,6,2,8,4,2,6
mulishness,10,5,2,7,5,2,7
mulishness's,12,6,2,8,6,2,8
mull,4,3,13,16,3,12,15
mullah,6,4,6,10,4,6,10
mullah's,8,6,5,11,6,5,11
mullahs,7,3,5,8,4,6,10
mulled,6,5,10,15,5,9,14
mullet,6,4,5,9,4,5,9
mullet's,8,6,3,9,6,3,9
mullets,7,6,5,11,6,5,11
mulligatawny,12,3,2,5,2,2,4
mulligatawny's,14,3,0,3,2,1,3
mulling,7,6,9,15,6,9,15
mullion,7,5,4,9,5,4,9
mullion's,9,7,3,10,7,3,10
mullions,8,3,3,6,4,2,6
mulls,5,4,11,15,4,11,15
multi,5,4,6,10,4,7,11
multicolored,12,5,1,6,3,1,4
multicultural,13,2,1,3,2,1,3
multiculturalism,16,2,0,2,2,0,2
multiculturalism's,18,2,0,2,2,0,2
multidimensional,16,2,0,2,2,0,2
multifaceted,12,2,1,3,2,1,3
multifarious,12,4,1,5,5,1,6
multifariousness,16,2,0,2,2,0,2
multifariousness's,18,2,0,2,2,0,2
multilateral,12,2,1,3,2,1,3
multilingual,12,2,1,3,2,1,3
multimedia,10,3,1,4,3,1,4
multimedia's,12,5,0,5,4,0,4
multimillionaire,16,2,1,3,1,1,2
multimillionaire's,18,2,0,2,2,0,2
multimillionaires,17,1,0,1,1,0,1
multinational,13,2,1,3,2,1,3
multinational's,15,2,0,2,2,0,2
multinationals,14,3,0,3,2,0,2
multiplayer,11,3,1,4,3,1,4
multiplayer's,13,6,0,6,4,0,4
multiple,8,4,4,8,3,2,5
multiple's,10,5,0,5,5,3,8
multiples,9,5,1,6,4,2,6
multiplex,9,1,4,5,1,4,5
multiplex's,11,4,2,6,3,3,6
multiplexed,11,9,1,10,9,1,10
multiplexer,11,8,2,10,8,2,10
multiplexer's,13,3,0,3,3,1,4
multiplexers,12,3,0,3,3,0,3
multiplexes,11,3,1,4,3,1,4
multiplexing,12,4,1,5,4,1,5
multiplexor,11,2,2,4,1,3,4
multiplexor's,13,4,0,4,3,1,4
multiplexors,12,5,1,6,4,1,5
multiplicand,12,2,1,3,2,1,3
multiplicand's,14,4,0,4,2,0,2
multiplicands,13,3,1,4,2,1,3
multiplication,14,9,1,10,9,1,10
multiplication's,16,5,0,5,2,0,2
multiplications,15,2,0,2,2,0,2
multiplicative,14,8,2,10,8,2,10
multiplicities,14,7,0,7,2,0,2
multiplicity,12,2,1,3,2,1,3
multiplicity's,14,7,0,7,2,0,2
multiplied,10,3,3,6,8,3,11
multiplier,10,3,4,7,7,4,11
multiplier's,12,5,2,7,4,1,5
multipliers,11,4,3,7,3,1,4
multiplies,10,3,1,4,3,0,3
multiply,8,3,4,7,2,3,5
multiplying,11,3,2,5,2,3,5
multiprocessing,15,2,0,2,2,0,2
multipurpose,12,5,0,5,4,0,4
multiracial,11,2,2,4,2,3,5
multitasking,12,4,1,5,2,1,3
multitude,9,4,2,6,4,2,6
multitude's,11,6,1,7,5,1,6
multitudes,10,3,2,5,4,1,5
multitudinous,13,5,0,5,4,1,5
multivariate,12,2,1,3,2,1,3
multiverse,10,3,0,3,3,0,3
multiverse's,12,5,0,5,4,0,4
multiverses,11,3,0,3,3,0,3
multivitamin,12,1,1,2,1,1,2
multivitamin's,14,3,0,3,4,0,4
multivitamins,13,3,0,3,2,1,3
mum,3,2,8,10,2,8,10
mumble,6,5,3,8,5,3,8
mumble's,8,7,2,9,6,1,7
mumbled,7,6,3,9,5,3,8
mumbler,7,5,2,7,5,2,7
mumbler's,9,7,0,7,7,0,7
mumblers,8,6,1,7,6,0,6
mumbles,7,6,2,8,6,3,9
mumbling,8,6,3,9,6,2,8
mummer,6,4,4,8,4,4,8
mummer's,8,6,5,11,6,4,10
mummers,7,5,6,11,5,4,9
mummery,7,4,5,9,3,5,8
mummery's,9,5,4,9,5,2,7
mummies,7,5,3,8,5,2,7
mummification,13,7,1,8,5,1,6
mummification's,15,8,0,8,6,0,6
mummified,9,5,3,8,5,3,8
mummifies,9,5,2,7,5,2,7
mummify,7,2,7,9,3,6,9
mummifying,10,5,4,9,6,2,8
mummy,5,3,6,9,3,5,8
mummy's,7,5,10,15,5,5,10
mumps,5,4,9,13,3,9,12
mumps's,7,3,6,9,4,3,7
munch,5,5,6,11,5,6,11
munched,7,7,5,12,7,6,13
munches,7,7,5,12,7,5,12
munchies,8,4,2,6,4,2,6
munchies's,10,4,1,5,2,2,4
munching,8,7,5,12,7,5,12
mundane,7,3,4,7,3,3,6
mundanely,9,2,1,3,2,1,3
municipal,9,4,2,6,5,2,7
municipal's,11,5,2,7,3,2,5
municipalities,14,10,0,10,2,0,2
municipality,12,2,1,3,3,1,4
municipality's,14,10,0,10,3,1,4
municipally,11,7,1,8,3,2,5
municipals,10,4,1,5,4,1,5
munificence,11,2,2,4,2,1,3
munificence's,13,3,1,4,3,0,3
munificent,10,4,1,5,4,1,5
munition,8,2,2,4,2,2,4
munition's,10,4,2,6,4,2,6
munitions,9,4,2,6,4,2,6
mural,5,4,5,9,4,6,10
mural's,7,5,5,10,5,5,10
muralist,8,6,2,8,5,2,7
muralist's,10,7,2,9,6,2,8
muralists,9,4,2,6,4,2,6
murals,6,4,5,9,4,6,10
murder,6,3,5,8,3,5,8
murder's,8,5,4,9,5,4,9
murdered,8,3,2,5,3,2,5
murderer,8,3,1,4,3,1,4
murderer's,10,4,0,4,3,0,3
murderers,9,3,0,3,3,0,3
murderess,9,2,2,4,2,2,4
murderess's,11,3,1,4,2,1,3
murderesses,11,2,0,2,2,0,2
murdering,9,5,2,7,5,2,7
murderous,9,4,1,5,4,2,6
murderously,11,6,0,6,5,0,5
murders,7,5,4,9,5,4,9
murk,4,3,8,11,3,8,11
murk's,6,5,7,12,5,7,12
murkier,7,4,5,9,4,5,9
murkiest,8,7,3,10,7,2,9
murkily,7,4,6,10,3,6,9
murkiness,9,6,5,11,6,5,11
murkiness's,11,7,5,12,7,5,12
murks,5,3,9,12,3,9,12
murky,5,4,7,11,4,6,10
murmur,6,2,5,7,2,6,8
murmur's,8,4,4,8,4,5,9
murmured,8,5,4,9,4,2,6
murmuring,9,5,4,9,5,4,9
murmurs,7,3,5,8,3,6,9
muscat,6,3,2,5,3,2,5
muscatel,8,4,3,7,4,3,7
muscatel's,10,3,1,4,3,1,4
muscatels,9,3,2,5,3,2,5
muscle,6,4,7,11,4,7,11
muscle's,8,5,1,6,5,1,6
muscled,7,4,2,6,6,2,8
muscles,7,4,1,5,4,1,5
muscling,8,5,2,7,5,2,7
muscular,8,2,2,4,2,2,4
muscularity,11,4,0,4,3,0,3
muscularity's,13,4,0,4,3,1,4
musculature,11,3,1,4,3,1,4
musculature's,13,2,1,3,2,1,3
muse,4,4,5,9,4,5,9
muse's,6,5,2,7,5,2,7
mused,5,4,5,9,4,5,9
muses,5,4,4,8,4,4,8
museum,6,3,2,5,3,2,5
museum's,8,3,3,6,4,2,6
museums,7,2,4,6,3,2,5
mush,4,4,8,12,4,8,12
mush's,6,5,6,11,5,6,11
mushed,6,6,6,12,6,7,13
mushes,6,5,6,11,5,6,11
mushier,7,7,4,11,7,3,10
mushiest,8,7,3,10,7,3,10
mushiness,9,7,1,8,7,1,8
mushiness's,11,8,1,9,8,1,9
mushing,7,7,3,10,7,3,10
mushroom,8,3,3,6,3,3,6
mushroom's,10,3,3,6,2,3,5
mushroomed,10,5,1,6,4,2,6
mushrooming,11,5,1,6,4,1,5
mushrooms,9,2,3,5,2,3,5
mushy,5,5,6,11,5,6,11
music,5,2,4,6,2,4,6
music's,7,4,4,8,2,3,5
musical,7,3,1,4,3,1,4
musical's,9,4,1,5,3,1,4
musicale,8,4,0,4,4,0,4
musicale's,10,5,0,5,5,0,5
musicales,9,3,0,3,3,0,3
musically,9,6,1,7,4,1,5
musicals,8,2,2,4,3,1,4
musician,8,5,1,6,3,2,5
musician's,10,6,1,7,6,1,7
musicians,9,3,1,4,3,1,4
musicianship,12,2,0,2,2,0,2
musicianship's,14,2,0,2,1,1,2
musicologist,12,2,0,2,2,0,2
musicologist's,14,3,0,3,2,0,2
musicologists,13,2,0,2,2,0,2
musicology,10,2,1,3,2,1,3
musicology's,12,2,0,2,2,0,2
musing,6,5,4,9,5,4,9
musing's,8,6,2,8,6,3,9
musings,7,3,3,6,4,2,6
musk,4,4,7,11,4,7,11
musk's,6,5,6,11,5,6,11
muskellunge,11,3,1,4,3,1,4
muskellunge's,13,2,1,3,2,1,3
muskellunges,12,2,1,3,2,1,3
musket,6,4,3,7,4,3,7
musket's,8,5,2,7,5,2,7
musketeer,9,2,0,2,2,0,2
musketeer's,11,2,0,2,2,0,2
musketeers,10,4,0,4,3,0,3
musketry,8,4,0,4,3,1,4
musketry's,10,4,0,4,3,1,4
muskets,7,4,1,5,4,1,5
muskier,7,6,4,10,6,3,9
muskiest,8,6,2,8,6,2,8
muskiness,9,5,2,7,5,2,7
muskiness's,11,6,2,8,6,2,8
muskmelon,9,2,1,3,2,1,3
muskmelon's,11,3,1,4,2,1,3
muskmelons,10,2,2,4,4,2,6
muskrat,7,3,2,5,3,2,5
muskrat's,9,4,2,6,3,2,5
muskrats,8,4,2,6,4,2,6
musky,5,4,5,9,4,6,10
muslin,6,4,3,7,4,3,7
muslin's,8,5,3,8,5,4,9
muss,4,3,7,10,3,7,10
muss's,6,4,7,11,4,7,11
mussed,6,4,7,11,4,8,12
mussel,6,3,4,7,3,4,7
mussel's,8,4,3,7,4,3,7
mussels,7,3,1,4,3,1,4
musses,6,4,6,10,4,6,10
mussier,7,6,2,8,6,2,8
mussiest,8,6,1,7,6,1,7
mussing,7,5,4,9,5,4,9
mussy,5,3,3,6,3,3,6
must,4,4,10,14,4,10,14
must's,6,5,7,12,5,7,12
mustache,8,5,1,6,5,1,6
mustache's,10,5,1,6,6,1,7
mustaches,9,3,2,5,3,2,5
mustang,7,5,2,7,5,2,7
mustang's,9,6,1,7,6,2,8
mustangs,8,5,2,7,5,2,7
mustard,7,6,4,10,6,4,10
mustard's,9,7,3,10,7,4,11
muster,6,5,8,13,5,8,13
muster's,8,7,4,11,7,4,11
mustered,8,6,2,8,6,1,7
mustering,9,8,1,9,8,1,9
musters,7,5,2,7,5,2,7
mustier,7,6,6,12,6,5,11
mustiest,8,6,4,10,6,4,10
mustiness,9,7,3,10,7,3,10
mustiness's,11,8,3,11,8,3,11
mustn't,7,2,4,6,3,3,6
musts,5,4,5,9,4,5,9
musty,5,4,7,11,4,7,11
mutability,10,5,3,8,4,3,7
mutability's,12,4,1,5,4,1,5
mutable,7,3,4,7,5,3,8
mutant,6,3,4,7,3,2,5
mutant's,8,5,3,8,4,3,7
mutants,7,4,3,7,3,3,6
mutate,6,4,2,6,4,2,6
mutated,7,3,3,6,3,3,6
mutates,7,5,2,7,5,1,6
mutating,8,5,5,10,4,5,9
mutation,8,5,2,7,5,2,7
mutation's,10,7,1,8,5,1,6
mutations,9,6,1,7,5,1,6
mute,4,3,8,11,3,8,11
mute's,6,5,6,11,5,6,11
muted,5,4,6,10,4,7,11
mutely,6,5,4,9,5,4,9
muteness,8,5,2,7,5,2,7
muteness's,10,6,2,8,6,2,8
muter,5,4,7,11,4,7,11
mutes,5,4,7,11,4,8,12
mutest,6,4,2,6,4,2,6
mutilate,8,5,2,7,5,2,7
mutilated,9,6,2,8,6,2,8
mutilates,9,6,1,7,6,1,7
mutilating,10,4,3,7,6,3,9
mutilation,10,5,2,7,5,2,7
mutilation's,12,7,1,8,6,1,7
mutilations,11,5,1,6,5,1,6
mutineer,8,3,2,5,3,2,5
mutineer's,10,4,1,5,4,1,5
mutineers,9,5,1,6,4,2,6
muting,6,5,7,12,5,8,13
mutinied,8,5,3,8,5,2,7
mutinies,8,5,0,5,5,0,5
mutinous,8,4,2,6,5,2,7
mutinously,10,5,1,6,4,0,4
mutiny,6,3,4,7,2,5,7
mutiny's,8,5,3,8,4,3,7
mutinying,9,2,2,4,2,2,4
mutt,4,2,13,15,2,13,15
mutt's,6,5,8,13,4,11,15
mutter,6,5,6,11,5,6,11
mutter's,8,7,6,13,7,6,13
muttered,8,6,3,9,6,3,9
muttering,9,8,3,11,8,3,11
mutters,7,6,6,12,6,4,10
mutton,6,4,6,10,4,6,10
mutton's,8,6,5,11,6,4,10
mutts,5,3,12,15,4,9,13
mutual,6,2,3,5,2,3,5
mutuality,9,5,3,8,3,3,6
mutuality's,11,4,2,6,4,2,6
mutually,8,2,4,6,3,4,7
muumuu,6,1,5,6,1,5,6
muumuu's,8,2,4,6,2,4,6
muumuus,7,2,5,7,2,4,6
muzzle,6,5,8,13,5,7,12
muzzle's,8,7,6,13,7,6,13
muzzled,7,6,7,13,6,6,12
muzzles,7,6,6,12,6,6,12
muzzling,8,6,5,11,7,7,14
my,2,1,11,12,1,11,12
myna,4,3,5,8,3,5,8
myna's,6,5,5,10,5,5,10
mynah,5,2,6,8,2,6,8
mynah's,7,4,5,9,4,5,9
mynahes,7,4,4,8,4,3,7
mynahs,6,4,6,10,4,6,10
mynas,5,2,4,6,2,4,6
myopia,6,4,3,7,4,3,7
myopia's,8,5,2,7,5,2,7
myopic,6,5,3,8,5,3,8
myriad,6,2,4,6,2,4,6
myriad's,8,4,3,7,4,3,7
myriads,7,3,4,7,5,3,8
myrrh,5,3,7,10,3,7,10
myrrh's,7,5,5,10,5,5,10
myrtle,6,2,4,6,2,4,6
myrtle's,8,4,4,8,5,3,8
myrtles,7,3,4,7,2,5,7
myself,6,2,4,6,2,4,6
mysteries,9,3,0,3,3,0,3
mysterious,10,6,1,7,6,1,7
mysteriously,12,3,0,3,3,0,3
mysteriousness,14,5,0,5,3,0,3
mysteriousness's,16,3,0,3,3,0,3
mystery,7,5,1,6,5,1,6
mystery's,9,6,1,7,5,0,5
mystic,6,4,3,7,4,3,7
mystic's,8,5,3,8,2,4,6
mystical,8,4,1,5,4,1,5
mystically,10,5,0,5,6,0,6
mysticism,9,2,1,3,3,1,4
mysticism's,11,3,0,3,3,0,3
mystics,7,4,4,8,3,2,5
mystification,13,8,1,9,8,1,9
mystification's,15,9,1,10,9,1,10
mystified,9,6,1,7,6,1,7
mystifies,9,5,1,6,5,1,6
mystify,7,4,2,6,4,2,6
mystifying,10,6,0,6,6,0,6
mystique,8,4,1,5,4,1,5
mystique's,10,5,1,6,5,1,6
myth,4,1,8,9,1,8,9
myth's,6,3,7,10,3,7,10
mythic,6,3,5,8,2,5,7
mythical,8,5,2,7,5,2,7
mythological,12,7,2,9,4,2,6
mythologies,11,8,1,9,8,1,9
mythologist,11,7,1,8,7,1,8
mythologist's,13,8,1,9,8,1,9
mythologists,12,7,1,8,7,1,8
mythology,9,4,4,8,3,4,7
mythology's,11,7,2,9,4,2,6
myths,5,3,6,9,2,6,8
métier,6,3,3,6,3,3,6
métier's,8,5,3,8,5,3,8
métiers,7,4,2,6,4,2,6
mêlée,5,1,6,7,1,6,7
mêlée's,7,5,4,9,4,5,9
mêlées,6,3,6,9,3,6,9
n,1,1,13,14,1,13,14
nab,3,3,4,7,3,4,7
nabbed,6,5,3,8,5,4,9
nabbing,7,5,2,7,5,2,7
nabob,5,3,3,6,3,3,6
nabob's,7,5,2,7,5,2,7
nabobs,6,4,4,8,4,4,8
nabs,4,3,7,10,3,10,13
nacho,5,3,4,7,3,4,7
nacho's,7,5,2,7,5,2,7
nachos,6,5,3,8,5,3,8
nacre,5,4,1,5,4,2,6
nacre's,7,6,0,6,6,0,6
nadir,5,3,4,7,3,4,7
nadir's,7,6,3,9,6,3,9
nadirs,6,4,5,9,4,5,9
nag,3,2,5,7,2,5,7
nag's,5,5,10,15,5,10,15
nagged,6,5,4,9,5,6,11
nagging,7,3,2,5,3,2,5
nags,4,4,9,13,4,9,13
naiad,5,2,4,6,2,5,7
naiad's,7,4,2,6,4,2,6
naiades,7,4,4,8,4,3,7
naiads,6,3,3,6,2,7,9
nail,4,4,8,12,4,8,12
nail's,6,6,7,13,6,7,13
nailbrush,9,5,1,6,3,1,4
nailbrush's,11,6,0,6,3,1,4
nailbrushes,11,4,1,5,5,0,5
nailed,6,6,6,12,6,6,12
nailing,7,2,2,4,4,2,6
nails,5,5,8,13,5,7,12
naive,5,3,2,5,3,3,6
naively,7,7,2,9,7,2,9
naiver,6,4,1,5,4,1,5
naivest,7,6,0,6,6,0,6
naivety,7,6,3,9,6,3,9
naiveté,7,5,3,8,5,3,8
naiveté's,9,5,2,7,5,2,7
naked,5,4,10,14,3,12,15
nakedly,7,3,1,4,3,1,4
nakedness,9,3,0,3,3,0,3
nakedness's,11,3,0,3,3,0,3
name,4,4,4,8,4,4,8
name's,6,6,3,9,6,3,9
named,5,5,7,12,5,7,12
nameless,8,3,0,3,3,0,3
namely,6,6,2,8,5,4,9
names,5,5,3,8,5,3,8
namesake,8,3,1,4,2,2,4
namesake's,10,3,0,3,3,0,3
namesakes,9,2,1,3,3,1,4
naming,6,2,2,4,2,2,4
nannies,7,5,1,6,5,3,8
nanny,5,3,3,6,3,3,6
nanny's,7,4,2,6,4,2,6
nanosecond,10,3,0,3,3,0,3
nanosecond's,12,3,0,3,3,0,3
nanoseconds,11,3,0,3,3,0,3
nanotechnology,14,1,2,3,1,2,3
nanotechnology's,16,2,0,2,2,1,3
nap,3,3,5,8,3,5,8
nap's,5,5,7,12,5,7,12
napalm,6,3,2,5,3,2,5
napalm's,8,5,1,6,5,1,6
napalmed,8,4,1,5,4,3,7
napalming,9,4,2,6,2,3,5
napalms,7,3,3,6,3,3,6
nape,4,4,5,9,4,5,9
nape's,6,6,4,10,6,4,10
napes,5,5,4,9,5,4,9
naphtha,7,2,5,7,1,6,7
naphtha's,9,4,4,8,3,5,8
naphthalene,11,2,2,4,2,1,3
naphthalene's,13,3,0,3,3,0,3
napkin,6,3,2,5,3,2,5
napkin's,8,5,2,7,5,1,6
napkins,7,4,3,7,4,3,7
napped,6,4,5,9,4,5,9
nappier,7,6,1,7,6,2,8
nappies,7,5,1,6,5,3,8
nappiest,8,6,0,6,6,2,8
napping,7,5,3,8,5,3,8
nappy,5,4,3,7,4,3,7
nappy's,7,4,4,8,5,3,8
naps,4,4,4,8,4,5,9
narc,4,3,10,13,3,10,13
narc's,6,4,9,13,5,7,12
narcissi,8,3,1,4,3,1,4
narcissism,10,7,0,7,7,0,7
narcissism's,12,8,0,8,8,0,8
narcissist,10,6,1,7,6,1,7
narcissist's,12,7,1,8,7,1,8
narcissistic,12,1,0,1,1,0,1
narcissists,11,6,0,6,3,0,3
narcissus,9,2,1,3,2,1,3
narcissus's,11,8,0,8,8,0,8
narcissuses,11,7,1,8,7,1,8
narcosis,8,3,3,6,3,2,5
narcosis's,10,4,1,5,4,1,5
narcotic,8,4,2,6,3,2,5
narcotic's,10,5,1,6,5,1,6
narcotics,9,5,2,7,4,2,6
narcs,5,4,8,12,5,7,12
nark,4,3,9,12,3,9,12
nark's,6,5,7,12,5,7,12
narked,6,6,4,10,5,5,10
narking,7,4,4,8,4,4,8
narks,5,4,8,12,4,8,12
narrate,7,3,2,5,3,1,4
narrated,8,4,3,7,4,2,6
narrates,8,4,1,5,4,1,5
narrating,9,4,2,6,4,2,6
narration,9,2,2,4,2,2,4
narration's,11,5,1,6,3,1,4
narrations,10,4,1,5,4,1,5
narrative,9,3,2,5,4,1,5
narrative's,11,5,1,6,6,0,6
narratives,10,4,0,4,5,0,5
narrator,8,2,3,5,2,3,5
narrator's,10,3,1,4,3,1,4
narrators,9,3,2,5,3,1,4
narrow,6,2,3,5,3,2,5
narrow's,8,6,6,12,5,1,6
narrowed,8,6,3,9,6,3,9
narrower,8,4,2,6,3,1,4
narrowest,9,6,2,8,4,2,6
narrowing,9,4,2,6,4,2,6
narrowly,8,3,3,6,3,3,6
narrowness,10,3,0,3,3,0,3
narrowness's,12,3,0,3,3,0,3
narrows,7,5,6,11,5,6,11
narwhal,7,2,5,7,2,5,7
narwhal's,9,5,1,6,5,1,6
narwhals,8,3,3,6,3,3,6
nary,4,4,8,12,4,8,12
nasal,5,3,3,6,3,3,6
nasal's,7,3,2,5,3,2,5
nasalize,8,4,0,4,4,0,4
nasalized,9,5,0,5,5,0,5
nasalizes,9,3,0,3,3,0,3
nasalizing,10,5,0,5,4,0,4
nasally,7,3,2,5,3,2,5
nasals,6,3,4,7,3,3,6
nascent,7,3,1,4,3,2,5
nastier,7,6,0,6,7,2,9
nastiest,8,6,2,8,6,2,8
nastily,7,5,1,6,3,1,4
nastiness,9,3,0,3,4,0,4
nastiness's,11,2,0,2,3,0,3
nasturtium,10,3,0,3,3,0,3
nasturtium's,12,4,0,4,4,0,4
nasturtiums,11,4,1,5,3,1,4
nasty,5,5,3,8,5,3,8
natal,5,4,2,6,4,2,6
nation,6,3,2,5,3,2,5
nation's,8,5,2,7,5,1,6
national,8,5,2,7,5,2,7
national's,10,7,1,8,3,1,4
nationalism,11,5,0,5,5,0,5
nationalism's,13,6,0,6,5,0,5
nationalist,11,5,0,5,5,0,5
nationalist's,13,6,0,6,5,0,5
nationalistic,13,2,1,3,5,0,5
nationalists,12,4,0,4,6,0,6
nationalities,13,7,0,7,3,0,3
nationality,11,4,1,5,4,2,6
nationality's,13,7,0,7,5,1,6
nationalization,15,2,1,3,3,1,4
nationalization's,17,2,0,2,3,0,3
nationalizations,16,2,0,2,4,0,4
nationalize,11,4,1,5,4,1,5
nationalized,12,2,1,3,3,1,4
nationalizes,12,5,0,5,5,0,5
nationalizing,13,4,1,5,3,1,4
nationally,10,6,2,8,5,2,7
nationals,9,5,2,7,5,1,6
nations,7,5,4,9,4,4,8
nationwide,10,4,1,5,4,1,5
native,6,4,0,4,4,1,5
native's,8,7,0,7,7,2,9
natives,7,5,0,5,5,0,5
nativities,10,5,0,5,5,0,5
nativity,8,4,2,6,3,2,5
nativity's,10,6,2,8,4,2,6
nattier,7,5,2,7,5,3,8
nattiest,8,6,3,9,6,3,9
nattily,7,3,2,5,3,2,5
natty,5,3,4,7,3,4,7
natural,7,3,4,7,3,4,7
natural's,9,5,1,6,5,1,6
naturalism,10,4,0,4,3,1,4
naturalism's,12,5,0,5,4,0,4
naturalist,10,4,0,4,3,0,3
naturalist's,12,5,0,5,4,0,4
naturalistic,12,5,0,5,4,0,4
naturalists,11,3,0,3,3,0,3
naturalization,14,6,1,7,2,1,3
naturalization's,16,6,0,6,3,0,3
naturalize,10,3,1,4,3,1,4
naturalized,11,3,1,4,3,1,4
naturalizes,11,4,0,4,4,0,4
naturalizing,12,6,1,7,3,1,4
naturally,9,4,3,7,3,3,6
naturalness,11,4,0,4,4,0,4
naturalness's,13,4,0,4,4,0,4
naturals,8,4,2,6,4,2,6
nature,6,4,2,6,3,2,5
nature's,8,5,2,7,6,1,7
natures,7,4,3,7,4,3,7
naught,6,3,2,5,2,3,5
naught's,8,6,3,9,4,2,6
naughtier,9,5,2,7,4,2,6
naughtiest,10,7,1,8,7,1,8
naughtily,9,4,2,6,3,2,5
naughtiness,11,4,0,4,4,0,4
naughtiness's,13,4,0,4,4,0,4
naughts,7,3,4,7,3,4,7
naughty,7,4,4,8,2,4,6
nausea,6,3,2,5,3,2,5
nausea's,8,4,0,4,4,1,5
nauseate,8,3,1,4,3,1,4
nauseated,9,4,1,5,3,1,4
nauseates,9,4,0,4,2,1,3
nauseating,10,3,0,3,3,0,3
nauseatingly,12,3,0,3,3,0,3
nauseous,8,3,1,4,3,1,4
nautical,8,3,2,5,3,2,5
nautically,10,5,2,7,5,2,7
nautili,7,2,2,4,3,2,5
nautilus,8,4,3,7,4,3,7
nautilus's,10,4,0,4,4,1,5
nautiluses,10,3,1,4,4,1,5
naval,5,3,3,6,3,3,6
nave,4,3,6,9,3,6,9
nave's,6,5,5,10,5,5,10
navel,5,4,8,12,4,8,12
navel's,7,6,6,12,6,6,12
navels,6,5,5,10,5,5,10
naves,5,4,5,9,4,5,9
navies,6,4,3,7,5,5,10
navigability,12,4,1,5,3,1,4
navigability's,14,5,0,5,4,0,4
navigable,9,5,2,7,5,2,7
navigate,8,4,1,5,5,1,6
navigated,9,6,1,7,5,1,6
navigates,9,6,0,6,5,0,5
navigating,10,2,2,4,2,2,4
navigation,10,2,2,4,2,2,4
navigation's,12,6,1,7,3,1,4
navigational,12,3,1,4,2,1,3
navigator,9,2,3,5,2,3,5
navigator's,11,4,1,5,3,1,4
navigators,10,3,2,5,4,2,6
navy,4,3,5,8,3,5,8
navy's,6,5,4,9,5,4,9
nay,3,3,11,14,3,12,15
nay's,5,5,11,16,5,11,16
nays,4,4,9,13,4,10,14
naysayer,8,4,1,5,4,1,5
naysayer's,10,5,1,6,5,1,6
naysayers,9,4,1,5,4,1,5
ne'er,5,4,6,10,4,6,10
near,4,4,6,10,4,7,11
nearby,6,4,3,7,4,3,7
neared,6,5,2,7,5,4,9
nearer,6,4,3,7,4,3,7
nearest,7,5,1,6,5,1,6
nearing,7,5,1,6,5,1,6
nearly,6,6,2,8,6,2,8
nearness,8,5,0,5,5,0,5
nearness's,10,6,0,6,6,0,6
nears,5,5,6,11,5,6,11
nearsighted,11,3,0,3,3,0,3
nearsightedness,15,1,0,1,1,0,1
nearsightedness's,17,2,0,2,2,0,2
neat,4,4,6,10,4,3,7
neater,6,4,3,7,4,4,8
neatest,7,4,1,5,4,1,5
neath,5,4,4,8,4,3,7
neatly,6,3,2,5,3,2,5
neatness,8,4,1,5,4,1,5
neatness's,10,5,1,6,5,1,6
nebula,6,3,2,5,3,2,5
nebula's,8,5,1,6,6,1,7
nebulae,7,3,2,5,2,2,4
nebular,7,4,3,7,3,1,4
nebulas,7,4,2,6,4,2,6
nebulous,8,4,2,6,4,2,6
necessaries,11,3,0,3,3,0,3
necessarily,11,2,0,2,3,0,3
necessary,9,2,1,3,2,1,3
necessary's,11,3,1,4,7,0,7
necessitate,11,4,0,4,2,0,2
necessitated,12,2,0,2,2,0,2
necessitates,12,2,0,2,2,0,2
necessitating,13,2,0,2,2,0,2
necessities,11,2,0,2,3,0,3
necessity,9,3,0,3,4,0,4
necessity's,11,6,0,6,6,1,7
neck,4,2,5,7,2,5,7
neck's,6,4,4,8,4,4,8
necked,6,3,4,7,3,4,7
neckerchief,11,2,1,3,1,2,3
neckerchief's,13,2,1,3,3,0,3
neckerchiefs,12,4,0,4,4,0,4
neckerchieves,13,2,1,3,2,0,2
necking,7,5,2,7,4,3,7
necklace,8,3,3,6,3,3,6
necklace's,10,6,0,6,6,0,6
necklaces,9,4,2,6,3,3,6
neckline,8,3,2,5,3,2,5
neckline's,10,5,1,6,5,1,6
necklines,9,4,0,4,5,0,5
necks,5,4,3,7,4,4,8
necktie,7,2,3,5,3,1,4
necktie's,9,4,0,4,3,2,5
neckties,8,4,3,7,4,3,7
necromancer,11,4,2,6,2,1,3
necromancer's,13,4,1,5,3,0,3
necromancers,12,3,0,3,3,0,3
necromancy,10,4,2,6,4,2,6
necromancy's,12,5,0,5,5,1,6
necrophilia,11,5,1,6,3,1,4
necrosis,8,7,2,9,7,2,9
necrosis's,10,8,0,8,8,0,8
nectar,6,4,3,7,4,3,7
nectar's,8,6,2,8,5,0,5
nectarine,9,3,1,4,3,2,5
nectarine's,11,5,0,5,3,0,3
nectarines,10,4,0,4,4,0,4
need,4,3,7,10,3,5,8
need's,6,5,4,9,5,4,9
needed,6,3,1,4,3,1,4
needful,7,2,1,3,2,0,2
needier,7,4,1,5,5,0,5
neediest,8,6,0,6,6,0,6
neediness,9,2,0,2,2,0,2
neediness's,11,2,0,2,2,0,2
needing,7,2,1,3,2,0,2
needle,6,2,2,4,2,2,4
needle's,8,4,1,5,2,1,3
needled,7,2,2,4,2,2,4
needlepoint,11,2,1,3,1,1,2
needlepoint's,13,3,0,3,2,0,2
needles,7,3,2,5,3,3,6
needless,8,3,0,3,3,0,3
needlessly,10,5,1,6,5,1,6
needlework,10,2,1,3,2,1,3
needlework's,12,2,0,2,2,0,2
needling,8,2,1,3,2,3,5
needn't,7,2,1,3,2,0,2
needs,5,4,3,7,4,3,7
needy,5,4,1,5,4,1,5
nefarious,9,4,1,5,4,1,5
nefariously,11,9,0,9,6,0,6
nefariousness,13,2,0,2,4,0,4
nefariousness's,15,2,0,2,4,0,4
negate,6,4,4,8,3,3,6
negated,7,4,3,7,4,2,6
negates,7,4,6,10,4,3,7
negating,8,4,1,5,4,1,5
negation,8,3,1,4,3,1,4
negation's,10,7,0,7,6,0,6
negations,9,4,1,5,4,1,5
negative,8,5,1,6,5,1,6
negative's,10,7,0,7,7,0,7
negatived,9,4,3,7,3,3,6
negatively,10,5,1,6,4,1,5
negatives,9,4,0,4,4,2,6
negativing,10,3,1,4,3,1,4
negativity,10,3,1,4,3,1,4
negativity's,12,5,1,6,9,0,9
neglect,7,3,2,5,3,2,5
neglect's,9,5,1,6,4,1,5
neglected,9,3,2,5,3,2,5
neglectful,10,2,1,3,2,1,3
neglectfully,12,2,2,4,2,2,4
neglecting,10,2,1,3,2,1,3
neglects,8,5,3,8,3,2,5
neglig,6,2,3,5,2,3,5
neglig's,8,4,2,6,4,1,5
negligee,8,2,1,3,3,2,5
negligee's,10,4,0,4,4,1,5
negligees,9,3,0,3,4,0,4
negligence,10,2,1,3,2,1,3
negligence's,12,3,0,3,3,0,3
negligent,9,2,1,3,2,2,4
negligently,11,3,1,4,2,1,3
negligible,10,2,2,4,2,2,4
negligibly,10,3,1,4,3,1,4
negligs,7,4,2,6,4,2,6
negotiable,10,2,2,4,4,2,6
negotiate,9,3,1,4,3,2,5
negotiated,10,4,2,6,3,2,5
negotiates,10,4,1,5,4,0,4
negotiating,11,2,1,3,3,1,4
negotiation,11,2,1,3,3,1,4
negotiation's,13,3,0,3,5,0,5
negotiations,12,5,0,5,4,0,4
negotiator,10,2,2,4,2,2,4
negotiator's,12,4,0,4,4,0,4
negotiators,11,4,0,4,4,0,4
neigh,5,3,3,6,3,4,7
neigh's,7,4,3,7,4,2,6
neighbor,8,3,1,4,3,1,4
neighbor's,10,5,1,6,4,1,5
neighbored,10,3,1,4,3,1,4
neighborhood,12,3,1,4,3,1,4
neighborhood's,14,3,1,4,3,0,3
neighborhoods,13,2,2,4,3,0,3
neighboring,11,2,1,3,3,1,4
neighborliness,14,2,0,2,2,0,2
neighborliness's,16,2,0,2,2,0,2
neighborly,10,2,1,3,2,1,3
neighbors,9,4,1,5,4,1,5
neighed,7,4,3,7,4,2,6
neighing,8,3,1,4,3,1,4
neighs,6,4,2,6,3,2,5
neither,7,4,3,7,4,3,7
nematode,8,4,2,6,4,2,6
nematode's,10,6,1,7,5,1,6
nematodes,9,4,2,6,5,1,6
nemeses,7,3,1,4,3,2,5
nemesis,7,3,1,4,3,0,3
nemesis's,9,4,0,4,4,0,4
neoclassic,10,2,0,2,2,0,2
neoclassical,12,2,0,2,2,0,2
neoclassicism,13,1,0,1,1,0,1
neoclassicism's,15,1,0,1,1,0,1
neocolonialism,14,1,1,2,2,0,2
neocolonialism's,16,2,1,3,2,0,2
neocon,6,2,3,5,3,2,5
neocon's,8,4,2,6,5,0,5
neocons,7,4,2,6,4,2,6
neoconservative,15,2,0,2,3,0,3
neoconservative's,17,4,0,4,2,0,2
neoconservatives,16,3,0,3,3,0,3
neodymium,9,3,1,4,3,1,4
neodymium's,11,5,0,5,4,0,4
neologism,9,5,1,6,5,1,6
neologism's,11,5,2,7,5,1,6
neologisms,10,3,1,4,4,1,5
neon,4,2,3,5,2,3,5
neon's,6,4,1,5,4,3,7
neonatal,8,3,3,6,4,2,6
neonate,7,2,2,4,2,1,3
neonate's,9,4,0,4,3,1,4
neonates,8,4,3,7,4,3,7
neophyte,8,2,3,5,2,5,7
neophyte's,10,4,2,6,4,3,7
neophytes,9,3,2,5,3,2,5
neoprene,8,2,1,3,2,1,3
neoprene's,10,3,0,3,3,0,3
nephew,6,2,3,5,2,3,5
nephew's,8,4,2,6,4,1,5
nephews,7,3,2,5,3,2,5
nephritis,9,5,1,6,4,1,5
nephritis's,11,4,0,4,4,0,4
nepotism,8,5,0,5,4,0,4
nepotism's,10,4,1,5,5,0,5
neptunium,9,3,1,4,3,1,4
neptunium's,11,5,0,5,4,0,4
nerd,4,3,5,8,3,4,7
nerd's,6,5,3,8,5,4,9
nerdier,7,3,1,4,3,0,3
nerdiest,8,7,2,9,7,2,9
nerds,5,4,4,8,4,5,9
nerdy,5,4,2,6,4,1,5
nerve,5,3,1,4,3,1,4
nerve's,7,5,0,5,5,0,5
nerved,6,4,3,7,5,2,7
nerveless,9,2,0,2,2,0,2
nervelessly,11,2,0,2,2,0,2
nerves,6,4,5,9,4,6,10
nervier,7,3,3,6,3,3,6
nerviest,8,6,3,9,6,3,9
nerving,7,5,1,6,5,1,6
nervous,7,4,3,7,4,3,7
nervously,9,5,1,6,6,1,7
nervousness,11,2,0,2,3,0,3
nervousness's,13,2,0,2,3,0,3
nervy,5,3,7,10,3,6,9
nest,4,4,7,11,4,6,10
nest's,6,5,5,10,5,5,10
nested,6,5,4,9,5,2,7
nesting,7,5,0,5,5,0,5
nestle,6,5,4,9,4,1,5
nestled,7,6,2,8,5,1,6
nestles,7,5,1,6,5,1,6
nestling,8,4,0,4,4,0,4
nestling's,10,5,0,5,3,3,6
nestlings,9,4,1,5,4,1,5
nests,5,4,4,8,4,4,8
net,3,3,3,6,3,8,11
net's,5,5,1,6,5,1,6
netbook,7,2,5,7,4,2,6
netbook's,9,4,4,8,6,1,7
netbooks,8,4,2,6,4,2,6
nether,6,3,0,3,3,1,4
nethermost,10,4,0,4,2,1,3
nets,4,4,2,6,4,1,5
netted,6,4,4,8,4,2,6
netting,7,4,3,7,5,2,7
netting's,9,5,1,6,4,1,5
nettle,6,4,7,11,4,4,8
nettle's,8,5,5,10,5,3,8
nettled,7,4,2,6,5,1,6
nettles,7,4,2,6,4,3,7
nettlesome,10,3,1,4,3,0,3
nettling,8,4,1,5,4,1,5
network,7,5,4,9,4,1,5
network's,9,7,3,10,7,0,7
networked,9,3,1,4,3,1,4
networking,10,3,1,4,3,1,4
networking's,12,4,1,5,4,0,4
networks,8,6,1,7,6,1,7
neural,6,3,3,6,3,3,6
neuralgia,9,3,1,4,4,1,5
neuralgia's,11,4,0,4,4,1,5
neuralgic,9,4,1,5,4,1,5
neuritis,8,4,3,7,4,2,6
neuritis's,10,2,1,3,3,0,3
neurological,12,4,1,5,5,1,6
neurologist,11,3,0,3,4,0,4
neurologist's,13,5,0,5,4,0,4
neurologists,12,6,0,6,4,0,4
neurology,9,2,3,5,3,3,6
neurology's,11,3,2,5,3,2,5
neuron,6,4,3,7,3,3,6
neuron's,8,5,2,7,5,1,6
neurons,7,5,2,7,5,2,7
neuroses,8,3,0,3,3,0,3
neurosis,8,6,3,9,6,3,9
neurosis's,10,7,1,8,7,1,8
neurosurgery,12,2,0,2,2,0,2
neurosurgery's,14,3,0,3,2,0,2
neurotic,8,5,2,7,5,1,6
neurotic's,10,6,1,7,4,1,5
neurotically,12,8,1,9,5,1,6
neurotics,9,5,1,6,5,1,6
neurotransmitter,16,2,0,2,2,0,2
neurotransmitter's,18,1,0,1,1,0,1
neurotransmitters,17,2,0,2,2,0,2
neuter,6,4,3,7,4,3,7
neuter's,8,6,2,8,5,1,6
neutered,8,5,1,6,5,1,6
neutering,9,2,1,3,2,1,3
neuters,7,5,1,6,5,1,6
neutral,7,4,2,6,3,1,4
neutral's,9,6,0,6,6,0,6
neutrality,10,3,1,4,3,1,4
neutrality's,12,5,0,5,4,0,4
neutralization,14,6,1,7,3,1,4
neutralization's,16,6,0,6,4,0,4
neutralize,10,6,1,7,6,1,7
neutralized,11,9,1,10,4,1,5
neutralizer,11,5,1,6,2,1,3
neutralizer's,13,3,0,3,3,0,3
neutralizers,12,3,0,3,3,0,3
neutralizes,11,9,0,9,7,0,7
neutralizing,12,6,1,7,3,1,4
neutrally,9,7,2,9,5,2,7
neutrals,8,4,1,5,4,1,5
neutrino,8,4,1,5,4,1,5
neutrino's,10,5,1,6,5,1,6
neutrinos,9,4,1,5,4,1,5
neutron,7,3,5,8,3,2,5
neutron's,9,5,4,9,4,2,6
neutrons,8,4,1,5,4,1,5
never,5,3,7,10,3,7,10
nevermore,9,2,1,3,2,2,4
nevertheless,12,2,0,2,2,0,2
new,3,2,4,6,3,9,12
new's,5,4,2,6,4,2,6
newbie,6,3,2,5,2,4,6
newbie's,8,5,2,7,5,2,7
newbies,7,4,4,8,3,4,7
newborn,7,5,3,8,3,2,5
newborn's,9,7,2,9,6,0,6
newborns,8,5,1,6,5,1,6
newcomer,8,3,3,6,3,2,5
newcomer's,10,5,0,5,4,0,4
newcomers,9,4,2,6,4,1,5
newel,5,3,4,7,3,4,7
newel's,7,5,2,7,5,2,7
newels,6,4,3,7,4,3,7
newer,5,3,4,7,3,4,7
newest,6,4,2,6,4,1,5
newfangled,10,4,2,6,3,2,5
newly,5,4,4,8,4,2,6
newlywed,8,3,3,6,3,2,5
newlywed's,10,3,1,4,3,1,4
newlyweds,9,2,3,5,4,1,5
newness,7,3,1,4,3,1,4
newness's,9,4,1,5,3,1,4
news,4,3,3,6,3,2,5
news's,6,4,1,5,4,1,5
newsagents,10,3,1,4,3,1,4
newsboy,7,3,0,3,3,0,3
newsboy's,9,3,0,3,3,0,3
newsboys,8,4,0,4,4,0,4
newscast,8,3,0,3,3,0,3
newscast's,10,2,0,2,2,0,2
newscaster,10,2,0,2,2,0,2
newscaster's,12,2,0,2,2,0,2
newscasters,11,3,0,3,3,0,3
newscasts,9,3,0,3,3,0,3
newsflash,9,1,1,2,1,1,2
newsier,7,4,2,6,4,2,6
newsiest,8,3,0,3,3,0,3
newsletter,10,2,0,2,2,0,2
newsletter's,12,2,0,2,2,0,2
newsletters,11,2,0,2,2,0,2
newsman,7,3,0,3,3,0,3
newsman's,9,3,0,3,3,0,3
newsmen,7,4,2,6,4,2,6
newspaper,9,4,0,4,4,0,4
newspaper's,11,3,0,3,3,0,3
newspaperman,12,2,1,3,2,1,3
newspaperman's,14,2,0,2,2,1,3
newspapermen,12,2,1,3,2,1,3
newspapers,10,4,0,4,4,0,4
newspaperwoman,14,6,0,6,3,0,3
newspaperwoman's,16,2,0,2,2,0,2
newspaperwomen,14,6,0,6,3,0,3
newsprint,9,3,0,3,3,0,3
newsprint's,11,4,0,4,3,0,3
newsreel,8,3,0,3,3,0,3
newsreel's,10,4,0,4,3,0,3
newsreels,9,2,0,2,2,0,2
newsstand,9,2,1,3,2,1,3
newsstand's,11,2,1,3,2,1,3
newsstands,10,3,1,4,3,1,4
newsworthy,10,3,0,3,3,0,3
newsy,5,3,1,4,3,1,4
newt,4,4,4,8,4,4,8
newt's,6,6,3,9,6,3,9
newton,6,4,2,6,3,2,5
newton's,8,6,1,7,6,0,6
newtons,7,4,2,6,4,2,6
newts,5,4,5,9,4,6,10
next,4,3,5,8,3,5,8
next's,6,5,4,9,5,4,9
nexus,5,3,6,9,3,7,10
nexus's,7,5,0,5,5,0,5
nexuses,7,4,1,5,4,1,5
niacin,6,3,4,7,3,4,7
niacin's,8,4,3,7,4,2,6
nib,3,3,7,10,3,9,12
nib's,5,5,4,9,5,8,13
nibble,6,5,0,5,5,3,8
nibble's,8,7,2,9,6,3,9
nibbled,7,4,4,8,4,4,8
nibbler,7,5,4,9,5,4,9
nibbler's,9,6,2,8,6,2,8
nibblers,8,5,3,8,5,2,7
nibbles,7,5,3,8,4,6,10
nibbling,8,3,2,5,3,2,5
nibs,4,3,7,10,4,8,12
nice,4,4,3,7,4,3,7
nicely,6,6,2,8,5,3,8
niceness,8,3,0,3,3,0,3
niceness's,10,4,0,4,4,0,4
nicer,5,5,6,11,5,6,11
nicest,6,5,2,7,5,3,8
niceties,8,4,0,4,4,0,4
nicety,6,5,3,8,2,3,5
nicety's,8,6,2,8,5,2,7
niche,5,3,4,7,4,5,9
niche's,7,5,4,9,5,4,9
niches,6,4,3,7,4,2,6
nick,4,3,5,8,3,5,8
nick's,6,4,4,8,4,4,8
nicked,6,5,3,8,4,4,8
nickel,6,3,3,6,3,5,8
nickel's,8,5,1,6,6,5,11
nickelodeon,11,3,1,4,2,1,3
nickelodeon's,13,4,1,5,3,0,3
nickelodeons,12,3,0,3,3,0,3
nickels,7,5,3,8,5,3,8
nicking,7,4,2,6,3,4,7
nicknack,8,3,2,5,3,2,5
nicknack's,10,5,2,7,5,2,7
nicknacks,9,5,4,9,5,3,8
nickname,8,4,2,6,4,2,6
nickname's,10,5,1,6,5,2,7
nicknamed,9,5,2,7,3,3,6
nicknames,9,5,0,5,4,1,5
nicknaming,10,2,2,4,3,2,5
nicks,5,3,5,8,3,5,8
nicotine,8,3,2,5,3,2,5
nicotine's,10,5,2,7,5,1,6
niece,5,4,3,7,4,3,7
niece's,7,6,2,8,6,2,8
nieces,6,4,1,5,4,1,5
niftier,7,5,1,6,4,2,6
niftiest,8,5,0,5,5,0,5
nifty,5,4,5,9,3,6,9
nigga,5,3,3,6,3,4,7
nigga's,7,5,2,7,4,3,7
niggard,7,5,3,8,4,4,8
niggard's,9,7,2,9,6,3,9
niggardliness,13,2,0,2,3,0,3
niggardliness's,15,2,0,2,3,0,3
niggardly,9,4,2,6,3,2,5
niggards,8,4,4,8,5,3,8
niggas,6,4,4,8,4,4,8
niggaz,6,3,5,8,3,5,8
nigger,6,5,0,5,5,1,6
nigger's,8,7,3,10,7,3,10
niggers,7,6,3,9,6,3,9
niggle,6,5,2,7,5,2,7
niggle's,8,7,3,10,7,4,11
niggled,7,6,5,11,6,4,10
niggles,7,6,2,8,6,2,8
niggling,8,3,2,5,3,2,5
nigh,4,2,6,8,2,6,8
nigher,6,5,0,5,5,1,6
nighest,7,6,1,7,6,1,7
night,5,5,9,14,5,9,14
night's,7,7,8,15,7,8,15
nightcap,8,3,2,5,3,2,5
nightcap's,10,5,1,6,5,2,7
nightcaps,9,4,2,6,4,2,6
nightclothes,12,3,0,3,3,0,3
nightclothes's,14,3,0,3,2,1,3
nightclub,9,4,3,7,2,4,6
nightclub's,11,2,3,5,2,3,5
nightclubbed,12,3,1,4,3,1,4
nightclubbing,13,2,1,3,2,1,3
nightclubs,10,3,3,6,3,3,6
nightfall,9,3,2,5,3,2,5
nightfall's,11,7,2,9,4,3,7
nightgown,9,4,3,7,3,3,6
nightgown's,11,5,2,7,4,2,6
nightgowns,10,4,2,6,4,2,6
nighthawk,9,4,3,7,3,3,6
nighthawk's,11,7,2,9,4,3,7
nighthawks,10,5,3,8,5,2,7
nightie,7,2,2,4,2,1,3
nightie's,9,4,1,5,4,1,5
nighties,8,4,0,4,4,0,4
nightingale,11,2,1,3,3,1,4
nightingale's,13,3,0,3,3,0,3
nightingales,12,3,0,3,3,0,3
nightlife,9,3,2,5,4,2,6
nightlife's,11,5,1,6,5,1,6
nightly,7,7,4,11,7,4,11
nightmare,9,4,1,5,4,1,5
nightmare's,11,5,1,6,5,2,7
nightmares,10,5,0,5,4,0,4
nightmarish,11,3,0,3,2,0,2
nights,6,6,7,13,6,7,13
nightshade,10,3,0,3,3,0,3
nightshade's,12,4,0,4,3,1,4
nightshades,11,3,0,3,4,0,4
nightshirt,10,3,0,3,4,1,5
nightshirt's,12,5,1,6,4,1,5
nightshirts,11,4,1,5,4,1,5
nightstick,10,3,0,3,4,1,5
nightstick's,12,5,1,6,4,1,5
nightsticks,11,4,1,5,4,1,5
nighttime,9,3,2,5,4,2,6
nighttime's,11,5,1,6,5,1,6
nighty,6,5,6,11,2,5,7
nighty's,8,4,4,8,3,4,7
nihilism,8,6,1,7,6,1,7
nihilism's,10,7,0,7,7,1,8
nihilist,8,5,2,7,5,2,7
nihilist's,10,6,1,7,6,2,8
nihilistic,10,2,0,2,2,1,3
nihilists,9,2,1,3,2,1,3
nil,3,3,8,11,3,9,12
nil's,5,5,5,10,5,8,13
nimbi,5,2,5,7,2,5,7
nimble,6,5,0,5,5,3,8
nimbleness,10,3,0,3,3,0,3
nimbleness's,12,4,0,4,3,0,3
nimbler,7,5,1,6,5,2,7
nimblest,8,5,1,6,5,1,6
nimbly,6,5,5,10,4,6,10
nimbus,6,4,5,9,4,5,9
nimbus's,8,4,3,7,5,3,8
nimbuses,8,4,3,7,4,3,7
nincompoop,10,2,3,5,1,4,5
nincompoop's,12,2,2,4,2,2,4
nincompoops,11,2,2,4,2,2,4
nine,4,3,3,6,3,3,6
nine's,6,5,3,8,5,2,7
ninepin,7,2,4,6,3,2,5
ninepin's,9,3,3,6,4,2,6
ninepins,8,3,4,7,4,2,6
ninepins's,10,4,1,5,4,0,4
nines,5,4,2,6,4,2,6
nineteen,8,2,2,4,2,1,3
nineteen's,10,4,1,5,3,0,3
nineteens,9,3,1,4,3,0,3
nineteenth,10,1,1,2,1,1,2
nineteenth's,12,2,0,2,2,0,2
nineteenths,11,2,0,2,2,0,2
nineties,8,4,0,4,4,0,4
ninetieth,9,2,1,3,2,1,3
ninetieth's,11,3,0,3,3,0,3
ninetieths,10,3,1,4,3,1,4
ninety,6,2,2,4,2,3,5
ninety's,8,6,2,8,5,2,7
ninja,5,3,3,6,3,4,7
ninja's,7,5,2,7,5,6,11
ninjas,6,4,4,8,4,4,8
ninnies,7,3,7,10,4,5,9
ninny,5,3,9,12,3,5,8
ninny's,7,5,7,12,5,6,11
ninth,5,4,8,12,4,8,12
ninth's,7,6,6,12,6,7,13
ninths,6,5,6,11,5,6,11
nip,3,3,8,11,3,8,11
nip's,5,5,6,11,5,8,13
nipped,6,4,4,8,5,3,8
nipper,6,4,1,5,4,2,6
nipper's,8,6,4,10,6,4,10
nippers,7,5,4,9,5,4,9
nippier,7,4,2,6,5,1,6
nippiest,8,5,0,5,6,1,7
nipping,7,3,3,6,4,3,7
nipple,6,4,3,7,5,2,7
nipple's,8,6,4,10,6,5,11
nipples,7,6,2,8,6,2,8
nippy,5,4,8,12,4,5,9
nips,4,4,6,10,4,6,10
nirvana,7,3,2,5,2,2,4
nirvana's,9,4,1,5,3,1,4
nit,3,3,9,12,3,9,12
nit's,5,5,8,13,5,8,13
nite,4,3,6,9,3,6,9
nite's,6,6,6,12,5,5,10
niter,5,4,7,11,4,7,11
niter's,7,6,4,10,6,4,10
nites,5,5,2,7,5,2,7
nitpick,7,2,2,4,2,3,5
nitpicked,9,4,2,6,4,1,5
nitpicker,9,4,2,6,4,2,6
nitpicker's,11,6,1,7,6,1,7
nitpickers,10,4,3,7,4,2,6
nitpicking,10,2,2,4,2,2,4
nitpicks,8,4,3,7,4,3,7
nitrate,7,4,1,5,5,0,5
nitrate's,9,5,2,7,5,1,6
nitrated,8,5,1,6,4,2,6
nitrates,8,5,0,5,5,0,5
nitrating,9,2,2,4,2,2,4
nitrogen,8,3,2,5,3,2,5
nitrogen's,10,5,0,5,5,0,5
nitrogenous,11,3,1,4,4,0,4
nitroglycerin,13,1,1,2,1,1,2
nitroglycerin's,15,3,0,3,3,0,3
nitroglycerine,14,2,1,3,2,1,3
nitroglycerine's,16,2,0,2,3,0,3
nits,4,4,8,12,4,8,12
nitwit,6,2,3,5,2,3,5
nitwit's,8,4,3,7,4,3,7
nitwits,7,3,4,7,3,4,7
nix,3,2,9,11,2,10,12
nix's,5,4,7,11,4,9,13
nixed,5,4,6,10,4,8,12
nixes,5,4,3,7,4,3,7
nixing,6,2,3,5,2,3,5
no,2,2,8,10,2,8,10
no's,4,4,8,12,4,8,12
nobility,8,4,2,6,3,2,5
nobility's,10,8,3,11,8,3,11
noble,5,4,5,9,4,3,7
noble's,7,6,4,10,5,2,7
nobleman,8,2,2,4,3,1,4
nobleman's,10,4,1,5,4,1,5
noblemen,8,2,3,5,2,3,5
nobleness,9,3,0,3,3,0,3
nobleness's,11,4,0,4,3,0,3
nobler,6,4,6,10,4,7,11
nobles,6,4,6,10,4,5,9
noblest,7,5,3,8,5,3,8
noblewoman,10,2,1,3,2,1,3
noblewoman's,12,4,0,4,3,0,3
noblewomen,10,2,2,4,2,2,4
nobly,5,3,5,8,3,5,8
nobodies,8,5,1,6,5,1,6
nobody,6,1,6,7,1,6,7
nobody's,8,4,4,8,4,4,8
nocturnal,9,2,3,5,2,3,5
nocturnally,11,3,3,6,2,3,5
nocturne,8,3,3,6,3,3,6
nocturne's,10,5,2,7,4,2,6
nocturnes,9,4,2,6,4,2,6
nod,3,3,8,11,3,5,8
nod's,5,5,9,14,5,9,14
nodal,5,4,2,6,4,2,6
nodded,6,4,2,6,4,2,6
nodding,7,5,3,8,4,4,8
noddy,5,4,5,9,4,4,8
node,4,4,4,8,4,4,8
node's,6,6,6,12,5,7,12
nodes,5,5,4,9,4,7,11
nods,4,4,8,12,4,8,12
nodular,7,6,4,10,6,3,9
nodule,6,5,5,10,5,4,9
nodule's,8,7,3,10,7,4,11
nodules,7,6,3,9,6,4,10
noel,4,4,3,7,4,3,7
noel's,6,6,1,7,6,1,7
noels,5,4,2,6,4,2,6
noes,4,4,5,9,4,4,8
noggin,6,3,3,6,3,3,6
noggin's,8,5,2,7,5,2,7
noggins,7,3,3,6,3,3,6
noise,5,5,3,8,5,3,8
noise's,7,6,3,9,6,3,9
noised,6,6,4,10,5,5,10
noiseless,9,3,1,4,3,1,4
noiselessly,11,3,0,3,2,0,2
noiselessness,13,1,0,1,1,0,1
noiselessness's,15,1,0,1,1,0,1
noisemaker,10,3,0,3,3,0,3
noisemaker's,12,3,0,3,3,0,3
noisemakers,11,4,0,4,3,1,4
noises,6,5,3,8,5,3,8
noisier,7,5,2,7,4,2,6
noisiest,8,5,2,7,4,0,4
noisily,7,3,1,4,3,1,4
noisiness,9,3,0,3,3,0,3
noisiness's,11,2,0,2,3,0,3
noising,7,3,1,4,3,1,4
noisome,7,4,0,4,3,2,5
noisy,5,2,5,7,2,5,7
nomad,5,4,3,7,4,3,7
nomad's,7,6,2,8,6,2,8
nomadic,7,4,2,6,4,2,6
nomads,6,4,3,7,4,3,7
nomenclature,12,2,2,4,2,2,4
nomenclature's,14,3,1,4,2,1,3
nomenclatures,13,3,1,4,3,0,3
nominal,7,4,3,7,4,3,7
nominally,9,5,3,8,4,3,7
nominate,8,6,1,7,6,1,7
nominated,9,6,2,8,7,1,8
nominates,9,7,0,7,7,0,7
nominating,10,2,2,4,2,2,4
nomination,10,2,2,4,2,2,4
nomination's,12,4,1,5,3,1,4
nominations,11,5,1,6,5,1,6
nominative,10,3,1,4,3,1,4
nominative's,12,5,0,5,4,0,4
nominatives,11,4,0,4,4,0,4
nominee,7,3,2,5,3,2,5
nominee's,9,5,1,6,5,2,7
nominees,8,3,1,4,3,1,4
non,3,2,4,6,2,3,5
nonabrasive,11,3,0,3,3,0,3
nonabsorbent,12,3,0,3,3,0,3
nonabsorbent's,14,2,0,2,2,0,2
nonabsorbents,13,3,0,3,3,0,3
nonagenarian,12,2,1,3,2,1,3
nonagenarian's,14,3,1,4,4,0,4
nonagenarians,13,3,1,4,3,0,3
nonalcoholic,12,2,1,3,2,1,3
nonaligned,10,4,1,5,3,1,4
nonbeliever,11,2,1,3,2,1,3
nonbeliever's,13,2,1,3,3,0,3
nonbelievers,12,2,0,2,2,0,2
nonbreakable,12,3,2,5,2,2,4
nonce,5,4,5,9,3,5,8
nonce's,7,6,4,10,5,4,9
nonchalance,11,2,2,4,2,1,3
nonchalance's,13,3,1,4,3,2,5
nonchalant,10,3,3,6,2,3,5
nonchalantly,12,1,3,4,1,3,4
noncom,6,2,4,6,2,4,6
noncom's,8,4,2,6,4,2,6
noncombatant,12,1,3,4,1,3,4
noncombatant's,14,3,0,3,2,2,4
noncombatants,13,2,0,2,2,2,4
noncommercial,13,3,1,4,2,1,3
noncommercial's,15,3,1,4,3,0,3
noncommercials,14,3,1,4,3,0,3
noncommittal,12,3,2,5,3,2,5
noncommittally,14,2,1,3,2,1,3
noncompetitive,14,2,1,3,2,1,3
noncompliance,13,3,1,4,3,1,4
noncompliance's,15,2,1,3,3,0,3
noncoms,7,3,3,6,3,2,5
nonconductor,12,1,4,5,1,4,5
nonconductor's,14,3,0,3,2,2,4
nonconductors,13,4,0,4,2,3,5
nonconformist,13,4,0,4,3,0,3
nonconformist's,15,5,0,5,3,0,3
nonconformists,14,3,1,4,3,0,3
nonconformity,13,2,1,3,2,1,3
nonconformity's,15,4,0,4,3,0,3
noncontagious,13,3,0,3,5,1,6
noncooperation,14,3,1,4,2,1,3
noncooperation's,16,2,0,2,3,0,3
nondairy,8,2,2,4,2,2,4
nondeductible,13,2,2,4,2,1,3
nondeductible's,15,4,0,4,3,0,3
nondenominational,17,2,0,2,2,0,2
nondescript,11,3,0,3,3,0,3
nondrinker,10,3,1,4,3,2,5
nondrinker's,12,5,0,5,4,0,4
nondrinkers,11,4,1,5,4,1,5
none,4,3,3,6,3,3,6
nonempty,8,2,1,3,2,1,3
nonentities,11,3,0,3,3,0,3
nonentity,9,2,1,3,2,1,3
nonentity's,11,4,0,4,3,1,4
nonessential,12,2,0,2,2,0,2
nonesuch,8,4,2,6,3,3,6
nonesuch's,10,5,1,6,5,1,6
nonesuches,10,2,1,3,2,1,3
nonetheless,11,2,0,2,2,0,2
nonevent,8,2,1,3,2,1,3
nonevent's,10,6,1,7,4,1,5
nonevents,9,3,1,4,3,1,4
nonexempt,9,1,3,4,2,2,4
nonexempt's,11,4,1,5,4,1,5
nonexistence,12,2,0,2,2,0,2
nonexistence's,14,2,0,2,2,0,2
nonexistent,11,2,0,2,2,0,2
nonfat,6,3,2,5,3,2,5
nonfatal,8,4,3,7,2,3,5
nonfiction,10,2,2,4,2,2,4
nonfiction's,12,3,2,5,3,1,4
nonflammable,12,3,2,5,4,2,6
nongovernmental,15,1,2,3,1,2,3
nonhazardous,12,3,1,4,3,2,5
nonhuman,8,3,4,7,3,3,6
nonindustrial,13,2,0,2,2,1,3
noninterference,15,2,1,3,2,1,3
noninterference's,17,2,0,2,2,0,2
nonintervention,15,1,1,2,1,1,2
nonintervention's,17,2,0,2,2,0,2
nonjudgmental,13,2,2,4,2,2,4
nonliving,9,2,2,4,2,2,4
nonliving's,11,4,3,7,4,2,6
nonmalignant,12,3,1,4,3,1,4
nonmember,9,3,1,4,3,1,4
nonmember's,11,5,0,5,4,0,4
nonmembers,10,4,1,5,4,0,4
nonnegotiable,13,2,1,3,2,1,3
nonobjective,12,2,1,3,2,1,3
nonpareil,9,2,1,3,2,1,3
nonpareil's,11,4,0,4,3,0,3
nonpareils,10,4,0,4,4,0,4
nonpartisan,11,3,0,3,3,0,3
nonpartisan's,13,3,0,3,3,0,3
nonpartisans,12,3,1,4,3,0,3
nonpayment,10,3,1,4,4,1,5
nonpayment's,12,4,0,4,4,0,4
nonpayments,11,3,1,4,3,1,4
nonphysical,11,2,0,2,2,1,3
nonplus,7,3,3,6,3,3,6
nonplused,9,5,1,6,6,0,6
nonpluses,9,4,1,5,4,0,4
nonplusing,10,3,0,3,3,1,4
nonplussed,10,3,0,3,3,0,3
nonplusses,10,3,0,3,3,0,3
nonplussing,11,2,0,2,2,0,2
nonpoisonous,12,2,2,4,2,2,4
nonpolitical,12,5,1,6,3,1,4
nonpolluting,12,2,1,3,2,1,3
nonprescription,15,2,0,2,2,0,2
nonproductive,13,3,1,4,3,1,4
nonprofessional,15,1,0,1,1,0,1
nonprofessional's,17,2,0,2,2,0,2
nonprofessionals,16,2,0,2,2,0,2
nonprofit,9,2,3,5,2,3,5
nonprofit's,11,3,3,6,2,3,5
nonprofits,10,2,4,6,3,2,5
nonproliferation,16,2,1,3,1,1,2
nonproliferation's,18,3,0,3,2,0,2
nonrefillable,13,3,1,4,3,1,4
nonrefundable,13,2,2,4,2,2,4
nonrenewable,12,1,2,3,1,2,3
nonrepresentational,19,2,0,2,2,0,2
nonresident,11,3,0,3,3,0,3
nonresident's,13,2,0,2,2,0,2
nonresidents,12,3,0,3,3,0,3
nonrestrictive,14,2,0,2,2,0,2
nonreturnable,13,2,2,4,2,2,4
nonreturnable's,15,3,0,3,2,1,3
nonreturnables,14,3,0,3,2,1,3
nonrigid,8,2,3,5,2,3,5
nonscheduled,12,3,1,4,3,1,4
nonseasonal,11,2,0,2,2,0,2
nonsectarian,12,3,0,3,3,0,3
nonsense,8,2,1,3,2,1,3
nonsense's,10,1,1,2,1,1,2
nonsensical,11,2,0,2,2,0,2
nonsensically,13,1,0,1,1,0,1
nonsexist,9,5,0,5,4,0,4
nonskid,7,3,3,6,3,3,6
nonsmoker,9,4,2,6,3,0,3
nonsmoker's,11,4,0,4,4,0,4
nonsmokers,10,3,1,4,3,1,4
nonsmoking,10,3,1,4,3,1,4
nonstandard,11,3,1,4,3,1,4
nonstick,8,3,1,4,3,1,4
nonstop,7,4,3,7,4,3,7
nonsupport,10,2,2,4,2,2,4
nonsupport's,12,2,2,4,3,1,4
nontaxable,10,5,2,7,6,2,8
nontechnical,12,3,1,4,3,1,4
nontoxic,8,2,3,5,2,3,5
nontransferable,15,2,0,2,2,0,2
nontrivial,10,2,2,4,2,2,4
nonunion,8,2,2,4,2,2,4
nonuser,7,5,1,6,5,1,6
nonuser's,9,5,2,7,4,1,5
nonusers,8,3,2,5,3,1,4
nonverbal,9,2,1,3,2,1,3
nonviolence,11,2,1,3,3,1,4
nonviolence's,13,4,1,5,4,0,4
nonviolent,10,3,1,4,4,1,5
nonvoting,9,2,2,4,2,2,4
nonwhite,8,6,3,9,4,3,7
nonwhite's,10,8,2,10,6,1,7
nonwhites,9,7,2,9,5,1,6
nonzero,7,2,5,7,3,4,7
noodle,6,5,3,8,5,3,8
noodle's,8,7,4,11,7,3,10
noodled,7,3,2,5,3,2,5
noodles,7,6,4,10,6,3,9
noodling,8,4,2,6,3,2,5
nook,4,3,9,12,3,9,12
nook's,6,5,8,13,5,8,13
nooks,5,4,8,12,4,8,12
noon,4,2,7,9,2,7,9
noon's,6,4,8,12,4,7,11
noonday,7,3,3,6,3,2,5
noonday's,9,4,1,5,4,1,5
noontime,8,4,2,6,4,2,6
noontime's,10,6,1,7,5,1,6
noose,5,3,3,6,3,3,6
noose's,7,4,2,6,4,2,6
nooses,6,3,4,7,3,4,7
nope,4,4,5,9,4,5,9
nor,3,3,6,9,3,6,9
norm,4,3,3,6,3,4,7
norm's,6,5,3,8,5,4,9
normal,6,4,3,7,4,3,7
normal's,8,6,2,8,6,2,8
normalcy,8,7,3,10,3,3,6
normalcy's,10,8,1,9,6,1,7
normality,9,4,2,6,3,2,5
normality's,11,10,2,12,10,3,13
normalization,13,3,1,4,3,1,4
normalization's,15,4,0,4,4,0,4
normalize,9,8,2,10,8,2,10
normalized,10,9,2,11,9,2,11
normalizes,10,9,1,10,9,1,10
normalizing,11,2,1,3,2,2,4
normally,8,7,3,10,6,4,10
normative,9,8,3,11,7,3,10
norms,5,4,8,12,4,8,12
north,5,3,4,7,3,4,7
north's,7,5,3,8,5,2,7
northbound,10,1,3,4,1,4,5
northeast,9,4,0,4,4,0,4
northeast's,11,4,1,5,4,0,4
northeaster,11,2,0,2,2,0,2
northeaster's,13,2,0,2,2,0,2
northeasterly,13,5,0,5,2,0,2
northeastern,12,3,0,3,3,0,3
northeasters,12,3,0,3,2,0,2
northeastward,13,5,0,5,3,0,3
northerlies,11,3,0,3,3,0,3
northerly,9,2,1,3,3,2,5
northerly's,11,5,1,6,4,1,5
northern,8,3,3,6,3,3,6
northerner,10,2,1,3,2,1,3
northerner's,12,3,0,3,3,0,3
northerners,11,3,1,4,3,0,3
northernmost,12,2,0,2,2,0,2
northward,9,4,3,7,3,3,6
northwards,10,4,2,6,4,1,5
northwest,9,3,1,4,3,1,4
northwest's,11,4,1,5,2,1,3
northwesterly,13,5,0,5,2,0,2
northwestern,12,3,0,3,3,0,3
northwestward,13,5,0,5,3,0,3
nose,4,4,6,10,4,6,10
nose's,6,5,5,10,5,5,10
nosebleed,9,2,0,2,2,0,2
nosebleed's,11,2,0,2,2,0,2
nosebleeds,10,3,0,3,3,0,3
nosed,5,5,1,6,5,1,6
nosedive,8,5,0,5,4,0,4
nosedive's,10,5,0,5,5,0,5
nosedived,9,3,0,3,3,0,3
nosedives,9,4,0,4,4,0,4
nosediving,10,4,1,5,3,1,4
nosedove,8,5,0,5,2,2,4
nosegay,7,3,2,5,3,0,3
nosegay's,9,4,1,5,3,0,3
nosegays,8,3,2,5,3,2,5
noses,5,4,4,8,4,4,8
nosey,5,4,3,7,4,3,7
nosh,4,4,6,10,4,6,10
nosh's,6,4,6,10,4,6,10
noshed,6,5,5,10,5,5,10
noshes,6,4,6,10,4,6,10
noshing,7,4,1,5,3,1,4
nosier,6,5,1,6,5,1,6
nosiest,7,6,1,7,6,1,7
nosiness,8,3,0,3,3,0,3
nosiness's,10,4,0,4,4,0,4
nosing,6,3,1,4,3,1,4
nostalgia,9,5,1,6,3,1,4
nostalgia's,11,4,1,5,3,1,4
nostalgic,9,5,1,6,3,1,4
nostalgically,13,5,0,5,3,0,3
nostril,7,3,1,4,3,2,5
nostril's,9,3,2,5,4,2,6
nostrils,8,4,1,5,4,2,6
nostrum,7,5,3,8,3,3,6
nostrum's,9,7,3,10,3,3,6
nostrums,8,3,3,6,3,3,6
nosy,4,4,5,9,4,5,9
not,3,3,7,10,3,7,10
notable,7,4,2,6,3,1,4
notable's,9,5,0,5,5,0,5
notables,8,5,1,6,5,1,6
notably,7,5,3,8,4,4,8
notaries,8,8,0,8,8,0,8
notarize,8,6,2,8,6,2,8
notarized,9,7,2,9,7,2,9
notarizes,9,7,1,8,5,0,5
notarizing,10,2,2,4,2,2,4
notary,6,6,2,8,2,2,4
notary's,8,8,1,9,8,1,9
notation,8,2,2,4,2,2,4
notation's,10,5,1,6,6,1,7
notations,9,6,1,7,6,1,7
notch,5,3,4,7,3,4,7
notch's,7,5,3,8,5,2,7
notched,7,6,6,12,6,6,12
notches,7,6,4,10,6,4,10
notching,8,4,2,6,3,2,5
note,4,3,7,10,3,7,10
note's,6,5,7,12,6,6,12
notebook,8,3,1,4,3,1,4
notebook's,10,4,2,6,4,3,7
notebooks,9,3,2,5,4,1,5
noted,5,5,5,10,5,4,9
notepad,7,4,1,5,3,2,5
notepaper,9,4,2,6,4,1,5
notes,5,4,5,9,5,7,12
noteworthy,10,4,2,6,2,3,5
nothing,7,4,4,8,4,3,7
nothing's,9,5,2,7,5,2,7
nothingness,11,3,0,3,3,0,3
nothingness's,13,2,0,2,3,0,3
nothings,8,5,2,7,5,2,7
notice,6,6,2,8,6,0,6
notice's,8,6,1,7,6,3,9
noticeable,10,3,1,4,3,1,4
noticeably,10,2,1,3,2,1,3
noticeboard,11,3,1,4,2,1,3
noticeboards,12,4,0,4,4,0,4
noticed,7,4,3,7,4,4,8
notices,7,7,1,8,7,1,8
noticing,8,2,2,4,2,2,4
notification,12,3,1,4,4,1,5
notification's,14,3,0,3,5,0,5
notifications,13,3,0,3,4,1,5
notified,8,4,3,7,5,2,7
notifies,8,5,0,5,5,0,5
notify,6,4,3,7,3,3,6
notifying,9,2,2,4,2,2,4
noting,6,4,3,7,4,3,7
notion,6,2,3,5,2,3,5
notion's,8,5,2,7,5,2,7
notional,8,3,2,5,3,2,5
notionally,10,6,2,8,3,2,5
notions,7,3,3,6,3,2,5
notoriety,9,2,1,3,2,1,3
notoriety's,11,4,0,4,3,0,3
notorious,9,3,2,5,3,2,5
notoriously,11,2,0,2,2,0,2
notwithstanding,15,2,0,2,2,0,2
nougat,6,3,3,6,3,3,6
nougat's,8,5,2,7,5,2,7
nougats,7,5,4,9,4,5,9
nought,6,5,7,12,5,7,12
nought's,8,4,3,7,4,3,7
noughts,7,3,4,7,3,4,7
noun,4,2,5,7,2,5,7
noun's,6,4,4,8,4,4,8
nouns,5,3,5,8,3,5,8
nourish,7,5,1,6,5,2,7
nourished,9,4,0,4,4,0,4
nourishes,9,5,1,6,5,0,5
nourishing,10,2,0,2,3,1,4
nourishment,11,2,1,3,2,1,3
nourishment's,13,3,0,3,2,1,3
nous,4,3,9,12,3,9,12
nova,4,4,1,5,4,1,5
nova's,6,6,1,7,6,1,7
novae,5,3,1,4,3,1,4
novas,5,4,3,7,3,6,9
novel,5,4,6,10,4,6,10
novel's,7,6,4,10,6,4,10
novelette,9,2,1,3,2,1,3
novelette's,11,3,0,3,3,0,3
novelettes,10,3,0,3,3,0,3
novelist,8,7,1,8,7,1,8
novelist's,10,8,2,10,8,1,9
novelists,9,7,1,8,7,1,8
novella,7,4,2,6,4,1,5
novella's,9,6,1,7,6,1,7
novellas,8,3,2,5,4,0,4
novelle,7,2,1,3,2,0,2
novels,6,5,5,10,4,6,10
novelties,9,4,0,4,5,1,6
novelty,7,3,3,6,4,3,7
novelty's,9,5,2,7,5,1,6
novice,6,5,3,8,5,1,6
novice's,8,5,1,6,5,3,8
novices,7,6,2,8,6,2,8
novitiate,9,3,2,5,3,2,5
novitiate's,11,5,1,6,6,1,7
novitiates,10,4,1,5,5,0,5
now,3,2,7,9,2,7,9
now's,5,5,9,14,5,9,14
nowadays,8,3,2,5,3,2,5
nowadays's,10,3,2,5,2,2,4
noway,5,3,3,6,3,3,6
nowhere,7,2,1,3,2,0,2
nowhere's,9,3,1,4,3,1,4
nowise,6,3,2,5,4,1,5
noxious,7,3,3,6,3,2,5
nozzle,6,3,7,10,3,7,10
nozzle's,8,6,6,12,5,7,12
nozzles,7,5,6,11,4,7,11
nth,3,1,8,9,1,10,11
nu,2,1,9,10,1,9,10
nuance,6,3,3,6,4,1,5
nuance's,8,5,2,7,5,3,8
nuanced,7,4,4,8,4,4,8
nuances,7,5,2,7,5,1,6
nub,3,3,7,10,3,7,10
nub's,5,5,7,12,5,7,12
nubile,6,4,5,9,3,2,5
nubs,4,4,7,11,4,7,11
nuclear,7,5,2,7,5,2,7
nuclei,6,3,5,8,2,7,9
nucleic,7,2,3,5,2,3,5
nucleus,7,5,3,8,5,3,8
nucleus's,9,4,1,5,4,2,6
nucleuses,9,4,0,4,3,0,3
nude,4,4,5,9,4,4,8
nude's,6,5,5,10,5,5,10
nuder,5,4,3,7,4,3,7
nudes,5,5,4,9,5,4,9
nudest,6,3,5,8,3,5,8
nudge,5,4,7,11,4,7,11
nudge's,7,6,7,13,6,7,13
nudged,6,4,4,8,4,4,8
nudges,6,5,4,9,5,5,10
nudging,7,3,2,5,3,3,6
nudism,6,5,3,8,5,3,8
nudism's,8,5,5,10,5,5,10
nudist,6,4,5,9,4,5,9
nudist's,8,5,4,9,5,4,9
nudists,7,4,5,9,4,5,9
nudity,6,4,3,7,3,3,6
nudity's,8,6,4,10,6,4,10
nugget,6,2,6,8,4,5,9
nugget's,8,4,4,8,6,3,9
nuggets,7,4,4,8,4,4,8
nuisance,8,3,1,4,4,0,4
nuisance's,10,4,1,5,4,0,4
nuisances,9,3,0,3,3,0,3
nuke,4,3,9,12,3,9,12
nuke's,6,5,5,10,5,5,10
nuked,5,5,7,12,5,8,13
nukes,5,4,5,9,4,5,9
nuking,6,3,4,7,3,4,7
null,4,3,14,17,3,13,16
nullification,13,2,1,3,3,1,4
nullification's,15,5,0,5,5,0,5
nullified,9,4,4,8,5,2,7
nullifies,9,5,1,6,5,1,6
nullify,7,6,2,8,6,3,9
nullifying,10,2,2,4,2,2,4
nullity,7,5,3,8,5,4,9
nullity's,9,4,3,7,3,3,6
nulls,5,4,12,16,4,12,16
numb,4,2,7,9,2,7,9
numbed,6,4,8,12,4,8,12
number,6,5,6,11,5,6,11
number's,8,7,4,11,7,6,13
numbered,8,6,5,11,5,4,9
numbering,9,2,1,3,2,1,3
numberless,10,3,0,3,3,0,3
numbers,7,7,3,10,7,4,11
numbest,7,6,3,9,6,4,10
numbing,7,5,4,9,3,5,8
numbly,6,5,7,12,5,7,12
numbness,8,3,0,3,3,0,3
numbness's,10,4,0,4,3,0,3
numbs,5,3,7,10,3,8,11
numbskull,9,2,4,6,1,4,5
numbskull's,11,3,4,7,1,4,5
numbskulls,10,1,4,5,1,4,5
numeracy,8,2,2,4,2,2,4
numeral,7,3,2,5,4,1,5
numeral's,9,7,0,7,5,0,5
numerals,8,6,1,7,6,0,6
numerate,8,5,2,7,5,2,7
numerated,9,5,2,7,5,2,7
numerates,9,4,2,6,6,1,7
numerating,10,4,1,5,4,1,5
numeration,10,4,1,5,4,1,5
numeration's,12,5,0,5,6,0,6
numerations,11,5,1,6,5,0,5
numerator,9,5,1,6,3,1,4
numerator's,11,4,0,4,4,1,5
numerators,10,6,1,7,6,1,7
numeric,7,4,3,7,3,3,6
numerical,9,5,1,6,3,1,4
numerically,11,3,1,4,3,1,4
numerology,10,4,2,6,4,3,7
numerology's,12,5,1,6,5,1,6
numerous,8,6,2,8,6,1,7
numismatic,10,2,1,3,2,1,3
numismatics,11,2,2,4,3,1,4
numismatics's,13,2,0,2,1,1,2
numismatist,11,2,0,2,2,0,2
numismatist's,13,2,0,2,2,0,2
numismatists,12,2,0,2,2,0,2
numskull,8,2,4,6,2,4,6
numskull's,10,3,4,7,2,4,6
numskulls,9,2,3,5,1,4,5
nun,3,2,6,8,2,6,8
nun's,5,4,7,11,4,7,11
nuncio,6,2,3,5,2,3,5
nuncio's,8,4,2,6,4,2,6
nuncios,7,3,3,6,3,2,5
nunneries,9,4,3,7,5,1,6
nunnery,7,5,4,9,4,2,6
nunnery's,9,6,2,8,5,1,6
nuns,4,3,8,11,3,6,9
nuptial,7,3,2,5,3,3,6
nuptial's,9,5,1,6,4,2,6
nuptials,8,6,2,8,6,2,8
nurse,5,5,3,8,5,3,8
nurse's,7,6,3,9,6,3,9
nursed,6,6,3,9,6,3,9
nursemaid,9,3,1,4,3,1,4
nursemaid's,11,2,1,3,2,1,3
nursemaids,10,3,1,4,3,1,4
nurseries,9,4,0,4,3,0,3
nursery,7,3,1,4,3,1,4
nursery's,9,3,1,4,3,1,4
nurseryman,10,3,0,3,3,0,3
nurseryman's,12,3,0,3,3,0,3
nurserymen,10,3,0,3,3,0,3
nurses,6,5,2,7,5,2,7
nursing,7,3,1,4,3,1,4
nursing's,9,4,2,6,4,1,5
nurture,7,4,4,8,3,3,6
nurture's,9,6,2,8,5,3,8
nurtured,8,4,5,9,4,2,6
nurtures,8,5,3,8,4,3,7
nurturing,9,3,3,6,3,2,5
nut,3,2,6,8,2,6,8
nut's,5,5,9,14,5,9,14
nutcracker,10,2,3,5,4,1,5
nutcracker's,12,4,1,5,4,0,4
nutcrackers,11,3,2,5,5,0,5
nuthatch,8,3,4,7,2,5,7
nuthatch's,10,4,2,6,3,3,6
nuthatches,10,4,1,5,4,1,5
nutmeat,7,3,2,5,3,2,5
nutmeat's,9,5,3,8,5,2,7
nutmeats,8,4,1,5,4,1,5
nutmeg,6,3,5,8,4,5,9
nutmeg's,8,5,3,8,6,3,9
nutmegs,7,4,2,6,4,4,8
nutria,6,2,3,5,2,3,5
nutria's,8,6,2,8,6,2,8
nutrias,7,3,3,6,3,2,5
nutrient,8,2,1,3,3,2,5
nutrient's,10,4,2,6,4,1,5
nutrients,9,3,1,4,4,2,6
nutriment,9,2,1,3,2,1,3
nutriment's,11,4,0,4,4,0,4
nutriments,10,5,0,5,5,0,5
nutrition,9,2,2,4,2,2,4
nutrition's,11,3,2,5,3,2,5
nutritional,11,3,1,4,2,2,4
nutritionally,13,3,1,4,2,1,3
nutritionist,12,3,0,3,3,0,3
nutritionist's,14,4,0,4,3,0,3
nutritionists,13,3,0,3,3,0,3
nutritious,10,3,2,5,3,2,5
nutritive,9,3,2,5,3,2,5
nuts,4,4,9,13,3,6,9
nutshell,8,5,1,6,4,1,5
nutshell's,10,6,1,7,4,1,5
nutshells,9,3,2,5,3,1,4
nutted,6,5,9,14,5,9,14
nuttier,7,4,8,12,4,8,12
nuttiest,8,5,1,6,5,1,6
nuttiness,9,3,0,3,3,0,3
nuttiness's,11,3,0,3,3,0,3
nutting,7,4,5,9,4,3,7
nutty,5,3,10,13,3,7,10
nuzzle,6,5,9,14,5,8,13
nuzzle's,8,7,7,14,7,7,14
nuzzled,7,6,8,14,6,7,13
nuzzles,7,6,7,13,6,7,13
nuzzling,8,3,3,6,2,3,5
nylon,5,2,5,7,2,5,7
nylon's,7,4,4,8,4,4,8
nylons,6,4,5,9,3,5,8
nylons's,8,3,4,7,2,4,6
nymph,5,3,6,9,3,7,10
nymph's,7,6,6,12,6,6,12
nymphomania,11,3,1,4,2,2,4
nymphomania's,13,4,2,6,10,1,11
nymphomaniac,12,2,1,3,2,1,3
nymphomaniac's,14,3,2,5,3,1,4
nymphomaniacs,13,3,3,6,9,2,11
nymphs,6,2,6,8,2,6,8
née,3,1,7,8,1,7,8
o,1,1,14,15,1,14,15
o'clock,7,2,4,6,2,4,6
o'er,4,4,3,7,4,2,6
oaf,3,3,13,16,2,12,14
oaf's,5,4,12,16,4,12,16
oafish,6,5,3,8,5,3,8
oafs,4,4,12,16,4,13,17
oak,3,2,14,16,2,14,16
oak's,5,3,13,16,3,13,16
oaken,5,5,4,9,5,4,9
oaks,4,3,13,16,3,14,17
oakum,5,2,3,5,2,3,5
oakum's,7,4,4,8,4,4,8
oar,3,2,13,15,3,12,15
oar's,5,4,13,17,4,13,17
oared,5,5,6,11,5,6,11
oaring,6,6,8,14,6,8,14
oarlock,7,2,3,5,3,3,6
oarlock's,9,4,2,6,4,2,6
oarlocks,8,3,2,5,3,2,5
oars,4,4,9,13,4,12,16
oarsman,7,4,4,8,4,4,8
oarsman's,9,5,4,9,5,4,9
oarsmen,7,5,1,6,5,1,6
oases,5,3,0,3,3,0,3
oasis,5,3,5,8,3,5,8
oasis's,7,4,1,5,4,2,6
oat,3,3,9,12,3,8,11
oat's,5,5,9,14,5,9,14
oaten,5,4,5,9,4,5,9
oath,4,4,7,11,4,7,11
oath's,6,6,6,12,6,5,11
oaths,5,5,6,11,5,6,11
oatmeal,7,3,4,7,3,4,7
oatmeal's,9,5,1,6,5,2,7
oats,4,4,8,12,4,8,12
oats's,6,4,2,6,4,5,9
obduracy,8,4,3,7,4,3,7
obduracy's,10,6,1,7,5,1,6
obdurate,8,5,2,7,5,2,7
obdurately,10,6,2,8,4,1,5
obedience,9,1,1,2,1,1,2
obedience's,11,3,0,3,2,1,3
obedient,8,2,2,4,2,2,4
obediently,10,5,2,7,5,2,7
obeisance,9,4,0,4,4,0,4
obeisance's,11,3,0,3,3,0,3
obeisances,10,3,0,3,3,1,4
obeisant,8,3,0,3,3,0,3
obelisk,7,4,1,5,4,1,5
obelisk's,9,4,3,7,5,2,7
obelisks,8,3,2,5,3,2,5
obese,5,3,0,3,3,0,3
obesity,7,3,1,4,3,1,4
obesity's,9,3,0,3,3,1,4
obey,4,2,7,9,2,7,9
obeyed,6,4,4,8,4,4,8
obeying,7,5,4,9,4,5,9
obeys,5,3,4,7,3,4,7
obfuscate,9,4,0,4,4,0,4
obfuscated,10,5,0,5,4,0,4
obfuscates,10,4,0,4,3,0,3
obfuscating,11,4,1,5,4,1,5
obfuscation,11,4,1,5,4,1,5
obfuscation's,13,4,0,4,4,1,5
obit,4,4,4,8,4,4,8
obit's,6,4,4,8,4,4,8
obits,5,5,3,8,5,3,8
obituaries,10,4,0,4,3,0,3
obituary,8,4,3,7,3,2,5
obituary's,10,6,1,7,5,1,6
object,6,2,4,6,2,4,6
object's,8,5,2,7,4,2,6
objected,8,4,3,7,4,3,7
objecting,9,5,2,7,4,3,7
objection,9,3,2,5,3,2,5
objection's,11,6,1,7,5,1,6
objectionable,13,7,1,8,3,1,4
objectionably,13,7,1,8,2,1,3
objections,10,5,2,7,3,1,4
objective,9,6,3,9,6,3,9
objective's,11,8,2,10,8,3,11
objectively,11,6,1,7,2,1,3
objectiveness,13,3,0,3,3,0,3
objectiveness's,15,3,0,3,3,0,3
objectives,10,7,2,9,7,2,9
objectivity,11,2,3,5,2,2,4
objectivity's,13,4,0,4,3,1,4
objector,8,2,2,4,2,2,4
objector's,10,4,1,5,3,1,4
objectors,9,4,1,5,4,1,5
objects,7,4,4,8,3,3,6
oblate,6,5,1,6,5,1,6
oblation,8,4,2,6,4,2,6
oblation's,10,7,1,8,5,1,6
oblations,9,5,1,6,5,1,6
obligate,8,4,2,6,4,2,6
obligated,9,5,2,7,5,2,7
obligates,9,5,1,6,5,1,6
obligating,10,5,3,8,5,3,8
obligation,10,3,2,5,4,2,6
obligation's,12,6,1,7,5,1,6
obligations,11,6,1,7,5,1,6
obligatory,10,3,2,5,3,2,5
oblige,6,5,2,7,4,3,7
obliged,7,4,2,6,4,2,6
obliges,7,5,1,6,4,2,6
obliging,8,3,2,5,3,2,5
obligingly,10,2,2,4,2,2,4
oblique,7,5,2,7,3,1,4
oblique's,9,7,1,8,5,1,6
obliquely,9,3,4,7,2,3,5
obliqueness,11,4,0,4,3,0,3
obliqueness's,13,4,0,4,3,0,3
obliques,8,4,1,5,4,1,5
obliterate,10,5,1,6,4,1,5
obliterated,11,3,1,4,4,1,5
obliterates,11,6,0,6,5,0,5
obliterating,12,4,1,5,4,1,5
obliteration,12,4,1,5,4,1,5
obliteration's,14,4,0,4,4,0,4
oblivion,8,3,2,5,3,2,5
oblivion's,10,2,2,4,2,2,4
oblivious,9,5,2,7,4,3,7
obliviously,11,4,0,4,4,0,4
obliviousness,13,7,0,7,6,1,7
obliviousness's,15,8,0,8,7,1,8
oblong,6,1,5,6,1,5,6
oblong's,8,3,3,6,3,3,6
oblongs,7,3,4,7,3,3,6
obloquy,7,1,4,5,1,4,5
obloquy's,9,2,2,4,2,2,4
obnoxious,9,2,2,4,2,2,4
obnoxiously,11,2,0,2,2,0,2
oboe,4,2,1,3,2,1,3
oboe's,6,4,1,5,4,1,5
oboes,5,3,2,5,3,2,5
oboist,6,3,4,7,3,3,6
oboist's,8,5,2,7,5,2,7
oboists,7,4,3,7,4,3,7
obscene,7,2,2,4,2,2,4
obscenely,9,4,1,5,4,1,5
obscener,8,3,2,5,3,1,4
obscenest,9,3,0,3,3,0,3
obscenities,11,3,0,3,4,0,4
obscenity,9,4,0,4,4,0,4
obscenity's,11,4,0,4,4,0,4
obscure,7,4,2,6,3,2,5
obscured,8,6,0,6,6,0,6
obscurely,9,3,1,4,2,2,4
obscurer,8,3,3,6,3,3,6
obscures,8,4,2,6,4,2,6
obscurest,9,4,0,4,5,0,5
obscuring,9,5,1,6,5,2,7
obscurities,11,4,0,4,5,0,5
obscurity,9,4,2,6,3,2,5
obscurity's,11,4,1,5,2,2,4
obsequies,9,3,0,3,3,0,3
obsequious,10,3,0,3,3,0,3
obsequiously,12,2,0,2,3,0,3
obsequiousness,14,3,0,3,3,0,3
obsequiousness's,16,3,0,3,3,0,3
obsequy,7,3,1,4,3,1,4
obsequy's,9,3,0,3,3,1,4
observable,10,5,1,6,3,1,4
observably,10,2,1,3,2,1,3
observance,10,5,1,6,3,1,4
observance's,12,2,1,3,2,1,3
observances,11,2,1,3,2,1,3
observant,9,3,1,4,3,1,4
observantly,11,4,1,5,3,1,4
observation,11,6,0,6,4,0,4
observation's,13,5,0,5,4,0,4
observational,13,4,0,4,4,0,4
observations,12,5,0,5,5,0,5
observatories,13,2,0,2,2,0,2
observatory,11,4,1,5,3,1,4
observatory's,13,2,1,3,2,1,3
observe,7,3,1,4,2,4,6
observed,8,4,1,5,4,1,5
observer,8,2,1,3,2,1,3
observer's,10,2,0,2,2,0,2
observers,9,2,1,3,3,1,4
observes,8,3,1,4,3,1,4
observing,9,6,0,6,5,1,6
obsess,6,2,0,2,2,0,2
obsessed,8,1,0,1,1,0,1
obsesses,8,1,0,1,1,0,1
obsessing,9,4,0,4,3,0,3
obsession,9,2,0,2,2,0,2
obsession's,11,2,0,2,2,0,2
obsessions,10,2,0,2,2,0,2
obsessive,9,4,0,4,3,0,3
obsessive's,11,2,0,2,2,0,2
obsessively,11,3,0,3,2,0,2
obsessives,10,2,0,2,2,0,2
obsidian,8,4,2,6,4,1,5
obsidian's,10,5,2,7,5,2,7
obsolescence,12,2,0,2,2,1,3
obsolescence's,14,3,0,3,2,1,3
obsolescent,11,3,0,3,2,1,3
obsolete,8,3,1,4,3,0,3
obsoleted,9,3,1,4,3,1,4
obsoletes,9,2,0,2,2,0,2
obsoleting,10,5,0,5,4,0,4
obstacle,8,3,2,5,3,2,5
obstacle's,10,5,2,7,4,2,6
obstacles,9,4,1,5,4,1,5
obstetric,9,5,0,5,3,0,3
obstetrical,11,3,0,3,3,0,3
obstetrician,12,3,0,3,3,0,3
obstetrician's,14,2,0,2,2,0,2
obstetricians,13,2,0,2,2,0,2
obstetrics,10,3,0,3,3,0,3
obstetrics's,12,4,0,4,3,0,3
obstinacy,9,5,1,6,3,1,4
obstinacy's,11,3,1,4,3,1,4
obstinate,9,5,0,5,4,0,4
obstinately,11,5,0,5,4,0,4
obstreperous,12,2,1,3,2,1,3
obstruct,8,2,3,5,2,3,5
obstructed,10,4,1,5,4,1,5
obstructing,11,8,1,9,8,2,10
obstruction,11,6,0,6,7,0,7
obstruction's,13,4,0,4,5,0,5
obstructionist,14,3,0,3,2,1,3
obstructionist's,16,1,0,1,1,0,1
obstructionists,15,2,0,2,2,0,2
obstructions,12,5,0,5,5,0,5
obstructive,11,6,1,7,6,1,7
obstructively,13,8,0,8,4,0,4
obstructiveness,15,7,0,7,3,0,3
obstructiveness's,17,5,0,5,3,0,3
obstructs,9,2,3,5,2,3,5
obtain,6,4,3,7,5,2,7
obtainable,10,4,1,5,3,1,4
obtained,8,4,1,5,5,2,7
obtaining,9,6,2,8,6,2,8
obtains,7,4,3,7,6,2,8
obtrude,7,5,3,8,2,3,5
obtruded,8,5,1,6,5,2,7
obtrudes,8,6,2,8,5,3,8
obtruding,9,7,2,9,6,3,9
obtrusive,9,7,0,7,6,1,7
obtrusively,11,3,0,3,3,0,3
obtrusiveness,13,3,1,4,3,0,3
obtrusiveness's,15,4,1,5,3,0,3
obtuse,6,4,2,6,3,3,6
obtusely,8,5,0,5,3,0,3
obtuseness,10,4,0,4,3,0,3
obtuseness's,12,4,0,4,3,0,3
obtuser,7,5,1,6,4,2,6
obtusest,8,2,0,2,2,0,2
obverse,7,4,2,6,3,4,7
obverse's,9,5,1,6,2,2,4
obverses,8,4,1,5,3,3,6
obviate,7,4,1,5,3,3,6
obviated,8,6,2,8,4,3,7
obviates,8,4,0,4,4,0,4
obviating,9,4,2,6,4,2,6
obvious,7,4,3,7,4,2,6
obviously,9,6,0,6,3,1,4
obviousness,11,3,0,3,4,0,4
obviousness's,13,4,0,4,4,0,4
ocarina,7,5,3,8,5,2,7
ocarina's,9,7,1,8,4,1,5
ocarinas,8,6,1,7,6,1,7
occasion,8,3,1,4,3,1,4
occasion's,10,4,1,5,4,1,5
occasional,10,3,1,4,3,1,4
occasionally,12,2,0,2,2,0,2
occasioned,10,4,0,4,3,0,3
occasioning,11,3,1,4,2,2,4
occasions,9,4,1,5,4,1,5
occidental,10,6,1,7,5,1,6
occidental's,12,9,1,10,4,0,4
occidentals,11,7,1,8,4,0,4
occlude,7,4,4,8,3,2,5
occluded,8,4,2,6,3,2,5
occludes,8,5,3,8,6,2,8
occluding,9,6,3,9,7,2,9
occlusion,9,4,1,5,4,1,5
occlusion's,11,5,1,6,3,1,4
occlusions,10,5,1,6,2,2,4
occlusive,9,6,1,7,7,0,7
occult,6,4,4,8,4,4,8
occult's,8,3,3,6,3,3,6
occupancy,9,2,3,5,2,3,5
occupancy's,11,3,1,4,3,2,5
occupant,8,4,3,7,4,3,7
occupant's,10,4,2,6,4,2,6
occupants,9,5,2,7,3,2,5
occupation,10,4,2,6,3,2,5
occupation's,12,6,1,7,4,1,5
occupational,12,2,2,4,2,2,4
occupations,11,6,1,7,4,1,5
occupied,8,6,2,8,4,2,6
occupies,8,5,1,6,5,1,6
occupy,6,3,5,8,3,5,8
occupying,9,7,2,9,6,3,9
occur,5,2,4,6,2,4,6
occurred,8,5,3,8,4,1,5
occurrence,10,3,1,4,3,1,4
occurrence's,12,4,0,4,4,0,4
occurrences,11,4,0,4,4,0,4
occurring,9,6,3,9,7,2,9
occurs,6,3,3,6,3,3,6
ocean,5,3,3,6,3,3,6
ocean's,7,4,3,7,4,3,7
oceangoing,10,3,1,4,3,1,4
oceanic,7,3,2,5,3,2,5
oceanic's,9,5,1,6,5,1,6
oceanographer,13,2,2,4,3,2,5
oceanographer's,15,2,1,3,2,1,3
oceanographers,14,3,1,4,2,1,3
oceanographic,13,2,1,3,2,1,3
oceanography,12,2,2,4,2,2,4
oceanography's,14,3,1,4,3,1,4
oceans,6,4,3,7,4,3,7
ocelot,6,2,4,6,2,4,6
ocelot's,8,4,2,6,3,2,5
ocelots,7,3,3,6,3,3,6
ocher,5,4,4,8,4,5,9
ocher's,7,7,1,8,6,3,9
ochre,5,3,3,6,3,3,6
ochre's,7,5,1,6,5,1,6
octagon,7,2,3,5,2,3,5
octagon's,9,4,2,6,3,2,5
octagonal,9,2,3,5,3,3,6
octagons,8,3,3,6,3,3,6
octal,5,3,3,6,3,2,5
octane,6,6,1,7,6,1,7
octane's,8,8,2,10,8,3,11
octave,6,5,2,7,5,2,7
octave's,8,7,3,10,7,4,11
octaves,7,6,2,8,6,1,7
octet,5,2,5,7,2,5,7
octet's,7,4,3,7,4,3,7
octets,6,3,3,6,3,3,6
octette,7,2,3,5,2,1,3
octette's,9,4,1,5,3,0,3
octettes,8,3,2,5,3,2,5
octogenarian,12,3,1,4,3,1,4
octogenarian's,14,4,0,4,4,0,4
octogenarians,13,3,0,3,3,0,3
octopi,6,1,4,5,2,3,5
octopus,7,2,5,7,2,4,6
octopus's,9,3,3,6,2,3,5
octopuses,9,3,0,3,3,0,3
ocular,6,3,2,5,3,2,5
ocular's,8,5,1,6,5,1,6
oculars,7,4,2,6,4,1,5
oculist,7,5,2,7,5,2,7
oculist's,9,6,0,6,6,1,7
oculists,8,5,2,7,4,3,7
odd,3,2,4,6,2,3,5
oddball,7,3,3,6,3,3,6
oddball's,9,5,2,7,5,1,6
oddballs,8,5,3,8,4,3,7
odder,5,4,2,6,4,2,6
oddest,6,4,3,7,4,3,7
oddities,8,5,1,6,5,1,6
oddity,6,3,4,7,3,4,7
oddity's,8,4,2,6,4,2,6
oddly,5,1,5,6,1,5,6
oddness,7,4,2,6,4,2,6
oddness's,9,5,2,7,5,2,7
odds,4,3,7,10,3,4,7
odds's,6,3,4,7,3,4,7
ode,3,2,4,6,2,3,5
ode's,5,5,0,5,5,0,5
odes,4,4,1,5,4,0,4
odious,6,3,4,7,3,4,7
odiously,8,2,2,4,2,2,4
odium,5,5,4,9,5,4,9
odium's,7,7,2,9,7,2,9
odometer,8,2,1,3,2,1,3
odometer's,10,4,2,6,6,1,7
odometers,9,6,0,6,5,0,5
odor,4,2,3,5,2,3,5
odor's,6,4,3,7,4,3,7
odoriferous,11,3,1,4,3,1,4
odorless,8,4,2,6,4,1,5
odorous,7,2,3,5,2,2,4
odors,5,2,3,5,2,3,5
odyssey,7,3,0,3,3,0,3
odyssey's,9,2,1,3,2,0,2
odysseys,8,2,1,3,2,1,3
of,2,2,5,7,2,5,7
off,3,2,6,8,2,6,8
offal,5,2,4,6,2,4,6
offal's,7,4,3,7,4,3,7
offbeat,7,3,3,6,3,3,6
offbeat's,9,5,0,5,5,1,6
offbeats,8,4,3,7,4,3,7
offed,5,4,4,8,4,2,6
offend,6,3,3,6,3,4,7
offended,8,4,2,6,4,2,6
offender,8,4,2,6,4,2,6
offender's,10,6,1,7,5,1,6
offenders,9,5,2,7,3,3,6
offending,9,5,3,8,3,3,6
offends,7,3,3,6,5,3,8
offense,7,3,3,6,2,4,6
offense's,9,4,2,6,5,0,5
offenses,8,3,2,5,4,2,6
offensive,9,4,0,4,3,1,4
offensive's,11,5,0,5,4,1,5
offensively,11,4,0,4,3,0,3
offensiveness,13,4,0,4,2,0,2
offensiveness's,15,3,0,3,2,0,2
offensives,10,4,0,4,3,1,4
offer,5,4,5,9,4,4,8
offer's,7,6,2,8,6,2,8
offered,7,4,2,6,4,1,5
offering,8,6,2,8,6,2,8
offering's,10,4,1,5,3,1,4
offerings,9,5,1,6,4,1,5
offers,6,5,2,7,5,2,7
offertories,11,4,1,5,3,0,3
offertory,9,2,3,5,2,4,6
offertory's,11,4,2,6,4,1,5
offhand,7,5,3,8,3,5,8
offhandedly,11,3,2,5,2,2,4
office,6,3,3,6,4,4,8
office's,8,6,1,7,6,4,10
officeholder,12,3,1,4,3,1,4
officeholder's,14,3,1,4,4,0,4
officeholders,13,3,1,4,3,1,4
officer,7,4,2,6,4,1,5
officer's,9,6,2,8,5,2,7
officers,8,4,3,7,4,2,6
offices,7,4,2,6,5,1,6
official,8,4,5,9,5,4,9
official's,10,7,1,8,5,1,6
officialdom,11,2,1,3,2,2,4
officialdom's,13,4,2,6,3,1,4
officially,10,5,3,8,6,2,8
officials,9,6,1,7,5,1,6
officiate,9,4,2,6,5,1,6
officiated,10,5,2,7,6,1,7
officiates,10,5,1,6,6,0,6
officiating,11,6,1,7,6,2,8
officious,9,4,3,7,5,2,7
officiously,11,4,0,4,4,0,4
officiousness,13,6,1,7,7,0,7
officiousness's,15,7,1,8,8,0,8
offing,6,4,4,8,5,3,8
offing's,8,3,3,6,3,3,6
offings,7,3,4,7,4,3,7
offload,7,2,3,5,2,2,4
offloaded,9,4,1,5,4,1,5
offloading,10,5,2,7,5,2,7
offloads,8,3,1,4,3,1,4
offs,4,3,8,11,3,6,9
offset,6,4,3,7,4,3,7
offset's,8,5,1,6,4,3,7
offsets,7,3,3,6,3,3,6
offsetting,10,6,0,6,5,0,5
offshoot,8,2,3,5,2,3,5
offshoot's,10,3,3,6,2,3,5
offshoots,9,3,2,5,2,3,5
offshore,8,5,1,6,4,1,5
offshoring,10,4,2,6,3,2,5
offside,7,6,0,6,3,2,5
offspring,9,5,2,7,6,1,7
offspring's,11,3,1,4,2,1,3
offsprings,10,5,3,8,3,1,4
offstage,8,3,1,4,3,1,4
offstages,9,4,1,5,4,1,5
oft,3,3,3,6,3,3,6
often,5,3,5,8,3,5,8
oftener,7,4,2,6,4,1,5
oftenest,8,4,0,4,4,0,4
oftentimes,10,4,1,5,3,0,3
ogle,4,4,1,5,4,1,5
ogle's,6,6,1,7,6,1,7
ogled,5,5,2,7,5,3,8
ogles,5,5,2,7,5,2,7
ogling,6,3,3,6,3,3,6
ogre,4,3,2,5,3,2,5
ogre's,6,5,2,7,5,2,7
ogres,5,4,3,7,4,3,7
oh,2,2,6,8,2,6,8
oh's,4,4,5,9,4,5,9
ohm,3,2,7,9,2,7,9
ohm's,5,3,5,8,3,5,8
ohms,4,3,9,12,3,9,12
oho,3,1,2,3,1,2,3
ohs,3,2,5,7,2,6,8
oil,3,2,8,10,2,8,10
oil's,5,5,3,8,5,3,8
oilcloth,8,2,3,5,2,3,5
oilcloth's,10,3,2,5,3,2,5
oilcloths,9,4,2,6,3,2,5
oiled,5,4,3,7,4,4,8
oilfield,8,3,2,5,3,2,5
oilfields,9,6,2,8,3,2,5
oilier,6,5,0,5,5,0,5
oiliest,7,6,0,6,6,0,6
oiliness,8,6,1,7,6,1,7
oiliness's,10,7,1,8,7,1,8
oiling,6,5,4,9,5,4,9
oils,4,3,4,7,4,7,11
oilskin,7,2,2,4,2,2,4
oilskin's,9,3,2,5,3,2,5
oily,4,3,3,6,3,3,6
oink,4,2,4,6,2,4,6
oink's,6,4,2,6,4,2,6
oinked,6,4,2,6,4,2,6
oinking,7,5,4,9,5,5,10
oinks,5,3,3,6,3,3,6
ointment,8,4,1,5,3,3,6
ointment's,10,5,1,6,6,1,7
ointments,9,5,1,6,5,1,6
okay,4,2,6,8,2,8,10
okay's,6,4,5,9,4,8,12
okayed,6,4,3,7,4,3,7
okaying,7,5,4,9,5,4,9
okays,5,3,4,7,3,4,7
okra,4,2,3,5,2,3,5
okra's,6,4,2,6,4,2,6
okras,5,3,1,4,3,1,4
old,3,2,4,6,2,3,5
old's,5,4,3,7,4,3,7
olden,5,4,5,9,4,5,9
older,5,3,4,7,3,4,7
oldest,6,4,3,7,4,3,7
oldie,5,4,2,6,4,2,6
oldie's,7,5,2,7,5,2,7
oldies,6,5,2,7,5,1,6
oleaginous,10,5,1,6,5,1,6
oleander,8,4,2,6,4,2,6
oleander's,10,6,1,7,6,1,7
oleanders,9,5,1,6,5,1,6
oleo,4,2,8,10,3,7,10
oleo's,6,4,5,9,5,4,9
oleomargarine,13,3,1,4,2,1,3
oleomargarine's,15,3,1,4,3,0,3
olfactories,11,4,0,4,4,0,4
olfactory,9,2,3,5,2,3,5
olfactory's,11,4,1,5,3,1,4
oligarch,8,3,2,5,3,2,5
oligarch's,10,3,1,4,3,1,4
oligarchic,10,1,2,3,1,2,3
oligarchies,11,4,0,4,4,0,4
oligarchs,9,3,2,5,3,2,5
oligarchy,9,2,2,4,2,2,4
oligarchy's,11,4,1,5,3,1,4
olive,5,4,2,6,4,2,6
olive's,7,6,3,9,6,3,9
olives,6,3,6,9,3,6,9
ombudsman,9,3,2,5,3,2,5
ombudsman's,11,3,2,5,3,2,5
ombudsmen,9,3,1,4,3,1,4
omega,5,3,3,6,4,3,7
omega's,7,4,2,6,6,2,8
omegas,6,5,1,6,5,1,6
omelet,6,2,3,5,2,4,6
omelet's,8,4,1,5,4,1,5
omelets,7,3,2,5,3,2,5
omelette,8,1,2,3,1,2,3
omelette's,10,2,1,3,2,1,3
omelettes,9,2,2,4,2,2,4
omen,4,4,6,10,4,5,9
omen's,6,6,3,9,6,3,9
omens,5,5,3,8,5,3,8
ominous,7,3,3,6,3,2,5
ominously,9,6,0,6,3,1,4
omission,8,2,1,3,3,1,4
omission's,10,5,2,7,3,2,5
omissions,9,5,0,5,2,1,3
omit,4,3,5,8,3,5,8
omits,5,4,4,8,4,4,8
omitted,7,5,4,9,5,4,9
omitting,8,5,5,10,5,4,9
omnibus,7,4,3,7,3,4,7
omnibus's,9,4,2,6,4,2,6
omnibuses,9,3,0,3,3,0,3
omnibusses,10,4,0,4,4,0,4
omnipotence,11,5,1,6,3,1,4
omnipotence's,13,4,0,4,4,0,4
omnipotent,10,3,1,4,3,1,4
omnipresence,12,2,0,2,2,0,2
omnipresence's,14,2,0,2,2,0,2
omnipresent,11,2,0,2,2,0,2
omniscience,11,2,0,2,2,0,2
omniscience's,13,4,1,5,2,0,2
omniscient,10,3,0,3,3,0,3
omnivore,8,2,2,4,2,2,4
omnivore's,10,4,1,5,3,1,4
omnivores,9,4,1,5,4,1,5
omnivorous,10,2,2,4,2,2,4
on,2,2,7,9,2,7,9
once,4,2,3,5,2,3,5
once's,6,4,2,6,4,2,6
oncology,8,1,4,5,1,4,5
oncology's,10,2,2,4,2,2,4
oncoming,8,4,3,7,4,3,7
one,3,1,9,10,1,9,10
one's,5,5,1,6,5,1,6
oneness,7,3,0,3,3,0,3
oneness's,9,4,0,4,3,0,3
onerous,7,5,1,6,4,1,5
ones,4,4,2,6,4,1,5
oneself,7,3,0,3,3,0,3
onetime,7,3,2,5,3,2,5
ongoing,7,3,3,6,3,3,6
onion,5,2,3,5,2,3,5
onion's,7,4,2,6,3,2,5
onions,6,3,3,6,3,3,6
onionskin,9,2,1,3,2,1,3
onionskin's,11,2,1,3,2,1,3
online,6,4,3,7,3,0,3
onlooker,8,3,4,7,4,2,6
onlooker's,10,6,1,7,6,0,6
onlookers,9,5,1,6,5,1,6
only,4,2,5,7,2,5,7
onomatopoeia,12,8,1,9,3,1,4
onomatopoeia's,14,3,0,3,3,0,3
onomatopoeic,12,8,1,9,3,1,4
onrush,6,3,2,5,3,2,5
onrush's,8,3,4,7,2,3,5
onrushes,8,4,3,7,3,2,5
onrushing,9,5,1,6,4,1,5
onset,5,4,0,4,4,0,4
onset's,7,5,2,7,5,2,7
onsets,6,4,3,7,4,3,7
onshore,7,2,3,5,2,3,5
onslaught,9,3,2,5,3,2,5
onslaught's,11,4,2,6,3,2,5
onslaughts,10,2,2,4,2,2,4
onto,4,2,2,4,2,2,4
onus,4,4,4,8,4,4,8
onus's,6,5,4,9,5,4,9
onuses,6,5,2,7,5,2,7
onward,6,4,2,6,5,3,8
onwards,7,6,2,8,4,4,8
onyx,4,2,4,6,2,4,6
onyx's,6,4,3,7,4,3,7
onyxes,6,4,4,8,4,4,8
oodles,6,4,3,7,4,3,7
oodles's,8,4,1,5,4,1,5
oops,4,1,3,4,1,3,4
ooze,4,2,1,3,2,1,3
ooze's,6,4,1,5,4,1,5
oozed,5,3,2,5,3,2,5
oozes,5,3,2,5,3,2,5
oozing,6,4,3,7,4,3,7
opacity,7,5,3,8,4,5,9
opacity's,9,6,3,9,3,1,4
opal,4,4,2,6,4,2,6
opal's,6,6,2,8,6,2,8
opalescence,11,5,0,5,5,0,5
opalescence's,13,6,0,6,6,0,6
opalescent,10,6,0,6,6,0,6
opals,5,5,2,7,5,2,7
opaque,6,2,5,7,2,6,8
opaqued,7,4,6,10,4,6,10
opaquely,8,3,2,5,3,2,5
opaqueness,10,3,1,4,3,1,4
opaqueness's,12,4,1,5,3,1,4
opaquer,7,3,4,7,3,4,7
opaques,7,3,4,7,3,4,7
opaquest,8,6,1,7,5,1,6
opaquing,8,5,5,10,5,6,11
open,4,4,7,11,4,6,10
open's,6,6,4,10,6,4,10
opened,6,3,5,8,3,5,8
opener,6,2,3,5,2,3,5
opener's,8,4,2,6,4,2,6
openers,7,3,3,6,3,2,5
openest,7,3,2,5,3,2,5
openhanded,10,3,1,4,3,1,4
opening,7,3,2,5,3,2,5
opening's,9,5,1,6,5,1,6
openings,8,3,3,6,4,2,6
openly,6,3,3,6,3,3,6
openness,8,2,0,2,2,0,2
openness's,10,2,0,2,2,0,2
opens,5,5,4,9,5,4,9
openwork,8,3,2,5,3,2,5
openwork's,10,4,0,4,4,0,4
opera,5,3,1,4,3,1,4
opera's,7,5,0,5,5,0,5
operable,8,3,2,5,3,2,5
operand,7,4,2,6,4,2,6
operands,8,5,2,7,5,1,6
operas,6,4,2,6,4,2,6
operate,7,4,2,6,6,0,6
operated,8,5,1,6,4,1,5
operates,8,5,1,6,5,0,5
operatic,8,5,1,6,4,1,5
operating,9,4,2,6,8,1,9
operation,9,5,1,6,5,1,6
operation's,11,7,0,7,5,0,5
operational,11,3,1,4,3,1,4
operationally,13,5,1,6,3,1,4
operations,10,6,1,7,4,0,4
operative,9,4,1,5,3,1,4
operative's,11,5,0,5,4,0,4
operatives,10,4,0,4,4,0,4
operator,8,2,2,4,3,2,5
operator's,10,3,0,3,3,0,3
operators,9,5,0,5,4,0,4
operetta,8,2,2,4,2,1,3
operetta's,10,3,0,3,3,0,3
operettas,9,3,0,3,3,0,3
ophthalmic,10,3,2,5,2,2,4
ophthalmologist,15,3,0,3,3,0,3
ophthalmologist's,17,4,0,4,2,0,2
ophthalmologists,16,3,0,3,2,0,2
ophthalmology,13,2,3,5,1,3,4
ophthalmology's,15,2,1,3,2,2,4
opiate,6,3,1,4,3,3,6
opiate's,8,5,2,7,5,2,7
opiates,7,4,2,6,4,3,7
opine,5,4,3,7,4,3,7
opined,6,4,2,6,4,2,6
opines,6,5,4,9,4,4,8
opining,7,4,3,7,4,3,7
opinion,7,2,2,4,2,3,5
opinion's,9,2,3,5,3,2,5
opinionated,11,2,1,3,3,1,4
opinions,8,3,2,5,3,2,5
opium,5,4,5,9,4,5,9
opium's,7,6,3,9,6,3,9
opossum,7,2,1,3,2,1,3
opossum's,9,2,2,4,2,1,3
opossums,8,2,2,4,2,2,4
opponent,8,3,2,5,2,4,6
opponent's,10,4,1,5,4,1,5
opponents,9,4,1,5,3,1,4
opportune,9,2,3,5,2,3,5
opportunism,11,4,0,4,4,0,4
opportunism's,13,5,0,5,4,0,4
opportunist,11,3,0,3,3,0,3
opportunist's,13,4,0,4,3,0,3
opportunistic,13,5,0,5,3,0,3
opportunists,12,4,0,4,4,0,4
opportunities,13,3,0,3,4,0,4
opportunity,11,3,1,4,2,2,4
opportunity's,13,3,0,3,3,1,4
oppose,6,2,2,4,2,2,4
opposed,7,3,3,6,4,3,7
opposes,7,3,3,6,3,1,4
opposing,8,3,1,4,3,1,4
opposite,8,3,2,5,4,1,5
opposite's,10,4,2,6,5,1,6
opposites,9,4,1,5,3,1,4
opposition,10,6,1,7,4,1,5
opposition's,12,6,1,7,3,1,4
oppress,7,4,1,5,4,1,5
oppressed,9,5,0,5,5,0,5
oppresses,9,3,3,6,4,1,5
oppressing,10,6,1,7,5,1,6
oppression,10,6,0,6,5,0,5
oppression's,12,5,0,5,3,0,3
oppressive,10,5,1,6,3,1,4
oppressively,12,7,1,8,3,1,4
oppressor,9,4,0,4,4,0,4
oppressor's,11,3,0,3,3,0,3
oppressors,10,4,0,4,3,0,3
opprobrious,11,2,2,4,2,2,4
opprobrium,10,2,3,5,2,3,5
opprobrium's,12,3,2,5,4,2,6
opt,3,3,4,7,3,4,7
opted,5,5,3,8,5,4,9
optic,5,3,4,7,3,4,7
optic's,7,5,3,8,5,3,8
optical,7,7,2,9,7,2,9
optically,9,5,2,7,6,2,8
optician,8,3,2,5,3,2,5
optician's,10,6,2,8,4,2,6
opticians,9,5,2,7,4,2,6
optics,6,3,3,6,3,3,6
optics's,8,3,3,6,2,3,5
optima,6,3,2,5,3,2,5
optimal,7,6,3,9,6,3,9
optimism,8,4,1,5,4,1,5
optimism's,10,4,0,4,5,1,6
optimist,8,3,2,5,3,2,5
optimist's,10,4,0,4,4,2,6
optimistic,10,4,0,4,3,1,4
optimistically,14,2,0,2,2,0,2
optimists,9,3,2,5,3,2,5
optimization,12,4,1,5,4,1,5
optimizations,13,4,0,4,3,1,4
optimize,8,3,2,5,3,2,5
optimized,9,5,2,7,5,1,6
optimizer,9,3,2,5,3,2,5
optimizes,9,4,0,4,4,0,4
optimizing,10,3,2,5,2,2,4
optimum,7,2,3,5,2,3,5
optimum's,9,5,2,7,4,2,6
optimums,8,5,2,7,5,2,7
opting,6,6,3,9,6,4,10
option,6,4,3,7,3,3,6
option's,8,2,2,4,2,2,4
optional,8,3,2,5,3,2,5
optionally,10,6,2,8,3,2,5
optioned,8,5,2,7,5,2,7
optioning,9,5,2,7,4,2,6
options,7,3,4,7,3,3,6
optometrist,11,2,0,2,3,0,3
optometrist's,13,4,0,4,3,0,3
optometrists,12,4,0,4,4,0,4
optometry,9,4,1,5,2,2,4
optometry's,11,4,1,5,3,1,4
opts,4,2,10,12,3,5,8
opulence,8,3,3,6,3,3,6
opulence's,10,3,3,6,5,3,8
opulent,7,4,3,7,3,3,6
opus,4,3,5,8,3,5,8
opus's,6,4,5,9,4,5,9
opuses,6,4,3,7,4,3,7
or,2,2,8,10,2,8,10
oracle,6,4,1,5,3,1,4
oracle's,8,7,1,8,7,1,8
oracles,7,5,1,6,5,1,6
oracular,8,2,3,5,4,4,8
oral,4,3,8,11,3,8,11
oral's,6,5,7,12,5,7,12
orally,6,3,7,10,4,6,10
orals,5,4,8,12,4,8,12
orange,6,4,2,6,4,3,7
orange's,8,7,3,10,7,1,8
orangeade,9,2,1,3,2,1,3
orangeade's,11,4,0,4,4,1,5
orangeades,10,5,0,5,5,1,6
oranges,7,6,3,9,5,2,7
orangutan,9,2,3,5,2,3,5
orangutan's,11,8,1,9,5,1,6
orangutang,10,1,3,4,1,4,5
orangutang's,12,4,1,5,2,3,5
orangutangs,11,8,1,9,5,1,6
orangutans,10,3,2,5,3,2,5
orate,5,5,6,11,5,6,11
orated,6,6,3,9,6,4,10
orates,6,6,4,10,6,4,10
orating,7,5,7,12,7,6,13
oration,7,6,2,8,4,3,7
oration's,9,6,1,7,8,1,9
orations,8,7,2,9,5,1,6
orator,6,2,2,4,2,2,4
orator's,8,4,1,5,3,1,4
oratorical,10,2,2,4,2,2,4
oratories,9,4,0,4,4,0,4
oratorio,8,2,3,5,2,3,5
oratorio's,10,4,1,5,3,1,4
oratorios,9,3,2,5,3,1,4
orators,7,3,2,5,3,2,5
oratory,7,2,3,5,2,3,5
oratory's,9,4,2,6,3,1,4
orb,3,3,1,4,3,1,4
orb's,5,5,2,7,5,2,7
orbit,5,3,3,6,3,3,6
orbit's,7,5,2,7,4,2,6
orbital,7,5,2,7,5,2,7
orbital's,9,5,2,7,8,1,9
orbitals,8,7,1,8,7,1,8
orbited,7,5,3,8,4,1,5
orbiting,8,5,3,8,5,3,8
orbits,6,2,4,6,2,4,6
orbs,4,4,5,9,4,8,12
orc,3,3,2,5,3,2,5
orc's,5,4,3,7,4,3,7
orchard,7,4,4,8,2,3,5
orchard's,9,5,1,6,5,2,7
orchards,8,3,2,5,3,2,5
orchestra,9,4,0,4,3,1,4
orchestra's,11,4,0,4,4,0,4
orchestral,10,3,1,4,3,1,4
orchestras,10,3,0,3,3,0,3
orchestrate,11,2,0,2,2,0,2
orchestrated,12,3,0,3,3,0,3
orchestrates,12,2,0,2,2,0,2
orchestrating,13,4,0,4,4,0,4
orchestration,13,4,0,4,4,0,4
orchestration's,15,3,0,3,3,0,3
orchestrations,14,2,0,2,3,0,3
orchid,6,3,4,7,5,4,9
orchid's,8,5,2,7,7,2,9
orchids,7,3,4,7,3,3,6
orcs,4,3,6,9,3,9,12
ordain,6,3,2,5,4,3,7
ordained,8,3,1,4,3,1,4
ordaining,9,5,3,8,5,3,8
ordains,7,4,2,6,5,3,8
ordeal,6,3,1,4,3,2,5
ordeal's,8,5,0,5,5,1,6
ordeals,7,6,2,8,4,2,6
order,5,3,1,4,3,1,4
order's,7,4,2,6,5,1,6
ordered,7,3,1,4,3,0,3
ordering,8,5,1,6,5,1,6
orderings,9,5,1,6,6,1,7
orderlies,9,4,0,4,5,0,5
orderliness,11,4,0,4,4,0,4
orderliness's,13,4,0,4,4,0,4
orderly,7,3,2,5,2,3,5
orderly's,9,3,2,5,5,2,7
orders,6,3,3,6,4,2,6
ordinal,7,4,3,7,4,3,7
ordinal's,9,5,1,6,7,2,9
ordinals,8,6,2,8,6,2,8
ordinance,9,6,1,7,4,1,5
ordinance's,11,7,0,7,4,0,4
ordinances,10,4,0,4,4,0,4
ordinaries,10,6,0,6,5,0,5
ordinarily,10,4,2,6,3,2,5
ordinariness,12,4,0,4,4,0,4
ordinariness's,14,4,0,4,4,0,4
ordinary,8,5,2,7,4,2,6
ordinary's,10,6,1,7,5,1,6
ordination,10,3,2,5,3,2,5
ordination's,12,4,1,5,4,1,5
ordinations,11,4,1,5,5,1,6
ordnance,8,3,2,5,3,2,5
ordnance's,10,5,1,6,4,0,4
ordure,6,3,3,6,4,2,6
ordure's,8,4,3,7,3,0,3
ore,3,2,3,5,2,3,5
ore's,5,4,2,6,4,2,6
oregano,7,4,2,6,4,2,6
oregano's,9,6,0,6,5,0,5
ores,4,4,3,7,4,2,6
organ,5,3,3,6,3,4,7
organ's,7,5,2,7,5,2,7
organdie,8,3,1,4,3,1,4
organdie's,10,6,0,6,4,0,4
organdy,7,2,3,5,2,3,5
organdy's,9,4,2,6,3,2,5
organelle,9,3,1,4,3,1,4
organelle's,11,5,0,5,4,1,5
organelles,10,5,0,5,5,1,6
organic,7,4,2,6,3,2,5
organic's,9,4,1,5,4,1,5
organically,11,5,1,6,4,2,6
organics,8,5,2,7,5,2,7
organism,8,4,2,6,4,2,6
organism's,10,6,2,8,5,2,7
organisms,9,8,1,9,4,2,6
organist,8,5,1,6,5,3,8
organist's,10,5,0,5,6,3,9
organists,9,7,2,9,5,3,8
organization,12,4,1,5,4,1,5
organization's,14,5,0,5,4,0,4
organizational,14,2,1,3,2,1,3
organizations,13,4,0,4,4,1,5
organize,8,5,1,6,5,1,6
organized,9,6,1,7,6,1,7
organizer,9,3,2,5,3,2,5
organizer's,11,5,0,5,4,0,4
organizers,10,4,1,5,5,0,5
organizes,9,6,0,6,4,0,4
organizing,10,3,2,5,3,2,5
organs,6,3,2,5,3,2,5
orgasm,6,3,2,5,3,2,5
orgasm's,8,4,2,6,3,3,6
orgasmic,8,4,2,6,4,2,6
orgasms,7,3,3,6,3,3,6
orgiastic,9,2,1,3,2,1,3
orgies,6,3,1,4,4,1,5
orgy,4,3,5,8,3,5,8
orgy's,6,5,4,9,5,4,9
orient,6,4,2,6,4,3,7
orient's,8,6,1,7,6,1,7
oriental,8,5,1,6,3,1,4
oriental's,10,5,0,5,6,0,6
orientals,9,4,0,4,4,0,4
orientate,9,2,1,3,2,1,3
orientated,10,2,1,3,2,1,3
orientates,10,5,0,5,3,0,3
orientating,11,2,1,3,3,1,4
orientation,11,2,1,3,3,1,4
orientation's,13,5,0,5,5,0,5
orientations,12,5,0,5,4,0,4
oriented,8,5,2,7,5,2,7
orienting,9,5,2,7,5,2,7
orients,7,5,2,7,5,2,7
orifice,7,4,2,6,4,2,6
orifice's,9,5,1,6,4,2,6
orifices,8,5,0,5,5,0,5
origami,7,2,2,4,3,2,5
origami's,9,5,1,6,5,2,7
origin,6,3,4,7,3,5,8
origin's,8,3,2,5,3,2,5
original,8,4,3,7,3,3,6
original's,10,7,2,9,4,1,5
originality,11,2,1,3,2,2,4
originality's,13,4,0,4,3,1,4
originally,10,5,3,8,2,3,5
originals,9,4,1,5,4,1,5
originate,9,4,1,5,4,1,5
originated,10,5,1,6,5,1,6
originates,10,5,0,5,3,0,3
originating,11,3,1,4,2,2,4
origination,11,3,1,4,2,2,4
origination's,13,6,0,6,3,1,4
originator,10,2,3,5,2,3,5
originator's,12,3,1,4,3,1,4
originators,11,4,2,6,3,1,4
origins,7,3,4,7,3,2,5
oriole,6,5,3,8,5,2,7
oriole's,8,7,3,10,5,2,7
orioles,7,5,3,8,6,1,7
ormolu,6,2,4,6,2,4,6
ormolu's,8,4,2,6,4,2,6
ornament,8,4,2,6,3,1,4
ornament's,10,4,1,5,4,1,5
ornamental,10,3,1,4,3,1,4
ornamentation,13,3,1,4,2,1,3
ornamentation's,15,4,0,4,3,0,3
ornamented,10,4,1,5,3,1,4
ornamenting,11,3,1,4,2,1,3
ornaments,9,5,2,7,5,0,5
ornate,6,4,2,6,4,2,6
ornately,8,5,2,7,3,1,4
ornateness,10,4,1,5,4,1,5
ornateness's,12,5,1,6,5,1,6
ornerier,8,2,2,4,2,2,4
orneriest,9,3,1,4,3,1,4
ornery,6,4,3,7,3,3,6
ornithologist,13,3,0,3,3,0,3
ornithologist's,15,3,0,3,2,0,2
ornithologists,14,2,0,2,2,0,2
ornithology,11,2,2,4,1,3,4
ornithology's,13,3,1,4,2,2,4
orotund,7,1,4,5,1,4,5
orphan,6,2,3,5,2,3,5
orphan's,8,4,2,6,4,2,6
orphanage,9,3,1,4,3,1,4
orphanage's,11,4,0,4,3,0,3
orphanages,10,4,0,4,4,1,5
orphaned,8,5,1,6,4,2,6
orphaning,9,4,2,6,3,2,5
orphans,7,3,3,6,4,3,7
orthodontia,11,3,1,4,8,2,10
orthodontia's,13,3,0,3,4,1,5
orthodontic,11,2,2,4,7,3,10
orthodontics,12,2,2,4,2,1,3
orthodontics's,14,6,0,6,3,0,3
orthodontist,12,2,0,2,2,0,2
orthodontist's,14,4,0,4,3,0,3
orthodontists,13,3,0,3,3,0,3
orthodox,8,2,4,6,2,4,6
orthodoxies,11,4,0,4,4,0,4
orthodoxy,9,1,4,5,1,4,5
orthodoxy's,11,2,2,4,2,2,4
orthogonal,10,1,3,4,2,3,5
orthogonality,13,3,1,4,2,1,3
orthographic,12,2,1,3,2,1,3
orthographies,13,3,0,3,3,0,3
orthography,11,3,3,6,2,3,5
orthography's,13,6,2,8,3,2,5
orthopaedic,11,5,1,6,2,1,3
orthopaedics,12,3,1,4,3,0,3
orthopaedics's,14,6,0,6,3,0,3
orthopaedist,12,3,1,4,3,0,3
orthopaedist's,14,4,1,5,3,0,3
orthopaedists,13,3,0,3,3,0,3
orthopedic,10,4,2,6,2,2,4
orthopedics,11,5,1,6,4,1,5
orthopedics's,13,4,0,4,3,0,3
orthopedist,11,4,0,4,4,0,4
orthopedist's,13,5,0,5,4,0,4
orthopedists,12,3,0,3,3,0,3
oscillate,9,3,0,3,3,0,3
oscillated,10,4,0,4,4,0,4
oscillates,10,3,0,3,3,0,3
oscillating,11,4,0,4,4,0,4
oscillation,11,4,0,4,4,0,4
oscillation's,13,3,0,3,2,1,3
oscillations,12,5,0,5,4,0,4
oscillator,10,4,0,4,4,0,4
oscillator's,12,5,0,5,3,0,3
oscillators,11,3,0,3,3,0,3
oscilloscope,12,2,0,2,2,0,2
oscilloscope's,14,2,0,2,2,0,2
oscilloscopes,13,1,0,1,1,0,1
osier,5,4,1,5,3,2,5
osier's,7,4,1,5,4,1,5
osiers,6,3,1,4,3,1,4
osmosis,7,1,1,2,1,1,2
osmosis's,9,1,0,1,1,0,1
osmotic,7,3,2,5,3,2,5
osprey,6,3,0,3,3,0,3
osprey's,8,4,1,5,3,1,4
ospreys,7,3,1,4,3,0,3
ossification,12,3,0,3,3,0,3
ossification's,14,3,0,3,3,0,3
ossified,8,1,1,2,1,1,2
ossifies,8,2,1,3,2,1,3
ossify,6,1,2,3,1,2,3
ossifying,9,2,1,3,2,1,3
ostensible,10,5,0,5,2,0,2
ostensibly,10,5,0,5,2,0,2
ostentation,11,2,0,2,2,0,2
ostentation's,13,3,0,3,2,0,2
ostentatious,12,3,0,3,4,0,4
ostentatiously,14,2,0,2,2,0,2
osteopath,9,3,0,3,3,0,3
osteopath's,11,3,0,3,3,0,3
osteopaths,10,3,0,3,3,0,3
osteopathy,10,2,1,3,3,1,4
osteopathy's,12,3,0,3,3,0,3
osteoporosis,12,2,0,2,2,0,2
osteoporosis's,14,1,0,1,1,0,1
ostracism,9,3,0,3,3,0,3
ostracism's,11,3,0,3,1,1,2
ostracize,9,4,0,4,3,0,3
ostracized,10,4,0,4,3,0,3
ostracizes,10,2,0,2,2,0,2
ostracizing,11,2,0,2,2,0,2
ostrich,7,2,2,4,2,2,4
ostrich's,9,3,2,5,2,2,4
ostriches,9,2,2,4,2,1,3
other,5,4,3,7,4,3,7
other's,7,6,2,8,6,1,7
others,6,5,1,6,5,1,6
otherwise,9,4,0,4,4,1,5
otherworldly,12,2,2,4,2,2,4
otiose,6,4,1,5,3,3,6
otter,5,4,3,7,4,3,7
otter's,7,6,3,9,6,1,7
otters,6,5,1,6,5,1,6
ottoman,7,2,3,5,2,2,4
ottoman's,9,6,1,7,3,1,4
ottomans,8,3,1,4,3,1,4
ouch,4,2,5,7,2,5,7
ought,5,3,4,7,3,4,7
ounce,5,3,3,6,3,3,6
ounce's,7,4,4,8,5,4,9
ounces,6,4,4,8,4,4,8
our,3,2,1,3,2,1,3
ours,4,4,3,7,4,3,7
ourselves,9,2,1,3,3,0,3
oust,4,2,3,5,2,3,5
ousted,6,3,3,6,3,3,6
ouster,6,6,2,8,6,2,8
ouster's,8,6,5,11,6,5,11
ousters,7,6,1,7,6,1,7
ousting,7,7,4,11,7,6,13
ousts,5,4,6,10,4,6,10
out,3,2,5,7,2,5,7
out's,5,4,5,9,4,5,9
outage,6,4,2,6,4,2,6
outage's,8,6,3,9,6,4,10
outages,7,5,3,8,5,2,7
outback,7,6,4,10,2,5,7
outback's,9,4,3,7,4,3,7
outbacks,8,4,4,8,3,4,7
outbalance,10,3,1,4,3,2,5
outbalanced,11,2,2,4,3,1,4
outbalances,11,4,1,5,3,1,4
outbalancing,12,4,1,5,4,2,6
outbid,6,5,3,8,4,3,7
outbidding,10,4,3,7,4,3,7
outbids,7,5,3,8,4,2,6
outbound,8,1,4,5,1,4,5
outbreak,8,4,2,6,3,1,4
outbreak's,10,5,0,5,5,0,5
outbreaks,9,6,1,7,4,1,5
outbuilding,11,5,1,6,3,2,5
outbuilding's,13,6,1,7,3,1,4
outbuildings,12,2,2,4,2,1,3
outburst,8,1,3,4,1,3,4
outburst's,10,2,3,5,1,3,4
outbursts,9,2,4,6,3,3,6
outcast,7,6,2,8,6,2,8
outcast's,9,4,2,6,4,3,7
outcasts,8,6,2,8,6,1,7
outclass,8,4,1,5,3,2,5
outclassed,10,3,0,3,2,1,3
outclasses,10,2,1,3,2,1,3
outclassing,11,6,0,6,6,0,6
outcome,7,5,3,8,5,2,7
outcome's,9,5,2,7,4,2,6
outcomes,8,6,2,8,6,2,8
outcries,8,5,1,6,5,1,6
outcrop,7,5,4,9,5,4,9
outcrop's,9,4,2,6,2,3,5
outcropped,10,3,2,5,2,2,4
outcropping,11,5,2,7,4,2,6
outcropping's,13,7,2,9,3,1,4
outcroppings,12,2,2,4,3,1,4
outcrops,8,3,2,5,3,2,5
outcry,6,2,4,6,2,4,6
outcry's,8,3,3,6,3,3,6
outdated,8,4,1,5,4,2,6
outdid,6,5,3,8,4,3,7
outdistance,11,6,0,6,5,0,5
outdistanced,12,3,0,3,3,0,3
outdistances,12,3,0,3,3,0,3
outdistancing,13,3,0,3,3,0,3
outdo,5,4,3,7,4,3,7
outdoes,7,6,3,9,6,2,8
outdoing,8,4,7,11,4,5,9
outdone,7,5,4,9,5,3,8
outdoor,7,4,4,8,4,4,8
outdoors,8,5,2,7,5,2,7
outdoors's,10,3,3,6,2,3,5
outed,5,4,4,8,4,5,9
outer,5,4,3,7,4,3,7
outermost,9,4,1,5,3,1,4
outfield,8,6,2,8,3,2,5
outfield's,10,6,1,7,4,3,7
outfielder,10,4,1,5,4,1,5
outfielder's,12,5,1,6,4,0,4
outfielders,11,4,1,5,4,0,4
outfields,9,5,2,7,4,3,7
outfit,6,5,3,8,5,3,8
outfit's,8,4,3,7,4,3,7
outfits,7,6,3,9,6,2,8
outfitted,9,7,2,9,7,1,8
outfitter,9,4,3,7,3,3,6
outfitter's,11,6,2,8,6,1,7
outfitters,10,5,2,7,4,1,5
outfitting,10,4,2,6,4,2,6
outflank,8,3,3,6,3,3,6
outflanked,10,4,1,5,5,3,8
outflanking,11,4,2,6,4,2,6
outflanks,9,5,2,7,4,1,5
outfox,6,1,4,5,1,4,5
outfoxed,8,4,3,7,4,4,8
outfoxes,8,5,3,8,5,3,8
outfoxing,9,6,2,8,5,2,7
outgo,5,3,4,7,3,4,7
outgo's,7,3,2,5,2,3,5
outgoes,7,5,4,9,5,3,8
outgoing,8,4,3,7,5,2,7
outgrew,7,4,4,8,3,3,6
outgrow,7,4,5,9,4,5,9
outgrowing,10,4,2,6,4,2,6
outgrown,8,1,4,5,1,4,5
outgrows,8,2,3,5,2,3,5
outgrowth,9,1,4,5,1,4,5
outgrowth's,11,2,2,4,2,2,4
outgrowths,10,3,2,5,3,2,5
outhouse,8,3,0,3,3,0,3
outhouse's,10,4,1,5,3,0,3
outhouses,9,3,0,3,3,0,3
outing,6,5,4,9,5,5,10
outing's,8,5,2,7,4,3,7
outings,7,5,3,8,4,3,7
outlaid,7,3,3,6,2,4,6
outlandish,10,4,0,4,3,1,4
outlandishly,12,3,0,3,3,0,3
outlast,7,5,3,8,5,3,8
outlasted,9,5,1,6,5,1,6
outlasting,10,3,0,3,4,1,5
outlasts,8,5,3,8,5,2,7
outlaw,6,6,2,8,6,2,8
outlaw's,8,8,1,9,8,1,9
outlawed,8,4,2,6,6,3,9
outlawing,9,9,2,11,9,2,11
outlaws,7,7,2,9,7,1,8
outlay,6,5,3,8,5,3,8
outlay's,8,7,2,9,7,2,9
outlaying,9,8,3,11,8,3,11
outlays,7,6,3,9,6,2,8
outlet,6,4,4,8,4,4,8
outlet's,8,6,2,8,6,2,8
outlets,7,4,2,6,4,2,6
outline,7,7,2,9,7,1,8
outline's,9,5,1,6,5,1,6
outlined,8,8,2,10,5,3,8
outlines,8,8,3,11,8,3,11
outlining,9,4,3,7,4,3,7
outlive,7,6,3,9,6,2,8
outlived,8,7,3,10,4,3,7
outlives,8,7,4,11,7,4,11
outliving,9,4,3,7,4,3,7
outlook,7,3,5,8,3,5,8
outlook's,9,2,2,4,2,2,4
outlooks,8,4,3,7,4,3,7
outlying,8,4,3,7,4,3,7
outmaneuver,11,1,3,4,2,1,3
outmaneuvered,13,1,2,3,1,2,3
outmaneuvering,14,5,1,6,3,1,4
outmaneuvers,12,4,0,4,4,0,4
outmanoeuvre,12,4,2,6,3,2,5
outmanoeuvred,13,2,2,4,2,2,4
outmanoeuvres,13,3,0,3,3,0,3
outmanoeuvring,14,5,1,6,3,1,4
outmoded,8,3,1,4,3,2,5
outnumber,9,3,4,7,3,4,7
outnumbered,11,2,2,4,2,2,4
outnumbering,12,3,1,4,3,1,4
outnumbers,10,5,2,7,5,1,6
outpatient,10,3,1,4,2,1,3
outpatient's,12,5,0,5,3,0,3
outpatients,11,4,1,5,4,1,5
outperform,10,3,2,5,3,2,5
outperformed,12,3,2,5,2,2,4
outperforming,13,4,1,5,2,1,3
outperforms,11,3,3,6,5,1,6
outplacement,12,4,2,6,2,2,4
outplacement's,14,4,0,4,3,1,4
outplay,7,2,3,5,3,2,5
outplayed,9,4,1,5,6,2,8
outplaying,10,5,2,7,5,2,7
outplays,8,3,2,5,3,2,5
outpost,7,2,3,5,2,3,5
outpost's,9,3,3,6,3,3,6
outposts,8,4,2,6,2,3,5
outpouring,10,4,3,7,4,3,7
outpouring's,12,3,2,5,4,2,6
outpourings,11,3,2,5,3,2,5
output,6,3,4,7,3,4,7
output's,8,3,3,6,3,3,6
outputs,7,4,3,7,4,3,7
outputted,9,3,3,6,4,2,6
outputting,10,4,3,7,4,3,7
outrage,7,4,1,5,4,0,4
outrage's,9,6,0,6,6,0,6
outraged,8,5,1,6,4,1,5
outrageous,10,4,1,5,4,1,5
outrageously,12,2,0,2,2,0,2
outrages,8,6,1,7,5,1,6
outraging,9,5,2,7,5,2,7
outran,6,4,3,7,4,3,7
outrank,7,5,5,10,3,3,6
outranked,9,5,1,6,6,2,8
outranking,10,5,2,7,5,2,7
outranks,8,4,3,7,4,3,7
outreach,8,5,2,7,3,1,4
outreach's,10,5,0,5,4,0,4
outreached,10,3,2,5,4,1,5
outreaches,10,6,1,7,4,0,4
outreaching,11,6,1,7,5,1,6
outrider,8,5,1,6,4,1,5
outrider's,10,5,0,5,5,0,5
outriders,9,5,1,6,5,1,6
outrigger,9,3,2,5,3,2,5
outrigger's,11,5,0,5,5,0,5
outriggers,10,4,1,5,5,1,6
outright,8,2,3,5,2,4,6
outrun,6,3,4,7,3,4,7
outrunning,10,2,2,4,2,2,4
outruns,7,4,3,7,4,3,7
outré,5,3,4,7,3,4,7
outs,4,3,4,7,3,4,7
outsell,7,3,0,3,3,0,3
outselling,10,6,0,6,5,0,5
outsells,8,3,1,4,3,1,4
outset,6,4,3,7,4,3,7
outset's,8,5,1,6,4,3,7
outsets,7,3,3,6,3,3,6
outshine,8,3,2,5,3,2,5
outshined,9,4,0,4,4,0,4
outshines,9,4,0,4,4,0,4
outshining,10,3,1,4,3,1,4
outshone,8,4,2,6,3,2,5
outside,7,5,1,6,7,2,9
outside's,9,8,0,8,8,1,9
outsider,8,5,0,5,5,0,5
outsider's,10,5,0,5,5,0,5
outsiders,9,4,2,6,4,0,4
outsides,8,7,0,7,7,0,7
outsize,7,4,1,5,6,3,9
outsize's,9,7,1,8,7,2,9
outsized,8,5,2,7,4,1,5
outsizes,8,6,1,7,6,1,7
outskirt,8,3,2,5,3,2,5
outskirt's,10,4,2,6,3,1,4
outskirts,9,6,2,8,3,1,4
outsmart,8,3,2,5,3,2,5
outsmarted,10,4,0,4,4,0,4
outsmarting,11,2,0,2,3,1,4
outsmarts,9,5,3,8,3,2,5
outsold,7,2,3,5,2,3,5
outsource,9,3,1,4,3,0,3
outsourced,10,4,0,4,4,0,4
outsources,10,3,0,3,3,0,3
outsourcing,11,3,0,3,2,1,3
outsourcing's,13,2,0,2,2,0,2
outspoken,9,4,2,6,3,0,3
outspokenly,11,3,0,3,3,0,3
outspokenness,13,1,0,1,1,0,1
outspokenness's,15,1,0,1,1,0,1
outspread,9,4,1,5,4,1,5
outspreading,12,5,0,5,4,0,4
outspreads,10,4,0,4,4,0,4
outstanding,11,5,0,5,3,1,4
outstandingly,13,3,0,3,3,0,3
outstation,10,3,1,4,3,1,4
outstation's,12,3,1,4,2,1,3
outstations,11,2,2,4,2,1,3
outstay,7,3,2,5,3,2,5
outstayed,9,4,1,5,4,0,4
outstaying,10,5,1,6,4,1,5
outstays,8,3,2,5,3,2,5
outstretch,10,3,0,3,3,0,3
outstretched,12,3,1,4,3,1,4
outstretches,12,2,0,2,2,0,2
outstretching,13,3,0,3,4,0,4
outstrip,8,3,1,4,3,1,4
outstripped,11,5,0,5,3,0,3
outstripping,12,4,0,4,4,0,4
outstrips,9,2,2,4,3,2,5
outstript,9,4,2,6,4,2,6
outtake,7,4,1,5,4,0,4
outtake's,9,5,2,7,5,1,6
outtakes,8,6,1,7,5,1,6
outvote,7,3,3,6,3,2,5
outvoted,8,4,2,6,4,4,8
outvotes,8,4,2,6,4,2,6
outvoting,9,6,2,8,5,2,7
outward,7,3,4,7,4,5,9
outwardly,9,2,3,5,2,3,5
outwards,8,5,2,7,5,4,9
outwear,7,4,3,7,4,3,7
outwearing,10,5,1,6,3,2,5
outwears,8,5,1,6,4,2,6
outweigh,8,1,5,6,1,5,6
outweighed,10,4,1,5,4,2,6
outweighing,11,3,1,4,3,1,4
outweighs,9,3,2,5,3,2,5
outwit,6,4,4,8,4,4,8
outwits,7,5,4,9,5,3,8
outwitted,9,6,3,9,6,2,8
outwitting,10,4,3,7,4,3,7
outwore,7,4,5,9,4,4,8
outworn,7,1,5,6,1,5,6
ova,3,2,4,6,2,4,6
oval,4,3,3,6,3,3,6
oval's,6,5,3,8,5,3,8
ovals,5,4,3,7,4,3,7
ovarian,7,3,2,5,3,2,5
ovaries,7,4,0,4,4,0,4
ovary,5,3,6,9,3,6,9
ovary's,7,5,4,9,5,4,9
ovation,7,5,3,8,3,4,7
ovation's,9,6,2,8,7,2,9
ovations,8,6,3,9,3,3,6
oven,4,4,8,12,4,7,11
oven's,6,5,5,10,5,5,10
ovens,5,4,5,9,4,5,9
over,4,3,4,7,3,3,6
over's,6,5,1,6,5,1,6
overabundance,13,1,2,3,1,2,3
overabundance's,15,3,1,4,2,1,3
overabundant,12,2,2,4,2,2,4
overachieve,11,2,1,3,1,1,2
overachieved,12,6,1,7,4,1,5
overachiever,12,6,1,7,4,1,5
overachiever's,14,2,1,3,3,0,3
overachievers,13,2,1,3,2,0,2
overachieves,12,2,0,2,2,0,2
overachieving,13,2,1,3,2,1,3
overact,7,6,1,7,5,2,7
overacted,9,4,1,5,5,1,6
overacting,10,7,1,8,7,1,8
overactive,10,3,1,4,3,1,4
overacts,8,7,1,8,6,1,7
overage,7,6,1,7,6,1,7
overage's,9,6,0,6,5,0,5
overages,8,7,0,7,7,1,8
overall,7,5,2,7,6,1,7
overall's,9,6,0,6,5,0,5
overalls,8,6,2,8,7,0,7
overalls's,10,3,1,4,4,0,4
overambitious,13,4,0,4,4,0,4
overanxious,11,4,1,5,5,0,5
overate,7,6,2,8,5,1,6
overawe,7,5,3,8,5,2,7
overawed,8,4,2,6,3,2,5
overawes,8,6,1,7,6,2,8
overawing,9,8,1,9,7,2,9
overbalance,11,3,2,5,2,1,3
overbalance's,13,3,1,4,4,0,4
overbalanced,12,2,2,4,2,2,4
overbalances,12,4,0,4,4,0,4
overbalancing,13,6,1,7,3,1,4
overbear,8,6,1,7,6,1,7
overbearing,11,9,1,10,9,1,10
overbears,9,7,0,7,7,0,7
overbite,8,5,1,6,5,1,6
overbite's,10,6,0,6,7,0,7
overbites,9,5,0,5,6,0,6
overblown,9,3,2,5,3,2,5
overboard,9,2,1,3,2,1,3
overbook,8,6,2,8,6,2,8
overbooked,10,7,1,8,7,1,8
overbooking,11,9,2,11,9,1,10
overbooks,9,7,1,8,7,0,7
overbore,8,2,2,4,3,1,4
overborne,9,2,1,3,2,1,3
overburden,10,3,1,4,3,1,4
overburdened,12,1,2,3,1,2,3
overburdening,13,2,1,3,3,1,4
overburdens,11,3,1,4,3,1,4
overcame,8,4,2,6,4,2,6
overcast,8,3,1,4,3,1,4
overcast's,10,4,1,5,3,1,4
overcasting,11,3,0,3,3,0,3
overcasts,9,3,0,3,3,0,3
overcautious,12,4,0,4,4,0,4
overcharge,10,2,2,4,2,2,4
overcharge's,12,2,1,3,2,1,3
overcharged,11,2,2,4,2,1,3
overcharges,11,3,0,3,3,0,3
overcharging,12,4,1,5,4,1,5
overcoat,8,6,2,8,6,2,8
overcoat's,10,8,0,8,8,0,8
overcoats,9,7,0,7,7,0,7
overcome,8,4,2,6,4,2,6
overcomes,9,6,0,6,6,0,6
overcoming,10,8,1,9,8,1,9
overcompensate,14,3,0,3,3,0,3
overcompensated,15,1,0,1,1,0,1
overcompensates,15,2,0,2,2,0,2
overcompensating,16,6,0,6,3,0,3
overcompensation,16,6,0,6,3,0,3
overcompensation's,18,3,0,3,2,0,2
overconfident,13,2,1,3,2,1,3
overcook,8,6,3,9,6,3,9
overcooked,10,7,2,9,7,2,9
overcooking,11,9,3,12,9,2,11
overcooks,9,7,2,9,7,1,8
overcrowd,9,6,1,7,6,1,7
overcrowded,11,2,2,4,3,1,4
overcrowding,12,4,1,5,5,1,6
overcrowds,10,4,0,4,4,0,4
overdid,7,4,3,7,3,3,6
overdo,6,3,2,5,3,1,4
overdoes,8,3,3,6,4,1,5
overdoing,9,7,1,8,3,2,5
overdone,8,6,1,7,6,1,7
overdose,8,3,0,3,3,0,3
overdose's,10,3,1,4,3,0,3
overdosed,9,2,0,2,3,0,3
overdoses,9,4,0,4,4,0,4
overdosing,10,5,1,6,4,0,4
overdraft,9,6,1,7,7,1,8
overdraft's,11,5,0,5,3,1,4
overdrafts,10,7,0,7,7,0,7
overdraw,8,3,2,5,3,2,5
overdrawing,11,7,1,8,5,1,6
overdrawn,9,4,2,6,6,2,8
overdraws,9,4,0,4,4,0,4
overdress,9,3,1,4,3,1,4
overdress's,11,3,1,4,2,1,3
overdressed,11,2,0,2,2,0,2
overdresses,11,2,0,2,2,0,2
overdressing,12,5,0,5,3,0,3
overdrew,8,6,1,7,6,1,7
overdrive,9,3,1,4,3,1,4
overdrive's,11,5,0,5,4,0,4
overdue,7,3,2,5,3,1,4
overeager,9,2,1,3,2,1,3
overeat,7,2,2,4,2,2,4
overeaten,9,2,1,3,2,1,3
overeating,10,3,1,4,3,1,4
overeats,8,3,0,3,3,0,3
overemphasize,13,4,0,4,3,0,3
overemphasized,14,3,0,3,2,0,2
overemphasizes,14,2,0,2,2,0,2
overemphasizing,15,2,0,2,2,0,2
overenthusiastic,16,1,0,1,1,0,1
overestimate,12,2,0,2,2,0,2
overestimate's,14,2,0,2,2,1,3
overestimated,13,3,0,3,3,0,3
overestimates,13,2,0,2,2,0,2
overestimating,14,3,0,3,3,0,3
overexpose,10,3,1,4,2,1,3
overexposed,11,2,0,2,2,0,2
overexposes,11,2,1,3,2,1,3
overexposing,12,5,0,5,3,0,3
overexposure,12,2,1,3,2,1,3
overexposure's,14,3,1,4,2,1,3
overextend,10,3,1,4,3,1,4
overextended,12,1,2,3,1,2,3
overextending,13,6,1,7,3,1,4
overextends,11,3,0,3,3,0,3
overflow,8,4,2,6,3,2,5
overflow's,10,5,1,6,4,0,4
overflowed,10,5,1,6,3,1,4
overflowing,11,4,2,6,4,1,5
overflows,9,4,1,5,4,0,4
overfull,8,5,3,8,5,2,7
overgenerous,12,2,0,2,2,0,2
overgrew,8,5,2,7,5,2,7
overgrow,8,3,2,5,3,2,5
overgrowing,11,3,1,4,4,1,5
overgrown,9,5,2,7,5,2,7
overgrows,9,4,0,4,4,0,4
overgrowth,10,2,2,4,2,2,4
overgrowth's,12,3,1,4,3,0,3
overhand,8,8,2,10,8,3,11
overhand's,10,10,0,10,10,0,10
overhands,9,9,0,9,9,1,10
overhang,8,7,3,10,7,4,11
overhang's,10,9,1,10,9,1,10
overhanging,11,4,1,5,4,1,5
overhangs,9,8,1,9,8,2,10
overhaul,8,5,3,8,5,2,7
overhaul's,10,8,1,9,8,1,9
overhauled,10,7,1,8,7,1,8
overhauling,11,7,1,8,8,1,9
overhauls,9,7,1,8,5,0,5
overhead,8,7,1,8,7,1,8
overhead's,10,4,0,4,3,0,3
overheads,9,8,0,8,8,0,8
overhear,8,5,2,7,5,2,7
overheard,9,2,1,3,2,1,3
overhearing,11,8,2,10,8,2,10
overhears,9,6,1,7,6,1,7
overheat,8,6,2,8,6,2,8
overheated,10,2,2,4,2,1,3
overheating,11,7,1,8,2,1,3
overheats,9,7,1,8,7,1,8
overhung,8,6,3,9,6,4,10
overindulge,11,3,1,4,2,2,4
overindulged,12,2,1,3,2,1,3
overindulgence,14,1,1,2,1,1,2
overindulgence's,16,2,0,2,2,0,2
overindulges,12,4,0,4,3,1,4
overindulging,13,1,2,3,2,2,4
overjoy,7,3,2,5,3,2,5
overjoyed,9,3,1,4,3,1,4
overjoying,10,7,2,9,7,2,9
overjoys,8,4,2,6,4,0,4
overkill,8,3,3,6,4,2,6
overkill's,10,5,1,6,5,1,6
overlaid,8,8,1,9,8,2,10
overlain,8,7,2,9,7,3,10
overland,8,5,3,8,5,2,7
overlap,7,6,1,7,7,1,8
overlap's,9,9,1,10,9,0,9
overlapped,10,7,1,8,7,1,8
overlapping,11,7,1,8,8,1,9
overlaps,8,7,1,8,8,0,8
overlay,7,6,2,8,6,2,8
overlay's,9,8,2,10,8,1,9
overlaying,10,10,1,11,10,1,11
overlays,8,6,2,8,7,1,8
overlie,7,2,3,5,3,2,5
overlies,8,5,1,6,4,1,5
overload,8,5,3,8,5,3,8
overload's,10,7,1,8,7,1,8
overloaded,10,3,1,4,3,1,4
overloading,11,6,1,7,4,1,5
overloads,9,6,1,7,6,1,7
overlong,8,4,3,7,4,3,7
overlook,8,6,4,10,6,4,10
overlook's,10,5,1,6,4,0,4
overlooked,10,6,3,9,6,3,9
overlooking,11,8,4,12,8,3,11
overlooks,9,6,3,9,6,2,8
overlord,8,5,2,7,5,2,7
overlord's,10,7,0,7,7,0,7
overlords,9,6,0,6,6,0,6
overly,6,3,2,5,3,1,4
overlying,9,7,2,9,7,2,9
overmuch,8,5,2,7,5,3,8
overmuches,10,4,1,5,3,2,5
overnight,9,5,1,6,5,2,7
overnight's,11,7,0,7,5,1,6
overnights,10,4,1,5,6,0,6
overpaid,8,6,2,8,6,3,9
overpass,8,2,0,2,2,0,2
overpass's,10,2,0,2,2,0,2
overpasses,10,2,0,2,2,0,2
overpay,7,6,1,7,6,2,8
overpaying,10,9,2,11,9,2,11
overpays,8,7,1,8,6,1,7
overplay,8,5,3,8,5,2,7
overplayed,10,6,1,7,6,1,7
overplaying,11,7,1,8,7,1,8
overplays,9,6,0,6,5,0,5
overpopulate,12,2,2,4,2,2,4
overpopulated,13,2,2,4,3,2,5
overpopulates,13,4,0,4,3,0,3
overpopulating,14,3,1,4,3,1,4
overpopulation,14,3,1,4,3,1,4
overpopulation's,16,4,0,4,3,0,3
overpower,9,2,1,3,2,1,3
overpowered,11,2,2,4,2,1,3
overpowering,12,4,1,5,4,1,5
overpowers,10,3,1,4,3,0,3
overprice,9,6,1,7,6,1,7
overpriced,10,3,1,4,4,1,5
overprices,10,7,0,7,7,0,7
overpricing,11,8,1,9,8,1,9
overprint,9,5,2,7,4,2,6
overprinted,11,3,1,4,4,1,5
overprinting,12,6,1,7,4,1,5
overprints,10,6,1,7,6,1,7
overproduce,11,2,2,4,2,2,4
overproduced,12,2,2,4,2,2,4
overproduces,12,3,0,3,3,0,3
overproducing,13,4,1,5,2,1,3
overproduction,14,5,1,6,3,1,4
overproduction's,16,4,0,4,3,0,3
overprotective,14,5,1,6,1,2,3
overqualified,13,3,1,4,3,1,4
overran,7,6,1,7,6,1,7
overrate,8,5,2,7,5,2,7
overrated,9,6,1,7,6,1,7
overrates,9,6,0,6,6,0,6
overrating,10,8,1,9,8,1,9
overreach,9,7,1,8,7,1,8
overreached,11,8,2,10,8,1,9
overreaches,11,4,0,4,3,0,3
overreaching,12,10,1,11,10,1,11
overreact,9,6,2,8,6,2,8
overreacted,11,7,3,10,7,2,9
overreacting,12,9,2,11,9,2,11
overreaction,12,4,1,5,4,1,5
overreaction's,14,5,0,5,3,0,3
overreactions,13,5,0,5,3,0,3
overreacts,10,2,1,3,3,0,3
overridden,10,2,1,3,2,1,3
override,8,6,1,7,6,1,7
override's,10,8,0,8,8,0,8
overrides,9,6,1,7,6,1,7
overriding,10,3,1,4,3,1,4
overripe,8,5,2,7,5,2,7
overripe's,10,7,1,8,7,1,8
overrode,8,4,1,5,3,1,4
overrule,8,4,3,7,4,3,7
overruled,9,5,2,7,5,2,7
overrules,9,5,2,7,5,2,7
overruling,10,7,2,9,7,2,9
overrun,7,5,2,7,5,2,7
overrun's,9,4,0,4,4,0,4
overrunning,11,4,1,5,4,1,5
overruns,8,3,1,4,3,1,4
overs,5,4,2,6,4,2,6
oversampling,12,6,0,6,5,0,5
oversaw,7,2,1,3,3,0,3
overseas,8,2,1,3,3,0,3
oversee,7,2,0,2,1,0,1
overseeing,10,2,0,2,2,0,2
overseen,8,4,0,4,3,0,3
overseer,8,4,0,4,3,0,3
overseer's,10,2,0,2,2,0,2
overseers,9,2,1,3,2,1,3
oversees,8,2,1,3,2,0,2
oversell,8,2,0,2,2,0,2
overselling,11,4,0,4,3,0,3
oversells,9,3,1,4,3,1,4
oversensitive,13,2,0,2,3,0,3
oversexed,9,2,0,2,2,0,2
overshadow,10,3,0,3,4,0,4
overshadowed,12,2,1,3,2,1,3
overshadowing,13,5,0,5,5,0,5
overshadows,11,3,0,3,3,0,3
overshare,9,5,0,5,5,0,5
overshared,10,5,0,5,3,0,3
overshares,10,5,0,5,3,0,3
oversharing,11,7,0,7,3,0,3
overshoe,8,5,0,5,4,0,4
overshoe's,10,3,0,3,3,0,3
overshoes,9,3,1,4,3,1,4
overshoot,9,3,0,3,3,0,3
overshooting,12,5,0,5,4,0,4
overshoots,10,6,0,6,4,0,4
overshot,8,3,1,4,3,1,4
oversight,9,5,0,5,6,0,6
oversight's,11,3,0,3,3,0,3
oversights,10,6,0,6,4,0,4
oversimplification,18,1,0,1,1,0,1
oversimplification's,20,2,0,2,2,0,2
oversimplifications,19,1,0,1,1,0,1
oversimplified,14,2,1,3,3,0,3
oversimplifies,14,2,1,3,2,0,2
oversimplify,12,3,0,3,3,0,3
oversimplifying,15,2,0,2,2,0,2
oversize,8,5,0,5,4,0,4
oversized,9,3,0,3,3,0,3
oversleep,9,2,0,2,2,0,2
oversleeping,12,6,0,6,5,0,5
oversleeps,10,2,0,2,2,0,2
overslept,9,3,0,3,6,0,6
oversold,8,3,1,4,3,1,4
overspecialize,14,2,1,3,2,0,2
overspecialized,15,2,0,2,2,0,2
overspecializes,15,2,0,2,2,1,3
overspecializing,16,2,0,2,2,0,2
overspend,9,8,0,8,8,0,8
overspending,12,5,0,5,4,0,4
overspends,10,3,0,3,3,0,3
overspent,9,7,1,8,7,1,8
overspill,9,5,0,5,6,0,6
overspread,10,2,0,2,2,0,2
overspreading,13,6,0,6,4,0,4
overspreads,11,3,0,3,3,0,3
overstate,9,5,0,5,5,0,5
overstated,10,6,0,6,4,0,4
overstatement,13,2,1,3,2,1,3
overstatement's,15,4,0,4,3,0,3
overstatements,14,2,0,2,2,1,3
overstates,10,5,0,5,3,0,3
overstating,11,8,0,8,4,0,4
overstay,8,4,0,4,4,0,4
overstayed,10,6,0,6,4,0,4
overstaying,11,8,0,8,4,0,4
overstays,9,3,1,4,4,1,5
overstep,8,3,0,3,3,0,3
overstepped,11,2,0,2,2,0,2
overstepping,12,6,0,6,5,0,5
oversteps,9,2,1,3,2,1,3
overstock,9,3,0,3,3,0,3
overstocked,11,3,0,3,3,0,3
overstocking,12,5,0,5,4,0,4
overstocks,10,4,0,4,4,0,4
overstuffed,11,3,0,3,3,0,3
oversupplied,12,2,1,3,2,1,3
oversupplies,12,3,0,3,2,1,3
oversupply,10,3,1,4,4,0,4
oversupplying,13,6,0,6,5,0,5
overt,5,3,3,6,3,4,7
overtake,8,6,1,7,6,1,7
overtaken,9,7,1,8,7,1,8
overtakes,9,8,0,8,8,0,8
overtaking,10,10,2,12,10,2,12
overtax,7,5,3,8,5,3,8
overtaxed,9,6,2,8,6,2,8
overtaxes,9,7,1,8,7,1,8
overtaxing,10,9,3,12,9,3,12
overthink,9,5,2,7,6,3,9
overthinking,12,4,2,6,4,1,5
overthinks,10,4,1,5,6,0,6
overthought,11,3,2,5,3,2,5
overthrew,9,2,1,3,2,1,3
overthrow,9,2,1,3,2,1,3
overthrow's,11,4,0,4,3,0,3
overthrowing,12,4,1,5,5,1,6
overthrown,10,2,2,4,2,2,4
overthrows,10,4,0,4,4,0,4
overtime,8,5,2,7,5,2,7
overtime's,10,6,0,6,7,0,7
overtimes,9,6,1,7,6,1,7
overtly,7,3,3,6,4,2,6
overtone,8,5,2,7,5,2,7
overtone's,10,5,0,5,4,0,4
overtones,9,5,1,6,5,1,6
overtook,8,5,5,10,5,5,10
overture,8,4,2,6,3,1,4
overture's,10,6,1,7,6,1,7
overtures,9,5,1,6,5,1,6
overturn,8,4,2,6,3,2,5
overturned,10,4,1,5,4,1,5
overturning,11,4,1,5,4,1,5
overturns,9,5,0,5,4,0,4
overuse,7,3,1,4,3,1,4
overuse's,9,3,1,4,4,0,4
overused,8,4,0,4,4,0,4
overuses,8,4,0,4,4,0,4
overusing,9,4,0,4,3,1,4
overview,8,2,2,4,2,2,4
overview's,10,5,0,5,4,0,4
overviews,9,4,0,4,4,0,4
overweening,11,4,1,5,1,1,2
overweight,10,1,2,3,1,2,3
overweight's,12,3,0,3,2,1,3
overwhelm,9,2,2,4,1,3,4
overwhelmed,11,1,2,3,1,1,2
overwhelming,12,4,1,5,4,1,5
overwhelmingly,14,5,1,6,2,1,3
overwhelms,10,5,0,5,4,0,4
overwork,8,4,3,7,4,3,7
overwork's,10,6,1,7,6,1,7
overworked,10,4,1,5,3,1,4
overworking,11,5,2,7,4,1,5
overworks,9,5,1,6,5,1,6
overwrite,9,5,2,7,5,2,7
overwrites,10,6,1,7,6,1,7
overwriting,11,7,2,9,7,2,9
overwritten,11,3,1,4,4,1,5
overwrought,11,2,2,4,2,2,4
overzealous,11,2,1,3,2,1,3
oviduct,7,2,4,6,2,4,6
oviduct's,9,3,2,5,3,2,5
oviducts,8,4,2,6,4,2,6
oviparous,9,3,2,5,3,2,5
ovoid,5,1,3,4,1,3,4
ovoid's,7,3,2,5,2,2,4
ovoids,6,2,3,5,2,3,5
ovulate,7,4,2,6,4,1,5
ovulated,8,6,2,8,6,3,9
ovulates,8,5,1,6,5,1,6
ovulating,9,5,2,7,5,2,7
ovulation,9,4,2,6,4,2,6
ovulation's,11,7,1,8,4,1,5
ovule,5,2,4,6,2,4,6
ovule's,7,5,2,7,5,2,7
ovules,6,3,5,8,3,5,8
ovum,4,2,5,7,2,5,7
ovum's,6,3,4,7,3,4,7
ow,2,2,9,11,2,9,11
owe,3,3,5,8,3,5,8
owed,4,3,5,8,3,4,7
owes,4,3,4,7,3,3,6
owing,5,4,4,8,4,4,8
owl,3,3,6,9,3,6,9
owl's,5,4,4,8,4,4,8
owlet,5,3,6,9,3,6,9
owlet's,7,5,4,9,5,4,9
owlets,6,5,3,8,5,3,8
owlish,6,4,3,7,3,3,6
owls,4,4,6,10,3,8,11
own,3,2,7,9,2,7,9
owned,5,3,5,8,3,5,8
owner,5,3,6,9,3,6,9
owner's,7,5,4,9,5,4,9
owners,6,4,3,7,4,3,7
ownership,9,3,0,3,3,0,3
ownership's,11,5,0,5,4,0,4
owning,6,4,3,7,4,3,7
owns,4,3,7,10,2,10,12
ox,2,1,10,11,1,10,11
ox's,4,3,6,9,3,6,9
oxbow,5,1,4,5,1,4,5
oxbow's,7,3,3,6,3,4,7
oxbows,6,2,5,7,2,5,7
oxen,4,3,9,12,3,8,11
oxford,6,2,4,6,2,4,6
oxford's,8,4,2,6,4,2,6
oxfords,7,3,3,6,4,3,7
oxidation,9,5,2,7,4,2,6
oxidation's,11,7,1,8,4,1,5
oxide,5,3,4,7,3,4,7
oxide's,7,5,3,8,4,5,9
oxides,6,4,4,8,4,4,8
oxidize,7,3,3,6,3,3,6
oxidized,8,3,2,5,3,3,6
oxidizer,8,4,1,5,3,1,4
oxidizer's,10,5,1,6,5,1,6
oxidizers,9,4,2,6,4,2,6
oxidizes,8,4,1,5,4,1,5
oxidizing,9,2,3,5,5,2,7
oxyacetylene,12,1,2,3,1,2,3
oxyacetylene's,14,3,0,3,2,1,3
oxygen,6,3,7,10,3,7,10
oxygen's,8,5,4,9,4,6,10
oxygenate,9,3,1,4,2,3,5
oxygenated,10,5,1,6,3,3,6
oxygenates,10,3,1,4,3,2,5
oxygenating,11,3,1,4,3,1,4
oxygenation,11,4,1,5,3,1,4
oxygenation's,13,5,0,5,4,0,4
oxymora,7,2,3,5,2,2,4
oxymoron,8,2,4,6,2,4,6
oxymoron's,10,2,2,4,2,2,4
oxymorons,9,3,2,5,3,2,5
oyster,6,5,3,8,5,3,8
oyster's,8,6,1,7,6,1,7
oysters,7,5,2,7,5,2,7
ozone,5,2,2,4,2,2,4
ozone's,7,4,3,7,4,3,7
p,1,1,15,16,1,15,16
pH,2,1,9,10,1,9,10
pa,2,2,1,3,2,1,3
pa's,4,4,0,4,4,1,5
pace,4,4,6,10,4,4,8
pace's,6,6,7,13,6,8,14
paced,5,5,2,7,5,2,7
pacemaker,9,3,1,4,3,1,4
pacemaker's,11,5,0,5,4,0,4
pacemakers,10,4,1,5,4,0,4
paces,5,4,7,11,4,9,13
pacesetter,10,4,0,4,3,0,3
pacesetter's,12,3,0,3,3,0,3
pacesetters,11,3,0,3,3,0,3
pachyderm,9,4,2,6,2,3,5
pachyderm's,11,6,1,7,3,2,5
pachyderms,10,3,1,4,3,1,4
pacific,7,4,3,7,3,5,8
pacifically,11,3,1,4,3,2,5
pacification,12,5,2,7,3,2,5
pacification's,14,7,1,8,4,1,5
pacified,8,5,3,8,3,3,6
pacifier,8,3,2,5,3,2,5
pacifier's,10,6,2,8,6,2,8
pacifiers,9,4,4,8,5,3,8
pacifies,8,5,1,6,5,1,6
pacifism,8,4,2,6,3,2,5
pacifism's,10,5,0,5,4,2,6
pacifist,8,4,1,5,3,2,5
pacifist's,10,4,2,6,4,2,6
pacifists,9,4,1,5,3,2,5
pacify,6,3,7,10,2,8,10
pacifying,9,6,3,9,6,3,9
pacing,6,5,8,13,5,8,13
pack,4,4,10,14,4,10,14
pack's,6,6,8,14,6,9,15
package,7,3,4,7,3,4,7
package's,9,5,3,8,5,3,8
packaged,8,5,1,6,5,3,8
packages,8,5,3,8,4,4,8
packaging,9,4,3,7,4,3,7
packaging's,11,6,2,8,4,1,5
packed,6,6,8,14,4,6,10
packer,6,6,9,15,6,9,15
packer's,8,7,7,14,6,5,11
packers,7,6,6,12,5,3,8
packet,6,6,5,11,6,5,11
packet's,8,8,3,11,8,3,11
packets,7,7,3,10,7,3,10
packing,7,7,8,15,5,6,11
packing's,9,8,3,11,8,5,13
packs,5,5,9,14,5,10,15
pact,4,2,7,9,2,7,9
pact's,6,5,6,11,4,6,10
pacts,5,3,7,10,3,7,10
pad,3,3,3,6,3,3,6
pad's,5,5,5,10,5,5,10
padded,6,4,3,7,4,3,7
paddies,7,5,5,10,5,3,8
padding,7,6,6,12,6,5,11
padding's,9,7,4,11,8,5,13
paddle,6,5,4,9,5,2,7
paddle's,8,7,4,11,7,5,12
paddled,7,5,5,10,5,5,10
paddles,7,6,4,10,6,3,9
paddling,8,7,3,10,7,5,12
paddock,7,4,7,11,5,7,12
paddock's,9,6,5,11,7,6,13
paddocked,9,3,1,4,3,1,4
paddocking,10,9,2,11,5,2,7
paddocks,8,5,5,10,6,4,10
paddy,5,3,6,9,3,6,9
paddy's,7,5,7,12,5,7,12
padlock,7,3,5,8,3,5,8
padlock's,9,5,4,9,5,4,9
padlocked,9,3,1,4,3,2,5
padlocking,10,9,2,11,5,2,7
padlocks,8,7,3,10,4,4,8
padre,5,2,8,10,2,8,10
padre's,7,5,2,7,5,2,7
padres,6,5,1,6,5,1,6
pads,4,4,1,5,4,2,6
paean,5,2,1,3,2,1,3
paean's,7,4,0,4,4,0,4
paeans,6,3,1,4,3,1,4
pagan,5,3,4,7,3,5,8
pagan's,7,5,2,7,5,2,7
paganism,8,3,2,5,3,2,5
paganism's,10,5,1,6,4,2,6
pagans,6,4,3,7,3,5,8
page,4,4,7,11,4,5,9
page's,6,6,4,10,6,4,10
pageant,7,2,1,3,2,1,3
pageant's,9,3,0,3,3,0,3
pageantry,9,4,1,5,3,1,4
pageantry's,11,6,0,6,4,0,4
pageants,8,3,1,4,4,0,4
paged,5,5,3,8,5,3,8
pager,5,5,4,9,5,2,7
pager's,7,7,1,8,7,0,7
pagers,6,6,3,9,6,3,9
pages,5,5,6,11,5,5,10
paginate,8,5,2,7,5,2,7
paginated,9,6,2,8,6,2,8
paginates,9,6,1,7,5,1,6
paginating,10,3,2,5,4,2,6
pagination,10,5,3,8,5,3,8
pagination's,12,7,2,9,7,2,9
paging,6,5,3,8,5,3,8
pagoda,6,3,4,7,3,4,7
pagoda's,8,5,3,8,5,3,8
pagodas,7,3,3,6,3,2,5
paid,4,2,10,12,2,10,12
pail,4,4,9,13,4,9,13
pail's,6,6,8,14,6,8,14
pailful,7,3,2,5,2,3,5
pailful's,9,5,4,9,6,3,9
pailfuls,8,4,4,8,5,3,8
pails,5,5,9,14,5,8,13
pailsful,8,4,1,5,4,1,5
pain,4,4,9,13,4,9,13
pain's,6,5,7,12,5,7,12
pained,6,5,5,10,4,5,9
painful,7,6,3,9,6,3,9
painfuller,10,7,2,9,5,2,7
painfullest,11,5,0,5,2,0,2
painfully,9,7,4,11,7,4,11
paining,7,5,2,7,5,2,7
painkiller,10,7,2,9,5,2,7
painkiller's,12,6,0,6,5,0,5
painkillers,11,5,1,6,5,0,5
painless,8,6,0,6,6,0,6
painlessly,10,5,1,6,5,0,5
pains,5,4,7,11,4,7,11
painstaking,11,5,1,6,4,1,5
painstaking's,13,3,1,4,4,1,5
painstakingly,13,4,0,4,2,0,2
paint,5,4,5,9,4,5,9
paint's,7,6,4,10,6,4,10
paintbrush,10,3,0,3,3,0,3
paintbrush's,12,4,0,4,11,0,11
paintbrushes,12,2,1,3,10,1,11
painted,7,6,4,10,6,4,10
painter,7,6,3,9,6,2,8
painter's,9,9,1,10,9,1,10
painters,8,6,3,9,6,2,8
painting,8,6,2,8,6,2,8
painting's,10,5,2,7,4,2,6
paintings,9,4,3,7,4,3,7
paints,6,5,4,9,5,4,9
paintwork,9,3,3,6,3,3,6
pair,4,3,6,9,3,6,9
pair's,6,5,5,10,5,5,10
paired,6,4,3,7,4,3,7
pairing,7,5,4,9,5,5,10
pairs,5,4,5,9,4,5,9
pairwise,8,4,1,5,4,1,5
paisley,7,5,3,8,5,3,8
paisley's,9,4,2,6,3,2,5
paisleys,8,5,2,7,4,1,5
pajamas,7,4,3,7,3,3,6
pajamas's,9,4,3,7,4,3,7
pal,3,3,4,7,3,4,7
pal's,5,5,6,11,5,6,11
palace,6,3,4,7,3,4,7
palace's,8,7,1,8,7,1,8
palaces,7,5,1,6,4,2,6
palatable,9,2,1,3,2,1,3
palatal,7,2,3,5,2,2,4
palatal's,9,4,1,5,4,1,5
palatals,8,3,3,6,3,2,5
palate,6,2,5,7,2,5,7
palate's,8,6,2,8,6,2,8
palates,7,4,3,7,5,3,8
palatial,8,3,4,7,3,4,7
palaver,7,4,2,6,4,2,6
palaver's,9,7,1,8,6,0,6
palavered,9,5,1,6,5,2,7
palavering,10,6,1,7,6,3,9
palavers,8,5,1,6,5,0,5
palazzi,7,3,4,7,5,3,8
palazzo,7,3,3,6,4,4,8
pale,4,4,8,12,4,7,11
pale's,6,6,7,13,6,7,13
paled,5,5,4,9,5,4,9
paleface,8,3,1,4,3,1,4
paleface's,10,4,1,5,4,0,4
palefaces,9,3,1,4,4,1,5
paleness,8,5,2,7,5,2,7
paleness's,10,6,2,8,6,2,8
paleontologist,14,4,0,4,3,0,3
paleontologist's,16,5,0,5,3,0,3
paleontologists,15,4,0,4,3,0,3
paleontology,12,2,2,4,2,2,4
paleontology's,14,4,0,4,3,1,4
paler,5,4,6,10,5,3,8
pales,5,5,7,12,5,8,13
palest,6,5,3,8,5,3,8
palette,7,3,3,6,3,2,5
palette's,9,5,2,7,5,2,7
palettes,8,5,1,6,5,1,6
palimony,8,3,2,5,3,2,5
palimony's,10,6,1,7,6,2,8
palimpsest,10,1,0,1,1,0,1
palimpsest's,12,1,0,1,1,0,1
palimpsests,11,1,1,2,3,0,3
palindrome,10,3,1,4,3,1,4
palindrome's,12,5,0,5,4,0,4
palindromes,11,4,0,4,4,0,4
palindromic,11,3,1,4,1,2,3
paling,6,5,7,12,5,7,12
paling's,8,7,3,10,7,2,9
palings,7,7,3,10,7,3,10
palisade,8,4,0,4,4,0,4
palisade's,10,5,0,5,4,0,4
palisades,9,3,0,3,3,0,3
pall,4,3,9,12,3,9,12
pall's,6,4,8,12,4,8,12
palladium,9,3,3,6,2,4,6
palladium's,11,4,3,7,2,3,5
pallbearer,10,2,1,3,2,1,3
pallbearer's,12,3,0,3,3,0,3
pallbearers,11,3,1,4,3,0,3
palled,6,5,4,9,5,4,9
pallet,6,5,6,11,5,6,11
pallet's,8,7,4,11,7,4,11
pallets,7,6,4,10,6,4,10
palliate,8,3,2,5,4,1,5
palliated,9,5,1,6,5,1,6
palliates,9,4,1,5,4,2,6
palliating,10,4,3,7,4,3,7
palliation,10,4,2,6,3,2,5
palliation's,12,7,1,8,4,1,5
palliative,10,4,1,5,3,1,4
palliative's,12,5,0,5,4,0,4
palliatives,11,3,1,4,4,0,4
pallid,6,3,6,9,2,6,8
palling,7,6,5,11,6,5,11
pallor,6,4,3,7,4,3,7
pallor's,8,6,2,8,6,2,8
palls,5,3,10,13,3,9,12
palm,4,3,5,8,3,5,8
palm's,6,5,4,9,5,4,9
palmed,6,5,4,9,5,4,9
palmetto,8,2,3,5,3,3,6
palmetto's,10,4,2,6,3,2,5
palmettoes,10,3,2,5,3,2,5
palmettos,9,4,4,8,4,1,5
palmier,7,6,4,10,5,5,10
palmiest,8,6,2,8,6,4,10
palming,7,6,5,11,6,5,11
palmist,7,4,2,6,4,2,6
palmist's,9,5,0,5,5,1,6
palmistry,9,3,1,4,3,1,4
palmistry's,11,4,1,5,4,1,5
palmists,8,4,2,6,5,2,7
palms,5,4,6,10,4,5,9
palmy,5,3,9,12,3,7,10
palomino,8,3,3,6,3,3,6
palomino's,10,4,1,5,3,1,4
palominos,9,3,2,5,3,2,5
palpable,8,5,1,6,4,1,5
palpably,8,4,4,8,2,4,6
palpate,7,2,5,7,3,4,7
palpated,8,4,1,5,4,3,7
palpates,8,4,3,7,3,4,7
palpating,9,5,3,8,5,3,8
palpation,9,7,2,9,5,2,7
palpation's,11,9,1,10,6,1,7
palpitate,9,3,1,4,3,1,4
palpitated,10,4,1,5,4,1,5
palpitates,10,4,0,4,5,0,5
palpitating,11,4,2,6,4,2,6
palpitation,11,5,1,6,4,2,6
palpitation's,13,5,0,5,5,1,6
palpitations,12,2,2,4,5,1,6
pals,4,4,2,6,4,3,7
palsied,7,4,3,7,4,3,7
palsies,7,6,2,8,6,0,6
palsy,5,4,3,7,4,3,7
palsy's,7,5,3,8,5,3,8
palsying,8,6,3,9,5,4,9
paltrier,8,3,3,6,5,1,6
paltriest,9,5,0,5,5,0,5
paltriness,10,5,0,5,6,0,6
paltriness's,12,6,0,6,6,0,6
paltry,6,4,5,9,4,5,9
pampas,6,3,2,5,3,2,5
pampas's,8,4,1,5,4,2,6
pamper,6,5,5,10,5,5,10
pampered,8,6,3,9,5,3,8
pampering,9,8,2,10,8,2,10
pampers,7,6,2,8,6,3,9
pamphlet,8,2,4,6,2,4,6
pamphlet's,10,4,2,6,4,2,6
pamphleteer,11,1,2,3,1,1,2
pamphleteer's,13,4,1,5,2,0,2
pamphleteers,12,2,0,2,2,0,2
pamphlets,9,4,2,6,4,2,6
pan,3,3,1,4,3,0,3
pan's,5,5,4,9,5,3,8
panacea,7,3,3,6,3,3,6
panacea's,9,5,2,7,4,1,5
panaceas,8,4,2,6,3,3,6
panache,7,2,3,5,2,2,4
panache's,9,4,2,6,4,2,6
pancake,7,3,3,6,3,2,5
pancake's,9,5,1,6,5,1,6
pancaked,8,5,1,6,5,3,8
pancakes,8,4,4,8,5,3,8
pancaking,9,4,2,6,4,2,6
panchromatic,12,4,1,5,4,1,5
pancreas,8,4,1,5,4,0,4
pancreas's,10,3,1,4,3,0,3
pancreases,10,3,1,4,3,0,3
pancreatic,10,2,2,4,3,1,4
panda,5,3,4,7,3,4,7
panda's,7,5,3,8,5,3,8
pandas,6,3,5,8,3,6,9
pandemic,8,3,2,5,3,3,6
pandemic's,10,5,1,6,4,1,5
pandemics,9,4,3,7,3,2,5
pandemonium,11,2,1,3,3,1,4
pandemonium's,13,3,1,4,3,0,3
pander,6,6,4,10,6,4,10
pander's,8,7,3,10,7,3,10
pandered,8,6,2,8,6,2,8
panderer,8,6,1,7,6,1,7
panderer's,10,8,0,8,8,1,9
panderers,9,7,0,7,7,1,8
pandering,9,8,3,11,8,3,11
panders,7,7,4,11,7,4,11
pane,4,4,10,14,4,10,14
pane's,6,6,9,15,6,9,15
panegyric,9,4,1,5,4,1,5
panegyric's,11,5,0,5,4,0,4
panegyrics,10,4,1,5,4,1,5
panel,5,4,7,11,4,7,11
panel's,7,6,5,11,6,5,11
paneled,7,3,3,6,4,1,5
paneling,8,4,2,6,4,2,6
paneling's,10,5,2,7,4,1,5
panelings,9,4,3,7,5,1,6
panelist,8,3,1,4,3,1,4
panelist's,10,5,1,6,4,1,5
panelists,9,3,1,4,3,1,4
panelled,8,4,2,6,4,2,6
panelling,9,2,1,3,2,1,3
panelling's,11,4,0,4,3,1,4
panellings,10,3,2,5,4,1,5
panels,6,4,7,11,4,7,11
panes,5,5,7,12,5,7,12
pang,4,4,11,15,4,10,14
pang's,6,6,9,15,6,9,15
pangs,5,5,8,13,5,7,12
panhandle,9,6,2,8,6,2,8
panhandle's,11,5,0,5,9,0,9
panhandled,10,6,2,8,6,2,8
panhandler,10,3,1,4,4,1,5
panhandler's,12,6,0,6,5,0,5
panhandlers,11,5,1,6,8,1,9
panhandles,10,7,1,8,7,2,9
panhandling,11,7,2,9,7,3,10
panic,5,4,5,9,4,5,9
panic's,7,6,5,11,6,5,11
panicked,8,5,2,7,4,2,6
panicking,9,2,2,4,2,2,4
panicky,7,3,4,7,3,3,6
panics,6,5,5,10,5,5,10
panier,6,6,1,7,6,1,7
panier's,8,6,5,11,6,5,11
paniers,7,6,5,11,5,6,11
panned,6,5,7,12,5,8,13
pannier,7,5,2,7,5,3,8
pannier's,9,7,2,9,7,3,10
panniers,8,4,2,6,4,1,5
panning,7,5,6,11,5,6,11
panoplies,9,5,0,5,5,0,5
panoply,7,4,4,8,3,2,5
panoply's,9,5,1,6,5,1,6
panorama,8,1,3,4,1,3,4
panorama's,10,3,1,4,2,2,4
panoramas,9,2,1,3,2,1,3
panoramic,9,2,2,4,2,2,4
pans,4,4,3,7,4,4,8
pansies,7,6,3,9,6,1,7
pansy,5,5,1,6,5,1,6
pansy's,7,6,1,7,6,1,7
pant,4,4,9,13,4,9,13
pant's,6,6,8,14,6,8,14
pantaloons,10,3,2,5,5,2,7
pantaloons's,12,3,2,5,2,2,4
panted,6,6,4,10,6,4,10
pantheism,9,3,0,3,3,0,3
pantheism's,11,6,0,6,3,0,3
pantheist,9,4,0,4,4,0,4
pantheist's,11,5,0,5,4,0,4
pantheistic,11,3,0,3,3,0,3
pantheists,10,4,0,4,4,0,4
pantheon,8,4,1,5,4,2,6
pantheon's,10,6,1,7,6,1,7
pantheons,9,4,1,5,5,2,7
panther,7,4,4,8,4,4,8
panther's,9,7,5,12,7,3,10
panthers,8,5,3,8,6,1,7
pantie,6,4,3,7,4,2,6
pantie's,8,6,3,9,6,4,10
panties,7,5,4,9,5,5,10
panting,7,6,4,10,6,4,10
pantomime,9,6,1,7,5,1,6
pantomime's,11,8,0,8,4,3,7
pantomimed,10,5,1,6,5,1,6
pantomimes,10,6,0,6,6,0,6
pantomiming,11,5,1,6,5,2,7
pantries,8,7,1,8,6,1,7
pantry,6,5,3,8,5,3,8
pantry's,8,7,5,12,7,2,9
pants,5,5,8,13,5,8,13
pantsuit,8,4,2,6,4,2,6
pantsuit's,10,5,1,6,5,1,6
pantsuits,9,4,0,4,4,0,4
panty,5,3,8,11,3,8,11
panty's,7,5,5,10,5,5,10
pantyhose,9,4,0,4,4,0,4
pantyhose's,11,4,1,5,3,0,3
pap,3,2,1,3,2,0,2
pap's,5,4,4,8,4,3,7
papa,4,1,6,7,1,7,8
papa's,6,3,7,10,3,7,10
papacies,8,5,0,5,5,0,5
papacy,6,1,7,8,2,6,8
papacy's,8,3,6,9,5,4,9
papal,5,2,6,8,3,3,6
papas,5,2,4,6,2,4,6
papaw,5,1,9,10,2,8,10
papaw's,7,3,8,11,4,7,11
papaws,6,2,7,9,3,5,8
papaya,6,1,6,7,2,5,7
papaya's,8,3,5,8,4,4,8
papayas,7,2,5,7,2,4,6
paper,5,4,6,10,4,2,6
paper's,7,6,1,7,6,0,6
paperback,9,4,2,6,3,3,6
paperback's,11,6,1,7,4,1,5
paperbacks,10,5,1,6,5,1,6
paperboy,8,3,4,7,4,2,6
paperboy's,10,5,1,6,6,0,6
paperboys,9,4,2,6,5,0,5
papered,7,5,1,6,5,0,5
papergirl,9,4,2,6,4,2,6
papergirl's,11,5,2,7,7,0,7
papergirls,10,5,1,6,4,2,6
paperhanger,11,2,2,4,2,1,3
paperhanger's,13,4,1,5,3,0,3
paperhangers,12,4,0,4,4,0,4
papering,8,7,1,8,7,1,8
papers,6,5,3,8,5,3,8
paperweight,11,8,1,9,2,2,4
paperweight's,13,10,0,10,4,0,4
paperweights,12,3,1,4,3,1,4
paperwork,9,3,3,6,4,3,7
paperwork's,11,6,1,7,6,1,7
papery,6,5,3,8,5,3,8
papilla,7,4,3,7,4,3,7
papilla's,9,6,2,8,6,2,8
papillae,8,4,2,6,5,1,6
papoose,7,5,1,6,5,1,6
papoose's,9,5,2,7,6,0,6
papooses,8,5,2,7,5,1,6
paprika,7,3,3,6,4,2,6
paprika's,9,5,2,7,6,1,7
paps,4,3,0,3,3,1,4
papyri,6,3,3,6,3,3,6
papyrus,7,3,5,8,4,5,9
papyrus's,9,4,4,8,5,3,8
papyruses,9,4,1,5,4,1,5
par,3,3,5,8,3,5,8
par's,5,5,7,12,5,7,12
parable,7,6,1,7,6,0,6
parable's,9,5,1,6,5,1,6
parables,8,4,3,7,4,3,7
parabola,8,2,3,5,2,3,5
parabola's,10,7,1,8,7,1,8
parabolas,9,2,1,3,2,1,3
parabolic,9,6,2,8,6,2,8
parachute,9,3,1,4,3,1,4
parachute's,11,5,0,5,4,0,4
parachuted,10,4,1,5,3,1,4
parachutes,10,4,0,4,4,1,5
parachuting,11,7,1,8,5,3,8
parachutist,11,3,0,3,3,0,3
parachutist's,13,4,0,4,3,0,3
parachutists,12,6,1,7,3,2,5
parade,6,4,1,5,4,2,6
parade's,8,5,5,10,5,3,8
paraded,7,4,1,5,4,1,5
parades,7,4,4,8,4,4,8
paradigm,8,2,4,6,2,4,6
paradigm's,10,7,2,9,5,3,8
paradigmatic,12,2,1,3,2,1,3
paradigms,9,3,3,6,4,2,6
parading,8,5,3,8,5,3,8
paradise,8,3,1,4,3,1,4
paradise's,10,5,2,7,3,1,4
paradises,9,6,1,7,6,1,7
paradox,7,5,4,9,5,3,8
paradox's,9,7,3,10,7,2,9
paradoxes,9,6,1,7,6,1,7
paradoxical,11,4,2,6,2,2,4
paradoxically,13,2,1,3,2,1,3
paraffin,8,3,2,5,3,2,5
paraffin's,10,5,1,6,5,2,7
paragliding,11,3,1,4,3,2,5
paragon,7,4,5,9,4,4,8
paragon's,9,6,4,10,6,3,9
paragons,8,4,3,7,4,3,7
paragraph,9,1,3,4,1,3,4
paragraph's,11,2,1,3,2,1,3
paragraphed,11,2,2,4,2,1,3
paragraphing,12,4,1,5,4,1,5
paragraphs,10,2,2,4,2,2,4
parakeet,8,3,2,5,3,2,5
parakeet's,10,5,1,6,5,1,6
parakeets,9,4,1,5,4,2,6
paralegal,9,4,1,5,3,1,4
paralegal's,11,5,0,5,4,0,4
paralegals,10,5,1,6,4,1,5
parallax,8,2,3,5,2,3,5
parallax's,10,3,3,6,4,2,6
parallaxes,10,4,0,4,4,1,5
parallel,8,3,3,6,3,2,5
parallel's,10,4,0,4,4,0,4
paralleled,10,2,1,3,2,1,3
paralleling,11,6,2,8,3,1,4
parallelism,11,3,1,4,4,1,5
parallelism's,13,5,1,6,4,1,5
parallelisms,12,5,2,7,4,1,5
parallelled,11,2,3,5,2,1,3
parallelling,12,5,1,6,5,1,6
parallelogram,13,2,2,4,2,2,4
parallelogram's,15,3,1,4,2,1,3
parallelograms,14,3,1,4,3,1,4
parallels,9,3,2,5,3,2,5
paralyses,9,5,2,7,5,2,7
paralysis,9,5,2,7,5,2,7
paralysis's,11,6,1,7,6,1,7
paralytic,9,6,2,8,6,2,8
paralytic's,11,5,1,6,4,1,5
paralytics,10,4,2,6,3,2,5
paralyze,8,5,2,7,5,2,7
paralyzed,9,4,2,6,6,4,10
paralyzes,9,5,2,7,5,2,7
paralyzing,10,7,3,10,7,3,10
paramecia,9,4,1,5,2,1,3
paramecium,10,3,2,5,3,2,5
paramecium's,12,4,0,4,4,0,4
parameciums,11,3,2,5,4,0,4
paramedic,9,4,1,5,3,1,4
paramedic's,11,5,0,5,4,0,4
paramedical,11,3,1,4,2,2,4
paramedical's,13,3,1,4,3,0,3
paramedicals,12,4,0,4,3,0,3
paramedics,10,5,1,6,4,1,5
parameter,9,4,2,6,3,1,4
parameter's,11,6,0,6,5,0,5
parameters,10,5,0,5,4,0,4
paramilitaries,14,3,0,3,2,0,2
paramilitary,12,2,1,3,2,1,3
paramilitary's,14,3,0,3,3,0,3
paramount,9,2,3,5,2,3,5
paramour,8,3,4,7,3,4,7
paramour's,10,5,3,8,5,3,8
paramours,9,4,2,6,3,1,4
paranoia,8,2,2,4,2,2,4
paranoia's,10,6,2,8,6,2,8
paranoid,8,4,2,6,4,2,6
paranoid's,10,6,1,7,6,2,8
paranoids,9,5,3,8,3,3,6
paranormal,10,2,3,5,2,3,5
parapet,7,3,3,6,4,2,6
parapet's,9,6,0,6,6,0,6
parapets,8,5,1,6,5,1,6
paraphernalia,13,1,2,3,1,2,3
paraphernalia's,15,3,1,4,3,0,3
paraphrase,10,2,1,3,2,3,5
paraphrase's,12,4,1,5,2,2,4
paraphrased,11,2,2,4,2,2,4
paraphrases,11,3,2,5,3,2,5
paraphrasing,12,5,0,5,3,1,4
paraplegia,10,2,1,3,2,1,3
paraplegia's,12,4,0,4,3,0,3
paraplegic,10,2,1,3,2,1,3
paraplegic's,12,4,0,4,3,0,3
paraplegics,11,5,1,6,4,1,5
paraprofessional,16,1,0,1,1,0,1
paraprofessional's,18,1,0,1,1,0,1
paraprofessionals,17,3,0,3,2,0,2
parapsychology,14,2,1,3,2,1,3
parapsychology's,16,3,0,3,2,1,3
parasailing,11,4,1,5,4,1,5
parasite,8,4,0,4,4,0,4
parasite's,10,5,0,5,5,0,5
parasites,9,4,0,4,3,0,3
parasitic,9,2,1,3,2,1,3
parasol,7,3,1,4,3,1,4
parasol's,9,3,2,5,2,1,3
parasols,8,2,3,5,2,4,6
paratrooper,11,2,2,4,2,1,3
paratrooper's,13,4,0,4,3,0,3
paratroopers,12,3,1,4,3,1,4
paratroops,10,3,2,5,2,3,5
paratroops's,12,3,2,5,2,2,4
parboil,7,3,4,7,3,5,8
parboiled,9,5,1,6,5,1,6
parboiling,10,5,2,7,4,2,6
parboils,8,4,2,6,4,2,6
parcel,6,5,3,8,5,3,8
parcel's,8,7,1,8,7,1,8
parceled,8,6,1,7,5,3,8
parceling,9,8,1,9,8,1,9
parcelled,9,5,1,6,5,3,8
parcelling,10,7,1,8,7,2,9
parcels,7,6,3,9,6,3,9
parch,5,4,9,13,4,9,13
parched,7,6,3,9,6,3,9
parches,7,6,3,9,6,3,9
parching,8,7,4,11,7,4,11
parchment,9,5,1,6,5,1,6
parchment's,11,6,0,6,4,0,4
parchments,10,5,0,5,5,0,5
pardon,6,5,4,9,5,4,9
pardon's,8,7,3,10,7,3,10
pardonable,10,5,2,7,5,3,8
pardoned,8,4,1,5,4,1,5
pardoning,9,5,3,8,5,3,8
pardons,7,6,3,9,6,3,9
pare,4,4,9,13,4,8,12
pared,5,5,7,12,5,7,12
parent,6,4,3,7,4,2,6
parent's,8,6,1,7,6,1,7
parentage,9,4,1,5,4,1,5
parentage's,11,6,0,6,3,1,4
parental,8,5,1,6,4,1,5
parented,8,5,2,7,5,2,7
parentheses,11,2,1,3,2,1,3
parenthesis,11,2,0,2,2,0,2
parenthesis's,13,3,0,3,2,0,2
parenthesize,12,3,0,3,3,0,3
parenthesized,13,3,0,3,3,0,3
parenthesizes,13,3,0,3,3,0,3
parenthesizing,14,2,0,2,2,0,2
parenthetic,11,3,1,4,2,1,3
parenthetical,13,4,1,5,2,1,3
parenthetically,15,2,1,3,3,1,4
parenthood,10,3,1,4,3,1,4
parenthood's,12,5,0,5,5,0,5
parenting,9,6,2,8,5,2,7
parenting's,11,7,1,8,4,0,4
parents,7,6,2,8,6,2,8
pares,5,5,8,13,5,7,12
parfait,7,3,3,6,3,4,7
parfait's,9,5,3,8,5,3,8
parfaits,8,4,3,7,5,3,8
pariah,6,2,5,7,2,5,7
pariah's,8,4,4,8,4,4,8
pariahs,7,5,3,8,5,3,8
paring,6,6,9,15,6,9,15
paring's,8,7,5,12,7,4,11
parings,7,7,4,11,7,4,11
parish,6,5,2,7,5,2,7
parish's,8,5,3,8,5,4,9
parishes,8,6,2,8,6,1,7
parishioner,11,3,1,4,4,0,4
parishioner's,13,4,1,5,4,0,4
parishioners,12,5,0,5,3,0,3
parity,6,3,5,8,4,6,10
parity's,8,7,4,11,6,3,9
park,4,4,5,9,4,5,9
park's,6,6,4,10,6,4,10
parka,5,2,6,8,2,6,8
parka's,7,4,5,9,4,4,8
parkas,6,3,6,9,3,6,9
parked,6,5,5,10,6,1,7
parking,7,7,3,10,7,3,10
parking's,9,9,3,12,9,3,12
parkour,7,4,4,8,3,5,8
parks,5,5,4,9,5,6,11
parkway,7,6,3,9,6,4,10
parkway's,9,5,4,9,4,4,8
parkways,8,5,3,8,5,3,8
parlance,8,3,1,4,3,1,4
parlance's,10,6,1,7,8,0,8
parlay,6,3,3,6,3,3,6
parlay's,8,4,2,6,4,2,6
parlayed,8,4,2,6,4,2,6
parlaying,9,6,3,9,6,3,9
parlays,7,4,4,8,4,4,8
parley,6,5,6,11,5,6,11
parley's,8,7,4,11,7,4,11
parleyed,8,6,1,7,5,2,7
parleying,9,8,1,9,8,1,9
parleys,7,5,3,8,5,3,8
parliament,10,6,1,7,5,1,6
parliament's,12,8,0,8,6,0,6
parliamentarian,15,1,1,2,1,1,2
parliamentarian's,17,3,0,3,2,0,2
parliamentarians,16,2,0,2,2,0,2
parliamentary,13,2,1,3,2,1,3
parliaments,11,5,1,6,5,0,5
parlor,6,3,4,7,3,4,7
parlor's,8,5,2,7,5,3,8
parlors,7,4,3,7,4,3,7
parochial,9,3,3,6,3,3,6
parochialism,12,2,1,3,1,2,3
parochialism's,14,4,0,4,3,0,3
parodied,8,3,2,5,4,1,5
parodies,8,5,0,5,4,2,6
parody,6,2,7,9,2,7,9
parody's,8,6,1,7,6,2,8
parodying,9,6,3,9,6,3,9
parole,6,5,5,10,5,6,11
parole's,8,7,6,13,7,1,8
paroled,7,6,3,9,6,3,9
parolee,7,3,1,4,3,0,3
parolee's,9,5,0,5,5,0,5
parolees,8,4,1,5,4,1,5
paroles,7,5,4,9,5,7,12
paroling,8,6,5,11,6,8,14
paroxysm,8,3,2,5,3,2,5
paroxysm's,10,4,2,6,3,2,5
paroxysms,9,1,4,5,3,3,6
parquet,7,5,4,9,5,4,9
parquet's,9,7,2,9,7,2,9
parqueted,9,4,1,5,3,1,4
parqueting,10,5,1,6,4,1,5
parquetry,9,7,2,9,7,2,9
parquetry's,11,9,1,10,9,1,10
parquets,8,5,2,7,5,2,7
parrakeet,9,2,1,3,2,1,3
parrakeet's,11,4,1,5,5,0,5
parrakeets,10,3,0,3,3,0,3
parred,6,5,3,8,5,3,8
parricide,9,5,1,6,4,1,5
parricide's,11,7,0,7,4,0,4
parricides,10,6,0,6,4,0,4
parried,7,6,4,10,6,4,10
parries,7,6,5,11,6,5,11
parring,7,6,6,12,6,6,12
parrot,6,4,5,9,4,5,9
parrot's,8,6,3,9,6,4,10
parroted,8,6,3,9,6,3,9
parroting,9,6,4,10,5,3,8
parrots,7,5,4,9,5,4,9
parry,5,4,8,12,4,8,12
parry's,7,5,6,11,5,6,11
parrying,8,7,6,13,7,6,13
pars,4,4,4,8,4,5,9
parse,5,5,1,6,5,1,6
parsec,6,4,3,7,4,3,7
parsec's,8,5,1,6,5,2,7
parsecs,7,3,2,5,3,2,5
parsed,6,6,1,7,6,2,8
parser,6,4,6,10,4,6,10
parses,6,3,3,6,3,3,6
parsimonious,12,3,1,4,2,1,3
parsimony,9,4,1,5,3,1,4
parsimony's,11,5,1,6,3,1,4
parsing,7,6,2,8,6,2,8
parsley,7,4,2,6,4,2,6
parsley's,9,4,1,5,4,1,5
parsnip,7,4,2,6,4,1,5
parsnip's,9,5,2,7,3,3,6
parsnips,8,4,3,7,4,2,6
parson,6,5,3,8,5,3,8
parson's,8,6,3,9,6,3,9
parsonage,9,3,0,3,3,1,4
parsonage's,11,4,0,4,4,1,5
parsonages,10,2,2,4,3,1,4
parsons,7,4,2,6,4,2,6
part,4,4,8,12,4,8,12
part's,6,6,7,13,6,7,13
partake,7,4,2,6,4,1,5
partaken,8,3,3,6,3,2,5
partaker,8,3,3,6,3,2,5
partaker's,10,5,2,7,5,1,6
partakers,9,4,1,5,4,1,5
partakes,8,4,3,7,5,2,7
partaking,9,5,4,9,5,4,9
parted,6,5,2,7,5,3,8
parterre,8,2,2,4,2,2,4
parterre's,10,4,0,4,3,0,3
parterres,9,3,1,4,3,0,3
parthenogenesis,15,2,0,2,2,0,2
parthenogenesis's,17,2,0,2,2,0,2
partial,7,5,4,9,4,3,7
partial's,9,7,3,10,7,3,10
partiality,10,4,3,7,2,3,5
partiality's,12,4,1,5,3,2,5
partially,9,3,2,5,3,2,5
partials,8,4,3,7,5,2,7
participant,11,5,1,6,2,2,4
participant's,13,3,0,3,5,1,6
participants,12,2,2,4,3,1,4
participate,11,5,1,6,4,1,5
participated,12,6,1,7,5,1,6
participates,12,4,0,4,5,0,5
participating,13,3,1,4,7,1,8
participation,13,5,1,6,7,1,8
participation's,15,5,0,5,4,0,4
participator,12,6,1,7,5,1,6
participator's,14,3,0,3,3,0,3
participators,13,5,0,5,5,1,6
participatory,13,3,1,4,2,1,3
participial,11,4,1,5,3,2,5
participial's,13,3,1,4,3,1,4
participle,10,5,2,7,6,1,7
participle's,12,7,1,8,8,0,8
participles,11,5,0,5,5,0,5
particle,8,6,1,7,5,1,6
particle's,10,8,0,8,7,0,7
particles,9,4,1,5,5,0,5
particular,10,3,2,5,3,2,5
particular's,12,4,2,6,4,1,5
particularities,15,9,0,9,2,0,2
particularity,13,5,1,6,4,1,5
particularity's,15,9,0,9,4,0,4
particularization,17,1,0,1,1,0,1
particularization's,19,1,0,1,1,0,1
particularize,13,5,1,6,4,1,5
particularized,14,2,1,3,2,1,3
particularizes,14,3,0,3,3,0,3
particularizing,15,1,1,2,1,1,2
particularly,12,3,2,5,2,2,4
particulars,11,3,1,4,3,1,4
particulate,11,3,1,4,4,1,5
particulate's,13,5,0,5,5,0,5
particulates,12,4,0,4,5,0,5
partied,7,5,3,8,5,3,8
parties,7,6,2,8,6,2,8
parting,7,6,4,10,6,4,10
parting's,9,8,4,12,8,4,12
partings,8,6,6,12,6,6,12
partisan,8,3,2,5,3,2,5
partisan's,10,3,1,4,4,2,6
partisans,9,3,3,6,3,3,6
partisanship,12,2,0,2,2,0,2
partisanship's,14,3,0,3,2,0,2
partition,9,3,2,5,3,2,5
partition's,11,4,2,6,4,1,5
partitioned,11,3,1,4,4,1,5
partitioning,12,2,1,3,2,1,3
partitions,10,5,2,7,4,2,6
partizan,8,5,2,7,5,2,7
partizan's,10,7,1,8,7,1,8
partizans,9,5,2,7,5,2,7
partly,6,5,4,9,5,3,8
partner,7,4,3,7,4,3,7
partner's,9,6,2,8,6,2,8
partnered,9,4,2,6,4,2,6
partnering,10,4,2,6,5,2,7
partners,8,5,4,9,5,3,8
partnership,11,3,0,3,3,0,3
partnership's,13,3,0,3,3,0,3
partnerships,12,2,0,2,3,0,3
partook,7,4,4,8,3,4,7
partridge,9,7,2,9,7,2,9
partridge's,11,9,1,10,9,1,10
partridges,10,8,1,9,8,1,9
parts,5,5,7,12,5,8,13
parturition,11,3,1,4,2,2,4
parturition's,13,3,0,3,3,1,4
partway,7,5,4,9,5,5,10
party,5,5,4,9,5,4,9
party's,7,6,5,11,6,5,11
partying,8,6,5,11,6,5,11
parvenu,7,3,3,6,3,3,6
parvenu's,9,5,2,7,5,2,7
parvenus,8,3,3,6,3,3,6
pas,3,3,6,9,3,6,9
paschal,7,3,2,5,3,2,5
pasha,5,2,3,5,2,3,5
pasha's,7,3,3,6,3,4,7
pashas,6,4,3,7,4,2,6
pass,4,2,4,6,2,5,7
pass's,6,3,5,8,3,5,8
passable,8,3,2,5,3,1,4
passably,8,2,1,3,2,1,3
passage,7,4,2,6,4,1,5
passage's,9,5,2,7,5,2,7
passages,8,4,2,6,4,2,6
passageway,10,2,1,3,2,1,3
passageway's,12,2,0,2,2,0,2
passageways,11,2,1,3,2,2,4
passbook,8,3,1,4,3,1,4
passbook's,10,2,1,3,2,1,3
passbooks,9,4,2,6,3,0,3
passed,6,4,6,10,4,6,10
passel,6,5,2,7,5,2,7
passel's,8,6,0,6,6,0,6
passels,7,5,2,7,5,2,7
passenger,9,4,1,5,2,1,3
passenger's,11,5,1,6,3,1,4
passengers,10,2,1,3,2,1,3
passer,6,4,5,9,4,5,9
passerby,8,3,0,3,3,0,3
passerby's,10,4,0,4,3,0,3
passersby,9,1,0,1,1,0,1
passes,6,3,6,9,3,6,9
passing,7,5,4,9,5,4,9
passing's,9,6,0,6,2,2,4
passion,7,4,1,5,4,1,5
passion's,9,6,0,6,5,0,5
passionate,10,2,0,2,2,0,2
passionately,12,3,0,3,2,0,2
passionless,11,2,0,2,2,0,2
passions,8,3,1,4,3,1,4
passive,7,5,1,6,4,3,7
passive's,9,5,1,6,4,2,6
passively,9,7,1,8,7,1,8
passives,8,3,0,3,3,0,3
passivity,9,2,1,3,2,1,3
passivity's,11,1,2,3,2,0,2
passkey,7,3,3,6,3,2,5
passkey's,9,4,2,6,3,1,4
passkeys,8,2,2,4,3,2,5
passport,8,4,1,5,4,1,5
passport's,10,3,1,4,3,1,4
passports,9,3,2,5,4,0,4
password,8,4,1,5,4,1,5
password's,10,3,1,4,3,1,4
passwords,9,4,2,6,4,1,5
passé,5,2,3,5,2,4,6
past,4,4,7,11,4,7,11
past's,6,5,7,12,5,7,12
pasta,5,3,2,5,3,2,5
pasta's,7,4,1,5,4,2,6
pastas,6,3,4,7,3,3,6
paste,5,5,3,8,5,3,8
paste's,7,6,3,9,6,3,9
pasteboard,10,5,1,6,5,1,6
pasteboard's,12,6,1,7,5,1,6
pasted,6,6,5,11,6,5,11
pastel,6,4,4,8,4,4,8
pastel's,8,5,3,8,5,3,8
pastels,7,4,3,7,4,3,7
pastern,7,4,2,6,4,2,6
pastern's,9,6,1,7,6,2,8
pasterns,8,2,2,4,2,2,4
pastes,6,5,5,10,5,5,10
pasteurization,14,2,0,2,2,0,2
pasteurization's,16,2,0,2,2,0,2
pasteurize,10,3,1,4,3,1,4
pasteurized,11,4,0,4,3,0,3
pasteurizes,11,3,0,3,3,0,3
pasteurizing,12,7,0,7,5,0,5
pastiche,8,5,1,6,5,1,6
pastiche's,10,6,1,7,6,1,7
pastiches,9,3,0,3,3,0,3
pastier,7,6,3,9,6,3,9
pasties,7,4,2,6,3,1,4
pastiest,8,5,3,8,5,3,8
pastime,7,4,3,7,5,4,9
pastime's,9,5,1,6,5,1,6
pastimes,8,4,0,4,5,0,5
pasting,7,7,5,12,7,6,13
pastor,6,5,3,8,5,3,8
pastor's,8,6,3,9,4,3,7
pastoral,8,3,2,5,3,2,5
pastoral's,10,3,2,5,2,3,5
pastorals,9,2,1,3,2,2,4
pastorate,9,5,1,6,4,1,5
pastorate's,11,6,0,6,4,1,5
pastorates,10,4,1,5,4,1,5
pastors,7,4,4,8,4,4,8
pastrami,8,3,1,4,3,1,4
pastrami's,10,4,1,5,3,1,4
pastries,8,6,1,7,6,1,7
pastry,6,4,3,7,4,3,7
pastry's,8,3,3,6,3,3,6
pasts,5,4,6,10,4,6,10
pasturage,9,5,1,6,4,1,5
pasturage's,11,6,0,6,3,1,4
pasture,7,3,1,4,4,2,6
pasture's,9,4,1,5,4,1,5
pastured,8,5,1,6,5,1,6
pastures,8,3,1,4,3,1,4
pasturing,9,5,2,7,5,1,6
pasty,5,4,4,8,4,4,8
pasty's,7,3,3,6,3,3,6
pat,3,3,2,5,3,1,4
pat's,5,5,2,7,5,2,7
patch,5,5,8,13,5,8,13
patch's,7,7,6,13,7,6,13
patched,7,7,5,12,7,5,12
patches,7,7,5,12,7,5,12
patchier,8,7,3,10,7,2,9
patchiest,9,5,0,5,5,0,5
patchiness,10,5,2,7,5,0,5
patchiness's,12,6,2,8,6,2,8
patching,8,8,7,15,8,7,15
patchwork,9,5,3,8,4,3,7
patchwork's,11,8,1,9,6,1,7
patchworks,10,6,2,8,7,1,8
patchy,6,5,5,10,4,5,9
pate,4,4,4,8,4,2,6
pate's,6,6,7,13,6,5,11
patella,7,4,1,5,4,1,5
patella's,9,6,0,6,5,0,5
patellae,8,2,1,3,2,1,3
patellas,8,3,2,5,3,1,4
patent,6,4,3,7,4,2,6
patent's,8,5,0,5,5,0,5
patented,8,3,1,4,3,1,4
patenting,9,5,1,6,4,1,5
patently,8,3,1,4,4,1,5
patents,7,4,1,5,4,1,5
paternal,8,6,2,8,6,2,8
paternalism,11,7,0,7,4,0,4
paternalism's,13,6,0,6,4,0,4
paternalistic,13,5,0,5,3,0,3
paternally,10,6,2,8,6,2,8
paternity,9,7,2,9,7,2,9
paternity's,11,9,1,10,9,1,10
pates,5,5,8,13,5,8,13
path,4,3,8,11,3,8,11
path's,6,5,7,12,5,6,11
pathetic,8,3,4,7,3,2,5
pathetically,12,5,2,7,6,1,7
pathogen,8,4,5,9,4,5,9
pathogen's,10,4,2,6,4,2,6
pathogenic,10,3,1,4,2,2,4
pathogens,9,4,2,6,4,2,6
pathological,12,7,2,9,5,2,7
pathologically,14,2,1,3,2,1,3
pathologist,11,8,0,8,8,0,8
pathologist's,13,9,0,9,9,0,9
pathologists,12,8,0,8,8,0,8
pathology,9,5,3,8,3,3,6
pathology's,11,8,1,9,4,1,5
pathos,6,5,4,9,5,4,9
pathos's,8,6,4,10,6,5,11
paths,5,4,7,11,4,7,11
pathway,7,2,5,7,3,4,7
pathway's,9,4,4,8,4,3,7
pathways,8,3,3,6,3,3,6
patience,8,5,2,7,5,2,7
patience's,10,7,1,8,4,1,5
patient,7,3,2,5,4,4,8
patient's,9,5,1,6,5,1,6
patienter,9,3,2,5,3,2,5
patientest,10,2,0,2,2,0,2
patiently,9,4,1,5,4,1,5
patients,8,4,1,5,4,1,5
patina,6,4,5,9,4,5,9
patina's,8,6,3,9,6,3,9
patinae,7,5,1,6,5,0,5
patinas,7,4,3,7,4,2,6
patine,6,4,3,7,4,3,7
patio,5,3,7,10,3,7,10
patio's,7,5,5,10,5,5,10
patios,6,6,4,10,6,4,10
patois,6,4,6,10,4,6,10
patois's,8,5,2,7,5,5,10
patriarch,9,6,3,9,6,3,9
patriarch's,11,8,2,10,8,2,10
patriarchal,11,7,3,10,7,3,10
patriarchies,12,8,1,9,8,1,9
patriarchs,10,7,3,10,7,3,10
patriarchy,10,7,3,10,7,3,10
patriarchy's,12,9,2,11,9,2,11
patrician,9,4,2,6,4,2,6
patrician's,11,6,1,7,6,1,7
patricians,10,5,1,6,7,2,9
patricide,9,7,2,9,7,2,9
patricide's,11,9,1,10,9,1,10
patricides,10,8,1,9,8,1,9
patrimonial,11,3,1,4,4,2,6
patrimonies,11,4,0,4,4,0,4
patrimony,9,4,2,6,4,2,6
patrimony's,11,5,1,6,5,1,6
patriot,7,3,5,8,3,4,7
patriot's,9,6,2,8,5,2,7
patriotic,9,1,2,3,1,2,3
patriotically,13,1,1,2,1,1,2
patriotism,10,2,0,2,2,0,2
patriotism's,12,5,0,5,3,0,3
patriots,8,4,2,6,4,2,6
patrol,6,2,5,7,2,5,7
patrol's,8,5,2,7,4,4,8
patrolled,9,5,2,7,4,3,7
patrolling,10,6,3,9,5,3,8
patrolman,9,3,3,6,3,3,6
patrolman's,11,4,2,6,3,2,5
patrolmen,9,4,3,7,3,3,6
patrols,7,4,4,8,4,4,8
patrolwoman,11,1,3,4,1,3,4
patrolwoman's,13,4,1,5,2,2,4
patrolwomen,11,4,2,6,3,1,4
patron,6,5,4,9,5,4,9
patron's,8,7,3,10,7,3,10
patronage,9,5,1,6,4,1,5
patronage's,11,7,1,8,4,0,4
patronages,10,6,0,6,5,1,6
patronize,9,6,1,7,5,3,8
patronized,10,7,1,8,4,2,6
patronizes,10,7,0,7,6,1,7
patronizing,11,6,1,7,5,2,7
patronizingly,13,2,1,3,2,1,3
patrons,7,6,4,10,6,4,10
patronymic,10,3,2,5,3,2,5
patronymic's,12,3,1,4,3,1,4
patronymics,11,4,1,5,4,1,5
pats,4,4,5,9,4,6,10
patsies,7,5,4,9,5,2,7
patsy,5,5,2,7,5,2,7
patsy's,7,6,2,8,6,2,8
patted,6,5,5,10,5,5,10
patter,6,4,6,10,4,6,10
patter's,8,6,4,10,6,4,10
pattered,8,5,4,9,5,4,9
pattering,9,7,3,10,7,3,10
pattern,7,4,3,7,4,3,7
pattern's,9,6,1,7,6,2,8
patterned,9,4,1,5,4,1,5
patterning,10,3,1,4,3,1,4
patterns,8,5,1,6,4,1,5
patters,7,5,3,8,5,5,10
patties,7,5,5,10,5,5,10
patting,7,6,7,13,6,7,13
patty,5,4,4,8,4,4,8
patty's,7,6,3,9,6,3,9
paucity,7,3,3,6,3,5,8
paucity's,9,5,3,8,5,3,8
paunch,6,5,3,8,5,3,8
paunch's,8,7,4,11,7,2,9
paunches,8,7,3,10,7,3,10
paunchier,9,5,2,7,4,2,6
paunchiest,10,10,0,10,10,0,10
paunchy,7,7,4,11,4,4,8
pauper,6,4,9,13,4,8,12
pauper's,8,6,8,14,6,5,11
pauperism,9,4,0,4,4,0,4
pauperism's,11,5,1,6,4,0,4
pauperize,9,3,2,5,3,2,5
pauperized,10,4,2,6,8,1,9
pauperizes,10,7,1,8,8,0,8
pauperizing,11,8,2,10,9,1,10
paupers,7,5,7,12,5,4,9
pause,5,4,2,6,4,2,6
pause's,7,5,2,7,5,2,7
paused,6,5,5,10,5,6,11
pauses,6,4,4,8,4,4,8
pausing,7,6,2,8,6,2,8
pave,4,4,10,14,4,9,13
paved,5,5,5,10,5,5,10
pavement,8,5,2,7,4,2,6
pavement's,10,6,1,7,6,1,7
pavements,9,6,1,7,4,1,5
paves,5,5,9,14,5,9,14
pavilion,8,3,3,6,4,2,6
pavilion's,10,7,1,8,5,2,7
pavilions,9,5,3,8,5,3,8
paving,6,6,8,14,6,8,14
paving's,8,6,7,13,6,6,12
pavings,7,6,5,11,6,5,11
paw,3,3,7,10,3,7,10
paw's,5,4,8,12,4,8,12
pawed,5,5,6,11,5,6,11
pawing,6,6,6,12,6,6,12
pawl,4,4,5,9,4,5,9
pawl's,6,6,4,10,6,4,10
pawls,5,5,6,11,5,5,10
pawn,4,4,7,11,4,7,11
pawn's,6,6,6,12,6,6,12
pawnbroker,10,3,2,5,3,2,5
pawnbroker's,12,4,0,4,4,0,4
pawnbrokers,11,4,1,5,4,0,4
pawned,6,6,4,10,6,5,11
pawning,7,6,4,10,6,4,10
pawns,5,5,7,12,5,7,12
pawnshop,8,3,2,5,3,2,5
pawnshop's,10,3,2,5,3,2,5
pawnshops,9,4,2,6,4,2,6
pawpaw,6,2,7,9,1,9,10
pawpaw's,8,4,6,10,4,5,9
pawpaws,7,3,5,8,3,6,9
paws,4,4,6,10,4,7,11
pay,3,2,8,10,2,8,10
pay's,5,5,12,17,5,12,17
payable,7,5,2,7,5,1,6
paycheck,8,3,5,8,3,3,6
paycheck's,10,5,2,7,5,2,7
paychecks,9,3,3,6,4,4,8
payday,6,2,7,9,3,6,9
payday's,8,4,6,10,5,5,10
paydays,7,3,5,8,3,6,9
payed,5,4,7,11,4,7,11
payee,5,2,3,5,2,2,4
payee's,7,4,2,6,4,1,5
payees,6,2,2,4,2,2,4
payer,5,4,6,10,4,4,8
payer's,7,6,2,8,6,1,7
payers,6,5,4,9,5,4,9
paying,6,5,9,14,5,9,14
payload,7,2,7,9,1,8,9
payload's,9,4,5,9,4,4,8
payloads,8,3,5,8,3,5,8
paymaster,9,5,1,6,5,1,6
paymaster's,11,6,1,7,6,1,7
paymasters,10,5,1,6,5,0,5
payment,7,5,2,7,4,2,6
payment's,9,5,1,6,5,1,6
payments,8,6,2,8,6,2,8
payoff,6,2,7,9,3,6,9
payoff's,8,5,2,7,5,5,10
payoffs,7,5,4,9,5,3,8
payroll,7,3,3,6,3,3,6
payroll's,9,6,2,8,6,2,8
payrolls,8,4,2,6,4,2,6
pays,4,3,7,10,3,8,11
paywall,7,2,5,7,2,4,6
paywall's,9,4,3,7,3,3,6
paywalls,8,3,4,7,3,4,7
pea,3,3,1,4,3,1,4
pea's,5,4,7,11,5,4,9
peace,5,4,3,7,3,6,9
peace's,7,6,2,8,5,4,9
peaceable,9,2,1,3,2,2,4
peaceably,9,2,3,5,2,3,5
peaceful,8,3,2,5,2,3,5
peacefully,10,2,2,4,2,2,4
peacefulness,12,2,0,2,2,0,2
peacefulness's,14,2,0,2,2,0,2
peacekeeping,12,5,2,7,4,1,5
peacekeeping's,14,2,1,3,3,0,3
peacemaker,10,3,1,4,3,1,4
peacemaker's,12,3,0,3,3,0,3
peacemakers,11,3,1,4,3,1,4
peaces,6,2,6,8,2,6,8
peacetime,9,3,1,4,3,2,5
peacetime's,11,4,1,5,3,1,4
peach,5,5,4,9,4,6,10
peach's,7,7,2,9,6,5,11
peaches,7,5,5,10,5,6,11
peacock,7,5,3,8,5,4,9
peacock's,9,7,2,9,7,3,10
peacocks,8,3,4,7,3,4,7
peafowl,7,4,4,8,3,3,6
peafowl's,9,6,3,9,5,2,7
peafowls,8,4,3,7,4,3,7
peahen,6,4,3,7,4,3,7
peahen's,8,5,2,7,5,3,8
peahens,7,5,3,8,5,3,8
peak,4,3,7,10,4,8,12
peak's,6,5,6,11,4,7,11
peaked,6,4,5,9,5,5,10
peaking,7,6,5,11,7,5,12
peaks,5,3,7,10,3,7,10
peal,4,4,4,8,4,5,9
peal's,6,6,3,9,6,3,9
pealed,6,5,2,7,5,2,7
pealing,7,6,3,9,6,4,10
peals,5,5,5,10,5,6,11
peanut,6,2,3,5,2,3,5
peanut's,8,4,2,6,5,1,6
peanuts,7,4,2,6,4,2,6
pear,4,4,7,11,4,8,12
pear's,6,6,5,11,6,5,11
pearl,5,4,3,7,4,3,7
pearl's,7,6,1,7,6,0,6
pearled,7,5,2,7,5,0,5
pearlier,8,4,3,7,4,3,7
pearliest,9,6,1,7,4,1,5
pearling,8,8,1,9,8,1,9
pearls,6,4,4,8,5,1,6
pearly,6,5,3,8,5,3,8
pears,5,5,7,12,5,7,12
peas,4,4,6,10,4,3,7
peasant,7,4,0,4,4,0,4
peasant's,9,5,0,5,4,0,4
peasantry,9,6,0,6,5,0,5
peasantry's,11,4,0,4,3,0,3
peasants,8,5,0,5,5,0,5
pease,5,4,2,6,4,2,6
peat,4,4,7,11,3,8,11
peat's,6,5,7,12,5,7,12
pebble,6,2,7,9,4,3,7
pebble's,8,5,3,8,5,5,10
pebbled,7,4,3,7,4,2,6
pebbles,7,4,3,7,4,3,7
pebbling,8,6,4,10,6,3,9
pebbly,6,3,6,9,4,5,9
pecan,5,4,6,10,3,7,10
pecan's,7,6,4,10,6,5,11
pecans,6,5,2,7,4,5,9
peccadillo,10,3,1,4,3,1,4
peccadillo's,12,4,0,4,3,1,4
peccadilloes,12,4,0,4,3,1,4
peccadillos,11,4,1,5,4,2,6
peccaries,9,5,0,5,5,0,5
peccary,7,3,3,6,4,3,7
peccary's,9,6,1,7,6,2,8
peck,4,4,8,12,4,8,12
peck's,6,6,5,11,4,5,9
pecked,6,4,6,10,4,6,10
pecking,7,5,7,12,6,6,12
pecks,5,4,8,12,4,7,11
pecs,4,3,8,11,4,4,8
pectin,6,3,5,8,3,5,8
pectin's,8,4,3,7,4,3,7
pectoral,8,3,2,5,3,2,5
pectoral's,10,6,0,6,6,0,6
pectorals,9,5,2,7,5,2,7
peculiar,8,4,2,6,4,2,6
peculiarities,13,7,0,7,3,0,3
peculiarity,11,2,2,4,2,2,4
peculiarity's,13,7,0,7,3,1,4
peculiarly,10,3,1,4,3,1,4
pecuniary,9,4,1,5,4,1,5
pedagog,7,3,3,6,4,4,8
pedagog's,9,7,1,8,6,3,9
pedagogic,9,5,2,7,4,2,6
pedagogical,11,2,1,3,2,1,3
pedagogs,8,6,4,10,5,4,9
pedagogue,9,6,1,7,4,2,6
pedagogue's,11,8,0,8,6,1,7
pedagogues,10,7,1,8,5,1,6
pedagogy,8,6,3,9,4,3,7
pedagogy's,10,8,2,10,6,2,8
pedal,5,5,1,6,5,2,7
pedal's,7,7,0,7,7,1,8
pedaled,7,3,1,4,4,0,4
pedaling,8,5,2,7,5,2,7
pedalled,8,3,1,4,3,1,4
pedalling,9,6,3,9,6,3,9
pedals,6,5,2,7,5,4,9
pedant,6,3,4,7,3,4,7
pedant's,8,6,1,7,5,2,7
pedantic,8,4,2,6,5,1,6
pedantically,12,8,1,9,8,1,9
pedantry,8,3,2,5,3,2,5
pedantry's,10,5,1,6,5,0,5
pedants,7,4,2,6,4,2,6
peddle,6,3,6,9,3,3,6
peddled,7,3,2,5,3,1,4
peddler,7,4,2,6,5,1,6
peddler's,9,6,2,8,6,2,8
peddlers,8,5,3,8,5,2,7
peddles,7,4,3,7,4,2,6
peddling,8,6,3,9,6,3,9
pederast,8,3,1,4,3,0,3
pederast's,10,4,1,5,4,0,4
pederasts,9,3,0,3,3,0,3
pederasty,9,4,1,5,3,0,3
pederasty's,11,3,0,3,3,0,3
pedestal,8,4,0,4,4,0,4
pedestal's,10,2,0,2,2,0,2
pedestals,9,3,1,4,4,1,5
pedestrian,10,3,0,3,3,0,3
pedestrian's,12,3,0,3,3,0,3
pedestrianize,13,2,0,2,3,0,3
pedestrianized,14,4,0,4,2,0,2
pedestrianizes,14,3,0,3,3,0,3
pedestrianizing,15,2,0,2,2,0,2
pedestrians,11,2,0,2,2,0,2
pediatric,9,5,1,6,4,1,5
pediatrician,12,2,1,3,2,1,3
pediatrician's,14,3,0,3,3,0,3
pediatricians,13,4,0,4,3,0,3
pediatrics,10,6,1,7,4,0,4
pediatrics's,12,7,0,7,3,0,3
pediatrist,10,8,0,8,8,0,8
pediatrist's,12,9,0,9,9,0,9
pediatrists,11,8,0,8,8,0,8
pedicure,8,4,2,6,5,2,7
pedicure's,10,5,1,6,5,1,6
pedicured,9,3,2,5,3,2,5
pedicures,9,6,2,8,6,2,8
pedicuring,10,4,2,6,3,2,5
pedigree,8,2,2,4,2,1,3
pedigree's,10,4,1,5,3,0,3
pedigreed,9,2,1,3,2,1,3
pedigrees,9,2,1,3,3,0,3
pediment,8,3,2,5,2,2,4
pediment's,10,8,0,8,4,0,4
pediments,9,6,1,7,4,2,6
pedlar,6,4,3,7,4,3,7
pedlar's,8,6,2,8,6,3,9
pedlars,7,5,2,7,5,2,7
pedometer,9,4,2,6,4,2,6
pedometer's,11,6,1,7,6,1,7
pedometers,10,5,1,6,5,1,6
pee,3,2,7,9,2,7,9
pee's,5,4,1,5,4,1,5
peed,4,3,2,5,3,1,4
peeing,6,5,1,6,5,1,6
peek,4,3,3,6,3,2,5
peek's,6,5,1,6,5,1,6
peekaboo,8,2,2,4,2,2,4
peekaboo's,10,4,0,4,3,0,3
peeked,6,4,1,5,4,0,4
peeking,7,6,1,7,6,0,6
peeks,5,4,2,6,4,2,6
peel,4,3,1,4,3,0,3
peel's,6,5,0,5,5,0,5
peeled,6,4,2,6,4,1,5
peeling,7,6,2,8,6,1,7
peeling's,9,7,1,8,7,1,8
peelings,8,6,2,8,6,1,7
peels,5,4,3,7,4,3,7
peep,4,2,1,3,2,0,2
peep's,6,4,0,4,4,0,4
peeped,6,3,1,4,3,0,3
peeper,6,3,1,4,3,1,4
peeper's,8,5,0,5,5,0,5
peepers,7,4,0,4,4,0,4
peephole,8,1,1,2,1,1,2
peephole's,10,2,0,2,2,0,2
peepholes,9,3,0,3,3,0,3
peeping,7,5,1,6,5,0,5
peeps,5,3,1,4,3,1,4
peer,4,3,4,7,3,3,6
peer's,6,4,2,6,4,2,6
peerage,7,4,2,6,4,0,4
peerage's,9,3,1,4,3,1,4
peerages,8,2,1,3,2,1,3
peered,6,4,2,6,4,2,6
peering,7,6,3,9,6,2,8
peerless,8,3,2,5,3,2,5
peers,5,3,4,7,3,4,7
pees,4,2,5,7,2,4,6
peeve,5,1,3,4,1,3,4
peeve's,7,3,2,5,3,2,5
peeved,6,3,3,6,3,3,6
peeves,6,3,4,7,3,4,7
peeving,7,5,4,9,5,3,8
peevish,7,2,0,2,2,1,3
peevishly,9,2,0,2,2,0,2
peevishness,11,2,0,2,2,0,2
peevishness's,13,2,0,2,2,0,2
peewee,6,2,0,2,2,0,2
peewee's,8,4,0,4,3,0,3
peewees,7,3,0,3,2,0,2
peg,3,3,7,10,3,7,10
peg's,5,5,3,8,5,2,7
pegged,6,3,7,10,3,6,9
pegging,7,4,3,7,4,3,7
pegs,4,3,6,9,3,5,8
pejorative,10,7,2,9,7,2,9
pejorative's,12,4,0,4,4,0,4
pejoratives,11,3,1,4,6,0,6
pekoe,5,2,5,7,2,8,10
pekoe's,7,4,5,9,3,6,9
pelagic,7,4,2,6,4,4,8
pelican,7,5,2,7,5,1,6
pelican's,9,7,1,8,7,2,9
pelicans,8,6,4,10,6,3,9
pellagra,8,3,2,5,3,2,5
pellagra's,10,5,0,5,4,0,4
pellet,6,2,5,7,2,5,7
pellet's,8,4,2,6,4,3,7
pelleted,8,3,2,5,3,2,5
pelleting,9,5,2,7,5,1,6
pellets,7,3,3,6,3,3,6
pellucid,8,3,2,5,3,1,4
pelt,4,4,7,11,4,6,10
pelt's,6,6,6,12,6,5,11
pelted,6,5,4,9,5,4,9
pelting,7,7,4,11,7,4,11
pelts,5,5,7,12,5,6,11
pelves,6,3,3,6,3,3,6
pelvic,6,4,3,7,4,3,7
pelvis,6,4,3,7,3,6,9
pelvis's,8,5,1,6,5,2,7
pelvises,8,3,1,4,3,1,4
pen,3,3,10,13,3,12,15
pen's,5,5,8,13,5,8,13
penal,5,5,2,7,5,3,8
penalize,8,5,2,7,4,2,6
penalized,9,6,2,8,4,2,6
penalizes,9,4,1,5,5,0,5
penalizing,10,3,1,4,3,1,4
penalties,9,4,1,5,4,1,5
penalty,7,3,2,5,3,1,4
penalty's,9,5,0,5,5,1,6
penance,7,2,2,4,2,1,3
penance's,9,4,0,4,3,1,4
penances,8,2,4,6,2,4,6
pence,5,3,4,7,3,6,9
penchant,8,3,2,5,3,3,6
penchant's,10,6,0,6,5,1,6
penchants,9,5,2,7,4,2,6
pencil,6,3,3,6,3,3,6
pencil's,8,6,1,7,6,1,7
penciled,8,3,4,7,3,3,6
penciling,9,3,1,4,3,1,4
pencilled,9,4,2,6,4,2,6
pencilling,10,3,1,4,3,1,4
pencils,7,5,3,8,5,2,7
pendant,7,3,3,6,2,2,4
pendant's,9,5,0,5,4,2,6
pendants,8,3,2,5,3,2,5
pended,6,4,3,7,4,2,6
pendent,7,3,4,7,3,4,7
pendent's,9,5,2,7,5,2,7
pendents,8,2,3,5,3,2,5
pending,7,6,5,11,6,5,11
pends,5,5,6,11,5,6,11
pendulous,9,6,3,9,6,3,9
pendulum,8,2,4,6,2,4,6
pendulum's,10,4,3,7,3,3,6
pendulums,9,3,4,7,3,3,6
penes,5,3,3,6,3,3,6
penetrable,10,5,2,7,2,1,3
penetrate,9,3,1,4,2,1,3
penetrated,10,3,1,4,3,1,4
penetrates,10,3,0,3,3,0,3
penetrating,11,5,1,6,3,1,4
penetration,11,7,1,8,4,1,5
penetration's,13,9,0,9,5,0,5
penetrations,12,3,0,3,5,0,5
penetrative,11,3,1,4,2,1,3
penguin,7,4,2,6,4,1,5
penguin's,9,6,1,7,6,1,7
penguins,8,4,2,6,4,2,6
penicillin,10,2,1,3,2,1,3
penicillin's,12,3,1,4,3,0,3
penile,6,5,1,6,3,4,7
peninsula,9,3,0,3,3,0,3
peninsula's,11,3,1,4,4,0,4
peninsular,10,2,0,2,3,1,4
peninsulas,10,3,0,3,3,0,3
penis,5,3,5,8,3,6,9
penis's,7,5,3,8,5,3,8
penises,7,2,4,6,2,3,5
penitence,9,2,1,3,2,1,3
penitence's,11,4,0,4,3,1,4
penitent,8,2,2,4,2,3,5
penitent's,10,4,0,4,4,1,5
penitential,11,2,1,3,2,1,3
penitentiaries,14,5,0,5,2,0,2
penitentiary,12,2,1,3,2,1,3
penitentiary's,14,5,0,5,3,0,3
penitently,10,2,1,3,2,2,4
penitents,9,3,1,4,3,2,5
penknife,8,3,2,5,3,2,5
penknife's,10,5,1,6,5,1,6
penknives,9,4,0,4,4,2,6
penlight,8,5,1,6,3,2,5
penlight's,10,4,1,5,3,1,4
penlights,9,4,1,5,4,1,5
penlite,7,3,2,5,3,1,4
penlite's,9,5,0,5,4,1,5
penlites,8,4,1,5,4,1,5
penmanship,10,3,0,3,4,0,4
penmanship's,12,4,0,4,3,0,3
pennant,7,3,3,6,2,2,4
pennant's,9,5,0,5,4,1,5
pennants,8,3,3,6,3,3,6
penned,6,3,5,8,3,5,8
pennies,7,4,4,8,3,3,6
penniless,9,3,1,4,3,1,4
penning,7,4,2,6,4,2,6
pennon,6,3,3,6,3,3,6
pennon's,8,5,2,7,5,1,6
pennons,7,3,2,5,3,2,5
penny,5,4,4,8,4,3,7
penny's,7,6,2,8,6,2,8
pennyweight,11,7,1,8,2,1,3
pennyweight's,13,9,0,9,3,1,4
pennyweights,12,8,0,8,4,0,4
penologist,10,5,1,6,5,0,5
penologist's,12,6,1,7,3,1,4
penologists,11,3,1,4,3,1,4
penology,8,2,3,5,2,3,5
penology's,10,4,2,6,3,2,5
pens,4,4,7,11,4,6,10
pension,7,6,0,6,6,0,6
pension's,9,7,0,7,7,0,7
pensioned,9,2,1,3,2,1,3
pensioner,9,3,1,4,4,0,4
pensioner's,11,3,0,3,3,0,3
pensioners,10,3,0,3,3,0,3
pensioning,10,2,1,3,2,1,3
pensions,8,6,0,6,6,0,6
pensive,7,5,1,6,2,2,4
pensively,9,3,0,3,3,0,3
pensiveness,11,2,1,3,3,0,3
pensiveness's,13,2,0,2,2,0,2
pent,4,4,8,12,4,8,12
pentagon,8,5,2,7,3,3,6
pentagon's,10,6,0,6,6,1,7
pentagonal,10,3,2,5,3,2,5
pentagons,9,4,2,6,4,2,6
pentameter,10,5,2,7,5,3,8
pentameter's,12,7,1,8,7,1,8
pentameters,11,6,1,7,6,1,7
pentathlon,10,3,2,5,3,2,5
pentathlon's,12,5,0,5,4,1,5
pentathlons,11,4,1,5,3,2,5
penthouse,9,3,0,3,3,0,3
penthouse's,11,4,1,5,3,2,5
penthouses,10,3,1,4,3,0,3
penultimate,11,4,1,5,2,2,4
penultimate's,13,3,0,3,3,0,3
penultimates,12,4,0,4,4,0,4
penurious,9,4,2,6,5,1,6
penury,6,4,3,7,4,3,7
penury's,8,6,2,8,6,2,8
peon,4,3,5,8,3,5,8
peon's,6,5,4,9,5,4,9
peonage,7,3,2,5,3,1,4
peonage's,9,5,1,6,4,1,5
peonies,7,4,4,8,3,3,6
peons,5,4,3,7,4,4,8
peony,5,3,4,7,2,5,7
peony's,7,4,3,7,4,4,8
people,6,2,4,6,3,3,6
people's,8,5,3,8,5,5,10
peopled,7,4,3,7,4,2,6
peoples,7,3,6,9,4,4,8
peopling,8,6,4,10,6,3,9
pep,3,2,13,15,2,7,9
pep's,5,4,6,10,4,2,6
pepped,6,3,6,9,3,5,8
pepper,6,3,8,11,3,5,8
pepper's,8,4,7,11,5,5,10
peppercorn,10,3,1,4,3,1,4
peppercorn's,12,4,0,4,3,1,4
peppercorns,11,4,0,4,4,0,4
peppered,8,3,3,6,4,2,6
peppering,9,5,3,8,5,2,7
peppermint,10,3,2,5,3,1,4
peppermint's,12,3,0,3,3,0,3
peppermints,11,4,0,4,4,0,4
pepperoni,9,3,1,4,3,1,4
pepperoni's,11,4,0,4,3,1,4
pepperonis,10,3,1,4,4,0,4
peppers,7,3,6,9,4,3,7
peppery,7,3,4,7,3,1,4
peppier,7,3,5,8,4,4,8
peppiest,8,4,3,7,5,2,7
pepping,7,5,7,12,5,5,10
peppy,5,3,8,11,2,9,11
peps,4,3,8,11,3,3,6
pepsin,6,4,0,4,4,0,4
pepsin's,8,4,0,4,4,0,4
peptic,6,3,4,7,3,4,7
peptic's,8,4,3,7,4,3,7
peptics,7,3,5,8,3,5,8
per,3,2,9,11,2,8,10
perambulate,11,2,2,4,3,1,4
perambulated,12,2,2,4,2,2,4
perambulates,12,3,0,3,3,1,4
perambulating,13,4,1,5,2,2,4
perambulator,12,2,2,4,1,3,4
perambulator's,14,4,0,4,2,2,4
perambulators,13,3,0,3,3,1,4
percale,7,5,3,8,5,2,7
percale's,9,5,3,8,5,2,7
percales,8,6,1,7,6,1,7
perceivable,11,3,1,4,4,1,5
perceive,8,1,2,3,4,1,5
perceived,9,3,2,5,3,2,5
perceives,9,5,0,5,5,0,5
perceiving,10,3,1,4,4,1,5
percent,7,4,2,6,4,2,6
percent's,9,6,1,7,6,1,7
percentage,10,7,1,8,7,1,8
percentage's,12,9,0,9,9,0,9
percentages,11,8,0,8,8,0,8
percentile,10,6,2,8,6,2,8
percentile's,12,8,1,9,8,1,9
percentiles,11,7,1,8,7,1,8
percents,8,5,2,7,5,2,7
perceptible,11,3,1,4,3,1,4
perceptibly,11,3,1,4,3,1,4
perception,10,3,1,4,4,1,5
perception's,12,4,0,4,4,0,4
perceptions,11,4,0,4,5,0,5
perceptive,10,3,1,4,3,1,4
perceptively,12,2,1,3,2,1,3
perceptiveness,14,3,0,3,2,0,2
perceptiveness's,16,3,0,3,2,0,2
perceptual,10,2,2,4,2,2,4
perch,5,4,4,8,4,3,7
perch's,7,6,3,9,6,2,8
perchance,9,3,2,5,3,2,5
perched,7,5,2,7,5,1,6
perches,7,3,3,6,4,3,7
perching,8,5,2,7,6,3,9
percolate,9,4,2,6,3,2,5
percolated,10,5,2,7,5,2,7
percolates,10,3,1,4,4,1,5
percolating,11,6,1,7,5,1,6
percolation,11,8,1,9,5,1,6
percolation's,13,7,0,7,6,0,6
percolator,10,3,2,5,3,2,5
percolator's,12,4,0,4,4,1,5
percolators,11,4,1,5,4,1,5
percussion,10,4,0,4,4,0,4
percussion's,12,6,0,6,3,0,3
percussionist,13,3,0,3,3,0,3
percussionist's,15,3,0,3,3,0,3
percussionists,14,3,0,3,3,0,3
perdition,9,6,1,7,6,1,7
perdition's,11,6,0,6,5,0,5
peregrination,13,5,1,6,5,1,6
peregrination's,15,6,0,6,6,0,6
peregrinations,14,6,0,6,6,0,6
peremptorily,12,3,2,5,2,2,4
peremptory,10,4,3,7,5,2,7
perennial,9,2,1,3,2,1,3
perennial's,11,4,1,5,3,2,5
perennially,11,3,1,4,3,1,4
perennials,10,3,2,5,4,1,5
perfect,7,3,2,5,2,2,4
perfect's,9,5,1,6,4,1,5
perfected,9,4,2,6,5,1,6
perfecter,9,1,2,3,1,2,3
perfectest,10,4,0,4,3,0,3
perfectible,11,3,1,4,4,1,5
perfecting,10,8,1,9,8,1,9
perfection,10,4,1,5,4,1,5
perfection's,12,6,0,6,5,0,5
perfectionism,13,9,0,9,5,0,5
perfectionism's,15,10,0,10,5,0,5
perfectionist,13,9,0,9,5,0,5
perfectionist's,15,10,0,10,5,0,5
perfectionists,14,3,0,3,3,0,3
perfections,11,5,0,5,5,0,5
perfectly,9,3,2,5,3,2,5
perfects,8,4,2,6,4,1,5
perfidies,9,4,0,4,5,0,5
perfidious,10,3,3,6,8,1,9
perfidy,7,3,4,7,3,4,7
perfidy's,9,5,4,9,6,2,8
perforate,9,4,1,5,2,1,3
perforated,10,3,1,4,3,1,4
perforates,10,3,0,3,4,1,5
perforating,11,6,1,7,5,1,6
perforation,11,8,1,9,5,1,6
perforation's,13,7,0,7,6,0,6
perforations,12,4,0,4,4,0,4
perforce,8,2,3,5,2,3,5
perform,7,3,3,6,2,4,6
performance,11,3,2,5,2,1,3
performance's,13,3,1,4,2,1,3
performances,12,4,0,4,3,1,4
performed,9,5,1,6,5,1,6
performer,9,2,2,4,2,2,4
performer's,11,3,0,3,3,0,3
performers,10,3,1,4,3,1,4
performing,10,7,1,8,7,1,8
performs,8,5,1,6,5,1,6
perfume,7,5,3,8,5,2,7
perfume's,9,5,1,6,4,2,6
perfumed,8,6,1,7,6,1,7
perfumeries,11,4,0,4,4,0,4
perfumery,9,3,2,5,3,1,4
perfumery's,11,5,0,5,4,0,4
perfumes,8,6,2,8,6,2,8
perfuming,9,8,1,9,8,1,9
perfunctorily,13,4,1,5,3,1,4
perfunctory,11,3,2,5,2,3,5
perhaps,7,5,3,8,5,3,8
pericardia,10,2,1,3,2,1,3
pericardium,11,2,2,4,3,2,5
pericardium's,13,3,1,4,4,0,4
pericardiums,12,4,0,4,3,0,3
perigee,7,2,2,4,2,0,2
perigee's,9,4,1,5,3,0,3
perigees,8,3,1,4,3,0,3
perihelia,9,2,1,3,2,1,3
perihelion,10,3,1,4,3,1,4
perihelion's,12,4,0,4,4,0,4
perihelions,11,3,0,3,3,0,3
peril,5,3,5,8,3,5,8
peril's,7,5,4,9,5,4,9
periled,7,4,3,7,5,2,7
periling,8,5,3,8,5,3,8
perilled,8,4,2,6,4,2,6
perilling,9,6,2,8,6,2,8
perilous,8,4,1,5,4,1,5
perilously,10,5,0,5,5,0,5
perils,6,4,3,7,4,2,6
perimeter,9,2,1,3,2,1,3
perimeter's,11,3,0,3,3,0,3
perimeters,10,3,0,3,3,0,3
period,6,4,3,7,4,3,7
period's,8,6,1,7,6,1,7
periodic,8,3,1,4,3,1,4
periodical,10,2,1,3,2,1,3
periodical's,12,6,0,6,3,0,3
periodically,12,4,1,5,3,1,4
periodicals,11,3,1,4,3,1,4
periodicity,11,3,2,5,2,2,4
periodontal,11,3,1,4,3,1,4
periods,7,5,1,6,5,2,7
peripatetic,11,3,1,4,2,1,3
peripatetic's,13,3,0,3,3,0,3
peripatetics,12,2,1,3,3,0,3
peripheral,10,2,1,3,2,1,3
peripheral's,12,3,0,3,3,0,3
peripherals,11,2,1,3,7,0,7
peripheries,11,4,0,4,4,0,4
periphery,9,3,2,5,3,1,4
periphery's,11,5,0,5,6,1,7
periphrases,11,3,0,3,3,0,3
periphrasis,11,2,0,2,2,0,2
periphrasis's,13,3,0,3,2,0,2
periscope,9,3,1,4,3,1,4
periscope's,11,4,1,5,4,0,4
periscopes,10,3,1,4,3,1,4
perish,6,5,1,6,5,0,5
perishable,10,3,0,3,3,0,3
perishable's,12,3,0,3,3,0,3
perishables,11,2,0,2,2,0,2
perished,8,4,0,4,4,0,4
perishes,8,5,1,6,5,0,5
perishing,9,5,0,5,4,0,4
peritonea,9,2,2,4,2,2,4
peritoneum,10,2,2,4,2,2,4
peritoneum's,12,4,0,4,4,0,4
peritoneums,11,4,0,4,4,0,4
peritonitis,11,3,0,3,3,0,3
peritonitis's,13,2,0,2,2,0,2
periwig,7,2,3,5,3,2,5
periwig's,9,4,2,6,5,0,5
periwigs,8,4,1,5,4,1,5
periwinkle,10,2,2,4,2,2,4
periwinkle's,12,4,0,4,4,0,4
periwinkles,11,4,0,4,3,1,4
perjure,7,4,1,5,4,0,4
perjured,8,3,1,4,3,1,4
perjurer,8,2,2,4,2,2,4
perjurer's,10,3,0,3,3,0,3
perjurers,9,3,1,4,3,0,3
perjures,8,3,0,3,3,0,3
perjuries,9,5,1,6,5,1,6
perjuring,9,5,1,6,5,1,6
perjury,7,4,5,9,4,3,7
perjury's,9,6,4,10,6,1,7
perk,4,4,7,11,4,6,10
perk's,6,5,6,11,5,6,11
perked,6,4,3,7,4,4,8
perkier,7,4,3,7,4,3,7
perkiest,8,6,2,8,6,2,8
perkiness,9,4,1,5,4,1,5
perkiness's,11,6,0,6,6,0,6
perking,7,6,3,9,6,3,9
perks,5,4,8,12,4,8,12
perky,5,4,4,8,4,3,7
perm,4,4,5,9,4,4,8
perm's,6,6,4,10,6,4,10
permafrost,10,3,1,4,3,1,4
permafrost's,12,4,1,5,2,1,3
permanence,10,6,1,7,6,1,7
permanence's,12,8,0,8,8,0,8
permanent,9,4,1,5,4,1,5
permanent's,11,5,0,5,4,0,4
permanently,11,2,2,4,2,1,3
permanents,10,3,1,4,3,1,4
permeability,12,3,2,5,3,2,5
permeability's,14,3,0,3,4,0,4
permeable,9,3,1,4,2,1,3
permeate,8,3,1,4,3,2,5
permeated,9,5,2,7,4,2,6
permeates,9,4,1,5,4,1,5
permeating,10,7,2,9,7,2,9
permed,6,5,1,6,4,4,8
perming,7,7,3,10,7,3,10
permissible,11,3,0,3,2,1,3
permissibly,11,2,0,2,2,0,2
permission,10,5,0,5,3,0,3
permission's,12,3,0,3,3,0,3
permissions,11,2,0,2,2,0,2
permissive,10,5,0,5,2,1,3
permissively,12,3,0,3,2,0,2
permissiveness,14,4,0,4,2,0,2
permissiveness's,16,3,0,3,2,0,2
permit,6,5,4,9,5,4,9
permit's,8,7,3,10,7,3,10
permits,7,6,4,10,4,4,8
permitted,9,4,1,5,4,1,5
permitting,10,5,1,6,4,1,5
perms,5,5,6,11,5,6,11
permutation,11,6,1,7,5,1,6
permutation's,13,6,0,6,6,0,6
permutations,12,6,0,6,5,0,5
permute,7,5,3,8,5,2,7
permuted,8,6,1,7,6,1,7
permutes,8,6,2,8,6,2,8
permuting,9,8,1,9,8,1,9
pernicious,10,4,2,6,7,2,9
perniciously,12,6,0,6,6,1,7
peroration,10,6,1,7,5,1,6
peroration's,12,9,0,9,6,0,6
perorations,11,8,0,8,6,0,6
peroxide,8,3,3,6,3,3,6
peroxide's,10,4,2,6,4,2,6
peroxided,9,4,1,5,3,1,4
peroxides,9,3,3,6,4,1,5
peroxiding,10,5,1,6,5,1,6
perpendicular,13,2,1,3,2,1,3
perpendicular's,15,2,1,3,3,0,3
perpendiculars,14,2,1,3,3,0,3
perpetrate,10,3,1,4,3,1,4
perpetrated,11,4,2,6,4,1,5
perpetrates,11,4,0,4,4,0,4
perpetrating,12,4,1,5,7,1,8
perpetration,12,7,1,8,7,1,8
perpetration's,14,9,0,9,6,0,6
perpetrator,11,2,2,4,2,1,3
perpetrator's,13,3,0,3,3,0,3
perpetrators,12,5,1,6,5,0,5
perpetual,9,3,2,5,3,2,5
perpetual's,11,4,1,5,4,1,5
perpetually,11,5,2,7,3,1,4
perpetuals,10,3,1,4,4,0,4
perpetuate,10,3,1,4,3,1,4
perpetuated,11,4,2,6,4,1,5
perpetuates,11,4,0,4,4,0,4
perpetuating,12,5,1,6,7,1,8
perpetuation,12,7,1,8,7,1,8
perpetuation's,14,9,0,9,6,0,6
perpetuity,10,2,2,4,2,2,4
perpetuity's,12,5,1,6,5,0,5
perplex,7,2,2,4,2,2,4
perplexed,9,2,1,3,2,1,3
perplexes,9,3,0,3,3,0,3
perplexing,10,3,1,4,7,1,8
perplexities,12,2,0,2,2,0,2
perplexity,10,2,2,4,6,2,8
perplexity's,12,4,0,4,4,0,4
perquisite,10,2,1,3,2,0,2
perquisite's,12,4,0,4,2,0,2
perquisites,11,2,0,2,2,0,2
persecute,9,3,0,3,3,0,3
persecuted,10,2,0,2,2,0,2
persecutes,10,2,0,2,2,0,2
persecuting,11,6,0,6,9,0,9
persecution,11,6,0,6,9,0,9
persecution's,13,4,1,5,3,1,4
persecutions,12,5,0,5,3,0,3
persecutor,10,2,0,2,2,0,2
persecutor's,12,5,0,5,3,0,3
persecutors,11,3,0,3,3,0,3
perseverance,12,2,1,3,2,1,3
perseverance's,14,2,0,2,2,1,3
persevere,9,2,0,2,2,0,2
persevered,10,2,0,2,2,0,2
perseveres,10,2,0,2,2,0,2
persevering,11,5,1,6,2,0,2
persiflage,10,4,0,4,3,1,4
persiflage's,12,2,0,2,2,0,2
persimmon,9,3,0,3,3,0,3
persimmon's,11,4,0,4,3,0,3
persimmons,10,3,0,3,3,0,3
persist,7,3,0,3,2,0,2
persisted,9,2,0,2,2,0,2
persistence,11,2,0,2,2,0,2
persistence's,13,2,0,2,2,0,2
persistent,10,4,0,4,3,0,3
persistently,12,2,0,2,2,0,2
persisting,10,4,0,4,3,0,3
persists,8,2,1,3,2,1,3
persnickety,11,3,0,3,2,0,2
person,6,4,0,4,4,0,4
person's,8,4,1,5,4,1,5
persona,7,4,0,4,4,0,4
persona's,9,8,0,8,8,0,8
personable,10,3,0,3,3,0,3
personae,8,3,0,3,3,0,3
personage,9,4,0,4,4,0,4
personage's,11,3,0,3,2,1,3
personages,10,4,0,4,4,0,4
personal,8,4,0,4,4,1,5
personal's,10,4,0,4,4,0,4
personalities,13,7,0,7,3,0,3
personality,11,3,0,3,3,0,3
personality's,13,7,0,7,3,0,3
personalize,11,5,1,6,2,0,2
personalized,12,3,0,3,3,0,3
personalizes,12,2,0,2,2,0,2
personalizing,13,3,0,3,3,0,3
personally,10,4,0,4,4,0,4
personals,9,7,1,8,7,1,8
personification,15,2,0,2,2,0,2
personification's,17,2,0,2,2,0,2
personifications,16,2,0,2,2,0,2
personified,11,5,1,6,2,1,3
personifies,11,2,1,3,2,1,3
personify,9,6,0,6,4,1,5
personifying,12,4,0,4,3,0,3
personnel,9,5,0,5,3,1,4
personnel's,11,3,0,3,3,0,3
persons,7,3,1,4,4,1,5
perspective,11,4,0,4,2,0,2
perspective's,13,2,1,3,2,1,3
perspectives,12,2,0,2,2,0,2
perspicacious,13,3,0,3,3,0,3
perspicacity,12,3,0,3,3,0,3
perspicacity's,14,4,1,5,3,0,3
perspicuity,11,3,0,3,3,0,3
perspicuity's,13,5,1,6,3,1,4
perspicuous,11,2,1,3,2,2,4
perspiration,12,3,0,3,3,0,3
perspiration's,14,4,0,4,3,0,3
perspire,8,2,2,4,2,2,4
perspired,9,3,0,3,3,0,3
perspires,9,3,1,4,3,0,3
perspiring,10,3,0,3,3,0,3
persuade,8,4,0,4,4,0,4
persuaded,9,4,1,5,4,0,4
persuades,9,4,1,5,2,2,4
persuading,10,6,0,6,5,0,5
persuasion,10,2,0,2,3,0,3
persuasion's,12,2,0,2,3,0,3
persuasions,11,3,0,3,3,0,3
persuasive,10,1,1,2,2,0,2
persuasively,12,2,0,2,2,0,2
persuasiveness,14,1,0,1,1,0,1
persuasiveness's,16,1,0,1,1,0,1
pert,4,3,8,11,3,7,10
pertain,7,6,2,8,6,2,8
pertained,9,5,1,6,5,1,6
pertaining,10,6,1,7,4,1,5
pertains,8,5,2,7,5,2,7
perter,6,3,3,6,3,3,6
pertest,7,3,2,5,3,2,5
pertinacious,12,5,0,5,5,0,5
pertinacity,11,3,1,4,3,1,4
pertinacity's,13,3,0,3,4,0,4
pertinence,10,5,2,7,5,2,7
pertinence's,12,7,1,8,7,1,8
pertinent,9,4,1,5,4,1,5
pertly,6,3,5,8,4,4,8
pertness,8,4,1,5,4,1,5
pertness's,10,5,1,6,5,1,6
perturb,7,3,5,8,3,3,6
perturbation,12,3,1,4,5,1,6
perturbation's,14,3,0,3,4,0,4
perturbations,13,3,0,3,4,0,4
perturbed,9,4,2,6,4,2,6
perturbing,10,6,2,8,6,2,8
perturbs,8,4,2,6,4,2,6
perusal,7,3,1,4,3,1,4
perusal's,9,4,2,6,4,0,4
perusals,8,4,1,5,5,0,5
peruse,6,3,2,5,2,3,5
perused,7,4,0,4,4,3,7
peruses,7,3,4,7,4,2,6
perusing,8,6,2,8,6,2,8
pervade,7,4,4,8,4,3,7
pervaded,8,4,1,5,4,1,5
pervades,8,5,2,7,5,2,7
pervading,9,6,2,8,6,2,8
pervasive,9,4,0,4,4,0,4
perverse,8,3,0,3,3,0,3
perversely,10,2,1,3,2,0,2
perverseness,12,2,0,2,2,0,2
perverseness's,14,2,0,2,2,0,2
perversion,10,3,1,4,7,0,7
perversion's,12,4,1,5,8,0,8
perversions,11,3,0,3,3,0,3
perversity,10,3,1,4,6,1,7
perversity's,12,3,1,4,7,1,8
pervert,7,3,2,5,3,2,5
pervert's,9,5,1,6,5,1,6
perverted,9,3,1,4,3,1,4
perverting,10,5,1,6,3,1,4
perverts,8,3,2,5,3,2,5
peseta,6,2,1,3,2,1,3
peseta's,8,4,0,4,3,0,3
pesetas,7,4,0,4,2,1,3
peskier,7,5,1,6,4,2,6
peskiest,8,3,0,3,4,0,4
pesky,5,4,2,6,3,3,6
peso,4,2,4,6,2,4,6
peso's,6,3,4,7,3,4,7
pesos,5,2,5,7,2,5,7
pessimism,9,4,0,4,3,0,3
pessimism's,11,2,0,2,3,0,3
pessimist,9,4,0,4,3,0,3
pessimist's,11,2,0,2,3,0,3
pessimistic,11,1,0,1,1,0,1
pessimistically,15,3,0,3,2,0,2
pessimists,10,1,0,1,1,0,1
pest,4,4,8,12,4,7,11
pest's,6,5,6,11,5,6,11
pester,6,4,4,8,4,5,9
pestered,8,5,1,6,5,1,6
pestering,9,7,1,8,7,2,9
pesters,7,4,2,6,4,2,6
pesticide,9,3,0,3,3,0,3
pesticide's,11,4,0,4,4,0,4
pesticides,10,3,0,3,3,0,3
pestilence,10,3,1,4,3,1,4
pestilence's,12,5,0,5,4,0,4
pestilences,11,5,0,5,4,1,5
pestilent,9,3,0,3,3,0,3
pestle,6,4,5,9,3,2,5
pestle's,8,5,1,6,5,1,6
pestled,7,5,3,8,4,2,6
pestles,7,4,2,6,4,2,6
pestling,8,5,1,6,5,1,6
pests,5,4,5,9,4,5,9
pet,3,3,10,13,3,9,12
pet's,5,5,7,12,5,5,10
petal,5,4,3,7,4,4,8
petal's,7,6,1,7,6,2,8
petals,6,5,3,8,5,5,10
petard,6,4,2,6,4,2,6
petard's,8,5,1,6,5,3,8
petards,7,4,1,5,4,1,5
peter,5,4,1,5,4,1,5
peter's,7,5,3,8,5,3,8
petered,7,4,3,7,4,2,6
petering,8,6,2,8,6,2,8
peters,6,5,0,5,5,0,5
petiole,7,4,3,7,2,2,4
petiole's,9,6,2,8,5,2,7
petioles,8,5,1,6,5,1,6
petite,6,3,3,6,2,4,6
petite's,8,5,2,7,4,0,4
petites,7,3,4,7,3,4,7
petition,8,3,2,5,3,2,5
petition's,10,4,2,6,3,2,5
petitioned,10,3,3,6,4,2,6
petitioner,10,3,2,5,3,2,5
petitioner's,12,5,0,5,4,0,4
petitioners,11,4,1,5,4,0,4
petitioning,11,5,1,6,3,1,4
petitions,9,4,3,7,5,2,7
petrel,6,2,3,5,2,3,5
petrel's,8,4,1,5,4,1,5
petrels,7,3,2,5,3,2,5
petrifaction,12,6,1,7,3,1,4
petrifaction's,14,10,0,10,4,0,4
petrified,9,4,1,5,4,1,5
petrifies,9,5,0,5,4,0,4
petrify,7,5,2,7,3,4,7
petrifying,10,5,1,6,4,1,5
petrochemical,13,3,1,4,2,1,3
petrochemical's,15,3,0,3,3,0,3
petrochemicals,14,4,0,4,3,0,3
petrol,6,3,4,7,2,4,6
petrol's,8,5,0,5,4,3,7
petrolatum,10,4,2,6,3,3,6
petrolatum's,12,5,0,5,4,2,6
petroleum,9,3,2,5,3,1,4
petroleum's,11,5,0,5,4,0,4
pets,4,4,9,13,4,5,9
petted,6,4,5,9,4,3,7
petticoat,9,3,2,5,3,2,5
petticoat's,11,5,1,6,3,3,6
petticoats,10,3,1,4,4,1,5
pettier,7,3,2,5,3,2,5
pettiest,8,3,0,3,3,0,3
pettifog,8,3,2,5,3,2,5
pettifogged,11,8,1,9,3,2,5
pettifogger,11,7,2,9,2,2,4
pettifogger's,13,3,0,3,3,1,4
pettifoggers,12,4,1,5,3,1,4
pettifogging,12,3,1,4,3,1,4
pettifogs,9,4,1,5,4,1,5
pettily,7,4,4,8,3,3,6
pettiness,9,3,2,5,3,2,5
pettiness's,11,5,2,7,6,1,7
petting,7,6,5,11,6,5,11
petty,5,4,5,9,4,4,8
petulance,9,3,1,4,3,2,5
petulance's,11,5,0,5,5,1,6
petulant,8,4,2,6,3,4,7
petulantly,10,4,2,6,2,3,5
petunia,7,4,3,7,4,2,6
petunia's,9,6,2,8,6,2,8
petunias,8,5,3,8,5,3,8
pew,3,3,9,12,3,10,13
pew's,5,5,6,11,4,6,10
pewee,5,2,2,4,2,2,4
pewee's,7,4,1,5,4,1,5
pewees,6,3,0,3,3,0,3
pews,4,4,7,11,3,6,9
pewter,6,3,5,8,3,5,8
pewter's,8,6,3,9,5,4,9
pewters,7,5,2,7,5,2,7
peyote,6,2,7,9,2,6,8
peyote's,8,4,4,8,5,1,6
phalanges,9,8,1,9,8,1,9
phalanx,7,3,3,6,4,2,6
phalanx's,9,5,2,7,5,3,8
phalanxes,9,7,2,9,7,2,9
phalli,6,2,3,5,2,3,5
phallic,7,3,3,6,4,3,7
phallus,7,3,3,6,3,3,6
phallus's,9,5,2,7,3,2,5
phalluses,9,5,1,6,5,1,6
phantasied,10,3,0,3,3,0,3
phantasies,10,3,1,4,3,0,3
phantasm,8,7,2,9,7,2,9
phantasm's,10,8,2,10,8,2,10
phantasmagoria,14,3,0,3,3,0,3
phantasmagoria's,16,3,0,3,3,0,3
phantasmagorias,15,2,0,2,2,0,2
phantasms,9,2,3,5,2,2,4
phantasy,8,6,3,9,6,3,9
phantasy's,10,7,3,10,7,3,10
phantasying,11,4,0,4,3,1,4
phantom,7,3,4,7,3,4,7
phantom's,9,5,3,8,6,1,7
phantoms,8,5,3,8,4,3,7
pharaoh,7,2,3,5,2,2,4
pharaoh's,9,5,1,6,5,1,6
pharaohs,8,3,1,4,3,1,4
pharmaceutical,14,2,1,3,2,1,3
pharmaceutical's,16,4,1,5,3,0,3
pharmaceuticals,15,3,1,4,3,1,4
pharmacies,10,4,0,4,5,0,5
pharmacist,10,4,0,4,4,1,5
pharmacist's,12,5,0,5,5,0,5
pharmacists,11,6,0,6,5,0,5
pharmacologist,14,3,0,3,3,0,3
pharmacologist's,16,4,0,4,3,0,3
pharmacologists,15,3,0,3,3,0,3
pharmacology,12,1,3,4,1,3,4
pharmacology's,14,3,2,5,2,2,4
pharmacopeia,12,2,1,3,2,1,3
pharmacopeia's,14,2,1,3,3,0,3
pharmacopeias,13,3,1,4,4,0,4
pharmacopoeia,13,2,1,3,2,1,3
pharmacopoeia's,15,3,1,4,3,0,3
pharmacopoeias,14,3,1,4,3,0,3
pharmacy,8,2,3,5,2,3,5
pharmacy's,10,4,2,6,4,1,5
pharyngeal,10,2,1,3,2,2,4
pharynges,9,9,1,10,9,1,10
pharynx,7,2,4,6,1,6,7
pharynx's,9,4,3,7,2,4,6
pharynxes,9,8,2,10,8,2,10
phase,5,4,2,6,4,2,6
phase's,7,5,2,7,5,2,7
phased,6,5,2,7,5,2,7
phases,6,4,4,8,4,4,8
phasing,7,6,3,9,6,3,9
pheasant,8,7,0,7,7,0,7
pheasant's,10,3,0,3,2,1,3
pheasants,9,2,2,4,2,0,2
phenobarbital,13,3,1,4,2,1,3
phenobarbital's,15,3,0,3,3,0,3
phenomena,9,3,1,4,2,2,4
phenomenal,10,2,1,3,2,1,3
phenomenally,12,1,2,3,1,2,3
phenomenon,10,2,1,3,2,1,3
phenomenon's,12,3,0,3,3,0,3
phenomenons,11,2,1,3,2,1,3
phenotype,9,2,3,5,1,4,5
pheromone,9,2,2,4,2,2,4
pheromone's,11,3,2,5,3,1,4
pheromones,10,4,1,5,3,2,5
phial,5,3,4,7,3,4,7
phial's,7,5,3,8,5,3,8
phials,6,4,4,8,4,4,8
philander,9,5,2,7,3,2,5
philandered,11,6,1,7,3,1,4
philanderer,11,6,1,7,3,1,4
philanderer's,13,2,1,3,3,0,3
philanderers,12,3,0,3,3,0,3
philandering,12,3,1,4,3,1,4
philanders,10,6,2,8,5,1,6
philanthropic,13,4,1,5,2,1,3
philanthropically,17,1,0,1,1,0,1
philanthropies,14,10,0,10,2,0,2
philanthropist,14,4,0,4,2,0,2
philanthropist's,16,5,0,5,2,0,2
philanthropists,15,4,0,4,3,0,3
philanthropy,12,3,1,4,3,1,4
philanthropy's,14,10,0,10,3,0,3
philatelic,10,3,1,4,3,1,4
philatelist,11,3,0,3,2,1,3
philatelist's,13,5,0,5,2,1,3
philatelists,12,4,0,4,3,0,3
philately,9,7,2,9,2,3,5
philately's,11,4,1,5,3,2,5
philharmonic,12,2,1,3,2,1,3
philharmonic's,14,3,2,5,3,0,3
philharmonics,13,3,3,6,3,1,4
philippic,9,1,2,3,1,2,3
philippic's,11,2,3,5,2,3,5
philippics,10,2,3,5,2,3,5
philistine,10,4,0,4,5,0,5
philistine's,12,6,0,6,3,1,4
philistines,11,4,0,4,3,0,3
philodendra,11,3,1,4,2,2,4
philodendron,12,2,1,3,2,1,3
philodendron's,14,4,1,5,4,0,4
philodendrons,13,3,1,4,4,0,4
philological,12,3,1,4,2,1,3
philologist,11,2,2,4,5,0,5
philologist's,13,5,0,5,5,0,5
philologists,12,4,0,4,6,0,6
philology,9,3,2,5,4,2,6
philology's,11,5,2,7,6,2,8
philosopher,11,3,0,3,3,0,3
philosopher's,13,4,0,4,3,0,3
philosophers,12,3,1,4,3,0,3
philosophic,11,2,1,3,2,1,3
philosophical,13,6,0,6,6,0,6
philosophically,15,2,0,2,2,0,2
philosophies,12,3,0,3,3,0,3
philosophize,12,3,0,3,3,0,3
philosophized,13,6,0,6,6,0,6
philosophizes,13,2,0,2,2,0,2
philosophizing,14,3,0,3,3,0,3
philosophy,10,2,2,4,2,1,3
philosophy's,12,3,1,4,2,1,3
philter,7,4,2,6,6,2,8
philter's,9,5,2,7,5,2,7
philters,8,4,3,7,4,2,6
phish,5,3,4,7,3,4,7
phished,7,4,2,6,4,2,6
phisher,7,4,1,5,4,1,5
phisher's,9,5,1,6,5,1,6
phishers,8,4,1,5,4,1,5
phishing,8,5,4,9,5,3,8
phlebitis,9,3,3,6,3,2,5
phlebitis's,11,4,0,4,4,0,4
phlegm,6,3,4,7,3,3,6
phlegm's,8,3,4,7,3,4,7
phlegmatic,10,3,1,4,3,1,4
phlegmatically,14,3,1,4,4,1,5
phloem,6,3,4,7,2,5,7
phloem's,8,5,3,8,4,4,8
phlox,5,1,7,8,1,7,8
phlox's,7,3,6,9,3,6,9
phloxes,7,4,2,6,4,3,7
phobia,6,4,2,6,4,2,6
phobia's,8,5,1,6,4,2,6
phobias,7,5,2,7,5,1,6
phobic,6,6,3,9,6,3,9
phobic's,8,5,3,8,5,3,8
phobics,7,7,4,11,7,4,11
phoebe,6,2,2,4,2,2,4
phoebe's,8,4,1,5,5,1,6
phoebes,7,3,3,6,4,4,8
phoenix,7,2,2,4,3,2,5
phoenix's,9,3,1,4,3,1,4
phoenixes,9,3,2,5,4,2,6
phone,5,3,4,7,3,4,7
phone's,7,5,3,8,5,3,8
phoned,6,4,5,9,4,5,9
phoneme,7,2,1,3,3,1,4
phoneme's,9,4,1,5,4,2,6
phonemes,8,4,0,4,2,4,6
phonemic,8,4,3,7,8,3,11
phones,6,4,6,10,4,6,10
phonetic,8,5,3,8,7,4,11
phonetically,12,4,1,5,5,1,6
phonetician,11,2,1,3,2,1,3
phonetician's,13,4,0,4,3,0,3
phoneticians,12,3,1,4,3,0,3
phonetics,9,5,2,7,3,3,6
phonetics's,11,6,0,6,5,1,6
phoney,6,4,5,9,4,5,9
phoney's,8,6,3,9,6,3,9
phoneyed,8,3,3,6,3,3,6
phoneying,9,5,1,6,2,2,4
phoneys,7,5,3,8,5,3,8
phonic,6,5,4,9,5,4,9
phonically,10,3,2,5,3,2,5
phonics,7,6,5,11,6,5,11
phonics's,9,5,1,6,4,1,5
phonied,7,4,5,9,4,5,9
phonier,7,4,2,6,4,1,5
phonies,7,5,2,7,5,2,7
phoniest,8,5,1,6,5,0,5
phoniness,9,5,2,7,5,2,7
phoniness's,11,6,2,8,6,2,8
phoning,7,4,5,9,4,5,9
phonograph,10,7,3,10,7,3,10
phonograph's,12,9,1,10,9,2,11
phonographs,11,8,1,9,8,1,9
phonological,12,4,2,6,3,2,5
phonologist,11,5,0,5,4,0,4
phonologist's,13,5,0,5,4,0,4
phonologists,12,3,0,3,3,0,3
phonology,9,2,4,6,2,4,6
phonology's,11,3,2,5,3,2,5
phony,5,3,7,10,4,7,11
phony's,7,4,6,10,4,6,10
phonying,8,4,5,9,4,5,9
phooey,6,3,6,9,3,6,9
phosphate,9,5,0,5,4,0,4
phosphate's,11,5,0,5,4,0,4
phosphates,10,4,0,4,4,0,4
phosphor,8,2,3,5,2,3,5
phosphor's,10,3,3,6,6,3,9
phosphorescence,15,1,0,1,1,0,1
phosphorescence's,17,1,1,2,1,1,2
phosphorescent,14,3,0,3,2,0,2
phosphoric,10,2,1,3,2,1,3
phosphors,9,2,4,6,2,3,5
phosphorus,10,2,4,6,5,4,9
phosphorus's,12,1,1,2,1,1,2
photo,5,2,4,6,2,4,6
photo's,7,4,3,7,6,3,9
photocopied,11,8,2,10,8,2,10
photocopier,11,7,3,10,7,3,10
photocopier's,13,7,0,7,4,1,5
photocopiers,12,4,1,5,4,0,4
photocopies,11,4,0,4,4,0,4
photocopy,9,2,4,6,2,4,6
photocopy's,11,3,2,5,3,2,5
photocopying,12,4,2,6,4,2,6
photoed,7,4,3,7,4,3,7
photoelectric,13,3,1,4,4,1,5
photogenic,10,4,2,6,2,2,4
photograph,10,6,4,10,6,4,10
photograph's,12,8,2,10,8,3,11
photographed,12,6,2,8,5,2,7
photographer,12,6,2,8,5,2,7
photographer's,14,3,0,3,3,1,4
photographers,13,4,0,4,3,1,4
photographic,12,2,1,3,2,1,3
photographically,16,2,1,3,2,1,3
photographing,13,4,1,5,2,1,3
photographs,11,7,2,9,7,2,9
photography,11,3,3,6,2,3,5
photography's,13,3,1,4,3,2,5
photoing,8,5,5,10,5,5,10
photojournalism,15,2,0,2,4,0,4
photojournalism's,17,9,0,9,4,0,4
photojournalist,15,3,0,3,4,0,4
photojournalist's,17,9,0,9,4,0,4
photojournalists,16,3,0,3,2,0,2
photon,6,1,5,6,1,5,6
photon's,8,3,3,6,3,3,6
photons,7,6,3,9,5,4,9
photos,6,4,4,8,4,4,8
photosensitive,14,2,0,2,3,0,3
photosynthesis,14,2,0,2,2,0,2
photosynthesis's,16,1,0,1,1,0,1
phototypesetter,15,2,0,2,2,0,2
phototypesetting,16,2,0,2,2,0,2
phrasal,7,2,1,3,2,1,3
phrase,6,4,4,8,4,4,8
phrase's,8,4,2,6,3,1,4
phrased,7,4,2,6,3,1,4
phraseology,11,2,1,3,3,0,3
phraseology's,13,3,2,5,2,1,3
phrases,7,3,2,5,3,3,6
phrasing,8,2,3,5,2,3,5
phrasing's,10,3,1,4,3,2,5
phrasings,9,4,1,5,3,2,5
phrenology,10,2,2,4,4,3,7
phrenology's,12,5,1,6,5,1,6
phyla,5,2,5,7,2,5,7
phylum,6,1,6,7,1,6,7
phylum's,8,2,4,6,2,4,6
physic,6,2,3,5,2,3,5
physic's,8,3,3,6,3,3,6
physical,8,4,1,5,4,1,5
physical's,10,5,1,6,4,1,5
physically,10,6,1,7,4,1,5
physicals,9,2,4,6,2,2,4
physician,9,3,1,4,3,1,4
physician's,11,3,2,5,2,2,4
physicians,10,2,2,4,3,1,4
physicist,9,3,0,3,3,0,3
physicist's,11,4,0,4,2,0,2
physicists,10,2,0,2,3,0,3
physicked,9,4,2,6,3,2,5
physicking,10,4,1,5,3,2,5
physics,7,2,4,6,3,4,7
physics's,9,2,2,4,2,2,4
physiognomies,13,6,0,6,3,0,3
physiognomy,11,3,1,4,2,1,3
physiognomy's,13,6,0,6,3,0,3
physiological,13,2,0,2,2,0,2
physiologist,12,2,0,2,2,0,2
physiologist's,14,3,0,3,2,0,2
physiologists,13,2,0,2,2,0,2
physiology,10,6,1,7,4,1,5
physiology's,12,2,2,4,2,1,3
physiotherapist,15,2,0,2,2,0,2
physiotherapist's,17,3,0,3,2,0,2
physiotherapists,16,2,0,2,2,0,2
physiotherapy,13,3,0,3,3,0,3
physiotherapy's,15,2,0,2,3,0,3
physique,8,4,0,4,4,0,4
physique's,10,5,0,5,5,1,6
physiques,9,3,0,3,3,0,3
pi,2,1,11,12,1,11,12
pi's,4,4,4,8,4,4,8
pianissimi,10,2,0,2,2,0,2
pianissimo,10,2,0,2,2,0,2
pianissimo's,12,2,0,2,2,1,3
pianissimos,11,2,1,3,2,1,3
pianist,7,4,3,7,3,2,5
pianist's,9,4,1,5,4,2,6
pianists,8,4,3,7,4,3,7
piano,5,4,6,10,4,6,10
piano's,7,6,5,11,6,5,11
pianoforte,10,3,1,4,3,1,4
pianoforte's,12,5,0,5,4,0,4
pianofortes,11,4,0,4,4,0,4
pianos,6,5,6,11,5,5,10
piazza,6,2,4,6,2,4,6
piazza's,8,3,3,6,3,3,6
piazzas,7,2,3,5,2,2,4
piazze,6,3,4,7,3,4,7
pica,4,4,7,11,4,7,11
pica's,6,5,7,12,5,7,12
picante,7,4,2,6,4,1,5
picaresque,10,3,0,3,4,0,4
picayune,8,4,1,5,5,2,7
piccalilli,10,1,2,3,1,2,3
piccalilli's,12,4,1,5,2,1,3
piccolo,7,4,4,8,4,4,8
piccolo's,9,6,3,9,6,3,9
piccolos,8,2,2,4,2,2,4
pick,4,4,11,15,4,11,15
pick's,6,6,10,16,6,10,16
pickaback,9,2,2,4,2,2,4
pickaback's,11,3,2,5,3,1,4
pickabacked,11,4,1,5,3,1,4
pickabacking,12,5,1,6,3,2,5
pickabacks,10,2,2,4,2,2,4
pickax,6,4,6,10,2,8,10
pickax's,8,6,5,11,5,7,12
pickaxe,7,3,5,8,3,1,4
pickaxe's,9,6,2,8,5,2,7
pickaxed,8,6,3,9,4,3,7
pickaxes,8,4,2,6,4,2,6
pickaxing,9,4,3,7,4,3,7
picked,6,5,5,10,5,8,13
picker,6,4,3,7,4,3,7
picker's,8,8,6,14,6,4,10
pickerel,8,5,3,8,5,3,8
pickerel's,10,7,1,8,7,1,8
pickerels,9,6,1,7,6,1,7
pickers,7,7,6,13,7,6,13
picket,6,6,6,12,6,6,12
picket's,8,8,4,12,8,4,12
picketed,8,4,4,8,7,3,10
picketing,9,5,3,8,5,3,8
pickets,7,7,4,11,7,4,11
pickier,7,5,2,7,5,3,8
pickiest,8,6,1,7,5,2,7
picking,7,5,4,9,5,5,10
pickings,8,4,5,9,5,4,9
pickings's,10,5,1,6,2,2,4
pickle,6,5,2,7,4,3,7
pickle's,8,7,2,9,6,6,12
pickled,7,5,5,10,4,7,11
pickles,7,5,2,7,5,2,7
pickling,8,5,4,9,4,4,8
pickpocket,10,2,4,6,2,3,5
pickpocket's,12,4,1,5,3,2,5
pickpockets,11,3,2,5,4,2,6
picks,5,5,9,14,5,9,14
pickup,6,3,7,10,3,6,9
pickup's,8,5,3,8,5,3,8
pickups,7,4,4,8,4,4,8
picky,5,5,8,13,3,9,12
picnic,6,3,3,6,3,4,7
picnic's,8,3,3,6,3,3,6
picnicked,9,4,2,6,4,1,5
picnicker,9,4,2,6,4,2,6
picnicker's,11,6,1,7,6,1,7
picnickers,10,4,3,7,4,2,6
picnicking,10,3,2,5,3,2,5
picnics,7,3,5,8,4,3,7
pictograph,10,3,2,5,3,2,5
pictograph's,12,5,1,6,4,1,5
pictographs,11,6,1,7,5,1,6
pictorial,9,4,3,7,1,4,5
pictorial's,11,8,2,10,8,2,10
pictorially,11,3,1,4,3,2,5
pictorials,10,7,2,9,7,2,9
picture,7,5,3,8,5,3,8
picture's,9,7,2,9,7,2,9
pictured,8,4,3,7,5,2,7
pictures,8,6,2,8,6,2,8
picturesque,11,2,1,3,2,1,3
picturing,9,5,2,7,5,2,7
piddle,6,4,5,9,4,4,8
piddle's,8,6,4,10,6,6,12
piddled,7,4,5,9,4,5,9
piddles,7,6,3,9,6,3,9
piddling,8,6,4,10,6,4,10
pidgin,6,3,3,6,2,5,7
pidgin's,8,6,3,9,5,4,9
pidgins,7,5,4,9,5,3,8
pie,3,3,6,9,3,6,9
pie's,5,5,4,9,5,4,9
piebald,7,4,2,6,3,3,6
piebald's,9,6,1,7,5,2,7
piebalds,8,5,2,7,4,2,6
piece,5,3,4,7,3,4,7
piece's,7,5,3,8,5,3,8
pieced,6,3,2,5,3,2,5
piecemeal,9,4,1,5,4,1,5
pieces,6,3,2,5,3,2,5
piecework,9,2,1,3,2,1,3
piecework's,11,3,0,3,3,0,3
piecing,7,5,3,8,5,3,8
pied,4,4,6,10,4,4,8
pieing,6,5,4,9,5,4,9
pier,4,4,4,8,4,4,8
pier's,6,6,2,8,6,2,8
pierce,6,5,0,5,5,0,5
pierced,7,4,2,6,4,0,4
pierces,7,4,0,4,4,1,5
piercing,8,4,2,6,4,2,6
piercing's,10,4,2,6,4,1,5
piercingly,10,3,1,4,3,1,4
piercings,9,4,2,6,4,1,5
piers,5,5,4,9,5,4,9
pies,4,4,5,9,4,4,8
piety,5,2,6,8,2,6,8
piety's,7,4,5,9,4,5,9
piffle,6,4,3,7,5,2,7
piffle's,8,6,3,9,7,5,12
pig,3,3,5,8,3,5,8
pig's,5,5,9,14,5,4,9
pigeon,6,6,2,8,6,3,9
pigeon's,8,8,1,9,8,1,9
pigeonhole,10,1,3,4,1,3,4
pigeonhole's,12,6,0,6,3,1,4
pigeonholed,11,2,2,4,2,2,4
pigeonholes,11,5,0,5,3,1,4
pigeonholing,12,2,1,3,2,1,3
pigeons,7,7,3,10,7,1,8
pigged,6,5,6,11,5,5,10
piggier,7,5,3,8,5,2,7
piggies,7,5,1,6,5,1,6
piggiest,8,5,2,7,5,1,6
pigging,7,4,4,8,4,5,9
piggish,7,4,2,6,3,3,6
piggishness,11,4,0,4,4,0,4
piggishness's,13,4,0,4,4,0,4
piggy,5,4,7,11,4,8,12
piggy's,7,4,11,15,5,9,14
piggyback,9,3,4,7,2,4,6
piggyback's,11,6,3,9,4,4,8
piggybacked,11,4,1,5,3,4,7
piggybacking,12,3,1,4,3,1,4
piggybacks,10,4,4,8,4,3,7
pigheaded,9,2,3,5,2,3,5
piglet,6,5,4,9,5,4,9
piglet's,8,7,2,9,7,2,9
piglets,7,6,3,9,5,3,8
pigment,7,6,4,10,6,4,10
pigment's,9,8,4,12,8,3,11
pigmentation,12,2,1,3,2,1,3
pigmentation's,14,9,0,9,4,0,4
pigments,8,7,3,10,7,3,10
pigmies,7,5,1,6,5,1,6
pigmy,5,4,7,11,4,8,12
pigmy's,7,5,5,10,5,5,10
pigpen,6,2,8,10,3,6,9
pigpen's,8,5,5,10,5,4,9
pigpens,7,4,6,10,4,6,10
pigs,4,4,5,9,4,5,9
pigskin,7,3,1,4,3,1,4
pigskin's,9,4,1,5,3,1,4
pigskins,8,2,4,6,2,4,6
pigsties,8,3,1,4,3,0,3
pigsty,6,3,4,7,2,4,6
pigsty's,8,4,4,8,3,4,7
pigtail,7,3,3,6,3,4,7
pigtail's,9,5,3,8,5,2,7
pigtails,8,3,4,7,4,4,8
piing,5,1,4,5,1,4,5
pike,4,4,7,11,4,7,11
pike's,6,6,6,12,6,5,11
piked,5,4,8,12,5,5,10
piker,5,4,7,11,4,6,10
piker's,7,6,4,10,6,3,9
pikers,6,5,5,10,5,4,9
pikes,5,4,10,14,4,8,12
piking,6,4,10,14,4,10,14
pilaf,5,5,3,8,5,3,8
pilaf's,7,7,2,9,7,2,9
pilaff,6,4,4,8,3,5,8
pilaff's,8,6,4,10,5,5,10
pilaffs,7,2,6,8,4,3,7
pilafs,6,6,3,9,6,3,9
pilaster,8,4,0,4,4,0,4
pilaster's,10,6,0,6,6,0,6
pilasters,9,3,1,4,4,1,5
pilau,5,5,4,9,5,4,9
pilau's,7,7,3,10,7,3,10
pilaus,6,6,4,10,6,4,10
pilaw,5,4,5,9,4,5,9
pilaw's,7,6,4,10,6,4,10
pilaws,6,5,5,10,5,5,10
pilchard,8,3,3,6,4,3,7
pilchard's,10,5,3,8,6,3,9
pilchards,9,4,3,7,4,3,7
pile,4,4,7,11,4,7,11
pile's,6,6,9,15,6,8,14
piled,5,5,4,9,5,4,9
piles,5,5,5,10,5,5,10
pileup,6,3,4,7,3,3,6
pileup's,8,5,3,8,5,3,8
pileups,7,4,4,8,4,4,8
pilfer,6,5,4,9,5,4,9
pilfered,8,5,2,7,5,3,8
pilferer,8,4,2,6,4,3,7
pilferer's,10,6,1,7,5,1,6
pilferers,9,5,1,6,4,1,5
pilfering,9,6,2,8,6,3,9
pilfers,7,5,6,11,5,6,11
pilgrim,7,3,3,6,3,3,6
pilgrim's,9,5,3,8,5,3,8
pilgrimage,10,3,1,4,2,1,3
pilgrimage's,12,4,0,4,4,0,4
pilgrimages,11,4,0,4,4,0,4
pilgrims,8,3,4,7,3,4,7
piling,6,5,5,10,5,5,10
piling's,8,7,4,11,7,4,11
pilings,7,5,5,10,5,4,9
pill,4,3,13,16,3,13,16
pill's,6,5,12,17,5,12,17
pillage,7,6,3,9,6,3,9
pillage's,9,8,2,10,8,2,10
pillaged,8,5,4,9,4,3,7
pillages,8,7,1,8,7,1,8
pillaging,9,4,2,6,4,2,6
pillar,6,3,7,10,3,7,10
pillar's,8,5,6,11,6,6,12
pillars,7,3,4,7,4,3,7
pillbox,7,3,4,7,4,3,7
pillbox's,9,5,3,8,6,2,8
pillboxes,9,4,2,6,4,2,6
pilled,6,5,8,13,5,8,13
pilling,7,5,6,11,5,7,12
pillion,7,5,4,9,5,5,10
pillion's,9,7,4,11,7,4,11
pillions,8,6,4,10,6,4,10
pilloried,9,3,2,5,3,1,4
pillories,9,5,1,6,5,1,6
pillory,7,4,4,8,3,5,8
pillory's,9,5,3,8,5,3,8
pillorying,10,4,2,6,4,2,6
pillow,6,4,5,9,4,4,8
pillow's,8,6,4,10,6,5,11
pillowcase,10,2,2,4,3,1,4
pillowcase's,12,5,0,5,4,0,4
pillowcases,11,4,0,4,4,0,4
pillowed,8,6,3,9,6,3,9
pillowing,9,6,4,10,6,4,10
pillows,7,5,6,11,5,4,9
pills,5,4,11,15,4,11,15
pilot,5,3,7,10,3,7,10
pilot's,7,5,6,11,5,6,11
piloted,7,5,2,7,5,2,7
pilothouse,10,4,0,4,4,0,4
pilothouse's,12,5,0,5,4,0,4
pilothouses,11,4,0,4,4,0,4
piloting,8,5,3,8,7,3,10
pilots,6,4,5,9,4,5,9
pimento,7,3,2,5,2,4,6
pimento's,9,5,2,7,4,3,7
pimentos,8,4,2,6,4,1,5
pimiento,8,4,2,6,3,3,6
pimiento's,10,6,1,7,3,3,6
pimientos,9,3,2,5,4,2,6
pimp,4,3,9,12,2,9,11
pimp's,6,4,8,12,4,8,12
pimped,6,4,5,9,4,5,9
pimpernel,9,4,1,5,4,1,5
pimpernel's,11,4,0,4,4,0,4
pimpernels,10,4,1,5,4,0,4
pimping,7,4,3,7,4,4,8
pimple,6,4,2,6,4,2,6
pimple's,8,6,2,8,6,5,11
pimples,7,5,2,7,5,2,7
pimplier,8,4,3,7,5,2,7
pimpliest,9,5,2,7,6,1,7
pimply,6,4,6,10,5,5,10
pimps,5,4,9,13,4,9,13
pin,3,3,6,9,3,6,9
pin's,5,5,10,15,4,5,9
pinafore,8,4,3,7,5,2,7
pinafore's,10,5,1,6,4,1,5
pinafores,9,4,1,5,4,1,5
pinball,7,3,3,6,5,4,9
pinball's,9,7,3,10,7,2,9
pincer,6,5,4,9,4,4,8
pincer's,8,6,5,11,6,5,11
pincers,7,5,5,10,5,5,10
pinch,5,5,7,12,5,7,12
pinch's,7,7,6,13,7,6,13
pinched,7,7,6,13,7,6,13
pinches,7,7,3,10,7,3,10
pinching,8,6,2,8,6,2,8
pincushion,10,3,0,3,3,1,4
pincushion's,12,4,1,5,3,1,4
pincushions,11,3,1,4,3,1,4
pine,4,4,7,11,4,7,11
pine's,6,6,6,12,6,5,11
pineapple,9,2,2,4,2,2,4
pineapple's,11,4,0,4,4,1,5
pineapples,10,4,0,4,4,1,5
pined,5,5,8,13,4,6,10
pines,5,5,6,11,5,6,11
pinfeather,10,2,2,4,2,2,4
pinfeather's,12,4,0,4,2,1,3
pinfeathers,11,2,1,3,2,1,3
ping,4,4,9,13,4,9,13
ping's,6,6,8,14,6,8,14
pinged,6,6,5,11,6,5,11
pinging,7,4,5,9,4,6,10
pings,5,5,8,13,5,8,13
pinhead,7,3,3,6,3,3,6
pinhead's,9,5,2,7,5,2,7
pinheads,8,4,3,7,4,3,7
pinhole,7,3,4,7,3,4,7
pinhole's,9,5,3,8,4,3,7
pinholes,8,4,3,7,3,4,7
pining,6,4,7,11,4,7,11
pinion,6,3,4,7,3,4,7
pinion's,8,5,3,8,5,3,8
pinioned,8,4,2,6,3,4,7
pinioning,9,2,2,4,2,2,4
pinions,7,4,5,9,4,3,7
pink,4,4,9,13,4,7,11
pink's,6,6,6,12,6,6,12
pinked,6,6,6,12,6,6,12
pinker,6,6,3,9,6,4,10
pinkest,7,5,2,7,5,3,8
pinkeye,7,2,2,4,2,1,3
pinkeye's,9,4,1,5,4,2,6
pinkie,6,3,1,4,3,2,5
pinkie's,8,5,1,6,5,3,8
pinkies,7,4,2,6,4,2,6
pinking,7,5,5,10,5,6,11
pinkish,7,4,1,5,3,1,4
pinks,5,5,8,13,5,7,12
pinky,5,4,9,13,4,6,10
pinky's,7,5,7,12,5,6,11
pinnacle,8,3,2,5,3,2,5
pinnacle's,10,8,1,9,8,1,9
pinnacles,9,7,1,8,7,1,8
pinnate,7,5,2,7,4,2,6
pinned,6,5,5,10,5,5,10
pinning,7,4,4,8,4,5,9
pinochle,8,4,2,6,3,2,5
pinochle's,10,6,1,7,5,1,6
pinpoint,8,2,3,5,2,3,5
pinpoint's,10,4,2,6,4,2,6
pinpointed,10,4,3,7,4,3,7
pinpointing,11,2,1,3,2,2,4
pinpoints,9,3,4,7,4,4,8
pinprick,8,4,3,7,4,4,8
pinprick's,10,6,4,10,3,4,7
pinpricks,9,4,4,8,4,4,8
pins,4,4,6,10,4,6,10
pinstripe,9,3,1,4,4,1,5
pinstripe's,11,4,1,5,5,1,6
pinstriped,10,3,0,3,3,0,3
pinstripes,10,4,1,5,4,0,4
pint,4,3,10,13,3,9,12
pint's,6,5,9,14,5,9,14
pinto,5,3,5,8,3,5,8
pinto's,7,5,4,9,5,4,9
pintoes,7,5,1,6,5,1,6
pintos,6,4,5,9,4,6,10
pints,5,4,9,13,4,9,13
pinup,5,3,7,10,4,6,10
pinup's,7,5,6,11,6,5,11
pinups,6,3,5,8,3,5,8
pinwheel,8,4,2,6,4,2,6
pinwheel's,10,6,1,7,6,1,7
pinwheeled,10,2,1,3,1,2,3
pinwheeling,11,3,1,4,2,1,3
pinwheels,9,5,3,8,5,2,7
pioneer,7,2,1,3,2,1,3
pioneer's,9,4,0,4,4,0,4
pioneered,9,4,1,5,2,1,3
pioneering,10,2,1,3,2,1,3
pioneers,8,3,1,4,3,1,4
pious,5,4,6,10,4,6,10
piously,7,3,3,6,3,3,6
pip,3,2,5,7,2,5,7
pip's,5,4,6,10,4,4,8
pipe,4,3,13,16,3,13,16
pipe's,6,5,11,16,5,11,16
piped,5,4,7,11,4,5,9
pipeline,8,5,2,7,4,2,6
pipeline's,10,7,1,8,5,1,6
pipelines,9,6,0,6,5,0,5
piper,5,4,7,11,4,6,10
piper's,7,6,4,10,6,3,9
pipers,6,5,5,10,5,4,9
pipes,5,4,11,15,4,8,12
piping,6,4,10,14,4,9,13
piping's,8,6,6,12,6,5,11
pipit,5,2,6,8,1,8,9
pipit's,7,4,5,9,5,4,9
pipits,6,3,6,9,3,5,8
pipped,6,4,5,9,4,5,9
pippin,6,3,3,6,2,4,6
pippin's,8,5,4,9,4,4,8
pipping,7,4,3,7,4,4,8
pippins,7,3,6,9,4,4,8
pips,4,3,3,6,3,3,6
pipsqueak,9,3,2,5,4,1,5
pipsqueak's,11,5,1,6,2,2,4
pipsqueaks,10,3,1,4,3,1,4
piquancy,8,6,2,8,6,4,10
piquancy's,10,8,2,10,8,3,11
piquant,7,4,4,8,4,4,8
pique,5,3,7,10,2,7,9
pique's,7,4,7,11,4,7,11
piqued,6,5,7,12,4,9,13
piques,6,3,7,10,3,8,11
piquing,7,4,5,9,4,6,10
piracy,6,4,2,6,4,4,8
piracy's,8,6,1,7,6,3,9
piranha,7,4,3,7,4,3,7
piranha's,9,6,2,8,6,2,8
piranhas,8,3,1,4,3,1,4
pirate,6,3,3,6,3,3,6
pirate's,8,5,3,8,6,1,7
pirated,7,5,3,8,5,3,8
pirates,7,5,2,7,5,2,7
piratical,9,2,2,4,2,2,4
pirating,8,5,4,9,5,4,9
pirouette,9,4,3,7,4,3,7
pirouette's,11,6,2,8,6,1,7
pirouetted,10,4,1,5,4,1,5
pirouettes,10,4,0,4,5,0,5
pirouetting,11,5,2,7,3,2,5
pis,3,2,7,9,2,7,9
piscatorial,11,3,1,4,2,2,4
piss,4,2,7,9,2,7,9
piss's,6,3,6,9,3,6,9
pissed,6,5,8,13,5,6,11
pisses,6,3,8,11,3,8,11
pissing,7,4,4,8,4,5,9
pistachio,9,3,1,4,3,1,4
pistachio's,11,4,1,5,4,1,5
pistachios,10,2,2,4,3,1,4
pistil,6,4,2,6,3,2,5
pistil's,8,4,1,5,4,2,6
pistillate,10,6,1,7,6,1,7
pistils,7,4,3,7,4,2,6
pistol,6,6,2,8,6,2,8
pistol's,8,7,2,9,7,2,9
pistols,7,6,3,9,6,3,9
piston,6,5,3,8,5,3,8
piston's,8,6,3,9,6,3,9
pistons,7,5,4,9,5,4,9
pit,3,3,10,13,3,10,13
pit's,5,5,9,14,5,9,14
pita,4,3,8,11,3,8,11
pita's,6,4,8,12,4,8,12
pitch,5,5,9,14,5,9,14
pitch's,7,7,8,15,7,8,15
pitchblende,11,2,1,3,2,1,3
pitchblende's,13,3,0,3,3,0,3
pitched,7,7,5,12,7,5,12
pitcher,7,4,2,6,4,2,6
pitcher's,9,6,1,7,8,2,10
pitchers,8,7,4,11,7,4,11
pitches,7,7,3,10,7,3,10
pitchfork,9,2,3,5,2,3,5
pitchfork's,11,5,2,7,4,2,6
pitchforked,11,4,1,5,4,2,6
pitchforking,12,5,1,6,4,1,5
pitchforks,10,5,2,7,5,2,7
pitching,8,7,5,12,5,3,8
pitchman,8,4,2,6,4,2,6
pitchman's,10,5,1,6,4,2,6
pitchmen,8,7,3,10,7,4,11
piteous,7,4,1,5,5,4,9
piteously,9,7,1,8,7,1,8
pitfall,7,4,4,8,4,5,9
pitfall's,9,6,4,10,6,3,9
pitfalls,8,3,4,7,4,4,8
pith,4,4,8,12,4,7,11
pith's,6,5,7,12,5,7,12
pithier,7,4,4,8,4,4,8
pithiest,8,4,1,5,5,0,5
pithily,7,4,4,8,4,5,9
pithy,5,4,6,10,4,6,10
pitiable,8,6,1,7,6,1,7
pitiably,8,3,2,5,3,2,5
pitied,6,3,3,6,3,3,6
pities,6,5,4,9,5,4,9
pitiful,7,3,2,5,2,3,5
pitifully,9,4,2,6,4,2,6
pitiless,8,4,2,6,5,2,7
pitilessly,10,5,1,6,5,0,5
piton,5,4,4,8,4,5,9
piton's,7,6,3,9,6,4,10
pitons,6,4,3,7,4,3,7
pits,4,3,7,10,3,7,10
pittance,8,6,2,8,5,2,7
pittance's,10,8,0,8,5,1,6
pittances,9,5,0,5,5,0,5
pitted,6,4,9,13,5,7,12
pitting,7,5,3,8,5,4,9
pituitaries,11,4,0,4,4,0,4
pituitary,9,2,2,4,2,3,5
pituitary's,11,6,2,8,5,1,6
pity,4,3,9,12,3,8,11
pity's,6,5,6,11,5,6,11
pitying,7,5,3,8,5,4,9
pivot,5,4,6,10,4,6,10
pivot's,7,6,5,11,6,5,11
pivotal,7,4,4,8,4,3,7
pivoted,7,5,4,9,5,4,9
pivoting,8,4,4,8,6,4,10
pivots,6,5,4,9,5,4,9
pixel,5,3,6,9,3,6,9
pixel's,7,5,5,10,5,5,10
pixels,6,4,4,8,4,4,8
pixie,5,3,4,7,3,4,7
pixie's,7,5,5,10,5,5,10
pixies,6,4,5,9,4,5,9
pixy,4,1,12,13,2,9,11
pixy's,6,4,8,12,4,8,12
pizazz,6,3,5,8,3,4,7
pizazz's,8,5,5,10,5,3,8
pizza,5,2,7,9,3,6,9
pizza's,7,4,5,9,4,7,11
pizzas,6,3,5,8,3,5,8
pizzazz,7,3,5,8,2,6,8
pizzazz's,9,4,5,9,5,4,9
pizzeria,8,3,3,6,4,1,5
pizzeria's,10,4,1,5,5,0,5
pizzerias,9,4,2,6,4,1,5
pizzicati,9,1,2,3,1,2,3
pizzicato,9,3,2,5,2,3,5
pizzicato's,11,4,3,7,4,4,8
pizzicatos,10,3,2,5,3,1,4
pj's,4,3,8,11,3,8,11
placard,7,2,5,7,2,4,6
placard's,9,4,1,5,4,1,5
placarded,9,3,1,4,3,1,4
placarding,10,5,2,7,7,2,9
placards,8,3,2,5,3,2,5
placate,7,2,3,5,2,2,4
placated,8,5,1,6,5,3,8
placates,8,4,1,5,4,1,5
placating,9,4,3,7,4,3,7
placation,9,5,3,8,5,3,8
placation's,11,3,2,5,2,3,5
place,5,5,3,8,5,3,8
place's,7,7,2,9,7,2,9
placebo,7,3,3,6,3,3,6
placebo's,9,5,1,6,5,1,6
placebos,8,3,2,5,3,2,5
placed,6,6,3,9,6,3,9
placeholder,11,2,2,4,3,1,4
placement,9,4,2,6,4,2,6
placement's,11,6,1,7,6,1,7
placements,10,4,1,5,5,2,7
placenta,8,3,3,6,3,1,4
placenta's,10,5,2,7,4,0,4
placentae,9,2,1,3,2,1,3
placental,9,3,2,5,4,1,5
placentals,10,3,2,5,4,0,4
placentas,9,3,4,7,3,1,4
placer,6,6,3,9,6,3,9
placer's,8,8,0,8,8,0,8
placers,7,7,0,7,7,2,9
places,6,6,2,8,6,3,9
placid,6,2,6,8,2,6,8
placidity,9,5,3,8,5,3,8
placidity's,11,5,3,8,7,1,8
placidly,8,3,2,5,3,2,5
placing,7,7,4,11,7,4,11
placket,7,5,4,9,4,5,9
placket's,9,7,2,9,5,2,7
plackets,8,6,3,9,6,3,9
plagiarism,10,3,1,4,3,2,5
plagiarism's,12,9,0,9,9,0,9
plagiarisms,11,8,0,8,8,0,8
plagiarist,10,3,0,3,3,0,3
plagiarist's,12,8,1,9,8,1,9
plagiarists,11,7,1,8,7,1,8
plagiarize,10,3,1,4,3,1,4
plagiarized,11,1,1,2,3,1,4
plagiarizes,11,4,0,4,4,0,4
plagiarizing,12,2,1,3,2,1,3
plague,6,6,2,8,6,3,9
plague's,8,8,2,10,8,2,10
plagued,7,6,4,10,5,4,9
plagues,7,5,1,6,7,4,11
plaguing,8,4,2,6,4,2,6
plaice,6,5,0,5,5,2,7
plaid,5,5,5,10,2,8,10
plaid's,7,7,4,11,4,6,10
plaids,6,4,5,9,4,5,9
plain,5,4,6,10,3,5,8
plain's,7,6,5,11,5,4,9
plainclothes,12,4,0,4,4,0,4
plainclothesman,15,9,0,9,5,0,5
plainclothesman's,17,2,0,2,2,0,2
plainclothesmen,15,9,0,9,5,0,5
plainer,7,4,1,5,5,2,7
plainest,8,6,0,6,6,0,6
plainly,7,2,3,5,3,2,5
plainness,9,4,0,4,4,0,4
plainness's,11,4,0,4,4,0,4
plains,6,4,4,8,4,4,8
plaint,6,4,4,8,4,4,8
plaint's,8,6,3,9,4,2,6
plaintiff,9,2,2,4,2,2,4
plaintiff's,11,4,1,5,4,1,5
plaintiffs,10,3,3,6,4,2,6
plaintive,9,4,1,5,4,1,5
plaintively,11,2,1,3,2,1,3
plaints,7,5,4,9,3,4,7
plait,5,5,4,9,5,4,9
plait's,7,7,3,10,7,3,10
plaited,7,5,5,10,5,5,10
plaiting,8,5,3,8,5,3,8
plaits,6,3,6,9,3,6,9
plan,4,4,6,10,4,6,10
plan's,6,6,5,11,6,5,11
planar,6,2,4,6,2,4,6
plane,5,5,4,9,5,4,9
plane's,7,7,3,10,7,3,10
planed,6,6,4,10,6,4,10
planes,6,6,3,9,6,4,10
planet,6,4,3,7,4,3,7
planet's,8,5,1,6,7,1,8
planetaria,10,3,1,4,3,1,4
planetarium,11,3,1,4,3,1,4
planetarium's,13,4,0,4,4,0,4
planetariums,12,3,1,4,3,0,3
planetary,9,3,1,4,3,1,4
planets,7,4,2,6,4,2,6
plangent,8,3,1,4,3,2,5
planing,7,4,4,8,5,2,7
plank,5,4,6,10,4,7,11
plank's,7,5,5,10,6,6,12
planked,7,7,3,10,7,3,10
planking,8,6,6,12,6,6,12
planking's,10,9,2,11,9,2,11
planks,6,5,6,11,5,6,11
plankton,8,3,3,6,3,3,6
plankton's,10,6,1,7,4,1,5
planned,7,6,3,9,5,3,8
planner,7,5,3,8,5,4,9
planner's,9,7,1,8,7,1,8
planners,8,7,2,9,6,2,8
planning,8,2,2,4,2,2,4
plannings,9,6,3,9,4,2,6
plans,5,5,5,10,5,6,11
plant,5,4,5,9,4,5,9
plant's,7,6,4,10,6,4,10
plantain,8,3,2,5,3,2,5
plantain's,10,4,1,5,4,3,7
plantains,9,3,2,5,3,1,4
plantation,10,4,2,6,3,2,5
plantation's,12,4,1,5,4,1,5
plantations,11,4,1,5,4,1,5
planted,7,6,4,10,6,4,10
planter,7,5,4,9,5,3,8
planter's,9,7,2,9,7,2,9
planters,8,7,2,9,6,0,6
planting,8,4,6,10,4,6,10
planting's,10,8,3,11,8,3,11
plantings,9,6,3,9,4,2,6
plants,6,4,6,10,4,6,10
plaque,6,5,3,8,5,4,9
plaque's,8,7,3,10,7,3,10
plaques,7,4,3,7,6,5,11
plasma,6,2,3,5,3,1,4
plasma's,8,3,3,6,4,1,5
plaster,7,5,3,8,5,3,8
plaster's,9,6,3,9,6,3,9
plasterboard,12,2,1,3,2,1,3
plasterboard's,14,4,1,5,2,1,3
plastered,9,6,2,8,6,2,8
plasterer,9,3,0,3,3,0,3
plasterer's,11,5,0,5,3,0,3
plasterers,10,4,0,4,3,0,3
plastering,10,8,1,9,8,1,9
plasters,8,5,2,7,5,2,7
plastic,7,5,2,7,5,2,7
plastic's,9,5,1,6,4,2,6
plasticity,10,2,2,4,2,2,4
plasticity's,12,3,1,4,3,2,5
plastics,8,2,2,4,2,2,4
plastique,9,4,0,4,4,1,5
plate,5,4,5,9,4,5,9
plate's,7,6,4,10,6,4,10
plateau,7,3,3,6,2,4,6
plateau's,9,5,0,5,4,2,6
plateaued,9,3,3,6,3,3,6
plateauing,10,5,2,7,3,1,4
plateaus,8,3,3,6,5,2,7
plateaux,8,3,3,6,2,1,3
plated,6,6,5,11,6,5,11
plateful,8,2,3,5,3,1,4
plateful's,10,5,2,7,4,0,4
platefuls,9,4,4,8,4,1,5
platelet,8,2,3,5,2,3,5
platelet's,10,4,1,5,3,1,4
platelets,9,2,2,4,2,2,4
platen,6,4,4,8,4,4,8
platen's,8,6,2,8,7,1,8
platens,7,5,2,7,4,2,6
plates,6,5,4,9,5,5,10
platform,8,3,3,6,3,3,6
platform's,10,5,1,6,4,1,5
platformed,10,4,2,6,3,1,4
platforming,11,5,1,6,4,2,6
platforms,9,5,2,7,5,2,7
plating,7,7,5,12,7,5,12
plating's,9,7,3,10,5,3,8
platinum,8,5,2,7,5,2,7
platinum's,10,6,2,8,4,4,8
platitude,9,4,1,5,6,2,8
platitude's,11,6,0,6,3,2,5
platitudes,10,5,1,6,6,0,6
platitudinous,13,5,0,5,4,1,5
platonic,8,3,2,5,3,2,5
platoon,7,3,4,7,3,4,7
platoon's,9,5,3,8,5,2,7
platooned,9,4,2,6,4,2,6
platooning,10,5,2,7,5,2,7
platoons,8,4,4,8,3,3,6
platter,7,6,4,10,5,5,10
platter's,9,8,2,10,8,2,10
platters,8,6,3,9,6,2,8
platypi,7,2,2,4,2,2,4
platypus,8,3,5,8,2,5,7
platypus's,10,4,3,7,2,3,5
platypuses,10,3,2,5,4,1,5
plaudit,7,4,5,9,3,4,7
plaudit's,9,7,3,10,5,3,8
plaudits,8,4,3,7,4,4,8
plausibility,12,2,0,2,2,0,2
plausibility's,14,3,0,3,2,0,2
plausible,9,3,1,4,3,1,4
plausibly,9,3,1,4,3,1,4
play,4,2,9,11,2,9,11
play's,6,4,8,12,4,8,12
playable,8,4,1,5,3,1,4
playact,7,3,4,7,2,5,7
playacted,9,4,1,5,3,3,6
playacting,10,5,2,7,7,2,9
playacting's,12,4,1,5,3,1,4
playacts,8,3,3,6,2,5,7
playback,8,4,4,8,3,4,7
playback's,10,6,3,9,6,2,8
playbacks,9,5,4,9,3,3,6
playbill,8,3,3,6,3,3,6
playbill's,10,5,4,9,5,2,7
playbills,9,5,3,8,5,3,8
playboy,7,3,4,7,3,4,7
playboy's,9,5,3,8,6,2,8
playboys,8,4,4,8,3,4,7
played,6,5,6,11,5,6,11
player,6,5,4,9,5,4,9
player's,8,7,1,8,7,1,8
players,7,6,1,7,6,3,9
playful,7,1,6,7,2,4,6
playfully,9,2,4,6,2,4,6
playfulness,11,5,2,7,4,1,5
playfulness's,13,6,2,8,5,1,6
playgoer,8,3,4,7,4,2,6
playgoer's,10,6,0,6,6,1,7
playgoers,9,5,1,6,5,2,7
playground,10,2,3,5,3,3,6
playground's,12,8,1,9,3,2,5
playgrounds,11,3,2,5,4,2,6
playhouse,9,5,1,6,5,1,6
playhouse's,11,7,1,8,6,1,7
playhouses,10,6,1,7,5,1,6
playing,7,6,6,12,6,6,12
playlist,8,4,2,6,4,2,6
playlist's,10,5,1,6,5,2,7
playlists,9,3,2,5,4,1,5
playmate,8,4,1,5,4,1,5
playmate's,10,6,1,7,6,0,6
playmates,9,4,1,5,5,1,6
playoff,7,2,4,6,2,4,6
playoff's,9,4,3,7,4,3,7
playoffs,8,4,4,8,3,4,7
playpen,7,4,5,9,5,4,9
playpen's,9,5,2,7,6,2,8
playpens,8,5,5,10,6,4,10
playroom,8,2,4,6,2,4,6
playroom's,10,4,2,6,3,2,5
playrooms,9,3,3,6,3,2,5
plays,5,4,6,10,4,7,11
plaything,9,5,4,9,5,3,8
plaything's,11,7,2,9,4,2,6
playthings,10,3,3,6,4,2,6
playwright,10,3,2,5,3,2,5
playwright's,12,8,1,9,3,1,4
playwrights,11,2,3,5,6,1,7
plaza,5,2,4,6,2,3,5
plaza's,7,4,3,7,4,2,6
plazas,6,3,4,7,3,2,5
plea,4,3,3,6,3,5,8
plea's,6,5,3,8,5,3,8
plead,5,3,5,8,3,5,8
pleaded,7,3,2,5,3,2,5
pleader,7,4,2,6,4,2,6
pleader's,9,6,1,7,6,1,7
pleaders,8,5,2,7,5,2,7
pleading,8,6,4,10,6,4,10
pleads,6,4,5,9,4,5,9
pleas,5,4,5,9,4,5,9
pleasant,8,6,1,7,6,1,7
pleasanter,10,3,0,3,3,0,3
pleasantest,11,1,1,2,1,1,2
pleasantly,10,8,0,8,4,1,5
pleasantness,12,2,0,2,2,0,2
pleasantness's,14,2,0,2,2,0,2
pleasantries,12,3,0,3,3,0,3
pleasantry,10,8,0,8,3,0,3
pleasantry's,12,3,0,3,3,0,3
please,6,4,1,5,4,1,5
pleased,7,4,1,5,4,4,8
pleases,7,3,2,5,2,2,4
pleasing,8,6,1,7,4,1,5
pleasingly,10,3,1,4,4,1,5
pleasings,9,4,0,4,5,0,5
pleasurable,11,3,0,3,4,0,4
pleasurably,11,3,0,3,3,0,3
pleasure,8,3,0,3,3,0,3
pleasure's,10,3,0,3,3,0,3
pleasured,9,3,0,3,3,0,3
pleasures,9,3,1,4,4,0,4
pleasuring,10,4,0,4,3,0,3
pleat,5,4,3,7,4,3,7
pleat's,7,6,3,9,6,3,9
pleated,7,5,3,8,5,2,7
pleating,8,7,3,10,7,3,10
pleats,6,5,4,9,5,4,9
plebeian,8,3,2,5,2,2,4
plebeian's,10,3,1,4,2,2,4
plebeians,9,2,2,4,3,2,5
plebiscite,10,3,1,4,4,0,4
plebiscite's,12,4,0,4,4,0,4
plebiscites,11,3,0,3,3,0,3
plectra,7,3,1,4,3,1,4
plectrum,8,2,2,4,2,4,6
plectrum's,10,3,1,4,3,1,4
plectrums,9,3,1,4,3,1,4
pled,4,3,7,10,3,7,10
pledge,6,1,5,6,2,4,6
pledge's,8,3,3,6,4,2,6
pledged,7,4,2,6,5,2,7
pledges,7,2,3,5,3,1,4
pledging,8,5,1,6,5,1,6
plenaries,9,5,0,5,4,0,4
plenary,7,3,2,5,3,2,5
plenary's,9,5,1,6,4,1,5
plenipotentiaries,17,1,0,1,1,0,1
plenipotentiary,15,1,1,2,1,1,2
plenipotentiary's,17,1,0,1,1,0,1
plenitude,9,3,2,5,2,2,4
plenitude's,11,6,0,6,5,0,5
plenitudes,10,5,0,5,4,1,5
plenteous,9,3,1,4,2,2,4
plentiful,9,3,2,5,4,2,6
plentifully,11,2,2,4,3,1,4
plenty,6,3,4,7,3,4,7
plenty's,8,5,4,9,5,3,8
plethora,8,3,2,5,4,2,6
plethora's,10,4,0,4,4,0,4
pleurisy,8,5,1,6,5,1,6
pleurisy's,10,6,3,9,6,1,7
plexus,6,3,4,7,3,4,7
plexus's,8,5,1,6,5,1,6
plexuses,8,3,1,4,3,1,4
pliability,10,3,3,6,2,3,5
pliability's,12,5,1,6,3,1,4
pliable,7,5,1,6,4,0,4
pliancy,7,2,2,4,2,2,4
pliancy's,9,3,1,4,3,1,4
pliant,6,3,3,6,3,3,6
plied,5,4,5,9,4,5,9
pliers,6,5,4,9,5,4,9
pliers's,8,4,1,5,4,1,5
plies,5,4,3,7,4,3,7
plight,6,5,6,11,5,6,11
plight's,8,7,6,13,7,6,13
plighted,8,7,4,11,7,4,11
plighting,9,6,4,10,6,4,10
plights,7,6,6,12,6,6,12
plinth,6,4,5,9,4,5,9
plinth's,8,4,4,8,4,4,8
plinths,7,3,4,7,3,4,7
plod,4,4,2,6,4,2,6
plodded,7,3,2,5,3,2,5
plodder,7,4,5,9,4,5,9
plodder's,9,6,3,9,6,3,9
plodders,8,7,5,12,5,3,8
plodding,8,6,4,10,6,3,9
ploddings,9,6,2,8,5,2,7
plods,5,5,2,7,5,2,7
plop,4,3,2,5,3,2,5
plop's,6,5,2,7,5,2,7
plopped,7,5,6,11,4,3,7
plopping,8,6,4,10,6,3,9
plops,5,4,2,6,4,2,6
plot,4,4,3,7,4,3,7
plot's,6,6,2,8,6,2,8
plots,5,5,3,8,5,3,8
plotted,7,5,6,11,5,5,10
plotter,7,5,5,10,4,5,9
plotter's,9,7,3,10,7,3,10
plotters,8,6,6,12,6,2,8
plotting,8,6,4,10,6,4,10
plough,6,2,7,9,3,5,8
plough's,8,5,3,8,5,3,8
ploughed,8,4,4,8,4,5,9
ploughing,9,3,2,5,3,2,5
ploughs,7,3,5,8,4,5,9
ploughshare,11,4,1,5,4,0,4
ploughshare's,13,3,0,3,3,0,3
ploughshares,12,3,1,4,3,0,3
plover,6,5,5,10,5,5,10
plover's,8,7,3,10,7,3,10
plovers,7,6,3,9,6,3,9
plow,4,4,4,8,4,4,8
plow's,6,6,3,9,6,3,9
plowed,6,5,5,10,5,5,10
plowing,7,6,5,11,6,5,11
plowman,7,3,4,7,4,3,7
plowman's,9,6,2,8,4,3,7
plowmen,7,3,4,7,3,5,8
plows,5,5,4,9,5,4,9
plowshare,9,4,0,4,4,0,4
plowshare's,11,5,1,6,4,0,4
plowshares,10,4,0,4,3,0,3
ploy,4,3,5,8,3,5,8
ploy's,6,5,4,9,5,4,9
ploys,5,4,5,9,4,5,9
pluck,5,4,6,10,3,7,10
pluck's,7,6,5,11,6,4,10
plucked,7,5,4,9,5,4,9
pluckier,8,7,3,10,7,2,9
pluckiest,9,6,0,6,6,1,7
pluckiness,10,6,0,6,6,2,8
pluckiness's,12,7,0,7,7,1,8
plucking,8,6,4,10,5,4,9
plucks,6,5,6,11,4,6,10
plucky,6,5,6,11,2,5,7
plug,4,3,6,9,3,6,9
plug's,6,5,6,11,5,6,11
plugged,7,6,4,10,5,4,9
plugging,8,4,4,8,4,4,8
plugin,6,2,4,6,2,4,6
plugin's,8,3,4,7,3,4,7
plugins,7,3,4,7,3,3,6
plugs,5,3,6,9,3,6,9
plum,4,2,9,11,2,9,11
plum's,6,4,8,12,4,8,12
plumage,7,4,2,6,4,2,6
plumage's,9,6,2,8,6,1,7
plumb,5,3,7,10,4,8,12
plumb's,7,5,6,11,6,6,12
plumbed,7,6,5,11,4,6,10
plumber,7,5,3,8,5,3,8
plumber's,9,7,1,8,7,1,8
plumbers,8,6,2,8,6,2,8
plumbing,8,6,3,9,5,3,8
plumbing's,10,6,4,10,3,3,6
plumbs,6,4,5,9,4,5,9
plume,5,3,6,9,3,6,9
plume's,7,5,5,10,5,5,10
plumed,6,4,5,9,4,5,9
plumes,6,4,6,10,4,6,10
pluming,7,5,5,10,5,5,10
plummet,7,4,5,9,5,4,9
plummet's,9,5,3,8,3,3,6
plummeted,9,3,3,6,2,3,5
plummeting,10,5,2,7,4,2,6
plummets,8,5,4,9,4,3,7
plump,5,3,8,11,3,8,11
plump's,7,5,6,11,4,6,10
plumped,7,5,4,9,4,3,7
plumper,7,4,3,7,4,4,8
plumpest,8,5,3,8,5,3,8
plumping,8,5,6,11,4,7,11
plumpness,9,4,3,7,5,3,8
plumpness's,11,5,3,8,6,3,9
plumps,6,4,7,11,4,8,12
plums,5,3,8,11,3,8,11
plunder,7,7,3,10,7,4,11
plunder's,9,9,1,10,9,1,10
plundered,9,6,2,8,6,2,8
plunderer,9,6,2,8,6,2,8
plunderer's,11,8,2,10,8,2,10
plunderers,10,7,1,8,7,1,8
plundering,10,8,2,10,8,2,10
plunders,8,8,4,12,8,2,10
plunge,6,3,4,7,3,4,7
plunge's,8,5,4,9,4,4,8
plunged,7,6,4,10,7,4,11
plunger,7,6,4,10,6,5,11
plunger's,9,8,2,10,8,2,10
plungers,8,7,5,12,7,3,10
plunges,7,4,4,8,4,4,8
plunging,8,5,3,8,4,3,7
plunk,5,4,8,12,3,9,12
plunk's,7,6,7,13,5,7,12
plunked,7,5,6,11,6,5,11
plunking,8,6,6,12,6,6,12
plunks,6,5,8,13,4,8,12
pluperfect,10,3,2,5,2,3,5
pluperfect's,12,5,1,6,5,0,5
pluperfects,11,5,0,5,5,0,5
plural,6,3,3,6,3,3,6
plural's,8,4,3,7,4,3,7
pluralism,9,5,2,7,4,2,6
pluralism's,11,6,1,7,4,2,6
pluralistic,11,3,1,4,3,1,4
pluralities,11,5,0,5,6,0,6
plurality,9,4,3,7,4,3,7
plurality's,11,7,2,9,6,2,8
pluralize,9,5,1,6,5,1,6
pluralized,10,6,1,7,3,1,4
pluralizes,10,5,0,5,5,0,5
pluralizing,11,5,2,7,5,2,7
plurals,7,4,3,7,3,3,6
plus,4,3,5,8,3,5,8
plus's,6,3,5,8,3,5,8
pluses,6,3,4,7,3,4,7
plush,5,4,6,10,4,7,11
plush's,7,5,6,11,5,6,11
plusher,7,6,3,9,6,3,9
plushest,8,5,2,7,5,2,7
plushier,8,6,1,7,6,1,7
plushiest,9,5,1,6,6,1,7
plushy,6,3,5,8,2,5,7
plusses,7,4,0,4,4,2,6
plutocracies,12,4,0,4,4,0,4
plutocracy,10,2,3,5,2,3,5
plutocracy's,12,5,1,6,3,2,5
plutocrat,9,2,3,5,2,3,5
plutocrat's,11,4,1,5,3,2,5
plutocratic,11,3,1,4,2,2,4
plutocrats,10,3,2,5,3,2,5
plutonium,9,4,2,6,3,3,6
plutonium's,11,4,2,6,3,2,5
ply,3,2,8,10,2,8,10
ply's,5,4,7,11,4,7,11
plying,6,5,7,12,5,7,12
plywood,7,1,5,6,2,5,7
plywood's,9,3,4,7,3,4,7
pneumatic,9,3,3,6,3,3,6
pneumatically,13,2,1,3,2,1,3
pneumonia,9,2,2,4,2,2,4
pneumonia's,11,4,1,5,4,1,5
poach,5,3,5,8,3,5,8
poached,7,5,5,10,7,4,11
poacher,7,4,4,8,4,4,8
poacher's,9,8,2,10,6,3,9
poachers,8,7,4,11,7,2,9
poaches,7,7,2,9,7,1,8
poaching,8,6,6,12,6,6,12
pock,4,4,10,14,4,10,14
pock's,6,6,8,14,6,8,14
pocked,6,5,7,12,5,5,10
pocket,6,5,7,12,5,7,12
pocket's,8,7,5,12,7,5,12
pocketbook,10,1,4,5,1,4,5
pocketbook's,12,3,3,6,2,3,5
pocketbooks,11,3,3,6,3,3,6
pocketed,8,5,4,9,6,4,10
pocketful,9,4,2,6,3,3,6
pocketful's,11,7,2,9,4,2,6
pocketfuls,10,6,2,8,4,3,7
pocketing,9,8,3,11,8,3,11
pocketknife,11,3,1,4,2,3,5
pocketknife's,13,4,0,4,2,3,5
pocketknives,12,4,0,4,3,1,4
pockets,7,6,5,11,6,5,11
pocking,7,6,6,12,6,6,12
pockmark,8,5,4,9,3,5,8
pockmark's,10,7,2,9,6,2,8
pockmarked,10,5,1,6,5,1,6
pockmarking,11,6,1,7,6,2,8
pockmarks,9,6,3,9,5,3,8
pocks,5,5,10,15,5,10,15
pod,3,3,9,12,3,9,12
pod's,5,4,10,14,4,10,14
podcast,7,4,3,7,3,4,7
podcast's,9,5,3,8,4,5,9
podcasting,10,8,0,8,4,1,5
podcasts,8,3,4,7,3,2,5
podded,6,4,3,7,4,3,7
podding,7,5,7,12,6,5,11
podia,5,3,4,7,3,4,7
podiatrist,10,7,1,8,7,1,8
podiatrist's,12,8,1,9,8,1,9
podiatrists,11,7,1,8,7,1,8
podiatry,8,5,2,7,4,2,6
podiatry's,10,5,2,7,5,1,6
podium,6,2,5,7,1,7,8
podium's,8,4,4,8,4,4,8
podiums,7,5,4,9,5,4,9
pods,4,4,9,13,4,9,13
poem,4,2,9,11,3,7,10
poem's,6,4,8,12,5,5,10
poems,5,5,3,8,5,3,8
poesy,5,2,2,4,2,2,4
poesy's,7,3,2,5,3,3,6
poet,4,3,8,11,2,9,11
poet's,6,5,6,11,4,8,12
poetess,7,3,0,3,3,0,3
poetess's,9,4,0,4,3,0,3
poetesses,9,2,0,2,2,0,2
poetic,6,3,4,7,3,4,7
poetical,8,4,1,5,4,1,5
poetically,10,3,1,4,4,1,5
poetry,6,4,1,5,4,1,5
poetry's,8,5,0,5,3,1,4
poets,5,4,4,8,4,4,8
pogrom,6,2,7,9,2,5,7
pogrom's,8,4,5,9,5,4,9
pogroms,7,3,5,8,3,4,7
poi,3,3,6,9,3,6,9
poi's,5,5,6,11,5,6,11
poignancy,9,2,2,4,2,2,4
poignancy's,11,4,1,5,4,1,5
poignant,8,3,2,5,4,2,6
poignantly,10,3,2,5,4,2,6
poinsettia,10,4,0,4,4,0,4
poinsettia's,12,3,0,3,3,0,3
poinsettias,11,4,0,4,4,0,4
point,5,4,7,11,4,7,11
point's,7,6,6,12,6,5,11
pointed,7,6,5,11,6,5,11
pointedly,9,2,2,4,3,2,5
pointer,7,5,3,8,5,2,7
pointer's,9,8,2,10,8,2,10
pointers,8,5,4,9,5,3,8
pointier,8,5,3,8,5,3,8
pointiest,9,5,2,7,5,2,7
pointillism,11,4,0,4,4,0,4
pointillism's,13,6,0,6,4,0,4
pointillist,11,3,0,3,4,0,4
pointillist's,13,6,0,6,4,0,4
pointillists,12,2,0,2,2,0,2
pointing,8,6,3,9,6,3,9
pointless,9,6,1,7,6,1,7
pointlessly,11,5,1,6,5,1,6
pointlessness,13,5,1,6,5,1,6
pointlessness's,15,6,1,7,6,1,7
points,6,5,6,11,5,6,11
pointy,6,3,5,8,3,5,8
poise,5,4,4,8,4,4,8
poise's,7,5,4,9,5,4,9
poised,6,5,5,10,4,6,10
poises,6,4,4,8,4,4,8
poising,7,4,2,6,4,2,6
poison,6,3,4,7,3,5,8
poison's,8,4,4,8,4,5,9
poisoned,8,5,1,6,5,1,6
poisoner,8,4,1,5,4,1,5
poisoner's,10,5,1,6,5,1,6
poisoners,9,4,1,5,4,0,4
poisoning,9,3,1,4,3,1,4
poisoning's,11,4,1,5,3,1,4
poisonings,10,2,2,4,2,2,4
poisonous,9,2,3,5,2,2,4
poisonously,11,2,0,2,2,0,2
poisons,7,3,4,7,3,4,7
poke,4,4,4,8,4,4,8
poke's,6,6,4,10,6,3,9
poked,5,5,4,9,5,3,8
poker,5,4,9,13,4,9,13
poker's,7,6,7,13,6,7,13
pokers,6,5,7,12,5,7,12
pokes,5,5,8,13,5,3,8
pokey,5,4,8,12,3,9,12
pokey's,7,5,7,12,5,7,12
pokeys,6,4,6,10,4,6,10
pokier,6,5,2,7,5,4,9
pokiest,7,6,2,8,6,2,8
poking,6,6,3,9,6,4,10
poky,4,2,12,14,2,12,14
pol,3,3,7,10,3,7,10
pol's,5,5,7,12,5,7,12
polar,5,4,4,8,4,4,8
polarities,10,7,0,7,6,0,6
polarity,8,6,3,9,4,3,7
polarity's,10,8,1,9,7,1,8
polarization,12,5,1,6,6,1,7
polarization's,14,6,0,6,6,0,6
polarize,8,6,1,7,6,1,7
polarized,9,7,1,8,7,1,8
polarizes,9,7,0,7,5,1,6
polarizing,10,7,2,9,6,2,8
pole,4,4,3,7,4,3,7
pole's,6,6,2,8,6,2,8
polecat,7,3,2,5,4,1,5
polecat's,9,5,1,6,5,0,5
polecats,8,4,1,5,4,1,5
poled,5,4,5,9,5,4,9
polemic,7,6,2,8,5,3,8
polemic's,9,5,2,7,4,1,5
polemical,9,3,2,5,2,2,4
polemics,8,4,2,6,4,2,6
poles,5,5,2,7,5,2,7
polestar,8,4,1,5,4,1,5
polestar's,10,6,0,6,5,1,6
polestars,9,7,2,9,4,1,5
police,6,4,4,8,5,2,7
police's,8,6,2,8,6,2,8
policed,7,6,2,8,6,2,8
policeman,9,3,2,5,3,1,4
policeman's,11,6,0,6,5,0,5
policemen,9,2,3,5,4,2,6
polices,7,5,3,8,5,3,8
policewoman,11,3,1,4,4,1,5
policewoman's,13,4,1,5,4,0,4
policewomen,11,3,1,4,1,2,3
policies,8,5,2,7,5,2,7
policing,8,5,4,9,5,4,9
policy,6,6,4,10,6,4,10
policy's,8,8,3,11,8,3,11
policyholder,12,2,1,3,2,1,3
policyholder's,14,3,1,4,3,0,3
policyholders,13,3,1,4,4,1,5
poling,6,6,4,10,6,5,11
polio,5,3,6,9,3,8,11
polio's,7,5,5,10,5,7,12
poliomyelitis,13,4,0,4,3,0,3
poliomyelitis's,15,2,0,2,2,0,2
polios,6,4,6,10,4,5,9
polish,6,5,3,8,5,3,8
polish's,8,5,3,8,5,3,8
polished,8,7,2,9,7,2,9
polisher,8,6,1,7,5,1,6
polisher's,10,6,1,7,5,1,6
polishers,9,5,1,6,4,1,5
polishes,8,6,2,8,6,1,7
polishing,9,5,2,7,5,2,7
polite,6,3,5,8,4,3,7
politely,8,4,1,5,5,2,7
politeness,10,4,0,4,4,0,4
politeness's,12,5,0,5,4,0,4
politer,7,4,2,6,5,2,7
politesse,9,4,0,4,2,0,2
politesse's,11,2,0,2,2,0,2
politest,8,4,0,4,4,0,4
politic,7,2,4,6,3,4,7
political,9,4,2,6,3,2,5
politically,11,3,1,4,2,2,4
politician,10,3,2,5,2,3,5
politician's,12,5,1,6,3,1,4
politicians,11,4,1,5,3,1,4
politicize,10,2,2,4,2,1,3
politicized,11,2,1,3,3,2,5
politicizes,11,3,0,3,3,0,3
politicizing,12,4,1,5,2,1,3
politico,8,3,3,6,3,3,6
politico's,10,3,2,5,3,3,6
politicoes,10,3,1,4,3,1,4
politicos,9,2,2,4,2,2,4
politics,8,4,2,6,4,2,6
politics's,10,3,1,4,3,2,5
polities,8,5,1,6,5,1,6
polity,6,5,5,10,5,5,10
polity's,8,7,4,11,7,4,11
polka,5,3,8,11,3,5,8
polka's,7,5,6,11,5,3,8
polkaed,7,5,3,8,5,3,8
polkaing,8,5,3,8,5,2,7
polkas,6,4,4,8,4,4,8
poll,4,3,7,10,3,6,9
poll's,6,5,6,11,5,5,10
polled,6,5,2,7,5,2,7
pollen,6,3,7,10,3,7,10
pollen's,8,5,4,9,5,4,9
pollinate,9,5,1,6,5,1,6
pollinated,10,7,1,8,6,1,7
pollinates,10,6,0,6,6,0,6
pollinating,11,6,1,7,4,2,6
pollination,11,5,2,7,6,2,8
pollination's,13,7,1,8,8,1,9
polling,7,6,4,10,6,4,10
polliwog,8,3,3,6,2,3,5
polliwog's,10,8,2,10,8,3,11
polliwogs,9,4,3,7,7,2,9
polls,5,4,6,10,4,6,10
pollster,8,4,3,7,4,3,7
pollster's,10,6,1,7,5,3,8
pollsters,9,4,3,7,4,1,5
pollutant,9,3,3,6,3,4,7
pollutant's,11,4,2,6,4,2,6
pollutants,10,4,3,7,3,3,6
pollute,7,4,4,8,4,3,7
polluted,8,4,3,7,6,5,11
polluter,8,5,5,10,4,2,6
polluter's,10,6,1,7,6,1,7
polluters,9,6,1,7,5,2,7
pollutes,8,4,3,7,4,3,7
polluting,9,5,3,8,5,3,8
pollution,9,3,3,6,3,3,6
pollution's,11,4,2,6,4,2,6
pollywog,8,3,4,7,2,4,6
pollywog's,10,7,3,10,7,4,11
pollywogs,9,4,4,8,6,3,9
polo,4,3,2,5,3,2,5
polo's,6,5,4,9,5,5,10
polonaise,9,3,0,3,3,0,3
polonaise's,11,5,2,7,3,0,3
polonaises,10,3,1,4,3,0,3
polonium,8,2,3,5,4,2,6
polonium's,10,3,2,5,6,2,8
pols,4,3,6,9,3,6,9
poltergeist,11,3,0,3,4,0,4
poltergeist's,13,6,0,6,4,0,4
poltergeists,12,4,0,4,4,0,4
poltroon,8,2,4,6,2,5,7
poltroon's,10,4,2,6,3,4,7
poltroons,9,4,2,6,2,3,5
polyamories,11,4,0,4,4,0,4
polyamory,9,3,3,6,3,3,6
polyester,9,4,0,4,4,0,4
polyester's,11,5,0,5,3,0,3
polyesters,10,4,0,4,3,0,3
polyethylene,12,1,2,3,1,2,3
polyethylene's,14,3,0,3,2,1,3
polygamist,10,5,0,5,6,0,6
polygamist's,12,6,0,6,5,1,6
polygamists,11,4,0,4,4,0,4
polygamous,10,4,2,6,4,2,6
polygamy,8,3,4,7,4,3,7
polygamy's,10,7,3,10,6,3,9
polyglot,8,3,4,7,2,4,6
polyglot's,10,4,2,6,4,2,6
polyglots,9,3,4,7,3,2,5
polygon,7,3,5,8,3,6,9
polygon's,9,5,4,9,6,4,10
polygonal,9,2,3,5,2,3,5
polygons,8,3,3,6,3,4,7
polygraph,9,5,4,9,3,3,6
polygraph's,11,5,1,6,4,1,5
polygraphed,11,4,2,6,3,2,5
polygraphing,12,5,1,6,5,1,6
polygraphs,10,4,2,6,5,1,6
polyhedra,9,3,1,4,2,2,4
polyhedron,10,4,1,5,4,1,5
polyhedron's,12,4,0,4,5,1,6
polyhedrons,11,5,1,6,4,1,5
polymath,8,4,5,9,3,4,7
polymath's,10,7,3,10,6,3,9
polymaths,9,4,4,8,4,3,7
polymer,7,3,3,6,3,3,6
polymer's,9,6,2,8,6,2,8
polymeric,9,3,1,4,2,3,5
polymerization,14,4,1,5,3,1,4
polymerization's,16,5,0,5,4,0,4
polymers,8,4,2,6,4,1,5
polymorphic,11,2,2,4,2,2,4
polynomial,10,2,2,4,2,2,4
polynomial's,12,3,1,4,4,1,5
polynomials,11,4,1,5,3,1,4
polyp,5,2,4,6,3,3,6
polyp's,7,4,3,7,4,3,7
polyphonic,10,4,2,6,4,2,6
polyphony,9,2,5,7,2,5,7
polyphony's,11,3,4,7,3,4,7
polyps,6,3,6,9,3,6,9
polystyrene,11,2,0,2,2,0,2
polystyrene's,13,4,0,4,2,0,2
polysyllabic,12,5,0,5,4,0,4
polysyllable,12,3,1,4,3,1,4
polysyllable's,14,4,1,5,3,1,4
polysyllables,13,4,1,5,3,0,3
polytechnic,11,3,2,5,5,1,6
polytechnic's,13,4,0,4,3,1,4
polytechnics,12,3,1,4,4,1,5
polytheism,10,5,0,5,5,0,5
polytheism's,12,5,0,5,4,1,5
polytheist,10,4,0,4,4,0,4
polytheist's,12,5,0,5,4,1,5
polytheistic,12,5,0,5,4,0,4
polytheists,11,3,1,4,3,1,4
polythene,9,2,1,3,2,1,3
polyunsaturated,15,2,0,2,1,1,2
pomade,6,4,3,7,4,3,7
pomade's,8,6,3,9,6,4,10
pomaded,7,3,3,6,3,3,6
pomades,7,4,4,8,5,3,8
pomading,8,4,6,10,4,6,10
pomegranate,11,2,2,4,2,1,3
pomegranate's,13,4,0,4,3,0,3
pomegranates,12,3,1,4,2,2,4
pommel,6,5,4,9,5,4,9
pommel's,8,5,2,7,5,3,8
pommeled,8,6,5,11,6,4,10
pommeling,9,6,3,9,6,3,9
pommelled,9,6,3,9,6,4,10
pommelling,10,8,2,10,8,2,10
pommels,7,6,4,10,6,4,10
pomp,4,2,12,14,2,12,14
pomp's,6,4,10,14,4,10,14
pompadour,9,3,3,6,3,3,6
pompadour's,11,4,1,5,4,1,5
pompadoured,11,3,2,5,3,1,4
pompadours,10,3,1,4,3,1,4
pompom,6,2,7,9,2,8,10
pompom's,8,4,5,9,4,6,10
pompoms,7,3,4,7,4,6,10
pompon,6,2,7,9,3,5,8
pompon's,8,4,5,9,5,3,8
pompons,7,4,4,8,4,2,6
pomposity,9,2,2,4,2,2,4
pomposity's,11,3,2,5,3,1,4
pompous,7,4,4,8,4,6,10
pompously,9,4,0,4,3,1,4
pompousness,11,3,0,3,4,0,4
pompousness's,13,4,0,4,4,0,4
poncho,6,2,4,6,2,4,6
poncho's,8,6,2,8,4,3,7
ponchos,7,5,3,8,4,2,6
pond,4,3,9,12,3,9,12
pond's,6,5,8,13,5,8,13
ponder,6,6,5,11,6,5,11
pondered,8,5,3,8,5,3,8
pondering,9,8,2,10,8,2,10
ponderous,9,5,1,6,5,2,7
ponderously,11,6,0,6,4,0,4
ponders,7,7,2,9,7,2,9
ponds,5,3,9,12,3,9,12
pone,4,4,8,12,4,8,12
pone's,6,5,5,10,5,4,9
pones,5,5,7,12,5,4,9
poniard,7,3,3,6,4,5,9
poniard's,9,6,1,7,5,4,9
poniards,8,5,3,8,5,4,9
ponies,6,5,5,10,4,5,9
pontiff,7,2,4,6,2,5,7
pontiff's,9,6,2,8,5,4,9
pontiffs,8,4,3,7,4,3,7
pontifical,10,4,2,6,4,2,6
pontificate,11,3,1,4,3,1,4
pontificate's,13,4,0,4,3,0,3
pontificated,12,6,1,7,4,1,5
pontificates,12,4,0,4,5,0,5
pontificating,13,2,1,3,5,1,6
pontoon,7,1,6,7,1,6,7
pontoon's,9,3,4,7,3,4,7
pontoons,8,2,4,6,2,4,6
pony,4,3,10,13,3,10,13
pony's,6,4,9,13,4,9,13
ponytail,8,5,2,7,6,2,8
ponytail's,10,6,1,7,6,1,7
ponytails,9,5,2,7,5,1,6
pooch,5,3,6,9,3,6,9
pooch's,7,5,5,10,5,5,10
pooched,7,5,6,11,5,5,10
pooches,7,5,4,9,5,5,10
pooching,8,6,5,11,6,5,11
poodle,6,4,4,8,4,4,8
poodle's,8,6,5,11,6,4,10
poodles,7,5,5,10,5,4,9
pooh,4,3,6,9,3,5,8
pooh's,6,4,7,11,5,6,11
poohed,6,4,4,8,4,4,8
poohing,7,6,5,11,6,4,10
poohs,5,4,6,10,4,6,10
pool,4,3,7,10,3,6,9
pool's,6,5,5,10,4,7,11
pooled,6,5,4,9,5,4,9
pooling,7,5,6,11,5,5,10
pools,5,3,7,10,3,7,10
poop,4,2,6,8,2,5,7
poop's,6,4,7,11,4,6,10
pooped,6,4,9,13,4,4,8
pooping,7,5,5,10,5,4,9
poops,5,3,6,9,3,6,9
poor,4,2,8,10,2,7,9
poorer,6,3,0,3,3,0,3
poorest,7,4,4,8,4,3,7
poorhouse,9,3,0,3,3,0,3
poorhouse's,11,4,1,5,3,0,3
poorhouses,10,5,1,6,3,0,3
poorly,6,3,5,8,3,5,8
pop,3,2,5,7,2,5,7
pop's,5,4,6,10,4,6,10
popcorn,7,2,5,7,2,5,7
popcorn's,9,4,3,7,4,3,7
pope,4,3,4,7,3,4,7
pope's,6,5,4,9,5,3,8
popes,5,4,8,12,4,2,6
popgun,6,3,4,7,3,4,7
popgun's,8,4,3,7,4,3,7
popguns,7,4,4,8,4,4,8
popinjay,8,3,2,5,3,2,5
popinjay's,10,5,1,6,4,2,6
popinjays,9,3,3,6,3,3,6
poplar,6,3,6,9,3,3,6
poplar's,8,5,5,10,5,2,7
poplars,7,5,3,8,5,2,7
poplin,6,5,3,8,5,4,9
poplin's,8,7,2,9,7,3,10
popover,7,3,4,7,3,4,7
popover's,9,5,3,8,5,2,7
popovers,8,4,5,9,4,4,8
poppa,5,3,8,11,3,5,8
poppa's,7,4,8,12,5,3,8
poppas,6,4,4,8,4,4,8
popped,6,4,7,11,4,4,8
poppies,7,4,7,11,5,3,8
popping,7,5,5,10,5,4,9
poppy,5,2,11,13,3,9,12
poppy's,7,4,8,12,5,8,13
poppycock,9,2,4,6,2,4,6
poppycock's,11,4,2,6,4,2,6
pops,4,3,5,8,3,5,8
populace,8,4,3,7,4,2,6
populace's,10,7,1,8,6,1,7
populaces,9,8,1,9,8,1,9
popular,7,5,5,10,6,3,9
popularity,10,8,4,12,9,3,12
popularity's,12,10,2,12,11,1,12
popularization,14,4,1,5,4,1,5
popularization's,16,5,0,5,5,0,5
popularize,10,5,1,6,4,1,5
popularized,11,5,1,6,4,1,5
popularizes,11,7,0,7,5,0,5
popularizing,12,5,1,6,5,1,6
popularly,9,6,4,10,7,3,10
populate,8,7,2,9,6,2,8
populated,9,5,2,7,5,2,7
populates,9,7,2,9,7,2,9
populating,10,9,2,11,6,2,8
population,10,5,2,7,4,2,6
population's,12,10,1,11,6,1,7
populations,11,8,2,10,9,1,10
populism,8,5,3,8,7,3,10
populism's,10,6,2,8,8,3,11
populist,8,6,2,8,6,4,10
populist's,10,6,2,8,7,4,11
populists,9,4,3,7,5,2,7
populous,8,3,4,7,3,4,7
porcelain,9,3,1,4,3,1,4
porcelain's,11,5,0,5,4,0,4
porch,5,2,8,10,5,6,11
porch's,7,5,7,12,7,5,12
porches,7,5,5,10,5,5,10
porcine,7,4,2,6,4,1,5
porcupine,9,4,2,6,4,2,6
porcupine's,11,6,1,7,5,1,6
porcupines,10,5,1,6,5,1,6
pore,4,4,7,11,4,7,11
pore's,6,6,7,13,6,7,13
pored,5,4,5,9,4,5,9
pores,5,4,9,13,5,5,10
poring,6,5,5,10,5,6,11
pork,4,4,9,13,4,10,14
pork's,6,6,8,14,6,8,14
porn,4,4,9,13,4,9,13
porn's,6,5,8,13,5,9,14
porno,5,2,3,5,2,4,6
porno's,7,4,2,6,3,3,6
pornographer,12,2,2,4,2,2,4
pornographer's,14,4,1,5,4,1,5
pornographers,13,4,1,5,4,1,5
pornographic,12,2,1,3,2,1,3
pornography,11,4,3,7,3,3,6
pornography's,13,3,2,5,3,2,5
porosity,8,5,2,7,5,2,7
porosity's,10,6,3,9,6,3,9
porous,6,3,4,7,3,4,7
porphyry,8,1,5,6,1,5,6
porphyry's,10,2,4,6,2,4,6
porpoise,8,6,1,7,4,1,5
porpoise's,10,5,2,7,5,1,6
porpoised,9,3,1,4,3,0,3
porpoises,9,6,1,7,4,1,5
porpoising,10,5,0,5,3,1,4
porridge,8,3,4,7,3,5,8
porridge's,10,6,2,8,5,1,6
porringer,9,3,2,5,4,2,6
porringer's,11,4,0,4,3,0,3
porringers,10,3,1,4,5,1,6
port,4,3,8,11,3,9,12
port's,6,5,7,12,5,8,13
portability,11,6,2,8,2,3,5
portability's,13,3,0,3,3,1,4
portable,8,6,1,7,6,1,7
portable's,10,6,2,8,4,1,5
portables,9,4,1,5,4,1,5
portage,7,6,2,8,6,2,8
portage's,9,8,1,9,8,1,9
portaged,8,4,1,5,5,2,7
portages,8,7,2,9,7,3,10
portaging,9,5,2,7,5,2,7
portal,6,3,7,10,4,4,8
portal's,8,5,5,10,6,3,9
portals,7,4,3,7,4,3,7
portcullis,10,3,2,5,3,2,5
portcullis's,12,10,0,10,10,0,10
portcullises,12,9,1,10,9,1,10
ported,6,6,5,11,6,6,12
portend,7,5,2,7,3,2,5
portended,9,3,1,4,3,1,4
portending,10,5,2,7,2,2,4
portends,8,4,1,5,4,2,6
portent,7,5,2,7,3,2,5
portent's,9,5,1,6,5,1,6
portentous,10,4,2,6,4,2,6
portentously,12,7,0,7,4,0,4
portents,8,5,1,6,5,1,6
porter,6,5,2,7,5,2,7
porter's,8,6,2,8,6,2,8
porterhouse,11,3,0,3,2,1,3
porterhouse's,13,3,1,4,2,1,3
porterhouses,12,2,1,3,2,1,3
porters,7,5,4,9,5,4,9
portfolio,9,2,3,5,2,3,5
portfolio's,11,2,2,4,2,2,4
portfolios,10,2,2,4,2,2,4
porthole,8,6,3,9,6,3,9
porthole's,10,8,2,10,8,1,9
portholes,9,7,2,9,7,2,9
portico,7,3,4,7,3,4,7
portico's,9,4,2,6,3,3,6
porticoes,9,5,0,5,4,1,5
porticos,8,2,2,4,2,2,4
porting,7,6,7,13,7,4,11
portion,7,3,3,6,2,4,6
portion's,9,6,2,8,5,5,10
portioned,9,4,2,6,5,1,6
portioning,10,4,2,6,4,2,6
portions,8,5,2,7,4,2,6
portlier,8,6,2,8,4,2,6
portliest,9,7,0,7,7,0,7
portliness,10,5,0,5,8,0,8
portliness's,12,6,0,6,6,0,6
portly,6,4,5,9,4,5,9
portmanteau,11,2,2,4,2,1,3
portmanteau's,13,3,0,3,3,0,3
portmanteaus,12,3,1,4,3,1,4
portmanteaux,12,1,2,3,1,2,3
portrait,8,4,2,6,4,3,7
portrait's,10,5,2,7,5,2,7
portraitist,11,2,0,2,3,0,3
portraitist's,13,4,0,4,3,0,3
portraitists,12,3,0,3,3,0,3
portraits,9,4,4,8,4,3,7
portraiture,11,3,1,4,3,1,4
portraiture's,13,4,0,4,4,0,4
portray,7,3,3,6,4,4,8
portrayal,9,3,3,6,2,3,5
portrayal's,11,6,2,8,4,1,5
portrayals,10,4,2,6,3,2,5
portrayed,9,5,2,7,5,2,7
portraying,10,6,2,8,6,2,8
portrays,8,5,2,7,5,2,7
ports,5,4,7,11,4,7,11
pose,4,3,5,8,3,5,8
pose's,6,4,6,10,4,6,10
posed,5,4,2,6,4,2,6
poser,5,4,2,6,4,2,6
poser's,7,5,3,8,5,2,7
posers,6,4,3,7,4,3,7
poses,5,4,5,9,4,5,9
poseur,6,3,2,5,3,2,5
poseur's,8,4,2,6,4,2,6
poseurs,7,4,2,6,3,2,5
posh,4,3,7,10,3,7,10
posher,6,4,4,8,4,4,8
poshest,7,5,2,7,5,2,7
posies,6,4,5,9,4,5,9
posing,6,5,4,9,5,4,9
posit,5,4,4,8,4,4,8
posited,7,6,0,6,5,1,6
positing,8,3,1,4,3,1,4
position,8,3,2,5,4,1,5
position's,10,3,2,5,2,2,4
positional,10,4,0,4,2,1,3
positioned,10,3,1,4,3,0,3
positioning,11,2,0,2,2,0,2
positions,9,2,2,4,2,2,4
positive,8,3,0,3,3,0,3
positive's,10,4,0,4,4,0,4
positively,10,2,1,3,3,0,3
positives,9,3,0,3,3,0,3
positivism,10,2,0,2,2,0,2
positron,8,2,1,3,2,1,3
positron's,10,3,1,4,2,1,3
positrons,9,2,2,4,2,2,4
posits,6,4,3,7,2,4,6
posse,5,3,3,6,3,2,5
posse's,7,4,2,6,4,2,6
posses,6,4,7,11,4,7,11
possess,7,1,0,1,2,0,2
possessed,9,3,0,3,2,0,2
possesses,9,1,0,1,1,0,1
possessing,10,4,0,4,3,0,3
possession,10,3,0,3,2,0,2
possession's,12,3,0,3,2,0,2
possessions,11,4,0,4,2,0,2
possessive,10,4,0,4,3,0,3
possessive's,12,3,0,3,2,0,2
possessively,12,1,0,1,1,0,1
possessiveness,14,1,0,1,1,0,1
possessiveness's,16,1,0,1,1,0,1
possessives,11,3,0,3,2,0,2
possessor,9,3,0,3,2,0,2
possessor's,11,4,0,4,2,0,2
possessors,10,1,0,1,1,0,1
possibilities,13,2,0,2,2,0,2
possibility,11,4,0,4,4,0,4
possibility's,13,2,0,2,2,0,2
possible,8,3,0,3,3,1,4
possible's,10,3,1,4,2,1,3
possibles,9,3,1,4,3,1,4
possibly,8,2,2,4,2,2,4
possum,6,3,2,5,3,2,5
possum's,8,4,2,6,4,2,6
possums,7,3,2,5,3,2,5
post,4,4,2,6,4,2,6
post's,6,5,4,9,5,4,9
postage,7,4,1,5,6,1,7
postage's,9,5,1,6,7,2,9
postal,6,4,3,7,4,3,7
postbox,7,5,4,9,5,4,9
postcard,8,7,2,9,7,2,9
postcard's,10,8,2,10,8,2,10
postcards,9,7,2,9,7,2,9
postcode,8,4,2,6,4,2,6
postcodes,9,5,1,6,5,1,6
postdate,8,3,1,4,3,1,4
postdated,9,3,0,3,3,0,3
postdates,9,4,1,5,4,1,5
postdating,10,5,1,6,4,1,5
postdoc,7,4,5,9,4,5,9
postdoctoral,12,4,1,5,1,2,3
posted,6,5,5,10,6,4,10
poster,6,5,3,8,5,4,9
poster's,8,6,2,8,6,2,8
posterior,9,4,1,5,4,1,5
posterior's,11,3,1,4,3,1,4
posteriors,10,5,0,5,5,0,5
posterity,9,6,2,8,6,1,7
posterity's,11,7,1,8,7,1,8
posters,7,5,2,7,5,2,7
postgraduate,12,2,1,3,2,1,3
postgraduate's,14,2,0,2,2,1,3
postgraduates,13,2,1,3,2,1,3
posthaste,9,2,1,3,2,1,3
posthumous,10,2,2,4,2,3,5
posthumously,12,2,0,2,3,0,3
posting,7,6,5,11,6,5,11
postlude,8,3,2,5,3,2,5
postlude's,10,5,1,6,3,3,6
postludes,9,4,1,5,4,1,5
postman,7,4,3,7,4,3,7
postman's,9,5,3,8,5,3,8
postmark,8,6,3,9,6,3,9
postmark's,10,7,3,10,7,3,10
postmarked,10,6,1,7,3,1,4
postmarking,11,3,0,3,4,0,4
postmarks,9,6,3,9,6,3,9
postmaster,10,4,1,5,2,2,4
postmaster's,12,5,1,6,3,1,4
postmasters,11,4,1,5,2,0,2
postmen,7,5,3,8,2,4,6
postmistress,12,2,0,2,2,0,2
postmistress's,14,5,0,5,3,0,3
postmistresses,14,5,0,5,3,0,3
postmodern,10,3,1,4,3,1,4
postmortem,10,2,2,4,4,1,5
postmortem's,12,2,1,3,2,1,3
postmortems,11,3,1,4,4,1,5
postnatal,9,2,2,4,2,2,4
postoperative,13,3,0,3,3,0,3
postpaid,8,3,1,4,3,1,4
postpartum,10,2,2,4,2,2,4
postpone,8,4,2,6,4,2,6
postponed,9,4,2,6,4,2,6
postponement,12,2,1,3,2,1,3
postponement's,14,2,0,2,2,1,3
postponements,13,2,1,3,2,1,3
postpones,9,5,1,6,5,1,6
postponing,10,4,0,4,4,0,4
posts,5,3,5,8,3,5,8
postscript,10,2,0,2,2,0,2
postscript's,12,2,0,2,2,0,2
postscripts,11,2,0,2,2,0,2
postulate,9,4,1,5,3,1,4
postulate's,11,5,0,5,4,1,5
postulated,10,6,1,7,4,1,5
postulates,10,4,1,5,4,1,5
postulating,11,4,1,5,3,1,4
posture,7,5,3,8,5,3,8
posture's,9,6,3,9,6,3,9
postured,8,6,0,6,6,0,6
postures,8,5,3,8,5,3,8
posturing,9,7,2,9,7,3,10
postwar,7,3,3,6,3,3,6
posy,4,4,6,10,4,6,10
posy's,6,3,5,8,3,5,8
pot,3,3,8,11,3,8,11
pot's,5,5,6,11,5,6,11
potable,7,5,4,9,5,4,9
potable's,9,7,3,10,7,3,10
potables,8,6,3,9,6,3,9
potash,6,3,2,5,3,2,5
potash's,8,3,3,6,4,2,6
potassium,9,2,2,4,4,1,5
potassium's,11,3,1,4,2,1,3
potato,6,2,5,7,3,5,8
potato's,8,4,3,7,5,1,6
potatoes,8,5,1,6,5,1,6
potbellied,10,4,1,5,4,2,6
potbellies,10,4,1,5,3,2,5
potbelly,8,2,3,5,2,4,6
potbelly's,10,4,3,7,3,3,6
potboiler,9,4,3,7,4,2,6
potboiler's,11,6,1,7,6,1,7
potboilers,10,7,2,9,4,2,6
potency,7,3,2,5,4,4,8
potency's,9,5,1,6,4,2,6
potent,6,4,2,6,4,3,7
potentate,9,2,1,3,2,1,3
potentate's,11,5,0,5,5,1,6
potentates,10,4,1,5,3,0,3
potential,9,5,1,6,5,1,6
potential's,11,6,0,6,4,1,5
potentialities,14,6,0,6,2,0,2
potentiality,12,2,1,3,2,1,3
potentiality's,14,6,0,6,3,0,3
potentially,11,3,1,4,3,1,4
potentials,10,4,2,6,3,1,4
potful,6,4,4,8,4,4,8
potful's,8,5,3,8,5,3,8
potfuls,7,4,5,9,4,5,9
potholder,9,3,2,5,4,1,5
potholder's,11,6,2,8,6,2,8
potholders,10,7,2,9,5,1,6
pothole,7,4,6,10,4,6,10
pothole's,9,6,5,11,5,3,8
potholes,8,5,4,9,5,4,9
pothook,7,2,6,8,2,6,8
pothook's,9,4,4,8,4,4,8
pothooks,8,3,3,6,3,4,7
potion,6,4,5,9,4,5,9
potion's,8,6,4,10,6,4,10
potions,7,5,6,11,5,4,9
potluck,7,3,4,7,3,4,7
potluck's,9,5,3,8,5,3,8
potlucks,8,5,3,8,5,3,8
potpie,6,4,2,6,4,3,7
potpie's,8,6,3,9,6,5,11
potpies,7,5,2,7,5,3,8
potpourri,9,1,3,4,1,3,4
potpourri's,11,3,2,5,2,4,6
potpourris,10,4,3,7,4,3,7
pots,4,4,7,11,4,7,11
potsherd,8,4,0,4,4,0,4
potsherd's,10,5,0,5,5,0,5
potsherds,9,4,1,5,3,1,4
potshot,7,4,3,7,4,3,7
potshot's,9,5,3,8,4,3,7
potshots,8,4,3,7,4,3,7
pottage,7,5,2,7,5,1,6
pottage's,9,7,1,8,7,1,8
potted,6,5,7,12,5,4,9
potter,6,5,3,8,5,3,8
potter's,8,7,2,9,6,2,8
pottered,8,4,4,8,4,4,8
potteries,9,6,2,8,6,2,8
pottering,9,6,3,9,6,3,9
potters,7,5,3,8,5,4,9
pottery,7,5,3,8,5,3,8
pottery's,9,7,2,9,7,2,9
pottier,7,4,7,11,5,6,11
potties,7,5,2,7,5,3,8
pottiest,8,4,2,6,4,2,6
potting,7,6,5,11,6,4,10
potty,5,3,7,10,3,8,11
potty's,7,5,4,9,5,6,11
pouch,5,5,6,11,4,7,11
pouch's,7,7,5,12,6,6,12
pouched,7,7,4,11,6,5,11
pouches,7,7,5,12,7,5,12
pouching,8,8,5,13,8,5,13
poultice,8,4,3,7,4,3,7
poultice's,10,6,2,8,5,3,8
poulticed,9,5,2,7,5,2,7
poultices,9,5,1,6,6,0,6
poulticing,10,4,3,7,3,3,6
poultry,7,5,5,10,4,5,9
poultry's,9,7,4,11,6,4,10
pounce,6,5,5,10,5,5,10
pounce's,8,7,5,12,7,6,13
pounced,7,6,6,12,6,6,12
pounces,7,6,5,11,6,5,11
pouncing,8,6,5,11,6,5,11
pound,5,5,4,9,5,4,9
pound's,7,7,3,10,7,2,9
pounded,7,6,6,12,6,6,12
pounding,8,7,6,13,7,6,13
pounds,6,6,7,13,6,7,13
pour,4,4,6,10,4,7,11
poured,6,6,2,8,4,3,7
pouring,7,7,4,11,5,7,12
pours,5,5,6,11,5,6,11
pout,4,3,9,12,3,9,12
pout's,6,5,8,13,5,8,13
pouted,6,5,7,12,5,5,10
pouting,7,6,5,11,6,5,11
pouts,5,4,8,12,4,8,12
poverty,7,3,4,7,4,4,8
poverty's,9,4,3,7,3,3,6
powder,6,4,4,8,4,4,8
powder's,8,6,3,9,7,2,9
powdered,8,4,3,7,4,3,7
powdering,9,7,4,11,7,3,10
powders,7,6,3,9,6,3,9
powdery,7,4,3,7,5,3,8
power,5,5,7,12,5,7,12
power's,7,7,7,14,7,7,14
powerboat,9,2,3,5,3,3,6
powerboat's,11,5,1,6,6,0,6
powerboats,10,5,1,6,4,1,5
powered,7,6,4,10,6,3,9
powerful,8,4,2,6,4,3,7
powerfully,10,3,3,6,2,3,5
powerhouse,10,2,2,4,3,1,4
powerhouse's,12,3,1,4,3,1,4
powerhouses,11,3,1,4,3,1,4
powering,8,8,4,12,8,4,12
powerless,9,2,1,3,2,1,3
powerlessly,11,3,0,3,3,0,3
powerlessness,13,4,0,4,2,0,2
powerlessness's,15,3,0,3,2,0,2
powers,6,6,2,8,6,2,8
powwow,6,2,6,8,2,6,8
powwow's,8,4,4,8,4,4,8
powwowed,8,4,2,6,4,4,8
powwowing,9,5,2,7,5,2,7
powwows,7,3,5,8,3,6,9
pox,3,2,8,10,2,8,10
pox's,5,4,8,12,4,8,12
poxes,5,4,9,13,4,6,10
practicability,14,1,1,2,1,1,2
practicability's,16,2,1,3,2,0,2
practicable,11,9,1,10,4,1,5
practicably,11,8,2,10,4,2,6
practical,9,3,3,6,4,2,6
practical's,11,3,2,5,3,2,5
practicalities,14,3,0,3,3,0,3
practicality,12,2,2,4,2,2,4
practicality's,14,3,0,3,4,0,4
practically,11,5,1,6,4,2,6
practicals,10,4,1,5,4,1,5
practice,8,5,1,6,4,1,5
practice's,10,7,0,7,5,0,5
practiced,9,5,1,6,5,1,6
practices,9,5,0,5,5,1,6
practicing,10,4,2,6,3,2,5
practise,8,3,1,4,3,1,4
practise's,10,5,0,5,3,1,4
practised,9,5,1,6,4,0,4
practises,9,4,2,6,4,2,6
practising,10,6,0,6,3,1,4
practitioner,12,2,1,3,2,1,3
practitioner's,14,3,0,3,3,0,3
practitioners,13,3,0,3,3,0,3
pragmatic,9,5,2,7,4,2,6
pragmatic's,11,3,2,5,3,2,5
pragmatically,13,4,1,5,4,1,5
pragmatics,10,3,2,5,3,2,5
pragmatism,10,4,0,4,4,0,4
pragmatism's,12,6,0,6,6,1,7
pragmatist,10,4,0,4,3,1,4
pragmatist's,12,5,0,5,5,0,5
pragmatists,11,6,0,6,5,0,5
prairie,7,3,1,4,3,1,4
prairie's,9,5,0,5,5,0,5
prairies,8,3,3,6,3,3,6
praise,6,5,2,7,5,3,8
praise's,8,5,1,6,4,2,6
praised,7,6,2,8,4,2,6
praises,7,5,3,8,5,1,6
praiseworthiness,16,1,0,1,1,0,1
praiseworthiness's,18,1,0,1,1,0,1
praiseworthy,12,3,0,3,3,0,3
praising,8,5,3,8,5,3,8
praline,7,4,1,5,3,1,4
praline's,9,6,0,6,6,0,6
pralines,8,4,2,6,4,2,6
pram,4,4,6,10,4,6,10
prance,6,6,2,8,6,2,8
prance's,8,8,3,11,8,2,10
pranced,7,4,2,6,5,2,7
prancer,7,4,3,7,4,4,8
prancer's,9,6,3,9,6,2,8
prancers,8,5,4,9,5,3,8
prances,7,7,3,10,7,2,9
prancing,8,5,4,9,5,4,9
prank,5,4,5,9,4,6,10
prank's,7,6,4,10,6,5,11
pranks,6,5,4,9,5,5,10
prankster,9,4,0,4,3,1,4
prankster's,11,4,1,5,5,0,5
pranksters,10,4,0,4,4,0,4
prate,5,4,7,11,4,7,11
prate's,7,5,5,10,5,5,10
prated,6,5,4,9,5,5,10
prates,6,5,5,10,5,5,10
pratfall,8,2,4,6,3,3,6
pratfall's,10,4,3,7,5,1,6
pratfalls,9,4,2,6,4,2,6
prating,7,7,4,11,6,7,13
prattle,7,4,5,9,5,1,6
prattle's,9,6,4,10,7,1,8
prattled,8,6,1,7,4,3,7
prattles,8,5,5,10,6,2,8
prattling,9,7,3,10,5,3,8
prawn,5,4,5,9,4,6,10
prawn's,7,6,4,10,6,4,10
prawned,7,5,6,11,5,5,10
prawning,8,5,3,8,4,3,7
prawns,6,4,3,7,4,4,8
pray,4,4,6,10,4,6,10
prayed,6,5,4,9,5,4,9
prayer,6,3,6,9,3,6,9
prayer's,8,5,3,8,5,3,8
prayers,7,4,3,7,4,3,7
praying,7,6,5,11,5,7,12
prays,5,4,3,7,4,3,7
preach,6,5,3,8,5,3,8
preached,8,6,2,8,6,2,8
preacher,8,4,3,7,4,3,7
preacher's,10,6,1,7,6,1,7
preachers,9,5,1,6,5,1,6
preaches,8,6,3,9,6,3,9
preachier,9,5,2,7,5,2,7
preachiest,10,5,0,5,5,0,5
preaching,9,8,2,10,8,2,10
preachy,7,4,3,7,4,3,7
preamble,8,2,3,5,2,3,5
preamble's,10,5,1,6,5,1,6
preambled,9,5,1,6,5,1,6
preambles,9,4,1,5,4,1,5
preambling,10,7,1,8,7,1,8
prearrange,10,3,2,5,2,2,4
prearranged,11,2,2,4,2,1,3
prearrangement,14,1,2,3,1,2,3
prearrangement's,16,3,0,3,2,1,3
prearranges,11,3,0,3,3,0,3
prearranging,12,4,1,5,4,1,5
precarious,10,7,1,8,4,1,5
precariously,12,9,1,10,6,1,7
precaution,10,6,1,7,4,1,5
precaution's,12,8,0,8,4,0,4
precautionary,13,2,1,3,2,1,3
precautions,11,7,1,8,5,0,5
precede,7,2,1,3,2,0,2
preceded,8,2,1,3,2,1,3
precedence,10,2,1,3,2,1,3
precedence's,12,3,0,3,3,0,3
precedent,9,3,2,5,3,2,5
precedent's,11,2,0,2,2,0,2
precedents,10,3,0,3,3,0,3
precedes,8,3,0,3,2,1,3
preceding,9,3,1,4,3,1,4
precept,7,3,1,4,3,1,4
precept's,9,4,0,4,4,0,4
preceptor,9,2,1,3,2,1,3
preceptor's,11,3,0,3,3,0,3
preceptors,10,3,0,3,3,0,3
precepts,8,5,0,5,5,0,5
precinct,8,3,1,4,3,1,4
precinct's,10,4,1,5,4,1,5
precincts,9,4,1,5,5,1,6
preciosity,10,2,0,2,3,0,3
preciosity's,12,3,0,3,3,0,3
precious,8,8,1,9,8,1,9
preciously,10,8,1,9,10,0,10
preciousness,12,7,0,7,3,0,3
preciousness's,14,3,0,3,3,0,3
precipice,9,3,2,5,3,2,5
precipice's,11,4,1,5,5,0,5
precipices,10,3,0,3,3,0,3
precipitant,11,4,1,5,3,1,4
precipitant's,13,3,0,3,4,0,4
precipitants,12,3,0,3,4,0,4
precipitate,11,3,1,4,3,1,4
precipitate's,13,2,0,2,3,0,3
precipitated,12,3,1,4,2,1,3
precipitately,13,3,1,4,2,1,3
precipitates,12,4,0,4,4,0,4
precipitating,13,3,1,4,8,1,9
precipitation,13,4,1,5,8,1,9
precipitation's,15,4,0,4,3,0,3
precipitations,14,3,0,3,4,0,4
precipitous,11,3,1,4,4,1,5
precipitously,13,6,0,6,4,0,4
precise,7,3,0,3,6,1,7
precisely,9,2,0,2,2,0,2
preciseness,11,2,0,2,2,0,2
preciseness's,13,2,0,2,2,0,2
preciser,8,3,0,3,3,0,3
precises,8,3,1,4,3,1,4
precisest,9,3,0,3,2,0,2
precision,9,4,0,4,6,0,6
precision's,11,3,0,3,3,0,3
preclude,8,4,1,5,4,1,5
precluded,9,3,1,4,3,1,4
precludes,9,5,1,6,5,1,6
precluding,10,6,2,8,6,2,8
preclusion,10,5,0,5,4,0,4
preclusion's,12,6,0,6,2,1,3
precocious,10,3,2,5,4,1,5
precociously,12,7,0,7,4,0,4
precociousness,14,3,0,3,3,0,3
precociousness's,16,4,0,4,3,0,3
precocity,9,4,2,6,3,2,5
precocity's,11,6,1,7,5,1,6
precognition,12,2,1,3,2,1,3
preconceive,11,3,1,4,1,1,2
preconceived,12,2,1,3,2,1,3
preconceives,12,2,0,2,2,0,2
preconceiving,13,2,2,4,2,2,4
preconception,13,2,1,3,3,1,4
preconception's,15,4,0,4,4,0,4
preconceptions,14,4,0,4,4,0,4
precondition,12,2,1,3,2,1,3
precondition's,14,3,0,3,3,0,3
preconditioned,14,2,1,3,2,1,3
preconditioning,15,1,1,2,1,1,2
preconditions,13,4,0,4,4,0,4
precursor,9,2,1,3,3,0,3
precursor's,11,3,0,3,3,0,3
precursors,10,3,1,4,3,1,4
predate,7,6,1,7,6,0,6
predated,8,4,2,6,4,2,6
predates,8,7,0,7,7,0,7
predating,9,8,1,9,8,1,9
predator,8,2,2,4,2,2,4
predator's,10,7,1,8,7,1,8
predators,9,6,1,7,6,1,7
predatory,9,8,1,9,8,1,9
predecease,10,2,2,4,2,1,3
predeceased,11,2,1,3,2,1,3
predeceases,11,2,1,3,2,1,3
predeceasing,12,5,0,5,3,0,3
predecessor,11,2,0,2,2,0,2
predecessor's,13,2,0,2,2,0,2
predecessors,12,2,0,2,2,0,2
predefined,10,2,1,3,2,1,3
predestination,14,2,0,2,2,0,2
predestination's,16,3,0,3,2,0,2
predestine,10,4,1,5,2,0,2
predestined,11,2,0,2,2,0,2
predestines,11,2,0,2,2,0,2
predestining,12,2,0,2,2,0,2
predetermination,16,2,1,3,3,1,4
predetermination's,18,3,0,3,4,0,4
predetermine,12,2,2,4,2,2,4
predetermined,13,2,1,3,2,1,3
predetermines,13,3,0,3,2,0,2
predetermining,14,2,1,3,2,1,3
predicament,11,2,1,3,2,1,3
predicament's,13,6,0,6,3,0,3
predicaments,12,5,0,5,5,0,5
predicate,9,3,1,4,3,1,4
predicate's,11,6,0,6,5,0,5
predicated,10,6,1,7,5,2,7
predicates,10,5,0,5,5,0,5
predicating,11,7,1,8,9,1,10
predication,11,8,1,9,9,1,10
predication's,13,10,0,10,4,0,4
predicative,11,3,2,5,3,1,4
predict,7,4,2,6,4,2,6
predictability,14,1,1,2,1,1,2
predictable,11,3,1,4,4,1,5
predictably,11,2,1,3,2,1,3
predicted,9,3,1,4,3,1,4
predicting,10,3,1,4,3,1,4
prediction,10,3,1,4,3,1,4
prediction's,12,4,0,4,4,0,4
predictions,11,4,1,5,5,0,5
predictive,10,2,1,3,2,1,3
predictor,9,2,1,3,2,1,3
predicts,8,5,2,7,5,2,7
predilection,12,6,1,7,3,1,4
predilection's,14,5,0,5,4,0,4
predilections,13,4,0,4,2,0,2
predispose,10,2,0,2,2,0,2
predisposed,11,1,0,1,1,0,1
predisposes,11,2,0,2,2,0,2
predisposing,12,1,1,2,2,0,2
predisposition,14,3,0,3,2,0,2
predisposition's,16,1,0,1,1,0,1
predispositions,15,1,0,1,1,0,1
predominance,12,3,1,4,3,1,4
predominance's,14,3,1,4,3,0,3
predominant,11,3,1,4,3,1,4
predominantly,13,2,1,3,3,1,4
predominate,11,5,1,6,3,1,4
predominated,12,3,1,4,3,1,4
predominates,12,4,0,4,4,0,4
predominating,13,5,1,6,4,1,5
preeminence,11,2,2,4,1,1,2
preeminence's,13,2,1,3,2,0,2
preeminent,10,1,1,2,1,1,2
preeminently,12,2,1,3,2,1,3
preempt,7,3,2,5,3,2,5
preempted,9,2,1,3,2,1,3
preempting,10,4,1,5,7,2,9
preemption,10,4,1,5,7,2,9
preemption's,12,2,1,3,2,1,3
preemptive,10,1,1,2,1,1,2
preemptively,12,2,1,3,2,1,3
preempts,8,4,0,4,4,0,4
preen,5,2,4,6,2,4,6
preened,7,4,2,6,3,2,5
preening,8,5,1,6,5,1,6
preens,6,4,3,7,4,3,7
preexist,8,4,1,5,4,1,5
preexisted,10,3,0,3,2,0,2
preexisting,11,3,0,3,3,0,3
preexists,9,3,0,3,3,0,3
prefab,6,4,1,5,4,2,6
prefab's,8,7,2,9,7,1,8
prefabbed,9,6,1,7,6,1,7
prefabbing,10,7,1,8,7,1,8
prefabricate,12,2,1,3,2,1,3
prefabricated,13,4,1,5,2,2,4
prefabricates,13,4,0,4,3,0,3
prefabricating,14,2,1,3,10,1,11
prefabrication,14,3,1,4,10,1,11
prefabrication's,16,6,0,6,3,0,3
prefabs,7,4,2,6,4,2,6
preface,7,3,3,6,4,2,6
preface's,9,5,3,8,5,3,8
prefaced,8,4,1,5,4,1,5
prefaces,8,4,1,5,4,1,5
prefacing,9,7,2,9,7,2,9
prefatory,9,7,2,9,7,2,9
prefect,7,5,1,6,5,1,6
prefect's,9,4,0,4,4,0,4
prefects,8,6,0,6,6,0,6
prefecture,10,2,1,3,2,2,4
prefecture's,12,5,0,5,2,1,3
prefectures,11,5,0,5,3,0,3
prefer,6,2,3,5,2,3,5
preferable,10,3,2,5,2,2,4
preferably,10,2,1,3,2,1,3
preference,10,2,1,3,2,1,3
preference's,12,3,0,3,3,0,3
preferences,11,2,0,2,2,0,2
preferential,12,3,1,4,3,1,4
preferentially,14,3,1,4,2,1,3
preferment,10,3,1,4,3,1,4
preferment's,12,3,0,3,2,1,3
preferred,9,2,1,3,2,1,3
preferring,10,2,1,3,2,1,3
prefers,7,3,2,5,3,1,4
prefigure,9,5,1,6,5,1,6
prefigured,10,3,1,4,3,2,5
prefigures,10,4,1,5,5,0,5
prefiguring,11,3,1,4,3,1,4
prefix,6,2,5,7,3,4,7
prefix's,8,6,3,9,6,2,8
prefixed,8,4,3,7,4,3,7
prefixes,8,4,2,6,5,2,7
prefixing,9,5,2,7,5,2,7
pregnancies,11,4,0,4,4,0,4
pregnancy,9,3,1,4,3,1,4
pregnancy's,11,5,0,5,4,0,4
pregnant,8,3,2,5,2,3,5
preheat,7,5,2,7,5,2,7
preheated,9,6,1,7,6,1,7
preheating,10,3,1,4,3,1,4
preheats,8,6,1,7,6,1,7
prehensile,10,4,0,4,2,0,2
prehistoric,11,3,0,3,3,0,3
prehistory,10,2,1,3,3,0,3
prehistory's,12,3,0,3,3,0,3
prejudge,8,3,3,6,3,3,6
prejudged,9,3,1,4,3,1,4
prejudges,9,5,1,6,5,1,6
prejudging,10,4,1,5,5,1,6
prejudgment,11,2,2,4,2,2,4
prejudgment's,13,5,1,6,2,1,3
prejudgments,12,4,1,5,5,0,5
prejudice,9,3,2,5,3,2,5
prejudice's,11,5,0,5,4,0,4
prejudiced,10,2,1,3,2,1,3
prejudices,10,5,1,6,4,1,5
prejudicial,11,2,2,4,4,2,6
prejudicing,11,4,2,6,5,1,6
prelate,7,5,2,7,5,1,6
prelate's,9,7,0,7,7,0,7
prelates,8,6,1,7,6,1,7
preliminaries,13,2,1,3,3,0,3
preliminary,11,4,1,5,3,1,4
preliminary's,13,3,1,4,4,0,4
prelude,7,3,3,6,3,3,6
prelude's,9,6,1,7,6,1,7
preludes,8,4,4,8,4,3,7
premarital,10,3,1,4,3,1,4
premature,9,4,2,6,4,2,6
prematurely,11,2,2,4,2,2,4
premeditate,11,2,1,3,2,1,3
premeditated,12,3,1,4,3,1,4
premeditates,12,2,0,2,2,0,2
premeditating,13,4,1,5,5,1,6
premeditation,13,6,1,7,5,1,6
premeditation's,15,4,0,4,6,0,6
premenstrual,12,2,0,2,2,0,2
premier,7,3,4,7,3,4,7
premier's,9,5,3,8,5,3,8
premiere,8,1,1,2,1,1,2
premiere's,10,4,0,4,3,0,3
premiered,9,3,1,4,2,1,3
premieres,9,2,0,2,2,0,2
premiering,10,6,1,7,4,1,5
premiers,8,4,2,6,4,2,6
premise,7,3,1,4,5,2,7
premise's,9,6,2,8,3,0,3
premised,8,3,0,3,3,0,3
premises,8,2,2,4,2,2,4
premising,9,4,0,4,6,0,6
premiss,7,2,0,2,2,0,2
premiss's,9,2,0,2,2,0,2
premisses,9,3,1,4,3,1,4
premium,7,3,4,7,3,4,7
premium's,9,5,2,7,6,2,8
premiums,8,6,1,7,6,1,7
premonition,11,3,1,4,5,1,6
premonition's,13,6,0,6,4,0,4
premonitions,12,4,0,4,4,0,4
premonitory,11,3,1,4,3,1,4
prenatal,8,3,2,5,2,3,5
prenup,6,3,4,7,4,4,8
prenup's,8,5,4,9,5,1,6
prenups,7,4,2,6,4,2,6
preoccupation,13,3,1,4,2,1,3
preoccupation's,15,5,0,5,3,0,3
preoccupations,14,3,0,3,3,0,3
preoccupied,11,2,2,4,3,1,4
preoccupies,11,4,0,4,4,0,4
preoccupy,9,4,2,6,3,2,5
preoccupying,12,5,2,7,5,2,7
preordain,9,2,1,3,2,1,3
preordained,11,3,1,4,2,1,3
preordaining,12,3,1,4,3,1,4
preordains,10,4,0,4,4,0,4
prep,4,2,8,10,2,8,10
prep's,6,4,7,11,5,6,11
prepackage,10,2,2,4,3,2,5
prepackaged,11,3,2,5,3,1,4
prepackages,11,4,0,4,4,0,4
prepackaging,12,4,1,5,4,1,5
prepaid,7,3,3,6,3,3,6
preparation,11,6,1,7,3,1,4
preparation's,13,8,0,8,4,0,4
preparations,12,4,0,4,3,0,3
preparatory,11,2,2,4,2,2,4
prepare,7,2,1,3,2,0,2
prepared,8,2,2,4,3,1,4
preparedness,12,4,0,4,3,0,3
preparedness's,14,5,0,5,3,0,3
prepares,8,3,0,3,3,0,3
preparing,9,3,1,4,3,1,4
prepay,6,4,1,5,4,2,6
prepaying,9,7,1,8,7,1,8
prepayment,10,2,1,3,2,1,3
prepayment's,12,2,0,2,2,0,2
prepayments,11,2,1,3,3,0,3
prepays,7,4,2,6,4,2,6
preponderance,13,1,2,3,1,2,3
preponderance's,15,2,1,3,2,1,3
preponderances,14,2,1,3,2,1,3
preponderant,12,2,2,4,2,2,4
preponderate,12,1,2,3,1,2,3
preponderated,13,1,2,3,1,2,3
preponderates,13,3,0,3,2,0,2
preponderating,14,2,1,3,3,1,4
preposition,11,3,0,3,3,0,3
preposition's,13,2,0,2,2,0,2
prepositional,13,5,0,5,3,0,3
prepositions,12,3,0,3,3,0,3
prepossess,10,1,0,1,1,0,1
prepossessed,12,1,0,1,1,0,1
prepossesses,12,1,0,1,1,0,1
prepossessing,13,1,0,1,1,0,1
preposterous,12,3,0,3,3,0,3
preposterously,14,1,0,1,1,0,1
prepped,7,4,3,7,4,2,6
preppie,7,2,4,6,3,1,4
preppie's,9,5,3,8,6,1,7
preppier,8,4,2,6,4,2,6
preppies,8,4,3,7,4,2,6
preppiest,9,5,1,6,5,1,6
prepping,8,6,3,9,6,3,9
preppy,6,3,5,8,3,4,7
preppy's,8,4,4,8,5,1,6
preps,5,4,4,8,4,2,6
prequel,7,5,2,7,5,2,7
prequel's,9,7,0,7,7,0,7
prequels,8,6,1,7,6,0,6
prerecord,9,2,1,3,2,1,3
prerecorded,11,1,2,3,2,1,3
prerecording,12,4,1,5,4,1,5
prerecords,10,3,0,3,3,0,3
preregister,11,2,0,2,2,0,2
preregistered,13,2,1,3,2,0,2
preregistering,14,2,0,2,2,0,2
preregisters,12,2,0,2,2,0,2
preregistration,15,3,0,3,3,0,3
preregistration's,17,2,0,2,2,0,2
prerequisite,12,3,0,3,3,0,3
prerequisite's,14,3,0,3,2,0,2
prerequisites,13,3,0,3,3,0,3
prerogative,11,2,2,4,3,1,4
prerogative's,13,5,0,5,3,0,3
prerogatives,12,3,0,3,3,0,3
presage,7,5,0,5,5,1,6
presage's,9,4,1,5,4,1,5
presaged,8,6,0,6,6,0,6
presages,8,5,0,5,5,0,5
presaging,9,6,0,6,4,0,4
preschool,9,3,1,4,3,1,4
preschool's,11,2,1,3,2,1,3
preschooler,11,2,2,4,3,0,3
preschooler's,13,2,0,2,2,0,2
preschoolers,12,2,0,2,2,0,2
preschools,10,3,1,4,4,1,5
prescience,10,3,0,3,3,0,3
prescience's,12,3,0,3,3,0,3
prescient,9,7,0,7,5,1,6
prescribe,9,2,0,2,2,0,2
prescribed,10,2,1,3,3,0,3
prescribes,10,2,0,2,2,0,2
prescribing,11,9,1,10,3,0,3
prescription,12,7,0,7,6,0,6
prescription's,14,6,0,6,3,0,3
prescriptions,13,3,0,3,3,0,3
prescriptive,12,7,0,7,2,1,3
presence,8,4,0,4,3,0,3
presence's,10,4,0,4,3,0,3
presences,9,4,0,4,3,0,3
present,7,3,0,3,3,0,3
present's,9,2,0,2,2,0,2
presentable,11,2,1,3,2,0,2
presentation,12,3,0,3,3,0,3
presentation's,14,2,0,2,4,0,4
presentations,13,3,0,3,3,0,3
presented,9,4,0,4,3,0,3
presenter,9,4,0,4,3,0,3
presentiment,12,3,0,3,3,0,3
presentiment's,14,2,0,2,2,0,2
presentiments,13,2,1,3,2,1,3
presenting,10,3,0,3,3,0,3
presently,9,3,0,3,2,1,3
presents,8,2,1,3,2,1,3
preservation,12,6,0,6,4,0,4
preservation's,14,4,0,4,4,0,4
preservative,12,2,1,3,2,1,3
preservative's,14,3,1,4,3,0,3
preservatives,13,2,1,3,2,1,3
preserve,8,4,0,4,3,0,3
preserve's,10,4,0,4,3,0,3
preserved,9,4,0,4,3,0,3
preserver,9,4,0,4,3,0,3
preserver's,11,2,0,2,2,0,2
preservers,10,4,0,4,3,0,3
preserves,9,4,0,4,3,0,3
preserving,10,5,0,5,4,0,4
preset,6,2,1,3,2,1,3
presets,7,3,1,4,3,0,3
presetting,10,5,0,5,4,0,4
preshrank,9,8,0,8,8,0,8
preshrink,9,8,1,9,8,1,9
preshrinking,12,4,0,4,4,0,4
preshrinks,10,3,1,4,3,1,4
preshrunk,9,7,2,9,7,2,9
preshrunken,11,2,1,3,3,0,3
preside,7,5,1,6,5,2,7
presided,8,4,0,4,4,0,4
presidencies,12,3,0,3,3,0,3
presidency,10,3,0,3,3,0,3
presidency's,12,3,0,3,3,0,3
president,9,7,0,7,5,1,6
president's,11,3,0,3,3,0,3
presidential,12,2,0,2,2,0,2
presidents,10,3,0,3,3,0,3
presides,8,5,1,6,5,1,6
presiding,9,5,0,5,5,0,5
press,5,4,4,8,4,4,8
press's,7,5,2,7,5,2,7
pressed,7,3,2,5,4,2,6
presses,7,4,1,5,4,1,5
pressing,8,6,1,7,6,1,7
pressing's,10,7,1,8,5,1,6
pressings,9,6,1,7,6,1,7
pressman,8,5,2,7,5,0,5
pressman's,10,4,1,5,4,1,5
pressmen,8,4,3,7,5,0,5
pressure,8,2,2,4,2,0,2
pressure's,10,2,0,2,2,0,2
pressured,9,3,0,3,3,0,3
pressures,9,2,1,3,2,0,2
pressuring,10,3,0,3,3,0,3
pressurization,14,5,0,5,2,0,2
pressurization's,16,5,0,5,2,0,2
pressurize,10,2,0,2,2,0,2
pressurized,11,2,0,2,2,0,2
pressurizes,11,3,0,3,3,0,3
pressurizing,12,3,0,3,3,0,3
prestige,8,3,0,3,3,0,3
prestige's,10,5,0,5,2,1,3
prestigious,11,3,0,3,3,0,3
presto,6,4,1,5,2,3,5
presto's,8,5,1,6,5,2,7
prestos,7,4,2,6,3,2,5
presumable,10,2,0,2,2,0,2
presumably,10,3,0,3,3,0,3
presume,7,4,2,6,4,3,7
presumed,8,5,1,6,5,1,6
presumes,8,4,2,6,4,2,6
presuming,9,7,0,7,7,0,7
presumption,11,4,0,4,3,0,3
presumption's,13,4,0,4,3,0,3
presumptions,12,3,0,3,3,0,3
presumptive,11,4,0,4,3,0,3
presumptuous,12,3,0,3,3,0,3
presumptuously,14,1,0,1,1,0,1
presumptuousness,16,1,0,1,1,0,1
presumptuousness's,18,1,0,1,1,0,1
presuppose,10,1,1,2,2,0,2
presupposed,11,2,0,2,2,0,2
presupposes,11,1,1,2,3,0,3
presupposing,12,2,0,2,2,0,2
presupposition,14,1,0,1,1,0,1
presupposition's,16,1,0,1,1,0,1
presuppositions,15,1,0,1,1,0,1
preteen,7,1,1,2,1,0,1
preteen's,9,2,0,2,2,0,2
preteens,8,2,0,2,2,0,2
pretence,8,2,1,3,2,1,3
pretence's,10,6,0,6,5,0,5
pretences,9,3,0,3,3,0,3
pretend,7,4,1,5,4,1,5
pretended,9,4,1,5,3,1,4
pretender,9,2,1,3,2,1,3
pretender's,11,3,0,3,3,0,3
pretenders,10,4,0,4,4,0,4
pretending,10,5,1,6,5,1,6
pretends,8,4,1,5,4,1,5
pretense,8,2,0,2,2,0,2
pretense's,10,3,1,4,2,0,2
pretenses,9,2,0,2,2,0,2
pretension,10,4,0,4,2,0,2
pretension's,12,5,0,5,2,0,2
pretensions,11,2,0,2,2,0,2
pretentious,11,5,0,5,4,0,4
pretentiously,13,7,0,7,5,0,5
pretentiousness,15,2,0,2,2,0,2
pretentiousness's,17,2,0,2,3,0,3
preterit,8,3,2,5,4,1,5
preterit's,10,5,1,6,6,0,6
preterite,9,2,1,3,2,1,3
preterite's,11,4,0,4,3,0,3
preterites,10,3,0,3,3,0,3
preterits,9,3,1,4,3,0,3
preternatural,13,1,2,3,1,2,3
pretext,7,4,1,5,4,1,5
pretext's,9,3,1,4,3,0,3
pretexts,8,4,0,4,4,0,4
prettied,8,4,2,6,4,2,6
prettier,8,4,2,6,4,2,6
pretties,8,4,0,4,4,0,4
prettiest,9,3,0,3,3,0,3
prettified,10,3,1,4,3,2,5
prettifies,10,3,0,3,3,0,3
prettify,8,7,2,9,7,2,9
prettifying,11,4,1,5,2,1,3
prettily,8,6,3,9,6,3,9
prettiness,10,4,0,4,4,0,4
prettiness's,12,6,1,7,7,0,7
pretty,6,3,3,6,3,1,4
pretty's,8,5,0,5,5,0,5
prettying,9,5,3,8,6,2,8
pretzel,7,4,3,7,4,3,7
pretzel's,9,6,1,7,6,1,7
pretzels,8,5,2,7,5,1,6
prevail,7,4,3,7,4,3,7
prevailed,9,5,2,7,5,2,7
prevailing,10,4,1,5,4,1,5
prevails,8,6,1,7,6,1,7
prevalence,10,1,1,2,1,1,2
prevalence's,12,2,0,2,2,0,2
prevalent,9,3,1,4,3,1,4
prevaricate,11,5,1,6,2,1,3
prevaricated,12,6,1,7,5,1,6
prevaricates,12,3,0,3,3,0,3
prevaricating,13,5,1,6,3,1,4
prevarication,13,6,1,7,5,1,6
prevarication's,15,7,0,7,6,0,6
prevarications,14,5,0,5,3,0,3
prevaricator,12,6,1,7,5,1,6
prevaricator's,14,4,0,4,3,1,4
prevaricators,13,3,0,3,3,0,3
prevent,7,4,3,7,4,3,7
preventable,11,1,2,3,9,1,10
preventative,12,2,1,3,2,1,3
preventative's,14,3,0,3,3,0,3
preventatives,13,5,0,5,2,0,2
prevented,9,5,2,7,5,2,7
preventible,11,2,1,3,8,2,10
preventing,10,5,1,6,5,1,6
prevention,10,3,1,4,3,1,4
prevention's,12,3,0,3,3,0,3
preventive,10,3,2,5,2,1,3
preventive's,12,4,1,5,3,0,3
preventives,11,5,0,5,3,0,3
prevents,8,5,2,7,5,2,7
preview,7,3,3,6,3,3,6
preview's,9,4,1,5,4,1,5
previewed,9,3,1,4,2,1,3
previewer,9,3,1,4,2,1,3
previewers,10,4,0,4,3,0,3
previewing,10,6,1,7,4,1,5
previews,8,4,2,6,6,2,8
previous,8,7,2,9,7,2,9
previously,10,7,1,8,9,1,10
prevue,6,3,2,5,3,2,5
prevue's,8,4,2,6,5,3,8
prevues,7,4,2,6,4,2,6
prewar,6,2,2,4,2,2,4
prey,4,3,7,10,3,6,9
prey's,6,5,4,9,5,4,9
preyed,6,4,3,7,4,3,7
preying,7,5,2,7,5,2,7
preys,5,4,4,8,4,2,6
price,5,5,3,8,5,3,8
price's,7,7,1,8,7,1,8
priced,6,6,2,8,6,2,8
priceless,9,5,2,7,5,2,7
prices,6,6,1,7,6,1,7
pricey,6,5,3,8,3,5,8
pricier,7,5,1,6,5,1,6
priciest,8,7,0,7,7,0,7
pricing,7,6,4,10,6,4,10
prick,5,5,6,11,5,6,11
prick's,7,7,5,12,7,5,12
pricked,7,6,3,9,6,3,9
pricking,8,6,4,10,5,2,7
prickle,7,7,2,9,6,2,8
prickle's,9,9,1,10,9,1,10
prickled,8,8,3,11,8,1,9
prickles,8,8,0,8,8,0,8
pricklier,9,6,2,8,6,2,8
prickliest,10,8,0,8,8,0,8
prickling,9,8,2,10,8,3,11
prickly,7,6,3,9,6,4,10
pricks,6,6,5,11,6,6,12
pricy,5,3,6,9,3,6,9
pride,5,5,4,9,5,4,9
pride's,7,7,2,9,7,2,9
prided,6,4,2,6,3,2,5
prides,6,6,2,8,6,2,8
priding,7,6,5,11,6,5,11
pried,5,5,5,10,5,5,10
pries,5,5,4,9,5,4,9
priest,6,6,1,7,6,1,7
priest's,8,4,0,4,5,0,5
priestess,9,1,0,1,1,0,1
priestess's,11,3,0,3,2,0,2
priestesses,11,3,0,3,2,0,2
priesthood,10,3,0,3,3,0,3
priesthood's,12,3,0,3,3,1,4
priesthoods,11,4,0,4,4,0,4
priestlier,10,4,0,4,3,0,3
priestliest,11,2,0,2,2,0,2
priestly,8,2,2,4,2,2,4
priests,7,4,1,5,4,1,5
prig,4,4,5,9,4,5,9
prig's,6,6,4,10,6,4,10
priggish,8,3,2,5,4,1,5
prigs,5,4,5,9,4,5,9
prim,4,3,7,10,3,7,10
primacy,7,7,2,9,7,2,9
primacy's,9,9,1,10,9,2,11
primaeval,9,3,2,5,2,1,3
primal,6,4,5,9,4,5,9
primaries,9,4,0,4,4,0,4
primarily,9,3,3,6,2,3,5
primary,7,5,2,7,5,2,7
primary's,9,4,2,6,4,3,7
primate,7,7,1,8,7,1,8
primate's,9,9,2,11,9,1,10
primates,8,8,1,9,8,1,9
prime,5,5,5,10,5,5,10
prime's,7,7,3,10,7,3,10
primed,6,6,3,9,6,3,9
primer,6,3,4,7,3,4,7
primer's,8,6,3,9,6,3,9
primers,7,5,3,8,5,3,8
primes,6,6,3,9,6,3,9
primeval,8,4,1,5,5,2,7
priming,7,6,6,12,6,6,12
primitive,9,3,2,5,2,3,5
primitive's,11,4,1,5,3,1,4
primitively,11,2,1,3,3,2,5
primitives,10,4,1,5,3,1,4
primly,6,5,5,10,5,5,10
primmer,7,3,4,7,4,3,7
primmest,8,6,2,8,6,2,8
primness,8,7,1,8,7,1,8
primness's,10,8,1,9,8,1,9
primogeniture,13,2,1,3,2,1,3
primogeniture's,15,3,0,3,2,0,2
primordial,10,1,3,4,2,2,4
primp,5,3,9,12,4,8,12
primped,7,5,6,11,5,3,8
primping,8,5,5,10,5,2,7
primps,6,4,6,10,4,8,12
primrose,8,4,0,4,4,0,4
primrose's,10,4,0,4,3,1,4
primroses,9,4,0,4,4,0,4
prince,6,4,1,5,4,0,4
prince's,8,6,1,7,6,2,8
princelier,10,2,1,3,2,1,3
princeliest,11,5,0,5,3,0,3
princely,8,5,3,8,3,3,6
princes,7,5,3,8,5,3,8
princess,8,5,1,6,5,1,6
princess's,10,5,0,5,5,0,5
princesses,10,3,0,3,3,0,3
principal,9,3,2,5,3,2,5
principal's,11,3,2,5,3,2,5
principalities,14,9,0,9,2,0,2
principality,12,2,1,3,2,1,3
principality's,14,9,0,9,3,0,3
principally,11,3,1,4,3,2,5
principals,10,4,1,5,5,1,6
principle,9,2,2,4,2,2,4
principle's,11,4,1,5,3,1,4
principled,10,3,3,6,2,3,5
principles,10,3,1,4,3,0,3
print,5,4,8,12,4,8,12
print's,7,5,6,11,5,6,11
printable,9,7,2,9,6,2,8
printed,7,5,3,8,5,4,9
printer,7,4,2,6,4,2,6
printer's,9,6,1,7,6,1,7
printers,8,5,2,7,5,1,6
printing,8,5,4,9,5,4,9
printing's,10,6,3,9,4,3,7
printings,9,5,4,9,5,4,9
printout,8,3,3,6,3,3,6
printout's,10,5,3,8,3,3,6
printouts,9,3,4,7,4,2,6
prints,6,4,6,10,4,8,12
prior,5,2,4,6,3,4,7
prior's,7,4,3,7,5,3,8
prioress,8,5,2,7,5,2,7
prioress's,10,6,1,7,5,1,6
prioresses,10,5,0,5,5,0,5
priories,8,4,0,4,4,3,7
priorities,10,3,1,4,3,0,3
prioritize,10,2,2,4,2,1,3
prioritized,11,2,1,3,3,2,5
prioritizes,11,3,0,3,3,0,3
prioritizing,12,1,1,2,1,1,2
priority,8,3,4,7,3,4,7
priority's,10,3,2,5,3,2,5
priors,6,3,4,7,3,4,7
priory,6,3,5,8,2,5,7
priory's,8,4,3,7,3,3,6
prism,5,4,4,8,4,4,8
prism's,7,4,3,7,5,3,8
prismatic,9,2,1,3,2,1,3
prisms,6,4,4,8,4,5,9
prison,6,4,2,6,4,2,6
prison's,8,5,2,7,5,2,7
prisoner,8,4,0,4,4,0,4
prisoner's,10,4,1,5,4,1,5
prisoners,9,3,2,5,3,1,4
prisons,7,3,3,6,3,3,6
prissier,8,3,0,3,3,0,3
prissiest,9,2,0,2,2,0,2
prissiness,10,2,0,2,2,0,2
prissiness's,12,2,0,2,2,0,2
prissy,6,2,3,5,2,3,5
pristine,8,6,1,7,6,1,7
prithee,7,1,4,5,3,1,4
privacy,7,6,3,9,6,3,9
privacy's,9,8,2,10,8,3,11
private,7,6,2,8,6,2,8
private's,9,8,3,11,8,2,10
privateer,9,5,1,6,4,1,5
privateer's,11,5,0,5,4,0,4
privateers,10,6,0,6,5,0,5
privately,9,7,2,9,3,2,5
privater,8,4,3,7,3,3,6
privates,8,7,2,9,7,2,9
privatest,9,5,1,6,5,0,5
privation,9,5,2,7,4,2,6
privation's,11,6,1,7,5,1,6
privations,10,4,1,5,4,1,5
privatization,13,2,1,3,3,1,4
privatization's,15,5,0,5,2,0,2
privatizations,14,3,0,3,2,0,2
privatize,9,3,1,4,3,1,4
privatized,10,5,1,6,4,1,5
privatizes,10,4,0,4,4,0,4
privatizing,11,2,1,3,2,2,4
privet,6,4,4,8,4,4,8
privet's,8,7,2,9,5,2,7
privets,7,4,3,7,4,3,7
privier,7,4,2,6,4,2,6
privies,7,4,1,5,4,1,5
priviest,8,6,1,7,6,1,7
privilege,9,3,1,4,2,2,4
privilege's,11,3,0,3,3,0,3
privileged,10,3,1,4,3,1,4
privileges,10,3,0,3,3,0,3
privileging,11,2,1,3,3,1,4
privy,5,2,10,12,2,10,12
privy's,7,5,7,12,4,9,13
prize,5,4,6,10,4,6,10
prize's,7,6,4,10,6,4,10
prized,6,5,4,9,5,4,9
prizefight,10,2,3,5,2,3,5
prizefight's,12,5,1,6,4,1,5
prizefighter,12,2,1,3,2,1,3
prizefighter's,14,4,1,5,3,0,3
prizefighters,13,3,0,3,3,0,3
prizefighting,13,2,1,3,1,2,3
prizefights,11,2,4,6,4,1,5
prizes,6,5,4,9,5,4,9
prizing,7,5,7,12,5,7,12
pro,3,2,6,8,2,6,8
pro's,5,5,3,8,5,3,8
proactive,9,4,2,6,4,2,6
probabilistic,13,2,0,2,3,0,3
probabilities,13,4,0,4,3,0,3
probability,11,6,2,8,3,3,6
probability's,13,4,0,4,5,1,6
probable,8,4,1,5,4,1,5
probable's,10,5,1,6,4,1,5
probables,9,4,1,5,4,1,5
probably,8,4,3,7,4,3,7
probate,7,6,2,8,4,2,6
probate's,9,7,3,10,7,2,9
probated,8,7,1,8,5,3,8
probates,8,6,1,7,6,1,7
probating,9,6,2,8,6,3,9
probation,9,5,2,7,5,2,7
probation's,11,7,1,8,5,1,6
probationary,12,3,1,4,3,1,4
probationer,11,4,1,5,3,1,4
probationer's,13,4,0,4,4,0,4
probationers,12,4,1,5,4,0,4
probe,5,5,2,7,5,2,7
probe's,7,6,3,9,6,3,9
probed,6,6,3,9,6,3,9
probes,6,6,2,8,6,2,8
probing,7,7,5,12,5,4,9
probity,7,6,4,10,6,4,10
probity's,9,8,2,10,8,2,10
problem,7,3,4,7,4,4,8
problem's,9,5,2,7,5,2,7
problematic,11,3,1,4,2,2,4
problematical,13,4,1,5,2,1,3
problematically,15,2,1,3,2,1,3
problems,8,3,3,6,4,2,6
proboscides,11,3,1,4,3,0,3
proboscis,9,2,3,5,2,3,5
proboscis's,11,8,0,8,1,1,2
proboscises,11,7,1,8,2,0,2
procedural,10,2,2,4,2,2,4
procedure,9,2,3,5,2,3,5
procedure's,11,4,0,4,4,0,4
procedures,10,3,0,3,3,0,3
proceed,7,3,2,5,3,2,5
proceeded,9,4,1,5,1,2,3
proceeding,10,5,1,6,3,1,4
proceeding's,12,7,0,7,4,0,4
proceedings,11,3,0,3,2,1,3
proceeds,8,3,2,5,3,2,5
proceeds's,10,2,1,3,2,0,2
process,7,6,1,7,6,1,7
process's,9,7,1,8,7,1,8
processed,9,7,0,7,7,0,7
processes,9,6,0,6,6,0,6
processing,10,9,0,9,9,0,9
procession,10,8,0,8,8,0,8
procession's,12,9,0,9,9,0,9
processional,12,10,0,10,10,0,10
processional's,14,11,0,11,11,0,11
processionals,13,10,0,10,10,0,10
processioned,12,3,0,3,2,0,2
processioning,13,2,0,2,3,0,3
processions,11,8,0,8,8,0,8
processor,9,6,0,6,6,0,6
processor's,11,7,0,7,7,0,7
processors,10,6,0,6,6,0,6
proclaim,8,3,2,5,3,2,5
proclaimed,10,6,1,7,3,1,4
proclaiming,11,5,1,6,4,2,6
proclaims,9,4,2,6,5,2,7
proclamation,12,5,1,6,3,1,4
proclamation's,14,6,0,6,3,1,4
proclamations,13,5,0,5,3,1,4
proclivities,12,4,0,4,4,0,4
proclivity,10,4,3,7,3,3,6
proclivity's,12,6,2,8,3,2,5
procrastinate,13,3,0,3,5,0,5
procrastinated,14,6,0,6,4,0,4
procrastinates,14,3,0,3,4,0,4
procrastinating,15,2,0,2,4,0,4
procrastination,15,2,0,2,4,0,4
procrastination's,17,2,0,2,2,0,2
procrastinator,14,6,0,6,4,0,4
procrastinator's,16,3,0,3,3,0,3
procrastinators,15,2,0,2,2,0,2
procreate,9,2,2,4,2,2,4
procreated,10,2,1,3,2,1,3
procreates,10,3,0,3,3,0,3
procreating,11,8,1,9,5,1,6
procreation,11,4,1,5,3,1,4
procreation's,13,7,0,7,3,0,3
procreative,11,2,2,4,2,2,4
proctor,7,2,4,6,2,4,6
proctor's,9,3,2,5,3,2,5
proctored,9,3,3,6,3,2,5
proctoring,10,4,3,7,4,3,7
proctors,8,3,2,5,4,2,6
procurator,10,2,3,5,2,3,5
procurator's,12,3,1,4,3,2,5
procurators,11,4,2,6,3,1,4
procure,7,4,3,7,4,2,6
procured,8,4,2,6,2,1,3
procurement,11,2,2,4,3,1,4
procurement's,13,7,0,7,4,0,4
procurer,8,2,2,4,2,1,3
procurer's,10,3,0,3,3,0,3
procurers,9,3,1,4,3,1,4
procures,8,4,2,6,4,2,6
procuring,9,5,2,7,5,2,7
prod,4,4,3,7,4,3,7
prod's,6,6,3,9,6,3,9
prodded,7,3,1,4,3,1,4
prodding,8,6,3,9,6,3,9
prodigal,8,3,3,6,3,3,6
prodigal's,10,5,1,6,4,2,6
prodigality,11,2,2,4,2,3,5
prodigality's,13,5,0,5,2,2,4
prodigals,9,4,1,5,4,1,5
prodigies,9,3,2,5,3,2,5
prodigious,10,4,2,6,4,2,6
prodigiously,12,2,0,2,2,0,2
prodigy,7,5,5,10,5,5,10
prodigy's,9,7,3,10,7,3,10
prods,5,5,4,9,5,4,9
produce,7,4,3,7,6,2,8
produce's,9,6,2,8,4,3,7
produced,8,3,1,4,6,1,7
producer,8,3,1,4,3,2,5
producer's,10,7,0,7,7,0,7
producers,9,6,1,7,6,1,7
produces,8,5,2,7,5,2,7
producing,9,6,3,9,6,2,8
product,7,2,5,7,1,6,7
product's,9,3,4,7,3,4,7
production,10,4,2,6,4,2,6
production's,12,2,2,4,3,2,5
productions,11,2,2,4,2,2,4
productive,10,3,2,5,3,2,5
productively,12,7,1,8,4,1,5
productiveness,14,5,0,5,4,0,4
productiveness's,16,5,0,5,4,0,4
productivity,12,1,3,4,1,3,4
productivity's,14,3,0,3,4,0,4
products,8,3,4,7,4,4,8
prof,4,4,4,8,4,4,8
prof's,6,6,4,10,6,4,10
profanation,11,4,1,5,3,2,5
profanation's,13,6,0,6,5,1,6
profanations,12,3,1,4,3,1,4
profane,7,5,3,8,4,3,7
profaned,8,6,2,8,6,3,9
profanely,9,3,1,4,3,1,4
profanes,8,5,2,7,5,2,7
profaning,9,4,2,6,3,2,5
profanities,11,5,0,5,6,0,6
profanity,9,3,2,5,3,2,5
profanity's,11,4,1,5,3,1,4
profess,7,6,2,8,6,2,8
professed,9,6,1,7,6,1,7
professes,9,5,1,6,5,1,6
professing,10,8,1,9,8,1,9
profession,10,7,1,8,7,1,8
profession's,12,8,1,9,8,1,9
professional,12,9,1,10,9,1,10
professional's,14,10,1,11,10,1,11
professionalism,15,1,0,1,1,0,1
professionalism's,17,2,0,2,2,0,2
professionally,14,3,0,3,2,0,2
professionals,13,9,1,10,9,1,10
professions,11,7,1,8,7,1,8
professor,9,5,1,6,5,1,6
professor's,11,6,1,7,6,1,7
professorial,12,2,0,2,3,0,3
professors,10,5,1,6,5,1,6
professorship,13,1,0,1,1,0,1
professorship's,15,1,0,1,1,0,1
professorships,14,1,0,1,1,0,1
proffer,7,5,3,8,5,2,7
proffer's,9,7,2,9,7,1,8
proffered,9,3,2,5,3,1,4
proffering,10,5,1,6,4,1,5
proffers,8,6,2,8,6,1,7
proficiency,11,2,2,4,2,1,3
proficiency's,13,5,1,6,3,0,3
proficient,10,4,2,6,4,1,5
proficient's,12,6,0,6,5,0,5
proficiently,12,2,2,4,3,1,4
proficients,11,5,1,6,4,0,4
profile,7,6,3,9,6,2,8
profile's,9,6,2,8,6,2,8
profiled,8,8,3,11,8,2,10
profiles,8,5,2,7,5,2,7
profiling,9,8,2,10,8,2,10
profit,6,5,4,9,5,4,9
profit's,8,6,2,8,6,2,8
profitability,13,2,1,3,2,1,3
profitability's,15,6,0,6,3,0,3
profitable,10,4,1,5,4,2,6
profitably,10,4,2,6,4,2,6
profited,8,7,4,11,7,3,10
profiteer,9,5,1,6,4,1,5
profiteer's,11,4,1,5,4,1,5
profiteered,11,2,1,3,2,1,3
profiteering,12,4,1,5,4,1,5
profiteers,10,6,0,6,5,0,5
profiting,9,7,3,10,7,3,10
profits,7,5,3,8,5,3,8
profligacy,10,1,3,4,1,3,4
profligacy's,12,5,1,6,3,1,4
profligate,10,4,1,5,3,2,5
profligate's,12,4,1,5,5,0,5
profligates,11,4,1,5,4,1,5
proforma,8,2,3,5,2,3,5
profound,8,4,4,8,2,4,6
profounder,10,4,1,5,3,2,5
profoundest,11,3,0,3,4,1,5
profoundly,10,2,3,5,2,4,6
profs,5,5,5,10,5,5,10
profundities,12,4,0,4,3,1,4
profundity,10,2,2,4,2,2,4
profundity's,12,6,2,8,3,2,5
profuse,7,6,0,6,5,3,8
profusely,9,5,0,5,5,0,5
profusion,9,3,3,6,4,1,5
profusion's,11,4,3,7,3,1,4
profusions,10,5,1,6,3,2,5
progenitor,10,3,1,4,3,1,4
progenitor's,12,5,0,5,4,1,5
progenitors,11,4,1,5,4,0,4
progeny,7,3,4,7,3,5,8
progeny's,9,4,3,7,4,3,7
progesterone,12,2,0,2,2,0,2
progesterone's,14,2,0,2,2,0,2
prognoses,9,3,0,3,3,0,3
prognosis,9,2,2,4,2,2,4
prognosis's,11,3,1,4,2,1,3
prognostic,10,3,0,3,3,1,4
prognostic's,12,4,0,4,2,2,4
prognosticate,13,3,0,3,5,0,5
prognosticated,14,6,0,6,4,0,4
prognosticates,14,3,0,3,4,0,4
prognosticating,15,2,0,2,4,0,4
prognostication,15,2,0,2,4,0,4
prognostication's,17,2,0,2,2,0,2
prognostications,16,2,0,2,2,0,2
prognosticator,14,6,0,6,4,0,4
prognosticator's,16,3,0,3,3,0,3
prognosticators,15,3,0,3,4,0,4
prognostics,11,3,1,4,2,2,4
program,7,3,3,6,3,2,5
program's,9,4,3,7,5,2,7
programed,9,4,3,7,3,2,5
programer,9,2,2,4,2,2,4
programer's,11,4,0,4,3,0,3
programers,10,3,1,4,4,1,5
programing,10,4,2,6,4,2,6
programmable,12,2,2,4,4,2,6
programmable's,14,3,1,4,3,1,4
programmables,13,3,1,4,3,1,4
programme,9,3,3,6,3,3,6
programmed,10,7,1,8,6,1,7
programmer,10,2,2,4,3,1,4
programmer's,12,3,0,3,3,0,3
programmers,11,3,1,4,4,0,4
programmes,10,3,2,5,3,2,5
programming,11,4,1,5,4,2,6
programming's,13,5,2,7,3,1,4
programs,8,4,2,6,5,1,6
progress,8,5,2,7,5,2,7
progress's,10,6,1,7,5,1,6
progressed,10,3,0,3,3,0,3
progresses,10,5,0,5,5,0,5
progressing,11,3,0,3,3,0,3
progression,11,3,0,3,3,0,3
progression's,13,4,0,4,3,0,3
progressions,12,2,0,2,3,0,3
progressive,11,1,1,2,1,1,2
progressive's,13,2,0,2,2,0,2
progressively,13,2,0,2,1,1,2
progressives,12,2,0,2,3,0,3
prohibit,8,2,3,5,2,3,5
prohibited,10,4,2,6,3,2,5
prohibiting,11,8,1,9,3,2,5
prohibition,11,4,1,5,3,2,5
prohibition's,13,4,0,4,3,2,5
prohibitionist,14,2,0,2,2,0,2
prohibitionist's,16,3,0,3,2,0,2
prohibitionists,15,2,0,2,2,0,2
prohibitions,12,2,2,4,3,1,4
prohibitive,11,7,2,9,2,2,4
prohibitively,13,1,1,2,1,1,2
prohibitory,11,1,3,4,1,3,4
prohibits,9,3,2,5,3,2,5
project,7,5,1,6,5,1,6
project's,9,5,1,6,5,0,5
projected,9,6,2,8,3,2,5
projectile,10,5,1,6,4,1,5
projectile's,12,7,0,7,5,0,5
projectiles,11,4,0,4,4,0,4
projecting,10,9,1,10,4,2,6
projection,10,4,1,5,4,1,5
projection's,12,6,0,6,5,0,5
projectionist,13,3,0,3,3,0,3
projectionist's,15,4,0,4,3,0,3
projectionists,14,3,0,3,3,0,3
projections,11,5,1,6,5,0,5
projector,9,3,3,6,4,2,6
projector's,11,7,0,7,5,1,6
projectors,10,6,0,6,5,1,6
projects,8,4,3,7,4,3,7
proletarian,11,3,1,4,3,1,4
proletarian's,13,4,0,4,4,0,4
proletarians,12,5,1,6,4,0,4
proletariat,11,2,2,4,2,2,4
proletariat's,13,3,0,3,3,1,4
proliferate,11,2,1,3,3,1,4
proliferated,12,2,1,3,2,1,3
proliferates,12,4,0,4,4,0,4
proliferating,13,4,1,5,3,1,4
proliferation,13,4,1,5,3,1,4
proliferation's,15,5,0,5,4,0,4
prolific,8,3,2,5,3,2,5
prolifically,12,6,1,7,1,3,4
prolix,6,4,5,9,4,5,9
prolixity,9,6,3,9,6,3,9
prolixity's,11,4,2,6,6,2,8
prolog,6,4,4,8,4,4,8
prolog's,8,4,3,7,4,3,7
prologs,7,3,4,7,5,3,8
prologue,8,2,3,5,2,3,5
prologue's,10,4,2,6,3,1,4
prologues,9,3,2,5,3,2,5
prolong,7,4,4,8,4,4,8
prolongation,12,3,1,4,3,1,4
prolongation's,14,5,0,5,4,1,5
prolongations,13,5,0,5,4,1,5
prolonged,9,3,3,6,3,2,5
prolonging,10,3,2,5,3,2,5
prolongs,8,6,2,8,6,2,8
prom,4,4,5,9,4,5,9
prom's,6,6,5,11,6,5,11
promenade,9,4,1,5,3,1,4
promenade's,11,5,0,5,5,0,5
promenaded,10,2,1,3,2,1,3
promenades,10,4,0,4,4,0,4
promenading,11,4,2,6,3,2,5
prominence,10,2,1,3,2,1,3
prominence's,12,3,0,3,3,0,3
prominent,9,3,1,4,3,1,4
prominently,11,4,1,5,2,1,3
promiscuity,11,3,1,4,3,1,4
promiscuity's,13,2,1,3,2,1,3
promiscuous,11,3,1,4,3,1,4
promiscuously,13,3,0,3,3,0,3
promise,7,5,1,6,5,2,7
promise's,9,6,2,8,3,0,3
promised,8,7,1,8,5,0,5
promises,8,3,2,5,3,2,5
promising,9,7,1,8,7,1,8
promisingly,11,3,1,4,3,1,4
promissory,10,3,0,3,3,0,3
promo,5,3,4,7,3,4,7
promo's,7,5,3,8,5,3,8
promontories,12,4,0,4,4,0,4
promontory,10,1,3,4,1,4,5
promontory's,12,2,2,4,2,3,5
promos,6,3,4,7,3,4,7
promote,7,5,3,8,5,2,7
promoted,8,6,2,8,6,2,8
promoter,8,4,4,8,3,3,6
promoter's,10,5,0,5,5,0,5
promoters,9,4,1,5,4,1,5
promotes,8,6,2,8,6,2,8
promoting,9,7,2,9,7,2,9
promotion,9,3,3,6,3,3,6
promotion's,11,2,2,4,2,2,4
promotional,11,2,2,4,2,2,4
promotions,10,2,2,4,2,2,4
prompt,6,3,4,7,3,4,7
prompt's,8,6,2,8,6,2,8
prompted,8,5,3,8,4,2,6
prompter,8,4,4,8,3,3,6
prompter's,10,6,0,6,6,0,6
prompters,9,5,1,6,5,1,6
promptest,9,4,1,5,5,0,5
prompting,9,5,4,9,6,3,9
prompting's,11,4,2,6,4,2,6
promptings,10,4,3,7,4,3,7
promptly,8,2,4,6,2,4,6
promptness,10,4,2,6,4,2,6
promptness's,12,5,2,7,5,2,7
prompts,7,5,3,8,5,3,8
proms,5,5,6,11,5,6,11
promulgate,10,3,2,5,3,2,5
promulgated,11,3,2,5,3,2,5
promulgates,11,4,1,5,3,1,4
promulgating,12,3,1,4,3,1,4
promulgation,12,5,1,6,3,2,5
promulgation's,14,6,0,6,4,1,5
prone,5,5,3,8,5,3,8
proneness,9,3,0,3,3,0,3
proneness's,11,4,0,4,3,0,3
prong,5,5,5,10,5,5,10
prong's,7,7,4,11,7,4,11
pronged,7,7,3,10,6,1,7
pronghorn,9,2,4,6,2,4,6
pronghorn's,11,3,2,5,3,2,5
pronghorns,10,4,2,6,4,2,6
prongs,6,6,4,10,6,4,10
pronoun,7,2,5,7,3,5,8
pronoun's,9,4,3,7,4,3,7
pronounce,9,3,3,6,3,3,6
pronounceable,13,1,2,3,1,2,3
pronounced,10,3,2,5,4,2,6
pronouncement,13,2,2,4,2,2,4
pronouncement's,15,3,0,3,3,1,4
pronouncements,14,3,0,3,3,1,4
pronounces,10,4,2,6,4,2,6
pronouncing,11,2,1,3,2,2,4
pronouns,8,5,2,7,5,2,7
pronto,6,2,4,6,2,4,6
pronunciation,13,2,1,3,2,1,3
pronunciation's,15,4,0,4,3,0,3
pronunciations,14,3,0,3,3,0,3
proof,5,3,4,7,3,4,7
proof's,7,5,3,8,5,3,8
proofed,7,4,5,9,5,3,8
proofing,8,6,3,9,6,3,9
proofread,9,2,3,5,2,2,4
proofreader,11,2,2,4,2,1,3
proofreader's,13,5,1,6,3,0,3
proofreaders,12,3,1,4,3,1,4
proofreading,12,4,1,5,5,1,6
proofreads,10,3,0,3,3,0,3
proofs,6,4,4,8,4,4,8
prop,4,3,3,6,3,3,6
prop's,6,5,3,8,5,3,8
propaganda,10,1,4,5,2,3,5
propaganda's,12,3,1,4,3,2,5
propagandist,12,2,1,3,3,0,3
propagandist's,14,5,0,5,3,0,3
propagandists,13,5,0,5,5,0,5
propagandize,12,3,1,4,3,1,4
propagandized,13,4,1,5,2,1,3
propagandizes,13,3,1,4,3,0,3
propagandizing,14,2,1,3,2,1,3
propagate,9,3,1,4,3,1,4
propagated,10,3,1,4,2,1,3
propagates,10,4,0,4,4,1,5
propagating,11,5,1,6,4,2,6
propagation,11,4,1,5,4,2,6
propagation's,13,7,0,7,5,1,6
propane,7,5,3,8,4,3,7
propane's,9,6,3,9,6,3,9
propel,6,5,6,11,5,4,9
propellant,10,3,2,5,3,2,5
propellant's,12,6,0,6,4,0,4
propellants,11,4,1,5,5,0,5
propelled,9,6,2,8,5,2,7
propellent,10,3,1,4,2,1,3
propellent's,12,5,0,5,5,0,5
propellents,11,3,0,3,3,0,3
propeller,9,4,3,7,5,1,6
propeller's,11,6,2,8,7,0,7
propellers,10,4,2,6,6,0,6
propelling,10,7,1,8,7,1,8
propels,7,4,3,7,4,3,7
propensities,12,3,1,4,3,0,3
propensity,10,4,0,4,3,0,3
propensity's,12,4,0,4,3,0,3
proper,6,3,4,7,4,3,7
proper's,8,5,4,9,6,2,8
properer,8,2,2,4,2,2,4
properest,9,4,1,5,4,1,5
properly,8,2,2,4,6,2,8
propertied,10,3,1,4,3,1,4
properties,10,4,1,5,5,0,5
property,8,3,1,4,5,3,8
property's,10,4,0,4,3,2,5
prophecies,10,5,0,5,4,1,5
prophecy,8,2,3,5,3,3,6
prophecy's,10,6,1,7,5,3,8
prophesied,10,5,1,6,2,2,4
prophesies,10,2,2,4,2,1,3
prophesy,8,2,1,3,2,1,3
prophesy's,10,3,2,5,2,2,4
prophesying,11,6,0,6,4,1,5
prophet,7,4,4,8,4,4,8
prophet's,9,6,3,9,6,3,9
prophetess,10,3,1,4,3,1,4
prophetess's,12,4,1,5,3,1,4
prophetesses,12,3,0,3,3,0,3
prophetic,9,5,1,6,3,2,5
prophetically,13,7,1,8,4,1,5
prophets,8,5,4,9,5,4,9
prophylactic,12,2,1,3,2,1,3
prophylactic's,14,3,0,3,3,0,3
prophylactics,13,4,0,4,2,1,3
prophylaxis,11,3,1,4,3,1,4
prophylaxis's,13,5,0,5,5,0,5
propinquity,11,3,1,4,2,3,5
propinquity's,13,5,0,5,3,2,5
propitiate,10,4,1,5,4,1,5
propitiated,11,3,1,4,4,1,5
propitiates,11,5,0,5,5,0,5
propitiating,12,2,1,3,2,1,3
propitiation,12,2,1,3,2,1,3
propitiation's,14,6,0,6,3,0,3
propitiatory,12,4,1,5,2,1,3
propitious,10,4,2,6,4,2,6
proponent,9,3,1,4,3,1,4
proponent's,11,5,0,5,4,0,4
proponents,10,4,0,4,4,0,4
proportion,10,4,2,6,3,2,5
proportion's,12,2,2,4,3,2,5
proportional,12,2,2,4,2,2,4
proportionality,15,2,1,3,2,1,3
proportionally,14,2,1,3,2,1,3
proportionals,13,3,1,4,2,1,3
proportionate,13,4,1,5,3,1,4
proportionately,15,2,1,3,2,1,3
proportioned,12,3,1,4,2,2,4
proportioning,13,2,1,3,2,1,3
proportions,11,2,2,4,2,2,4
proposal,8,3,1,4,3,1,4
proposal's,10,2,3,5,3,1,4
proposals,9,2,2,4,2,2,4
propose,7,3,0,3,3,2,5
proposed,8,4,1,5,4,0,4
proposer,8,3,1,4,3,1,4
proposes,8,3,2,5,3,2,5
proposing,9,5,1,6,4,1,5
proposition,11,4,1,5,3,1,4
proposition's,13,4,1,5,3,1,4
propositional,13,8,0,8,8,0,8
propositioned,13,7,1,8,7,1,8
propositioning,14,3,0,3,3,0,3
propositions,12,4,2,6,3,1,4
propound,8,4,4,8,2,4,6
propounded,10,4,1,5,4,2,6
propounding,11,4,2,6,4,2,6
propounds,9,2,3,5,2,3,5
propped,7,4,6,10,5,1,6
propping,8,6,3,9,6,3,9
proprietaries,13,4,1,5,3,0,3
proprietary,11,3,1,4,2,2,4
proprietary's,13,6,0,6,3,1,4
proprietor,10,2,2,4,2,2,4
proprietor's,12,4,1,5,3,1,4
proprietors,11,3,1,4,3,1,4
proprietorship,14,2,0,2,2,0,2
proprietorship's,16,3,0,3,2,0,2
proprietress,12,2,0,2,2,0,2
proprietress's,14,2,0,2,2,0,2
proprietresses,14,2,0,2,2,0,2
propriety,9,3,3,6,2,2,4
propriety's,11,5,2,7,3,1,4
props,5,4,3,7,4,3,7
propulsion,10,5,0,5,5,1,6
propulsion's,12,6,0,6,3,2,5
propulsive,10,5,1,6,3,0,3
prorate,7,6,2,8,4,1,5
prorated,8,4,1,5,2,1,3
prorates,8,5,1,6,5,1,6
prorating,9,5,2,7,5,2,7
pros,4,4,6,10,4,6,10
prosaic,7,4,1,5,4,1,5
prosaically,11,2,2,4,4,1,5
proscenia,9,3,0,3,2,1,3
proscenium,10,4,0,4,4,0,4
proscenium's,12,5,0,5,3,0,3
prosceniums,11,3,0,3,3,0,3
proscribe,9,3,1,4,2,2,4
proscribed,10,4,1,5,3,1,4
proscribes,10,3,1,4,2,2,4
proscribing,11,8,2,10,4,1,5
proscription,12,6,1,7,6,0,6
proscription's,14,6,0,6,3,0,3
proscriptions,13,2,0,2,2,0,2
prose,5,4,2,6,4,2,6
prose's,7,4,1,5,4,1,5
prosecute,9,7,0,7,7,0,7
prosecuted,10,8,0,8,8,0,8
prosecutes,10,7,0,7,7,0,7
prosecuting,11,10,0,10,10,0,10
prosecution,11,5,0,5,3,0,3
prosecution's,13,5,0,5,3,0,3
prosecutions,12,3,0,3,3,0,3
prosecutor,10,2,1,3,2,1,3
prosecutor's,12,2,1,3,2,1,3
prosecutors,11,3,0,3,3,0,3
proselyte,9,6,1,7,6,1,7
proselyte's,11,3,0,3,3,0,3
proselyted,10,7,1,8,7,1,8
proselytes,10,6,1,7,6,1,7
proselyting,11,9,1,10,9,1,10
proselytize,11,5,0,5,2,1,3
proselytized,12,3,0,3,3,0,3
proselytizes,12,2,0,2,2,0,2
proselytizing,13,4,0,4,4,0,4
prosier,7,5,1,6,5,1,6
prosiest,8,5,1,6,5,0,5
prosodies,9,3,0,3,3,0,3
prosody,7,2,3,5,2,3,5
prosody's,9,3,3,6,2,3,5
prospect,8,4,1,5,5,0,5
prospect's,10,5,1,6,8,0,8
prospected,10,5,0,5,4,0,4
prospecting,11,4,0,4,6,0,6
prospective,11,4,0,4,2,0,2
prospector,10,2,1,3,2,1,3
prospector's,12,3,1,4,4,0,4
prospectors,11,3,0,3,3,0,3
prospects,9,4,2,6,3,1,4
prospectus,10,3,1,4,7,1,8
prospectus's,12,2,0,2,2,0,2
prospectuses,12,2,0,2,2,0,2
prosper,7,3,2,5,3,2,5
prospered,9,3,0,3,3,0,3
prospering,10,6,0,6,5,0,5
prosperity,10,3,1,4,3,1,4
prosperity's,12,4,1,5,4,0,4
prosperous,10,3,1,4,3,0,3
prosperously,12,3,0,3,2,0,2
prospers,8,4,1,5,5,0,5
prostate,8,4,1,5,5,1,6
prostate's,10,4,1,5,4,1,5
prostates,9,4,1,5,4,1,5
prostheses,10,4,0,4,2,1,3
prosthesis,10,4,0,4,2,0,2
prosthesis's,12,1,0,1,1,0,1
prosthetic,10,3,0,3,3,0,3
prostitute,10,4,0,4,4,0,4
prostitute's,12,4,0,4,4,0,4
prostituted,11,3,0,3,4,0,4
prostitutes,11,4,0,4,4,0,4
prostituting,12,4,0,4,4,0,4
prostitution,12,4,0,4,4,0,4
prostitution's,14,4,0,4,4,0,4
prostrate,9,5,1,6,5,1,6
prostrated,10,6,1,7,6,1,7
prostrates,10,5,1,6,5,1,6
prostrating,11,7,1,8,4,1,5
prostration,11,4,0,4,2,1,3
prostration's,13,5,0,5,3,0,3
prostrations,12,7,1,8,2,1,3
prosy,5,3,5,8,3,4,7
protagonist,11,4,0,4,4,0,4
protagonist's,13,6,0,6,4,0,4
protagonists,12,3,0,3,3,0,3
protean,7,4,1,5,3,2,5
protect,7,3,1,4,3,1,4
protected,9,6,2,8,3,2,5
protecting,10,9,1,10,4,2,6
protection,10,3,1,4,4,1,5
protection's,12,5,0,5,5,0,5
protections,11,4,1,5,5,0,5
protective,10,3,1,4,4,1,5
protectively,12,3,1,4,3,1,4
protectiveness,14,3,0,3,2,0,2
protectiveness's,16,3,0,3,2,0,2
protector,9,2,2,4,4,2,6
protector's,11,7,0,7,5,1,6
protectorate,12,2,2,4,2,2,4
protectorate's,14,2,0,2,3,1,4
protectorates,13,3,0,3,3,0,3
protectors,10,6,0,6,5,1,6
protects,8,4,1,5,4,1,5
protein,7,3,2,5,4,1,5
protein's,9,5,1,6,5,0,5
proteins,8,4,1,5,4,2,6
protest,7,4,2,6,4,2,6
protest's,9,5,1,6,4,0,4
protestant,10,3,0,3,4,0,4
protestants,11,5,0,5,4,0,4
protestation,12,2,0,2,2,0,2
protestation's,14,2,0,2,2,0,2
protestations,13,2,0,2,2,0,2
protested,9,6,0,6,5,0,5
protester,9,6,0,6,5,0,5
protester's,11,3,0,3,4,0,4
protesters,10,3,0,3,4,0,4
protesting,10,4,0,4,4,0,4
protestor,9,3,1,4,3,1,4
protestor's,11,3,1,4,3,0,3
protestors,10,2,1,3,2,1,3
protests,8,4,1,5,4,1,5
protocol,8,1,4,5,1,4,5
protocol's,10,2,2,4,2,2,4
protocols,9,2,2,4,2,2,4
proton,6,3,5,8,3,5,8
proton's,8,5,3,8,5,3,8
protons,7,5,4,9,4,4,8
protoplasm,10,2,1,3,2,1,3
protoplasm's,12,4,1,5,2,2,4
protoplasmic,12,3,0,3,3,0,3
prototype,9,3,3,6,3,3,6
prototype's,11,4,2,6,3,2,5
prototypes,10,4,2,6,4,2,6
prototyping,11,4,2,6,4,2,6
protozoa,8,2,3,5,2,3,5
protozoan,9,2,3,5,2,3,5
protozoan's,11,3,1,4,3,1,4
protozoans,10,3,2,5,3,2,5
protozoon,9,1,4,5,1,4,5
protozoon's,11,2,2,4,2,2,4
protract,8,2,3,5,2,3,5
protracted,10,6,2,8,5,2,7
protracting,11,5,1,6,4,2,6
protraction,11,3,1,4,4,2,6
protraction's,13,4,0,4,4,1,5
protractor,10,2,3,5,2,3,5
protractor's,12,3,1,4,3,2,5
protractors,11,3,1,4,3,2,5
protracts,9,4,2,6,6,1,7
protrude,8,4,3,7,3,3,6
protruded,9,3,2,5,3,3,6
protrudes,9,5,2,7,4,2,6
protruding,10,4,3,7,4,3,7
protrusion,10,4,1,5,5,1,6
protrusion's,12,5,1,6,3,2,5
protrusions,11,4,1,5,2,2,4
protuberance,12,3,2,5,2,2,4
protuberance's,14,3,0,3,3,1,4
protuberances,13,3,0,3,3,0,3
protuberant,11,2,2,4,2,2,4
protégé,7,2,4,6,2,4,6
protégé's,9,4,3,7,4,3,7
protégés,8,3,3,6,3,3,6
proud,5,4,7,11,4,7,11
prouder,7,5,4,9,5,4,9
proudest,8,4,1,5,4,1,5
proudly,7,1,6,7,2,5,7
provable,8,5,3,8,5,3,8
provably,8,4,3,7,4,3,7
prove,5,4,4,8,4,4,8
proved,6,5,4,9,5,4,9
proven,6,4,6,10,4,5,9
provenance,10,3,2,5,3,2,5
provenance's,12,4,1,5,4,1,5
provender,9,4,1,5,2,3,5
provender's,11,6,0,6,3,2,5
proverb,7,2,2,4,2,2,4
proverb's,9,4,2,6,4,1,5
proverbial,10,2,2,4,2,2,4
proverbially,12,3,1,4,4,1,5
proverbs,8,3,4,7,3,4,7
proves,6,5,3,8,5,3,8
provide,7,5,4,9,5,3,8
provided,8,4,3,7,4,3,7
providence,10,4,1,5,4,1,5
providence's,12,6,0,6,6,0,6
provident,9,4,1,5,4,1,5
providential,12,2,1,3,2,1,3
providentially,14,2,1,3,3,1,4
providently,11,4,1,5,4,1,5
provider,8,4,2,6,3,1,4
provider's,10,7,0,7,7,0,7
providers,9,6,1,7,6,1,7
provides,8,6,2,8,6,2,8
providing,9,6,3,9,6,3,9
province,8,3,2,5,3,3,6
province's,10,5,1,6,5,1,6
provinces,9,4,0,4,4,0,4
provincial,10,2,2,4,2,2,4
provincial's,12,4,1,5,3,1,4
provincialism,13,2,0,2,2,0,2
provincialism's,15,3,0,3,2,0,2
provincials,11,3,1,4,3,1,4
proving,7,6,6,12,5,6,11
provision,9,4,1,5,4,1,5
provision's,11,5,1,6,3,1,4
provisional,11,3,1,4,3,1,4
provisionally,13,2,0,2,2,0,2
provisioned,11,3,0,3,3,0,3
provisioning,12,2,1,3,2,1,3
provisions,10,4,1,5,3,2,5
proviso,7,2,4,6,2,4,6
proviso's,9,4,3,7,4,2,6
provisoes,9,3,2,5,3,1,4
provisos,8,2,4,6,5,2,7
provocation,11,4,1,5,3,2,5
provocation's,13,5,0,5,3,1,4
provocations,12,3,1,4,3,1,4
provocative,11,2,3,5,4,1,5
provocatively,13,3,1,4,3,1,4
provoke,7,4,4,8,4,3,7
provoked,8,5,3,8,5,3,8
provokes,8,5,3,8,5,3,8
provoking,9,6,3,9,6,3,9
provost,7,2,3,5,2,3,5
provost's,9,3,3,6,3,3,6
provosts,8,3,4,7,3,5,8
prow,4,3,7,10,3,7,10
prow's,6,5,6,11,5,6,11
prowess,7,5,3,8,5,3,8
prowess's,9,6,2,8,6,2,8
prowl,5,4,7,11,4,7,11
prowl's,7,6,6,12,6,6,12
prowled,7,5,6,11,5,2,7
prowler,7,4,5,9,4,5,9
prowler's,9,6,3,9,6,2,8
prowlers,8,5,3,8,5,2,7
prowling,8,5,4,9,6,8,14
prowls,6,5,7,12,5,7,12
prows,5,4,7,11,4,7,11
proxies,7,5,1,6,5,1,6
proximity,9,4,4,8,4,4,8
proximity's,11,4,2,6,6,2,8
proxy,5,3,8,11,3,8,11
proxy's,7,5,6,11,5,7,12
prude,5,5,5,10,5,5,10
prude's,7,7,4,11,7,4,11
prudence,8,6,1,7,6,1,7
prudence's,10,8,0,8,5,0,5
prudent,7,4,2,6,4,2,6
prudential,10,5,1,6,3,1,4
prudently,9,5,1,6,5,1,6
prudery,7,3,4,7,3,4,7
prudery's,9,5,3,8,5,3,8
prudes,6,6,4,10,6,4,10
prudish,7,5,2,7,5,3,8
prudishly,9,7,2,9,7,2,9
prune,5,4,6,10,4,6,10
prune's,7,6,5,11,6,5,11
pruned,6,4,5,9,4,4,8
prunes,6,5,5,10,5,5,10
pruning,7,4,4,8,4,4,8
prurience,9,4,1,5,4,1,5
prurience's,11,6,0,6,3,0,3
prurient,8,5,1,6,3,2,5
pry,3,3,9,12,3,9,12
pry's,5,5,8,13,5,8,13
prying,6,6,8,14,6,8,14
précis,6,2,5,7,3,4,7
précis's,8,3,4,7,4,3,7
précised,8,6,2,8,4,2,6
précising,9,6,2,8,6,2,8
psalm,5,2,1,3,2,1,3
psalm's,7,3,1,4,2,1,3
psalmist,8,2,0,2,3,0,3
psalmist's,10,2,0,2,3,0,3
psalmists,9,4,0,4,3,0,3
psalms,6,3,1,4,3,1,4
pseudo,6,3,0,3,3,0,3
pseudonym,9,3,2,5,2,1,3
pseudonym's,11,3,2,5,2,1,3
pseudonyms,10,4,1,5,2,1,3
pshaw,5,3,0,3,2,3,5
pshaw's,7,4,0,4,3,4,7
pshaws,6,2,3,5,2,3,5
psoriasis,9,2,0,2,2,0,2
psoriasis's,11,3,0,3,2,0,2
psst,4,1,5,6,1,5,6
psych,5,1,3,4,1,4,5
psych's,7,3,3,6,6,3,9
psyche,6,4,4,8,4,4,8
psyche's,8,4,1,5,4,1,5
psyched,7,3,1,4,2,2,4
psychedelic,11,6,0,6,4,0,4
psychedelic's,13,1,1,2,2,0,2
psychedelics,12,2,1,3,2,1,3
psyches,7,2,1,3,3,0,3
psychiatric,11,2,0,2,2,0,2
psychiatrist,12,2,0,2,2,0,2
psychiatrist's,14,2,0,2,2,0,2
psychiatrists,13,2,0,2,2,0,2
psychiatry,10,3,0,3,3,1,4
psychiatry's,12,4,0,4,2,1,3
psychic,7,3,2,5,3,2,5
psychic's,9,3,2,5,2,2,4
psychical,9,2,0,2,2,0,2
psychically,11,2,0,2,2,0,2
psychics,8,2,2,4,1,3,4
psyching,8,2,2,4,3,2,5
psycho,6,2,3,5,2,3,5
psycho's,8,3,3,6,2,3,5
psychoanalysis,14,10,0,10,10,0,10
psychoanalysis's,16,1,0,1,1,0,1
psychoanalyst,13,1,0,1,1,0,1
psychoanalyst's,15,1,0,1,1,0,1
psychoanalysts,14,9,1,10,9,1,10
psychoanalyze,13,3,0,3,2,0,2
psychoanalyzed,14,2,0,2,2,0,2
psychoanalyzes,14,2,0,2,2,0,2
psychoanalyzing,15,2,0,2,2,0,2
psychobabble,12,3,0,3,3,0,3
psychobabble's,14,2,0,2,2,0,2
psychogenic,11,6,0,6,4,0,4
psychokinesis,13,2,0,2,2,0,2
psychological,13,2,0,2,2,0,2
psychologically,15,2,0,2,2,0,2
psychologies,12,4,1,5,4,1,5
psychologist,12,2,0,2,2,0,2
psychologist's,14,2,0,2,2,0,2
psychologists,13,2,0,2,2,0,2
psychology,10,2,1,3,2,1,3
psychology's,12,4,1,5,4,1,5
psychopath,10,2,0,2,2,0,2
psychopath's,12,2,0,2,2,0,2
psychopathic,12,3,0,3,3,0,3
psychopaths,11,2,0,2,2,0,2
psychos,7,2,3,5,5,4,9
psychoses,9,1,1,2,1,1,2
psychosis,9,2,0,2,2,0,2
psychosis's,11,3,0,3,2,0,2
psychosomatic,13,2,0,2,2,0,2
psychotherapies,15,4,0,4,4,0,4
psychotherapist,15,1,0,1,1,0,1
psychotherapist's,17,3,0,3,3,0,3
psychotherapists,16,1,0,1,1,0,1
psychotherapy,13,3,0,3,2,0,2
psychotherapy's,15,4,0,4,4,0,4
psychotic,9,2,1,3,3,2,5
psychotic's,11,3,1,4,3,2,5
psychotics,10,4,1,5,1,2,3
psychs,6,1,4,5,2,3,5
ptarmigan,9,2,2,4,3,2,5
ptarmigan's,11,4,1,5,4,1,5
ptarmigans,10,3,2,5,3,2,5
pterodactyl,11,3,2,5,3,2,5
pterodactyl's,13,2,0,2,4,1,5
pterodactyls,12,3,1,4,4,0,4
ptomaine,8,4,2,6,4,2,6
ptomaine's,10,6,0,6,6,0,6
ptomaines,9,4,0,4,5,0,5
pub,3,3,8,11,3,8,11
pub's,5,5,8,13,5,8,13
puberty,7,2,4,6,2,4,6
puberty's,9,7,3,10,3,3,6
pubescence,10,6,0,6,6,0,6
pubescence's,12,7,0,7,7,0,7
pubescent,9,7,0,7,7,0,7
pubic,5,4,5,9,4,5,9
public,6,4,5,9,3,6,9
public's,8,4,4,8,4,4,8
publican,8,4,3,7,3,3,6
publican's,10,6,2,8,4,2,6
publicans,9,3,2,5,3,2,5
publication,11,7,2,9,8,2,10
publication's,13,9,1,10,9,1,10
publications,12,6,1,7,6,1,7
publicist,9,3,1,4,3,1,4
publicist's,11,5,0,5,4,1,5
publicists,10,3,0,3,3,1,4
publicity,9,5,4,9,5,4,9
publicity's,11,7,3,10,5,3,8
publicize,9,4,4,8,4,4,8
publicized,10,3,3,6,3,3,6
publicizes,10,5,2,7,5,2,7
publicizing,11,5,3,8,2,3,5
publicly,8,3,4,7,2,3,5
publish,7,5,4,9,5,4,9
publishable,11,5,1,6,4,1,5
published,9,4,2,6,3,3,6
publisher,9,4,1,5,4,1,5
publisher's,11,5,1,6,3,2,5
publishers,10,3,1,4,3,1,4
publishes,9,4,4,8,4,3,7
publishing,10,6,1,7,4,1,5
publishing's,12,3,1,4,2,1,3
pubs,4,4,8,12,4,8,12
puck,4,4,9,13,4,10,14
puck's,6,6,6,12,6,9,15
pucker,6,3,10,13,3,10,13
pucker's,8,7,8,15,6,9,15
puckered,8,4,6,10,5,6,11
puckering,9,6,5,11,5,6,11
puckers,7,6,6,12,5,9,14
puckish,7,4,5,9,4,5,9
pucks,5,5,12,17,5,12,17
pudding,7,6,7,13,6,6,12
pudding's,9,6,4,10,5,4,9
puddings,8,6,5,11,6,4,10
puddle,6,4,9,13,4,8,12
puddle's,8,6,7,13,6,7,13
puddled,7,4,6,10,4,6,10
puddles,7,5,8,13,5,8,13
puddling,8,6,7,13,6,7,13
pudgier,7,5,7,12,5,7,12
pudgiest,8,6,6,12,6,4,10
pudgy,5,4,11,15,3,12,15
pueblo,6,3,4,7,3,4,7
pueblo's,8,5,2,7,5,2,7
pueblos,7,3,3,6,3,4,7
puerile,7,3,2,5,3,1,4
puerility,9,3,2,5,2,3,5
puerility's,11,5,1,6,5,1,6
puff,4,2,14,16,2,14,16
puff's,6,4,13,17,4,12,16
puffball,8,3,5,8,3,4,7
puffball's,10,5,4,9,5,3,8
puffballs,9,3,5,8,4,3,7
puffed,6,4,12,16,4,11,15
puffer,6,5,8,13,5,8,13
puffier,7,5,6,11,5,5,10
puffiest,8,6,5,11,6,3,9
puffin,6,4,4,8,4,4,8
puffin's,8,6,4,10,6,5,11
puffiness,9,6,4,10,6,4,10
puffiness's,11,7,4,11,7,4,11
puffing,7,6,8,14,6,9,15
puffins,7,4,6,10,5,4,9
puffs,5,4,9,13,3,11,14
puffy,5,3,9,12,3,12,15
pug,3,3,10,13,3,10,13
pug's,5,5,9,14,5,9,14
pugilism,8,3,3,6,2,3,5
pugilism's,10,5,1,6,3,3,6
pugilist,8,3,2,5,4,1,5
pugilist's,10,5,1,6,5,1,6
pugilistic,10,4,0,4,3,1,4
pugilists,9,3,2,5,4,1,5
pugnacious,10,6,1,7,6,1,7
pugnaciously,12,3,0,3,3,0,3
pugnacity,9,3,2,5,3,2,5
pugnacity's,11,7,2,9,6,2,8
pugs,4,4,9,13,4,9,13
puke,4,2,12,14,2,12,14
puke's,6,4,11,15,4,11,15
puked,5,4,8,12,4,9,13
pukes,5,4,10,14,3,10,13
puking,6,4,9,13,4,9,13
pulchritude,11,3,1,4,2,2,4
pulchritude's,13,5,0,5,4,0,4
pull,4,2,15,17,2,14,16
pull's,6,4,12,16,4,11,15
pullback,8,6,5,11,6,5,11
pullback's,10,8,4,12,8,4,12
pullbacks,9,7,5,12,5,4,9
pulled,6,4,11,15,4,10,14
puller,6,4,10,14,4,8,12
puller's,8,6,9,15,7,8,15
pullers,7,4,9,13,6,8,14
pullet,6,4,6,10,4,6,10
pullet's,8,6,4,10,6,4,10
pullets,7,5,6,11,5,6,11
pulley,6,4,7,11,4,7,11
pulley's,8,6,5,11,6,5,11
pulleys,7,5,5,10,5,5,10
pulling,7,5,10,15,5,10,15
pullout,7,3,5,8,4,4,8
pullout's,9,5,4,9,6,3,9
pullouts,8,4,4,8,4,4,8
pullover,8,5,5,10,4,3,7
pullover's,10,6,1,7,6,1,7
pullovers,9,6,1,7,5,2,7
pulls,5,3,13,16,3,13,16
pulmonary,9,2,3,5,2,3,5
pulp,4,2,11,13,3,6,9
pulp's,6,4,10,14,5,6,11
pulped,6,5,6,11,5,4,9
pulpier,7,5,7,12,5,7,12
pulpiest,8,6,4,10,6,4,10
pulping,7,5,5,10,5,5,10
pulpit,6,3,4,7,3,4,7
pulpit's,8,4,4,8,4,4,8
pulpits,7,4,5,9,3,6,9
pulps,5,3,9,12,4,6,10
pulpy,5,3,9,12,3,7,10
pulsar,6,3,2,5,3,1,4
pulsar's,8,4,2,6,4,1,5
pulsars,7,3,2,5,3,2,5
pulsate,7,3,2,5,6,0,6
pulsated,8,3,3,6,4,3,7
pulsates,8,3,0,3,5,2,7
pulsating,9,5,2,7,5,2,7
pulsation,9,6,1,7,4,1,5
pulsation's,11,6,1,7,3,1,4
pulsations,10,3,2,5,3,1,4
pulse,5,3,4,7,3,4,7
pulse's,7,4,4,8,4,4,8
pulsed,6,4,4,8,5,4,9
pulses,6,3,5,8,3,5,8
pulsing,7,5,2,7,5,2,7
pulverization,13,5,1,6,5,1,6
pulverization's,15,6,0,6,5,0,5
pulverize,9,6,2,8,6,2,8
pulverized,10,4,2,6,5,1,6
pulverizes,10,6,0,6,7,1,8
pulverizing,11,7,1,8,5,1,6
puma,4,3,5,8,3,4,7
puma's,6,5,5,10,5,4,9
pumas,5,4,3,7,4,2,6
pumice,6,4,4,8,3,5,8
pumice's,8,5,3,8,5,5,10
pumices,7,4,2,6,5,2,7
pummel,6,4,5,9,4,5,9
pummeled,8,5,6,11,5,5,10
pummeling,9,5,4,9,5,4,9
pummelled,9,5,4,9,5,5,10
pummelling,10,7,3,10,7,3,10
pummels,7,5,5,10,5,5,10
pump,4,2,10,12,2,10,12
pump's,6,4,9,13,4,9,13
pumped,6,5,7,12,5,7,12
pumper,6,5,5,10,5,5,10
pumper's,8,7,5,12,7,4,11
pumpernickel,12,3,1,4,3,1,4
pumpernickel's,14,3,1,4,4,0,4
pumpers,7,6,6,12,6,5,11
pumping,7,5,7,12,5,6,11
pumpkin,7,2,4,6,2,4,6
pumpkin's,9,6,4,10,3,4,7
pumpkins,8,5,3,8,4,3,7
pumps,5,3,9,12,4,9,13
pun,3,3,9,12,3,9,12
pun's,5,5,10,15,5,10,15
punch,5,5,7,12,5,7,12
punch's,7,7,5,12,7,5,12
punched,7,6,6,12,6,7,13
punches,7,6,6,12,6,6,12
punchier,8,6,4,10,6,3,9
punchiest,9,6,1,7,6,1,7
punching,8,6,6,12,6,6,12
punchline,9,4,3,7,4,2,6
punchy,6,4,6,10,3,7,10
punctilious,11,3,2,5,3,2,5
punctiliously,13,4,0,4,3,0,3
punctual,8,2,4,6,2,4,6
punctuality,11,3,1,4,3,2,5
punctuality's,13,4,0,4,3,2,5
punctually,10,2,4,6,2,4,6
punctuate,9,5,1,6,4,1,5
punctuated,10,6,1,7,5,1,6
punctuates,10,6,0,6,4,2,6
punctuating,11,4,2,6,4,2,6
punctuation,11,6,2,8,3,2,5
punctuation's,13,8,1,9,5,1,6
puncture,8,6,5,11,6,5,11
puncture's,10,8,4,12,8,4,12
punctured,9,3,4,7,3,4,7
punctures,9,7,4,11,7,4,11
puncturing,10,3,2,5,3,2,5
pundit,6,4,4,8,4,5,9
pundit's,8,4,3,7,4,3,7
pundits,7,4,4,8,4,3,7
pungency,8,2,2,4,2,3,5
pungency's,10,4,1,5,3,2,5
pungent,7,3,3,6,3,3,6
pungently,9,4,1,5,4,1,5
punier,6,4,4,8,4,4,8
puniest,7,6,2,8,6,2,8
punish,6,3,4,7,3,4,7
punishable,10,3,0,3,3,0,3
punished,8,6,3,9,6,3,9
punishes,8,5,3,8,5,2,7
punishing,9,5,2,7,5,2,7
punishment,10,7,1,8,7,1,8
punishment's,12,8,1,9,8,1,9
punishments,11,3,0,3,3,0,3
punitive,8,5,4,9,5,4,9
punk,4,3,13,16,3,13,16
punk's,6,5,12,17,5,12,17
punker,6,5,8,13,5,8,13
punkest,7,5,3,8,5,4,9
punks,5,4,12,16,4,12,16
punned,6,4,11,15,4,11,15
punning,7,5,5,10,5,5,10
puns,4,4,10,14,4,8,12
punster,7,5,3,8,5,3,8
punster's,9,6,2,8,6,2,8
punsters,8,4,3,7,4,3,7
punt,4,3,11,14,3,11,14
punt's,6,5,10,15,5,10,15
punted,6,5,8,13,5,8,13
punter,6,5,5,10,5,5,10
punter's,8,7,5,12,7,4,11
punters,7,6,5,11,6,4,10
punting,7,5,6,11,5,6,11
punts,5,4,11,15,4,12,16
puny,4,2,11,13,2,11,13
pup,3,2,9,11,2,9,11
pup's,5,4,10,14,4,9,13
pupa,4,3,5,8,3,4,7
pupa's,6,5,5,10,5,4,9
pupae,5,3,2,5,3,2,5
pupal,5,3,8,11,4,5,9
pupas,5,3,6,9,4,2,6
pupil,5,3,4,7,3,7,10
pupil's,7,5,4,9,5,4,9
pupils,6,4,4,8,4,4,8
pupped,6,4,11,15,4,11,15
puppet,6,3,6,9,3,5,8
puppet's,8,5,5,10,5,3,8
puppeteer,9,3,1,4,2,1,3
puppeteer's,11,5,0,5,3,0,3
puppeteers,10,4,0,4,3,0,3
puppetry,8,4,2,6,3,2,5
puppetry's,10,6,1,7,4,1,5
puppets,7,4,7,11,5,5,10
puppies,7,5,4,9,5,3,8
pupping,7,5,7,12,5,6,11
puppy,5,3,11,14,3,11,14
puppy's,7,5,8,13,5,8,13
pups,4,3,9,12,3,8,11
purblind,8,2,5,7,2,5,7
purchasable,11,4,1,5,3,1,4
purchase,8,3,1,4,3,1,4
purchase's,10,4,2,6,4,1,5
purchased,9,3,1,4,4,0,4
purchaser,9,3,1,4,4,0,4
purchaser's,11,3,0,3,3,0,3
purchasers,10,3,1,4,4,1,5
purchases,9,3,1,4,3,1,4
purchasing,10,6,0,6,3,2,5
pure,4,3,8,11,3,8,11
purebred,8,3,3,6,3,3,6
purebred's,10,4,1,5,4,1,5
purebreds,9,3,1,4,3,3,6
puree,5,2,3,5,2,3,5
puree's,7,4,1,5,4,1,5
pureed,6,2,3,5,2,3,5
pureeing,8,5,1,6,2,1,3
purees,6,4,1,5,4,1,5
purely,6,5,4,9,5,4,9
pureness,8,5,2,7,5,2,7
pureness's,10,6,2,8,6,2,8
purer,5,3,4,7,3,4,7
purest,6,5,2,7,5,2,7
purgative,9,4,2,6,4,2,6
purgative's,11,5,1,6,4,0,4
purgatives,10,4,1,5,4,1,5
purgatorial,11,1,3,4,1,3,4
purgatories,11,4,0,4,4,0,4
purgatory,9,3,3,6,3,3,6
purgatory's,11,5,2,7,3,2,5
purge,5,3,6,9,3,6,9
purge's,7,5,5,10,5,5,10
purged,6,4,6,10,4,6,10
purges,6,4,5,9,4,5,9
purging,7,4,4,8,4,5,9
purification,12,9,1,10,9,1,10
purification's,14,11,0,11,11,0,11
purified,8,4,4,8,4,3,7
purifier,8,3,2,5,3,1,4
purifier's,10,5,0,5,5,0,5
purifiers,9,5,2,7,4,2,6
purifies,8,4,3,7,4,3,7
purify,6,6,5,11,6,5,11
purifying,9,5,4,9,5,4,9
purism,6,4,4,8,4,4,8
purism's,8,4,4,8,4,4,8
purist,6,5,4,9,5,4,9
purist's,8,6,2,8,6,2,8
purists,7,5,3,8,5,3,8
puritan,7,4,3,7,2,4,6
puritan's,9,5,2,7,4,2,6
puritanical,11,2,1,3,2,2,4
puritanically,13,2,1,3,2,1,3
puritanism,10,5,0,5,4,0,4
puritanism's,12,5,0,5,4,0,4
puritans,8,4,2,6,7,2,9
purity,6,5,6,11,5,6,11
purity's,8,5,4,9,5,4,9
purl,4,3,10,13,3,9,12
purl's,6,5,9,14,5,9,14
purled,6,5,4,9,5,4,9
purling,7,6,7,13,6,7,13
purloin,7,5,3,8,5,3,8
purloined,9,4,2,6,4,2,6
purloining,10,4,2,6,3,3,6
purloins,8,5,3,8,4,2,6
purls,5,4,8,12,4,8,12
purple,6,4,7,11,4,9,13
purple's,8,7,5,12,7,3,10
purpler,7,3,4,7,3,4,7
purples,7,5,6,11,5,8,13
purplest,8,5,1,6,5,1,6
purplish,8,4,3,7,3,4,7
purport,7,3,5,8,3,5,8
purport's,9,5,4,9,5,4,9
purported,9,4,3,7,4,2,6
purportedly,11,3,2,5,2,2,4
purporting,10,5,4,9,4,4,8
purports,8,4,3,7,3,5,8
purpose,7,4,1,5,4,2,6
purpose's,9,4,2,6,4,1,5
purposed,8,4,0,4,5,0,5
purposeful,10,2,1,3,3,0,3
purposefully,12,2,0,2,2,0,2
purposeless,11,2,1,3,2,1,3
purposely,9,5,0,5,5,0,5
purposes,8,3,0,3,3,0,3
purposing,9,5,1,6,4,1,5
purr,4,2,6,8,2,7,9
purr's,6,4,5,9,4,5,9
purred,6,4,3,7,4,3,7
purring,7,6,9,15,6,7,13
purrs,5,3,7,10,3,7,10
purse,5,4,4,8,4,4,8
purse's,7,5,4,9,5,4,9
pursed,6,5,4,9,5,4,9
purser,6,4,4,8,4,4,8
purser's,8,4,4,8,4,0,4
pursers,7,3,1,4,3,1,4
purses,6,4,3,7,4,3,7
pursing,7,6,2,8,6,2,8
pursuance,9,4,0,4,3,1,4
pursuance's,11,5,0,5,4,1,5
pursuant,8,2,3,5,3,2,5
pursue,6,4,4,8,4,4,8
pursued,7,3,2,5,3,2,5
pursuer,7,3,2,5,3,2,5
pursuer's,9,4,1,5,4,1,5
pursuers,8,3,0,3,3,0,3
pursues,7,3,3,6,3,1,4
pursuing,8,5,4,9,6,3,9
pursuit,7,2,3,5,2,3,5
pursuit's,9,5,1,6,4,1,5
pursuits,8,2,4,6,2,4,6
purulence,9,4,1,5,4,1,5
purulence's,11,6,0,6,4,1,5
purulent,8,4,3,7,2,4,6
purvey,6,4,7,11,4,7,11
purveyed,8,3,2,5,3,2,5
purveying,9,5,2,7,5,2,7
purveyor,8,2,1,3,2,2,4
purveyor's,10,3,0,3,3,1,4
purveyors,9,3,1,4,5,2,7
purveys,7,6,3,9,6,3,9
purview,7,3,4,7,3,4,7
purview's,9,4,2,6,3,2,5
pus,3,2,9,11,2,9,11
pus's,5,3,6,9,3,6,9
push,4,4,9,13,4,9,13
push's,6,5,7,12,5,7,12
pushcart,8,4,2,6,4,2,6
pushcart's,10,5,2,7,4,2,6
pushcarts,9,3,2,5,3,2,5
pushed,6,5,7,12,5,8,13
pusher,6,5,9,14,5,9,14
pusher's,8,6,3,9,6,3,9
pushers,7,5,3,8,5,3,8
pushes,6,5,7,12,5,7,12
pushier,7,6,5,11,6,4,10
pushiest,8,6,4,10,6,4,10
pushiness,9,6,2,8,6,2,8
pushiness's,11,7,2,9,7,2,9
pushing,7,7,4,11,7,4,11
pushover,8,2,3,5,2,3,5
pushover's,10,2,2,4,2,2,4
pushovers,9,4,3,7,2,3,5
pushup,6,3,5,8,4,4,8
pushup's,8,4,5,9,5,4,9
pushups,7,1,5,6,1,5,6
pushy,5,4,7,11,4,7,11
pusillanimity,13,2,0,2,2,0,2
pusillanimity's,15,2,0,2,2,0,2
pusillanimous,13,3,0,3,3,0,3
puss,4,3,8,11,3,8,11
puss's,6,4,8,12,4,8,12
pusses,6,4,7,11,4,7,11
pussier,7,5,3,8,5,3,8
pussies,7,4,2,6,4,2,6
pussiest,8,5,2,7,5,2,7
pussy,5,3,3,6,3,3,6
pussy's,7,4,3,7,4,3,7
pussycat,8,2,1,3,2,1,3
pussycat's,10,1,2,3,1,2,3
pussycats,9,2,2,4,3,1,4
pussyfoot,9,1,3,4,2,2,4
pussyfooted,11,1,1,2,1,1,2
pussyfooting,12,4,0,4,2,0,2
pussyfoots,10,2,1,3,2,1,3
pustule,7,3,2,5,3,4,7
pustule's,9,4,2,6,4,2,6
pustules,8,3,2,5,3,2,5
put,3,3,10,13,3,10,13
put's,5,5,10,15,5,10,15
putative,8,4,2,6,4,2,6
putrefaction,12,3,1,4,4,1,5
putrefaction's,14,10,0,10,4,1,5
putrefied,9,3,1,4,3,1,4
putrefies,9,4,0,4,3,1,4
putrefy,7,2,2,4,2,2,4
putrefying,10,5,1,6,3,2,5
putrescence,11,5,1,6,4,2,6
putrescence's,13,6,1,7,5,2,7
putrescent,10,3,0,3,4,0,4
putrid,6,3,6,9,4,5,9
puts,4,4,10,14,3,9,12
putsch,6,4,5,9,2,4,6
putsch's,8,3,4,7,3,4,7
putsches,8,4,1,5,5,2,7
putt,4,2,11,13,3,10,13
putt's,6,4,9,13,5,9,14
putted,6,4,10,14,4,10,14
putter,6,4,7,11,4,7,11
putter's,8,6,7,13,6,7,13
puttered,8,5,4,9,5,4,9
puttering,9,7,4,11,7,4,11
putters,7,5,7,12,5,5,10
puttied,7,3,3,6,3,3,6
putties,7,5,4,9,5,3,8
putting,7,5,10,15,5,8,13
putts,5,3,10,13,3,12,15
putty,5,3,12,15,4,11,15
putty's,7,5,8,13,5,8,13
puttying,8,5,7,12,4,5,9
puzzle,6,4,10,14,4,9,13
puzzle's,8,6,8,14,6,8,14
puzzled,7,5,9,14,5,8,13
puzzlement,10,5,2,7,4,2,6
puzzlement's,12,7,1,8,5,1,6
puzzler,7,4,6,10,4,7,11
puzzler's,9,6,5,11,6,5,11
puzzlers,8,5,6,11,5,5,10
puzzles,7,5,8,13,5,8,13
puzzling,8,5,7,12,6,8,14
pwn,3,0,11,11,0,11,11
pwned,5,2,6,8,2,6,8
pwning,6,4,4,8,4,4,8
pwns,4,1,7,8,1,7,8
pygmies,7,3,3,6,3,3,6
pygmy,5,1,6,7,1,6,7
pygmy's,7,3,5,8,2,5,7
pylon,5,2,6,8,2,6,8
pylon's,7,4,5,9,4,5,9
pylons,6,4,5,9,3,6,9
pyorrhea,8,2,2,4,3,1,4
pyorrhea's,10,4,0,4,4,0,4
pyramid,7,3,4,7,3,3,6
pyramid's,9,4,3,7,5,2,7
pyramidal,9,6,3,9,3,3,6
pyramided,9,4,1,5,4,1,5
pyramiding,10,4,3,7,4,3,7
pyramids,8,3,3,6,3,3,6
pyre,4,2,9,11,2,9,11
pyre's,6,4,9,13,4,9,13
pyres,5,5,4,9,5,4,9
pyrite,6,3,4,7,4,2,6
pyrite's,8,5,3,8,5,3,8
pyromania,9,3,2,5,3,2,5
pyromania's,11,10,1,11,10,1,11
pyromaniac,10,2,2,4,2,2,4
pyromaniac's,12,3,1,4,4,1,5
pyromaniacs,11,9,2,11,9,2,11
pyrotechnic,11,2,2,4,5,1,6
pyrotechnics,12,3,1,4,4,1,5
pyrotechnics's,14,3,0,3,4,0,4
python,6,3,5,8,2,5,7
python's,8,5,4,9,6,2,8
pythons,7,4,5,9,4,5,9
pyx,3,2,7,9,2,7,9
pyx's,5,4,6,10,4,6,10
pyxes,5,4,5,9,4,5,9
q,1,1,16,17,1,16,17
qua,3,2,5,7,2,5,7
quack,5,4,8,12,3,9,12
quack's,7,6,7,13,5,8,13
quacked,7,3,6,9,5,5,10
quackery,8,3,3,6,4,2,6
quackery's,10,7,1,8,6,1,7
quacking,8,7,5,12,4,5,9
quacks,6,4,6,10,5,5,10
quad,4,4,8,12,2,10,12
quad's,6,6,7,13,4,8,12
quadrangle,10,3,1,4,3,2,5
quadrangle's,12,4,2,6,3,2,5
quadrangles,11,4,1,5,3,2,5
quadrangular,12,1,3,4,1,3,4
quadrant,8,4,4,8,4,4,8
quadrant's,10,5,2,7,7,1,8
quadrants,9,4,2,6,4,3,7
quadraphonic,12,2,1,3,2,1,3
quadratic,9,5,2,7,4,2,6
quadrature,10,3,1,4,3,2,5
quadrennial,11,2,1,3,2,1,3
quadriceps,10,4,1,5,5,0,5
quadriceps's,12,6,0,6,3,0,3
quadricepses,12,6,0,6,3,0,3
quadrilateral,13,3,1,4,2,1,3
quadrilateral's,15,4,0,4,3,0,3
quadrilaterals,14,3,0,3,3,0,3
quadrille,9,3,1,4,3,1,4
quadrille's,11,5,0,5,5,0,5
quadrilles,10,4,0,4,5,0,5
quadriphonic,12,9,1,10,9,1,10
quadriplegia,12,5,1,6,2,1,3
quadriplegia's,14,8,1,9,3,0,3
quadriplegic,12,8,2,10,8,2,10
quadriplegic's,14,8,1,9,3,0,3
quadriplegics,13,3,1,4,3,1,4
quadruped,9,4,1,5,4,1,5
quadruped's,11,4,1,5,5,0,5
quadrupeds,10,4,1,5,4,1,5
quadruple,9,3,2,5,3,2,5
quadruple's,11,5,1,6,10,0,10
quadrupled,10,3,1,4,4,1,5
quadruples,10,3,1,4,3,1,4
quadruplet,10,3,1,4,4,1,5
quadruplet's,12,5,0,5,4,0,4
quadruplets,11,4,1,5,9,1,10
quadruplicate,13,3,1,4,2,2,4
quadruplicate's,15,3,0,3,3,0,3
quadruplicated,14,2,1,3,2,1,3
quadruplicates,14,3,0,3,3,0,3
quadruplicating,15,2,1,3,2,1,3
quadrupling,11,5,1,6,4,3,7
quads,5,5,7,12,5,6,11
quaff,5,3,9,12,4,8,12
quaff's,7,5,8,13,6,7,13
quaffed,7,4,6,10,4,6,10
quaffing,8,6,6,12,5,6,11
quaffs,6,3,7,10,3,6,9
quagmire,8,4,1,5,4,2,6
quagmire's,10,6,0,6,5,1,6
quagmires,9,5,0,5,5,1,6
quahaug,7,2,3,5,2,2,4
quahaug's,9,4,2,6,4,3,7
quahaugs,8,2,4,6,3,3,6
quahog,6,4,5,9,2,6,8
quahog's,8,4,4,8,4,4,8
quahogs,7,3,5,8,3,5,8
quail,5,2,3,5,2,3,5
quail's,7,4,2,6,4,2,6
quailed,7,4,2,6,4,5,9
quailing,8,6,2,8,6,2,8
quails,6,3,3,6,3,3,6
quaint,6,3,6,9,2,5,7
quainter,8,4,2,6,4,1,5
quaintest,9,3,1,4,3,1,4
quaintly,8,2,2,4,2,2,4
quaintness,10,5,0,5,3,1,4
quaintness's,12,6,0,6,4,1,5
quake,5,2,6,8,2,6,8
quake's,7,4,4,8,4,4,8
quaked,6,3,6,9,3,6,9
quakes,6,4,4,8,4,5,9
quaking,7,4,6,10,4,6,10
qualification,13,7,1,8,5,1,6
qualification's,15,8,0,8,5,0,5
qualifications,14,6,0,6,5,0,5
qualified,9,4,2,6,6,1,7
qualifier,9,5,2,7,4,2,6
qualifier's,11,5,0,5,5,0,5
qualifiers,10,4,1,5,4,0,4
qualifies,9,6,0,6,6,0,6
qualify,7,4,4,8,2,5,7
qualifying,10,7,2,9,5,5,10
qualitative,11,2,2,4,3,1,4
qualitatively,13,4,1,5,3,1,4
qualities,9,5,1,6,5,2,7
quality,7,6,5,11,6,5,11
quality's,9,8,3,11,8,4,12
qualm,5,2,5,7,2,5,7
qualm's,7,4,4,8,4,4,8
qualms,6,3,4,7,3,4,7
quandaries,10,3,2,5,5,0,5
quandary,8,2,3,5,2,3,5
quandary's,10,4,1,5,4,1,5
quanta,6,3,3,6,3,3,6
quantified,10,4,1,5,3,2,5
quantifier,10,3,2,5,3,1,4
quantifier's,12,5,0,5,4,0,4
quantifiers,11,4,1,5,4,0,4
quantifies,10,5,0,5,5,0,5
quantify,8,6,2,8,4,2,6
quantifying,11,2,1,3,2,2,4
quantitative,12,2,1,3,2,1,3
quantities,10,5,0,5,4,0,4
quantity,8,6,2,8,3,2,5
quantity's,10,5,4,9,5,3,8
quantum,7,3,5,8,2,5,7
quantum's,9,5,3,8,3,3,6
quarantine,10,2,1,3,3,1,4
quarantine's,12,5,0,5,4,0,4
quarantined,11,3,1,4,2,1,3
quarantines,11,4,0,4,4,0,4
quarantining,12,2,1,3,2,1,3
quark,5,3,5,8,3,5,8
quark's,7,5,4,9,5,4,9
quarks,6,6,2,8,6,2,8
quarrel,7,2,2,4,2,2,4
quarrel's,9,4,0,4,3,0,3
quarreled,9,3,1,4,2,1,3
quarreling,10,5,1,6,4,1,5
quarrelled,10,2,1,3,2,1,3
quarrelling,11,7,1,8,6,1,7
quarrels,8,3,1,4,3,0,3
quarrelsome,11,3,0,3,2,1,3
quarried,8,4,3,7,3,1,4
quarries,8,5,0,5,4,2,6
quarry,6,2,2,4,2,2,4
quarry's,8,4,1,5,3,1,4
quarrying,9,5,3,8,5,4,9
quart,5,2,7,9,2,7,9
quart's,7,4,5,9,4,5,9
quarter,7,3,3,6,3,3,6
quarter's,9,5,2,7,5,2,7
quarterback,11,2,2,4,3,2,5
quarterback's,13,4,0,4,4,0,4
quarterbacked,13,2,2,4,2,2,4
quarterbacking,14,2,1,3,3,1,4
quarterbacks,12,3,0,3,4,0,4
quarterdeck,11,3,2,5,2,1,3
quarterdeck's,13,3,0,3,3,0,3
quarterdecks,12,3,0,3,3,0,3
quartered,9,5,2,7,5,2,7
quarterfinal,12,2,1,3,2,1,3
quarterfinal's,14,3,0,3,3,0,3
quarterfinals,13,3,1,4,3,0,3
quartering,10,7,2,9,7,2,9
quarterlies,11,3,0,3,3,0,3
quarterly,9,2,1,3,3,1,4
quarterly's,11,6,0,6,4,0,4
quartermaster,13,2,0,2,4,1,5
quartermaster's,15,3,0,3,2,0,2
quartermasters,14,2,0,2,2,0,2
quarters,8,4,3,7,4,2,6
quartet,7,3,3,6,3,2,5
quartet's,9,5,0,5,5,0,5
quartets,8,4,2,6,5,1,6
quartette,9,2,2,4,2,2,4
quartette's,11,4,1,5,4,0,4
quartettes,10,3,0,3,3,0,3
quarto,6,6,3,9,3,2,5
quarto's,8,5,1,6,4,2,6
quartos,7,3,2,5,3,2,5
quarts,6,5,3,8,5,3,8
quartz,6,5,4,9,2,4,6
quartz's,8,4,2,6,3,2,5
quasar,6,2,2,4,2,1,3
quasar's,8,3,2,5,3,1,4
quasars,7,2,2,4,2,2,4
quash,5,3,4,7,3,4,7
quashed,7,5,4,9,5,4,9
quashes,7,5,4,9,5,3,8
quashing,8,6,4,10,6,4,10
quasi,5,2,5,7,2,5,7
quatrain,8,4,2,6,4,2,6
quatrain's,10,6,1,7,7,1,8
quatrains,9,4,2,6,4,2,6
quaver,6,5,4,9,5,4,9
quaver's,8,7,2,9,7,2,9
quavered,8,4,3,7,4,7,11
quavering,9,6,2,8,6,5,11
quavers,7,6,2,8,6,4,10
quavery,7,5,3,8,4,5,9
quay,4,3,9,12,1,10,11
quay's,6,5,8,13,3,9,12
quays,5,4,8,12,4,7,11
queasier,8,4,1,5,4,1,5
queasiest,9,6,0,6,6,0,6
queasily,8,4,1,5,5,1,6
queasiness,10,5,1,6,5,1,6
queasiness's,12,6,1,7,6,1,7
queasy,6,5,0,5,5,0,5
queen,5,2,3,5,2,3,5
queen's,7,4,2,6,4,3,7
queened,7,3,4,7,3,4,7
queening,8,4,2,6,4,2,6
queenlier,9,2,1,3,1,2,3
queenliest,10,4,0,4,4,0,4
queenly,7,2,2,4,2,2,4
queens,6,3,2,5,3,2,5
queer,5,2,3,5,2,3,5
queer's,7,4,2,6,4,2,6
queered,7,3,2,5,3,2,5
queerer,7,2,1,3,3,0,3
queerest,8,4,0,4,4,0,4
queering,8,5,2,7,5,2,7
queerly,7,2,1,3,2,1,3
queerness,9,3,1,4,3,1,4
queerness's,11,4,1,5,4,1,5
queers,6,3,2,5,3,2,5
quell,5,2,5,7,2,4,6
quelled,7,4,4,8,4,3,7
quelling,8,6,4,10,6,4,10
quells,6,3,4,7,3,4,7
quench,6,3,4,7,2,5,7
quenched,8,4,3,7,4,3,7
quenches,8,5,2,7,5,3,8
quenching,9,6,3,9,6,3,9
queried,7,4,3,7,4,2,6
queries,7,3,1,4,3,2,5
querulous,9,4,1,5,4,0,4
querulously,11,5,0,5,3,0,3
query,5,3,5,8,2,5,7
query's,7,5,2,7,5,3,8
querying,8,5,3,8,5,3,8
quesadilla,10,3,0,3,3,0,3
quesadilla's,12,3,0,3,3,0,3
quesadillas,11,3,1,4,4,0,4
quest,5,4,2,6,4,2,6
quest's,7,5,2,7,5,2,7
quested,7,5,2,7,5,3,8
questing,8,6,1,7,6,1,7
question,8,4,0,4,5,0,5
question's,10,5,0,5,4,0,4
questionable,12,8,0,8,4,0,4
questionably,12,8,0,8,4,0,4
questioned,10,9,0,9,2,1,3
questioner,10,8,1,9,3,0,3
questioner's,12,3,0,3,3,0,3
questioners,11,2,0,2,2,0,2
questioning,11,3,0,3,3,0,3
questioningly,13,2,0,2,2,0,2
questionnaire,13,2,0,2,2,0,2
questionnaire's,15,2,0,2,2,0,2
questionnaires,14,2,0,2,2,0,2
questions,9,4,1,5,4,1,5
quests,6,4,2,6,4,2,6
queue,5,2,4,6,2,4,6
queue's,7,4,3,7,4,3,7
queued,6,3,5,8,3,3,6
queues,6,2,5,7,3,4,7
queuing,7,4,5,9,5,3,8
quibble,7,4,4,8,3,5,8
quibble's,9,6,3,9,6,3,9
quibbled,8,4,5,9,3,4,7
quibbler,8,3,3,6,3,2,5
quibbler's,10,7,0,7,7,0,7
quibblers,9,5,2,7,5,2,7
quibbles,8,5,2,7,4,3,7
quibbling,9,4,4,8,4,4,8
quiche,6,3,2,5,5,2,7
quiche's,8,5,1,6,7,3,10
quiches,7,6,1,7,4,2,6
quick,5,4,9,13,4,9,13
quick's,7,6,7,13,6,8,14
quicken,7,3,5,8,3,5,8
quickened,9,7,2,9,5,4,9
quickening,10,7,1,8,7,1,8
quickens,8,7,3,10,4,4,8
quicker,7,4,3,7,4,3,7
quickest,8,5,2,7,5,2,7
quickie,7,2,2,4,3,1,4
quickie's,9,4,1,5,4,1,5
quickies,8,4,2,6,4,2,6
quicklime,9,3,2,5,4,2,6
quicklime's,11,5,1,6,4,1,5
quickly,7,3,5,8,3,5,8
quickness,9,7,0,7,7,0,7
quickness's,11,8,0,8,8,0,8
quicksand,9,2,1,3,2,1,3
quicksand's,11,2,1,3,2,1,3
quicksands,10,2,1,3,3,2,5
quicksilver,11,2,1,3,2,1,3
quicksilver's,13,4,0,4,2,1,3
quid,4,4,8,12,4,8,12
quid's,6,6,7,13,6,7,13
quids,5,2,8,10,2,8,10
quiescence,10,5,1,6,5,1,6
quiescence's,12,6,1,7,6,1,7
quiescent,9,6,1,7,6,1,7
quiet,5,3,6,9,3,6,9
quiet's,7,5,4,9,5,4,9
quieted,7,3,5,8,3,4,7
quieter,7,3,3,6,3,2,5
quietest,8,3,0,3,3,0,3
quieting,8,5,1,6,5,1,6
quietly,7,4,4,8,4,3,7
quietness,9,3,2,5,3,2,5
quietness's,11,4,2,6,4,2,6
quiets,6,4,4,8,4,4,8
quietude,8,2,2,4,2,2,4
quietude's,10,4,2,6,3,1,4
quietus,7,4,1,5,3,5,8
quietus's,9,4,0,4,4,0,4
quietuses,9,3,0,3,3,0,3
quill,5,3,6,9,3,6,9
quill's,7,5,5,10,5,5,10
quills,6,3,6,9,3,6,9
quilt,5,4,6,10,4,6,10
quilt's,7,6,5,11,6,5,11
quilted,7,4,3,7,4,3,7
quilter,7,5,2,7,5,3,8
quilter's,9,7,1,8,7,1,8
quilters,8,6,2,8,6,1,7
quilting,8,5,4,9,5,4,9
quilting's,10,7,4,11,7,5,12
quilts,6,4,6,10,4,5,9
quince,6,3,2,5,5,2,7
quince's,8,5,1,6,7,3,10
quinces,7,6,1,7,4,2,6
quinine,7,3,3,6,4,1,5
quinine's,9,4,2,6,5,1,6
quintessence,12,2,0,2,2,0,2
quintessence's,14,1,0,1,1,0,1
quintessences,13,2,0,2,2,0,2
quintessential,14,1,0,1,1,0,1
quintet,7,3,4,7,3,3,6
quintet's,9,5,2,7,5,2,7
quintets,8,4,3,7,3,2,5
quintuple,9,3,2,5,3,2,5
quintuple's,11,5,1,6,5,1,6
quintupled,10,4,3,7,4,3,7
quintuples,10,4,1,5,4,1,5
quintuplet,10,2,3,5,4,3,7
quintuplet's,12,3,1,4,3,2,5
quintuplets,11,3,2,5,5,1,6
quintupling,11,4,1,5,1,3,4
quip,4,2,8,10,4,9,13
quip's,6,4,7,11,4,7,11
quipped,7,6,6,12,5,5,10
quipping,8,6,6,12,4,6,10
quips,5,3,7,10,3,7,10
quire,5,3,3,6,3,3,6
quire's,7,5,3,8,5,3,8
quires,6,4,2,6,4,2,6
quirk,5,2,6,8,2,6,8
quirk's,7,4,5,9,4,5,9
quirked,7,4,4,8,4,4,8
quirkier,8,3,2,5,3,1,4
quirkiest,9,5,1,6,5,1,6
quirking,8,4,5,9,4,5,9
quirks,6,3,6,9,3,6,9
quirky,6,3,5,8,2,5,7
quisling,8,5,3,8,4,4,8
quisling's,10,3,2,5,4,2,6
quislings,9,2,3,5,3,2,5
quit,4,2,8,10,3,8,11
quite,5,2,8,10,2,8,10
quits,5,4,7,11,4,7,11
quitted,7,4,5,9,4,5,9
quitter,7,4,3,7,4,3,7
quitter's,9,6,2,8,6,2,8
quitters,8,5,4,9,4,3,7
quitting,8,4,6,10,4,5,9
quiver,6,4,6,10,5,6,11
quiver's,8,6,3,9,6,3,9
quivered,8,4,2,6,4,3,7
quivering,9,5,2,7,5,2,7
quivers,7,5,3,8,5,4,9
quixotic,8,3,2,5,1,3,4
quiz,4,3,9,12,3,10,13
quiz's,6,5,8,13,5,8,13
quizzed,7,5,7,12,5,6,11
quizzes,7,5,2,7,5,1,6
quizzical,9,3,2,5,2,3,5
quizzically,11,3,1,4,2,3,5
quizzing,8,5,7,12,5,7,12
quoit,5,1,7,8,1,7,8
quoit's,7,3,6,9,3,6,9
quoited,7,5,3,8,5,4,9
quoiting,8,4,4,8,4,4,8
quoits,6,2,7,9,3,6,9
quondam,7,2,5,7,3,3,6
quorum,6,3,5,8,3,4,7
quorum's,8,4,4,8,5,2,7
quorums,7,3,4,7,4,3,7
quota,5,2,4,6,2,4,6
quota's,7,4,3,7,4,3,7
quotable,8,5,2,7,6,1,7
quotas,6,4,2,6,4,2,6
quotation,9,5,3,8,5,3,8
quotation's,11,7,2,9,7,2,9
quotations,10,6,2,8,6,2,8
quote,5,2,7,9,2,7,9
quote's,7,4,6,10,4,6,10
quoted,6,4,6,10,4,6,10
quotes,6,3,7,10,3,7,10
quoth,5,2,5,7,2,5,7
quotidian,9,4,2,6,4,2,6
quotient,8,2,2,4,3,2,5
quotient's,10,4,2,6,4,2,6
quotients,9,3,2,5,5,1,6
quoting,7,4,7,11,4,7,11
r,1,1,17,18,1,17,18
rabbi,5,3,5,8,4,4,8
rabbi's,7,5,4,9,5,3,8
rabbinate,9,3,2,5,3,2,5
rabbinate's,11,5,1,6,5,0,5
rabbinical,10,3,2,5,2,2,4
rabbis,6,4,3,7,4,3,7
rabbit,6,3,3,6,3,3,6
rabbit's,8,6,3,9,5,2,7
rabbited,8,5,2,7,4,1,5
rabbiting,9,4,2,6,4,2,6
rabbits,7,4,4,8,4,4,8
rabble,6,4,3,7,4,3,7
rabble's,8,6,2,8,7,1,8
rabbles,7,5,3,8,5,3,8
rabid,5,5,5,10,5,5,10
rabies,6,5,2,7,5,3,8
rabies's,8,6,1,7,6,1,7
raccoon,7,4,3,7,4,3,7
raccoon's,9,6,2,8,6,2,8
raccoons,8,4,2,6,4,2,6
race,4,4,2,6,4,1,5
race's,6,6,1,7,6,1,7
racecourse,10,2,1,3,3,1,4
racecourse's,12,3,1,4,3,1,4
racecourses,11,3,1,4,3,1,4
raced,5,5,1,6,5,1,6
racehorse,9,3,0,3,3,0,3
racehorse's,11,5,1,6,3,0,3
racehorses,10,4,1,5,3,0,3
raceme,6,2,0,2,2,0,2
raceme's,8,5,0,5,3,0,3
racemes,7,4,0,4,2,1,3
racer,5,4,4,8,4,4,8
racer's,7,5,2,7,5,2,7
racers,6,4,3,7,4,3,7
races,5,5,2,7,5,1,6
racetrack,9,3,2,5,2,3,5
racetrack's,11,4,1,5,3,0,3
racetracks,10,3,1,4,4,0,4
raceway,7,4,2,6,3,2,5
raceway's,9,6,1,7,5,1,6
raceways,8,4,2,6,4,2,6
racial,6,4,4,8,4,4,8
racially,8,5,3,8,5,3,8
racier,6,5,1,6,5,2,7
raciest,7,6,1,7,6,1,7
racily,6,4,4,8,4,4,8
raciness,8,6,1,7,6,1,7
raciness's,10,7,1,8,7,1,8
racing,6,6,2,8,6,2,8
racing's,8,8,2,10,8,1,9
racism,6,4,4,8,4,4,8
racism's,8,5,4,9,5,3,8
racist,6,6,3,9,6,3,9
racist's,8,7,1,8,7,1,8
racists,7,6,2,8,6,2,8
rack,4,4,4,8,4,4,8
rack's,6,5,3,8,5,4,9
racked,6,6,3,9,6,5,11
racket,6,4,5,9,4,5,9
racket's,8,8,2,10,6,3,9
racketed,8,7,1,8,7,1,8
racketeer,9,3,1,4,1,2,3
racketeer's,11,5,0,5,2,1,3
racketeered,11,1,2,3,1,1,2
racketeering,12,4,1,5,4,1,5
racketeering's,14,3,0,3,3,0,3
racketeers,10,4,0,4,2,1,3
racketing,9,9,1,10,9,1,10
rackets,7,7,1,8,7,1,8
racking,7,6,4,10,5,7,12
racks,5,5,4,9,4,5,9
raconteur,9,3,1,4,3,1,4
raconteur's,11,5,0,5,4,0,4
raconteurs,10,3,0,3,3,0,3
racoon,6,4,2,6,4,3,7
racoon's,8,6,1,7,6,2,8
racoons,7,5,2,7,5,3,8
racquet,7,4,3,7,4,2,6
racquet's,9,6,0,6,6,0,6
racquetball,11,2,2,4,2,2,4
racquetball's,13,3,0,3,3,0,3
racquetballs,12,3,0,3,4,0,4
racquets,8,5,1,6,5,1,6
racy,4,3,5,8,3,5,8
radar,5,2,3,5,2,3,5
radar's,7,4,1,5,4,1,5
radars,6,3,4,7,3,4,7
radial,6,3,4,7,3,5,8
radial's,8,5,3,8,5,4,9
radially,8,4,3,7,4,3,7
radials,7,4,3,7,3,4,7
radiance,8,3,2,5,4,2,6
radiance's,10,6,0,6,4,0,4
radiant,7,4,2,6,5,2,7
radiantly,9,6,2,8,3,2,5
radiate,7,4,1,5,3,1,4
radiated,8,3,1,4,4,1,5
radiates,8,4,0,4,4,0,4
radiating,9,4,2,6,4,2,6
radiation,9,6,2,8,4,2,6
radiation's,11,8,1,9,5,1,6
radiations,10,3,1,4,3,1,4
radiator,8,2,3,5,2,3,5
radiator's,10,3,1,4,3,1,4
radiators,9,3,2,5,3,1,4
radical,7,4,3,7,4,3,7
radical's,9,5,2,7,5,2,7
radicalism,10,2,2,4,2,2,4
radicalism's,12,5,0,5,4,1,5
radically,9,5,3,8,3,3,6
radicals,8,3,5,8,3,5,8
radii,5,2,4,6,2,4,6
radio,5,5,3,8,5,3,8
radio's,7,7,2,9,6,3,9
radioactive,11,2,2,4,3,2,5
radioactivity,13,3,1,4,2,1,3
radioactivity's,15,4,0,4,2,0,2
radioed,7,3,1,4,3,1,4
radiogram,9,2,2,4,2,2,4
radiogram's,11,3,2,5,3,1,4
radiograms,10,4,1,5,4,2,6
radioing,8,4,3,7,4,3,7
radioisotope,12,4,0,4,4,0,4
radioisotope's,14,3,0,3,3,0,3
radioisotopes,13,4,0,4,4,0,4
radiologist,11,3,1,4,4,0,4
radiologist's,13,5,0,5,4,0,4
radiologists,12,4,0,4,4,0,4
radiology,9,2,2,4,2,2,4
radiology's,11,7,2,9,3,2,5
radios,6,4,5,9,4,5,9
radiotelephone,14,1,1,2,1,1,2
radiotelephone's,16,4,0,4,2,0,2
radiotelephones,15,3,0,3,3,0,3
radiotherapist,14,2,0,2,2,0,2
radiotherapist's,16,3,0,3,2,0,2
radiotherapists,15,2,0,2,2,0,2
radiotherapy,12,4,1,5,3,1,4
radiotherapy's,14,6,0,6,3,0,3
radish,6,6,1,7,6,1,7
radish's,8,6,2,8,6,3,9
radishes,8,6,2,8,6,1,7
radium,6,3,4,7,3,4,7
radium's,8,7,4,11,6,3,9
radius,6,5,3,8,5,3,8
radius's,8,5,1,6,5,2,7
radiuses,8,4,1,5,4,1,5
radon,5,4,7,11,4,7,11
radon's,7,7,2,9,7,2,9
raffia,6,3,3,6,3,3,6
raffia's,8,5,1,6,5,1,6
raffish,7,4,2,6,5,2,7
raffle,6,5,5,10,5,6,11
raffle's,8,6,5,11,7,2,9
raffled,7,6,1,7,6,1,7
raffles,7,6,3,9,6,5,11
raffling,8,7,5,12,7,6,13
raft,4,4,5,9,4,5,9
raft's,6,5,4,9,5,5,10
rafted,6,6,2,8,6,2,8
rafter,6,5,0,5,5,1,6
rafter's,8,6,1,7,6,2,8
rafters,7,5,2,7,5,2,7
rafting,7,6,3,9,6,3,9
rafts,5,5,5,10,4,6,10
rag,3,3,10,13,3,10,13
rag's,5,5,11,16,5,11,16
raga,4,3,1,4,3,2,5
raga's,6,5,2,7,5,2,7
ragamuffin,10,2,3,5,2,3,5
ragamuffin's,12,3,1,4,3,2,5
ragamuffins,11,2,2,4,3,2,5
ragas,5,3,3,6,3,3,6
rage,4,4,3,7,4,2,6
rage's,6,6,2,8,6,2,8
raged,5,5,2,7,5,2,7
rages,5,5,3,8,5,2,7
ragged,6,5,4,9,5,3,8
raggeder,8,5,1,6,5,1,6
raggedest,9,6,1,7,6,1,7
raggedier,9,3,1,4,3,1,4
raggediest,10,5,0,5,5,0,5
raggedly,8,7,1,8,4,1,5
raggedness,10,6,1,7,6,1,7
raggedness's,12,7,1,8,7,1,8
raggedy,7,3,2,5,3,2,5
ragging,7,5,5,10,5,5,10
raging,6,5,4,9,5,4,9
raglan,6,4,4,8,4,5,9
raglan's,8,6,3,9,6,4,10
raglans,7,4,3,7,4,3,7
ragout,6,2,4,6,2,4,6
ragout's,8,5,2,7,5,4,9
ragouts,7,5,3,8,5,4,9
rags,4,4,4,8,4,10,14
ragtag,6,2,4,6,2,4,6
ragtags,7,3,4,7,4,3,7
ragtime,7,5,3,8,6,2,8
ragtime's,9,7,2,9,7,2,9
ragweed,7,3,2,5,3,2,5
ragweed's,9,5,1,6,4,1,5
raid,4,3,6,9,3,7,10
raid's,6,5,5,10,5,6,11
raided,6,3,0,3,3,0,3
raider,6,4,1,5,4,2,6
raider's,8,6,2,8,6,3,9
raiders,7,5,1,6,5,3,8
raiding,7,5,4,9,5,5,10
raids,5,5,2,7,3,7,10
rail,4,4,10,14,4,10,14
rail's,6,6,9,15,6,9,15
railed,6,6,0,6,6,1,7
railing,7,6,7,13,6,7,13
railing's,9,7,3,10,7,3,10
railings,8,6,5,11,6,5,11
railleries,10,3,0,3,3,0,3
raillery,8,4,2,6,3,1,4
raillery's,10,5,0,5,5,0,5
railroad,8,3,2,5,3,2,5
railroad's,10,5,1,6,3,2,5
railroaded,10,4,2,6,4,1,5
railroading,11,4,1,5,2,2,4
railroads,9,5,1,6,4,1,5
rails,5,5,3,8,5,9,14
railway,7,5,2,7,4,2,6
railway's,9,5,2,7,5,2,7
railways,8,5,3,8,5,3,8
raiment,7,4,1,5,4,1,5
raiment's,9,6,0,6,6,0,6
rain,4,3,3,6,3,3,6
rain's,6,5,2,7,5,2,7
rainbow,7,3,3,6,3,3,6
rainbow's,9,4,2,6,5,1,6
rainbows,8,5,3,8,4,3,7
raincoat,8,3,2,5,3,2,5
raincoat's,10,5,1,6,4,1,5
raincoats,9,5,1,6,4,1,5
raindrop,8,3,2,5,2,3,5
raindrop's,10,5,1,6,4,2,6
raindrops,9,5,2,7,5,2,7
rained,6,6,1,7,6,2,8
rainfall,8,3,2,5,3,2,5
rainfall's,10,4,3,7,5,1,6
rainfalls,9,3,4,7,4,3,7
rainforest,10,3,0,3,3,0,3
rainier,7,3,1,4,3,1,4
rainiest,8,5,0,5,5,0,5
raining,7,4,3,7,4,3,7
rainmaker,9,6,2,8,6,2,8
rainmaker's,11,8,0,8,8,0,8
rainmakers,10,3,1,4,4,0,4
rains,5,4,4,8,4,3,7
rainstorm,9,6,1,7,4,1,5
rainstorm's,11,7,1,8,4,1,5
rainstorms,10,6,1,7,5,1,6
rainwater,9,5,3,8,5,3,8
rainwater's,11,7,1,8,7,1,8
rainy,5,4,2,6,4,2,6
raise,5,3,5,8,3,5,8
raise's,7,4,4,8,4,4,8
raised,6,5,2,7,5,3,8
raises,6,4,2,6,4,2,6
raisin,6,2,4,6,4,2,6
raisin's,8,4,4,8,5,2,7
raising,7,5,1,6,5,1,6
raisins,7,4,2,6,4,2,6
raja,4,2,2,4,2,3,5
raja's,6,4,3,7,4,3,7
rajah,5,2,4,6,2,4,6
rajah's,7,4,2,6,4,2,6
rajahs,6,3,4,7,3,4,7
rajas,5,3,2,5,3,2,5
rake,4,4,4,8,4,3,7
rake's,6,6,3,9,6,3,9
raked,5,5,3,8,5,3,8
rakes,5,5,4,9,5,3,8
raking,6,6,3,9,6,3,9
rakish,6,6,2,8,6,2,8
rakishly,8,7,1,8,5,1,6
rakishness,10,7,0,7,7,0,7
rakishness's,12,8,0,8,8,0,8
rallied,7,4,1,5,4,1,5
rallies,7,5,2,7,5,2,7
rally,5,4,3,7,4,3,7
rally's,7,4,5,9,5,2,7
rallying,8,7,3,10,7,3,10
ram,3,3,7,10,3,7,10
ram's,5,4,10,14,4,10,14
ramble,6,5,2,7,5,2,7
ramble's,8,7,2,9,8,1,9
rambled,7,6,2,8,6,3,9
rambler,7,5,2,7,4,3,7
rambler's,9,7,1,8,6,2,8
ramblers,8,6,1,7,5,1,6
rambles,7,6,1,7,6,1,7
rambling,8,7,2,9,6,3,9
rambunctious,12,5,1,6,5,1,6
rambunctiousness,16,2,0,2,2,0,2
rambunctiousness's,18,2,0,2,2,0,2
ramification,12,6,1,7,4,1,5
ramification's,14,8,0,8,5,0,5
ramifications,13,5,0,5,4,1,5
ramified,8,7,2,9,7,1,8
ramifies,8,5,2,7,5,2,7
ramify,6,6,3,9,6,3,9
ramifying,9,8,2,10,8,2,10
rammed,6,5,6,11,5,6,11
ramming,7,6,5,11,6,4,10
ramp,4,3,7,10,2,8,10
ramp's,6,5,6,11,4,7,11
rampage,7,3,2,5,4,2,6
rampage's,9,6,1,7,6,1,7
rampaged,8,4,1,5,4,1,5
rampages,8,5,2,7,4,2,6
rampaging,9,5,2,7,5,2,7
rampant,7,3,3,6,4,3,7
rampantly,9,3,3,6,3,3,6
rampart,7,2,3,5,2,2,4
rampart's,9,4,1,5,3,1,4
ramparts,8,3,2,5,3,2,5
ramps,5,4,4,8,4,5,9
ramrod,6,2,3,5,2,3,5
ramrod's,8,5,1,6,4,2,6
ramrodded,9,2,1,3,2,1,3
ramrodding,10,5,3,8,5,2,7
ramrods,7,4,2,6,4,2,6
rams,4,3,5,8,3,10,13
ramshackle,10,4,1,5,2,2,4
ran,3,3,12,15,3,12,15
ranch,5,3,8,11,3,8,11
ranch's,7,5,2,7,5,2,7
ranched,7,4,2,6,4,2,6
rancher,7,3,3,6,3,3,6
rancher's,9,6,0,6,5,2,7
ranchers,8,4,2,6,4,1,5
ranches,7,6,2,8,6,2,8
ranching,8,6,3,9,6,3,9
ranching's,10,5,2,7,3,4,7
rancid,6,4,2,6,4,2,6
rancidity,9,3,2,5,3,2,5
rancidity's,11,4,2,6,4,2,6
rancor,6,3,2,5,3,2,5
rancor's,8,5,1,6,5,1,6
rancorous,9,3,2,5,3,2,5
rancorously,11,4,0,4,3,0,3
randier,7,6,1,7,6,1,7
randiest,8,7,2,9,7,4,11
random,6,4,2,6,4,2,6
randomize,9,6,1,7,5,1,6
randomized,10,4,2,6,4,2,6
randomizes,10,6,0,6,6,0,6
randomizing,11,4,2,6,5,2,7
randomly,8,5,3,8,6,3,9
randomness,10,4,1,5,4,1,5
randomness's,12,5,1,6,4,1,5
randy,5,5,2,7,5,2,7
rang,4,4,4,8,4,4,8
range,5,4,3,7,4,4,8
range's,7,5,2,7,5,2,7
ranged,6,5,4,9,5,3,8
ranger,6,5,2,7,5,3,8
ranger's,8,6,3,9,5,4,9
rangers,7,5,3,8,4,4,8
ranges,6,5,3,8,4,4,8
rangier,7,5,2,7,5,2,7
rangiest,8,7,3,10,7,5,12
ranginess,9,5,3,8,5,3,8
ranginess's,11,6,3,9,6,3,9
ranging,7,4,5,9,4,4,8
rangy,5,4,3,7,4,3,7
rank,4,4,5,9,4,5,9
rank's,6,6,3,9,6,3,9
ranked,6,5,4,9,5,6,11
ranker,6,4,3,7,4,4,8
rankest,7,5,2,7,5,2,7
ranking,7,6,5,11,6,5,11
ranking's,9,6,3,9,6,3,9
rankings,8,5,4,9,5,4,9
rankle,6,4,5,9,4,7,11
rankled,7,6,3,9,5,4,9
rankles,7,5,5,10,5,7,12
rankling,8,5,4,9,5,4,9
rankness,8,5,1,6,5,1,6
rankness's,10,6,1,7,6,1,7
ranks,5,4,5,9,5,3,8
ransack,7,3,2,5,4,2,6
ransacked,9,5,0,5,3,1,4
ransacking,10,4,1,5,4,1,5
ransacks,8,3,2,5,4,2,6
ransom,6,5,2,7,5,2,7
ransom's,8,6,2,8,6,2,8
ransomed,8,3,0,3,3,0,3
ransoming,9,5,1,6,4,1,5
ransoms,7,5,3,8,5,3,8
rant,4,3,6,9,3,6,9
rant's,6,5,4,9,5,4,9
ranted,6,5,3,8,5,3,8
ranter,6,5,1,6,5,2,7
ranting,7,6,5,11,6,5,11
rants,5,4,6,10,4,4,8
rap,3,3,6,9,3,6,9
rap's,5,5,8,13,5,8,13
rapacious,9,4,2,6,3,1,4
rapaciously,11,9,0,9,6,0,6
rapaciousness,13,6,0,6,6,0,6
rapaciousness's,15,9,0,9,6,0,6
rapacity,8,5,3,8,4,3,7
rapacity's,10,7,1,8,7,1,8
rape,4,4,5,9,4,4,8
rape's,6,6,4,10,6,4,10
raped,5,5,4,9,5,4,9
rapes,5,5,5,10,5,4,9
rapid,5,4,6,10,4,6,10
rapid's,7,5,3,8,6,3,9
rapider,7,3,1,4,3,1,4
rapidest,8,5,1,6,5,1,6
rapidity,8,7,4,11,7,4,11
rapidity's,10,9,2,11,9,2,11
rapidly,7,5,2,7,4,4,8
rapids,6,5,3,8,5,3,8
rapier,6,4,2,6,4,3,7
rapier's,8,6,2,8,6,1,7
rapiers,7,5,1,6,5,1,6
rapine,6,6,1,7,6,2,8
rapine's,8,8,1,9,8,1,9
raping,6,6,4,10,6,4,10
rapist,6,5,4,9,5,4,9
rapist's,8,6,2,8,6,2,8
rapists,7,5,3,8,5,3,8
rapped,6,5,5,10,5,4,9
rapper,6,4,3,7,4,4,8
rapper's,8,5,4,9,6,1,7
rappers,7,4,4,8,5,1,6
rapping,7,6,6,12,6,5,11
rapport,7,3,3,6,3,4,7
rapport's,9,5,4,9,5,3,8
rapports,8,4,5,9,4,5,9
rapprochement,13,2,2,4,2,2,4
rapprochement's,15,5,0,5,3,1,4
rapprochements,14,5,0,5,3,1,4
raps,4,4,5,9,4,6,10
rapscallion,11,3,1,4,3,1,4
rapscallion's,13,4,0,4,3,0,3
rapscallions,12,2,1,3,3,1,4
rapt,4,3,6,9,3,6,9
rapture,7,5,4,9,3,2,5
rapture's,9,7,3,10,5,2,7
raptures,8,7,2,9,5,2,7
rapturous,9,5,2,7,5,2,7
rare,4,3,2,5,3,1,4
rared,5,4,1,5,4,1,5
rarefied,8,3,3,6,3,3,6
rarefies,8,4,0,4,4,0,4
rarefy,6,4,2,6,3,3,6
rarefying,9,6,1,7,6,2,8
rarely,6,5,2,7,5,2,7
rareness,8,5,1,6,5,1,6
rareness's,10,6,1,7,6,1,7
rarer,5,2,2,4,2,2,4
rares,5,4,2,6,4,1,5
rarest,6,4,1,5,4,1,5
raring,6,5,2,7,5,2,7
rarities,8,5,1,6,5,1,6
rarity,6,2,3,5,2,3,5
rarity's,8,7,4,11,4,2,6
rascal,6,4,2,6,4,2,6
rascal's,8,5,2,7,5,1,6
rascally,8,4,2,6,4,2,6
rascals,7,3,4,7,3,4,7
rash,4,4,7,11,4,8,12
rash's,6,5,8,13,5,8,13
rasher,6,3,4,7,3,5,8
rasher's,8,5,0,5,5,0,5
rashers,7,3,1,4,3,1,4
rashes,6,5,1,6,5,1,6
rashest,7,4,3,7,4,3,7
rashly,6,3,4,7,3,4,7
rashness,8,4,2,6,4,2,6
rashness's,10,5,2,7,5,2,7
rasp,4,3,5,8,3,5,8
rasp's,6,5,4,9,5,4,9
raspberries,11,3,0,3,3,0,3
raspberry,9,3,0,3,3,0,3
raspberry's,11,4,0,4,3,0,3
rasped,6,5,5,10,5,4,9
raspier,7,5,1,6,5,0,5
raspiest,8,4,1,5,4,1,5
rasping,7,5,3,8,5,4,9
rasps,5,4,4,8,4,4,8
raspy,5,3,3,6,2,4,6
raster,6,4,2,6,4,3,7
rat,3,3,10,13,3,9,12
rat's,5,5,10,15,5,10,15
ratchet,7,4,2,6,4,2,6
ratchet's,9,6,0,6,6,0,6
ratcheted,9,5,1,6,3,1,4
ratcheting,10,5,1,6,4,1,5
ratchets,8,4,1,5,4,1,5
rate,4,4,6,10,4,5,9
rate's,6,6,5,11,6,5,11
rated,5,5,5,10,5,5,10
rates,5,4,9,13,4,9,13
rather,6,4,0,4,4,1,5
rathskeller,11,4,0,4,3,0,3
rathskeller's,13,3,0,3,3,0,3
rathskellers,12,3,0,3,3,0,3
ratification,12,4,1,5,3,1,4
ratification's,14,5,0,5,4,0,4
ratified,8,6,3,9,6,2,8
ratifies,8,4,1,5,4,1,5
ratify,6,5,4,9,5,4,9
ratifying,9,7,3,10,7,3,10
rating,6,6,5,11,6,5,11
rating's,8,8,3,11,8,2,10
ratings,7,7,5,12,7,5,12
ratio,5,4,4,8,4,4,8
ratio's,7,6,3,9,5,4,9
ration,6,4,2,6,4,2,6
ration's,8,5,1,6,6,1,7
rational,8,5,2,7,5,2,7
rational's,10,7,1,8,3,2,5
rationale,9,5,1,6,4,1,5
rationale's,11,6,0,6,4,1,5
rationales,10,6,0,6,5,0,5
rationalism,11,7,0,7,5,0,5
rationalism's,13,7,0,7,5,0,5
rationalist,11,5,0,5,5,0,5
rationalist's,13,7,0,7,5,0,5
rationalistic,13,3,0,3,5,0,5
rationalists,12,6,0,6,6,0,6
rationality,11,5,1,6,4,2,6
rationality's,13,5,0,5,5,1,6
rationalization,15,2,1,3,3,1,4
rationalization's,17,2,0,2,3,0,3
rationalizations,16,2,0,2,4,0,4
rationalize,11,5,1,6,4,1,5
rationalized,12,2,1,3,3,1,4
rationalizes,12,5,0,5,5,0,5
rationalizing,13,4,1,5,3,1,4
rationally,10,6,2,8,5,2,7
rationals,9,5,2,7,5,1,6
rationed,8,7,1,8,4,1,5
rationing,9,5,2,7,4,2,6
rations,7,5,2,7,4,3,7
ratios,6,5,5,10,5,5,10
rats,4,4,9,13,4,9,13
rattan,6,3,5,8,3,3,6
rattan's,8,5,4,9,5,2,7
rattans,7,4,2,6,4,2,6
ratted,6,5,2,7,5,2,7
rattier,7,4,3,7,4,3,7
rattiest,8,5,4,9,5,4,9
ratting,7,6,3,9,6,3,9
rattle,6,4,6,10,5,4,9
rattle's,8,7,3,10,6,3,9
rattled,7,5,4,9,6,2,8
rattler,7,4,3,7,5,2,7
rattler's,9,6,2,8,7,1,8
rattlers,8,5,2,7,6,0,6
rattles,7,5,4,9,6,4,10
rattlesnake,11,4,0,4,4,0,4
rattlesnake's,13,3,0,3,4,0,4
rattlesnakes,12,3,1,4,4,0,4
rattletrap,10,2,2,4,2,2,4
rattletrap's,12,3,0,3,4,0,4
rattletraps,11,3,2,5,3,0,3
rattling,8,6,6,12,7,4,11
rattlings,9,6,3,9,4,3,7
rattrap,7,2,3,5,2,3,5
rattrap's,9,4,2,6,4,2,6
rattraps,8,3,2,5,3,2,5
ratty,5,3,4,7,3,4,7
raucous,7,4,3,7,5,2,7
raucously,9,5,0,5,3,1,4
raucousness,11,4,0,4,3,0,3
raucousness's,13,5,0,5,3,0,3
raunchier,9,4,2,6,3,2,5
raunchiest,10,9,1,10,9,1,10
raunchiness,11,3,0,3,3,0,3
raunchiness's,13,2,0,2,3,0,3
raunchy,7,6,5,11,5,3,8
ravage,6,3,1,4,3,1,4
ravage's,8,5,2,7,5,2,7
ravaged,7,4,2,6,4,2,6
ravages,7,4,2,6,4,2,6
ravaging,8,4,2,6,4,3,7
rave,4,4,7,11,4,6,10
rave's,6,5,6,11,5,6,11
raved,5,5,6,11,5,6,11
ravel,5,4,2,6,4,2,6
ravel's,7,6,0,6,7,1,8
raveled,7,6,1,7,6,0,6
raveling,8,7,1,8,7,1,8
ravelled,8,5,3,8,5,3,8
ravelling,9,6,2,8,5,2,7
ravels,6,5,2,7,5,3,8
raven,5,5,3,8,5,3,8
raven's,7,5,3,8,6,2,8
ravened,7,5,2,7,5,1,6
ravening,8,6,1,7,6,1,7
ravenous,8,4,1,5,4,1,5
ravenously,10,2,0,2,5,0,5
ravens,6,5,2,7,5,2,7
raves,5,5,6,11,5,5,10
ravine,6,5,2,7,5,3,8
ravine's,8,7,2,9,7,2,9
ravines,7,5,1,6,5,1,6
raving,6,6,6,12,6,6,12
raving's,8,7,4,11,7,3,10
ravings,7,6,6,12,6,6,12
ravioli,7,3,2,5,3,3,6
ravioli's,9,5,2,7,5,2,7
raviolis,8,4,2,6,4,2,6
ravish,6,5,3,8,5,3,8
ravished,8,4,0,4,4,0,4
ravishes,8,6,2,8,6,1,7
ravishing,9,7,2,9,7,2,9
ravishingly,11,2,1,3,2,1,3
ravishment,10,5,0,5,4,0,4
ravishment's,12,4,0,4,4,0,4
raw,3,3,10,13,2,8,10
raw's,5,4,11,15,4,12,16
rawboned,8,6,2,8,4,2,6
rawer,5,3,5,8,3,5,8
rawest,6,5,1,6,5,1,6
rawhide,7,4,4,8,4,4,8
rawhide's,9,6,3,9,6,3,9
rawness,7,5,1,6,5,1,6
rawness's,9,6,1,7,6,1,7
ray,3,3,6,9,3,7,10
ray's,5,5,6,11,5,6,11
rayon,5,4,2,6,4,2,6
rayon's,7,6,3,9,6,3,9
rays,4,4,10,14,4,11,15
raze,4,3,8,11,3,7,10
razed,5,4,7,11,4,7,11
razes,5,4,7,11,4,6,10
razing,6,5,7,12,5,7,12
razor,5,3,4,7,3,4,7
razor's,7,4,1,5,4,1,5
razors,6,4,2,6,4,2,6
razz,4,2,8,10,3,6,9
razz's,6,4,7,11,5,3,8
razzed,6,4,7,11,4,7,11
razzes,6,4,4,8,5,2,7
razzing,7,5,7,12,6,6,12
re,2,2,11,13,2,11,13
re's,4,3,9,12,3,8,11
reach,5,5,1,6,5,1,6
reach's,7,6,3,9,6,0,6
reachable,9,7,1,8,3,1,4
reached,7,6,1,7,6,1,7
reaches,7,4,1,5,4,3,7
reaching,8,8,1,9,8,1,9
react,5,4,2,6,4,2,6
reacted,7,5,2,7,5,2,7
reacting,8,7,2,9,7,2,9
reaction,8,6,1,7,5,1,6
reaction's,10,6,0,6,6,0,6
reactionaries,13,4,0,4,3,0,3
reactionary,11,2,1,3,3,2,5
reactionary's,13,4,0,4,4,0,4
reactions,9,7,1,8,6,1,7
reactivate,10,6,2,8,6,2,8
reactivated,11,7,1,8,4,1,5
reactivates,11,7,1,8,7,1,8
reactivating,12,8,2,10,8,2,10
reactivation,12,4,1,5,3,1,4
reactivation's,14,5,0,5,4,0,4
reactive,8,4,2,6,4,3,7
reactor,7,5,3,8,5,3,8
reactor's,9,7,2,9,7,1,8
reactors,8,7,1,8,7,1,8
reacts,6,5,1,6,5,1,6
read,4,4,1,5,4,2,6
read's,6,6,1,7,6,1,7
readabilities,13,6,0,6,3,0,3
readability,11,3,2,5,3,2,5
readability's,13,6,0,6,3,1,4
readable,8,3,1,4,4,1,5
reader,6,4,0,4,4,0,4
reader's,8,6,0,6,6,0,6
readers,7,5,0,5,5,0,5
readership,10,6,0,6,3,0,3
readership's,12,7,0,7,3,0,3
readerships,11,3,0,3,3,0,3
readied,7,2,1,3,2,0,2
readier,7,3,1,4,3,0,3
readies,7,5,0,5,3,0,3
readiest,8,6,2,8,6,2,8
readily,7,5,2,7,5,2,7
readiness,9,3,0,3,3,0,3
readiness's,11,6,0,6,6,0,6
reading,7,7,2,9,7,2,9
reading's,9,8,2,10,7,0,7
readings,8,6,1,7,6,1,7
readjust,8,2,2,4,4,1,5
readjusted,10,4,1,5,3,0,3
readjusting,11,5,0,5,3,0,3
readjustment,12,2,0,2,2,0,2
readjustment's,14,2,0,2,2,0,2
readjustments,13,2,0,2,2,0,2
readjusts,9,3,2,5,3,2,5
readmit,7,4,1,5,5,2,7
readmits,8,6,1,7,6,1,7
readmitted,10,2,1,3,2,1,3
readmitting,11,4,1,5,4,1,5
readout,7,3,3,6,4,3,7
readout's,9,5,2,7,6,1,7
readouts,8,5,2,7,5,2,7
reads,5,5,1,6,5,1,6
ready,5,4,2,6,4,2,6
readying,8,6,2,8,6,2,8
reaffirm,8,4,2,6,3,2,5
reaffirmed,10,4,1,5,4,1,5
reaffirming,11,4,2,6,3,2,5
reaffirms,9,4,3,7,4,3,7
reagent,7,4,1,5,3,2,5
reagent's,9,5,0,5,5,1,6
reagents,8,4,2,6,4,1,5
real,4,4,5,9,4,6,10
real's,6,6,4,10,6,4,10
realer,6,4,1,5,4,1,5
reales,6,4,1,5,4,1,5
realest,7,5,2,7,5,2,7
realign,7,4,1,5,3,1,4
realism,7,7,0,7,7,0,7
realism's,9,5,2,7,3,1,4
realist,7,6,1,7,6,1,7
realist's,9,6,1,7,4,0,4
realistic,9,6,0,6,4,0,4
realistically,13,5,0,5,3,0,3
realists,8,4,2,6,4,1,5
realities,9,3,1,4,5,0,5
reality,7,5,2,7,4,3,7
reality's,9,5,1,6,5,1,6
realizable,10,2,1,3,2,1,3
realization,11,6,1,7,5,1,6
realization's,13,8,0,8,6,0,6
realize,7,5,1,6,5,1,6
realized,8,5,2,7,5,1,6
realizes,8,6,0,6,6,0,6
realizing,9,6,1,7,6,1,7
reallocate,10,4,1,5,3,1,4
reallocated,11,2,2,4,4,1,5
reallocates,11,3,1,4,4,1,5
reallocating,12,5,1,6,5,1,6
reallocation,12,4,1,5,4,1,5
really,6,5,1,6,4,1,5
realm,5,3,3,6,3,3,6
realm's,7,5,1,6,5,1,6
realms,6,4,2,6,4,2,6
reals,5,5,2,7,5,2,7
realtor,7,6,2,8,6,2,8
realtor's,9,8,1,9,8,0,8
realtors,8,6,2,8,6,2,8
realty,6,5,1,6,4,1,5
realty's,8,5,0,5,6,1,7
ream,4,4,2,6,4,3,7
ream's,6,5,2,7,5,2,7
reamed,6,5,0,5,5,2,7
reamer,6,4,2,6,4,2,6
reamer's,8,6,1,7,6,1,7
reamers,7,5,1,6,5,1,6
reaming,7,7,3,10,7,3,10
reams,5,5,3,8,5,3,8
reanimate,9,2,1,3,3,1,4
reanimated,10,6,1,7,5,1,6
reanimates,10,6,0,6,5,0,5
reanimating,11,5,1,6,4,1,5
reap,4,3,3,6,3,4,7
reaped,6,4,1,5,4,3,7
reaper,6,3,3,6,3,3,6
reaper's,8,5,2,7,5,2,7
reapers,7,4,2,6,4,2,6
reaping,7,6,4,10,6,4,10
reappear,8,2,1,3,2,1,3
reappearance,12,1,2,3,1,2,3
reappearance's,14,2,1,3,2,1,3
reappearances,13,2,1,3,2,0,2
reappeared,10,2,1,3,2,1,3
reappearing,11,5,1,6,3,2,5
reappears,9,3,2,5,3,0,3
reapplied,9,4,2,6,4,2,6
reapplies,9,4,0,4,4,0,4
reapply,7,4,4,8,4,3,7
reapplying,10,6,1,7,6,1,7
reappoint,9,3,2,5,3,2,5
reappointed,11,3,1,4,3,1,4
reappointing,12,5,1,6,3,1,4
reappointment,13,2,1,3,2,1,3
reappointment's,15,3,0,3,3,0,3
reappoints,10,5,1,6,4,2,6
reapportion,11,4,1,5,4,1,5
reapportioned,13,2,1,3,2,1,3
reapportioning,14,2,1,3,2,1,3
reapportionment,15,2,1,3,2,1,3
reapportionment's,17,2,0,2,2,0,2
reapportions,12,4,0,4,4,0,4
reappraisal,11,2,1,3,2,1,3
reappraisal's,13,3,0,3,3,0,3
reappraisals,12,3,1,4,3,0,3
reappraise,10,2,1,3,2,1,3
reappraised,11,3,1,4,3,1,4
reappraises,11,4,0,4,4,0,4
reappraising,12,3,0,3,3,0,3
reaps,5,4,4,8,4,4,8
rear,4,3,1,4,2,2,4
rear's,6,5,1,6,5,1,6
reared,6,3,0,3,3,2,5
rearing,7,5,2,7,5,2,7
rearm,5,3,1,4,3,1,4
rearmament,10,4,1,5,4,1,5
rearmament's,12,5,0,5,5,0,5
rearmed,7,4,1,5,4,0,4
rearming,8,6,1,7,6,1,7
rearmost,8,4,1,5,4,1,5
rearms,6,4,1,5,4,1,5
rearrange,9,2,2,4,2,1,3
rearranged,10,3,1,4,3,1,4
rearrangement,13,1,2,3,1,2,3
rearrangement's,15,3,0,3,2,1,3
rearrangements,14,3,0,3,2,1,3
rearranges,10,3,0,3,4,1,5
rearranging,11,4,1,5,4,1,5
rears,5,4,1,5,4,1,5
rearward,8,3,2,5,3,2,5
rearwards,9,4,2,6,4,2,6
reason,6,3,1,4,3,1,4
reason's,8,3,1,4,3,1,4
reasonable,10,6,0,6,4,0,4
reasonableness,14,2,0,2,2,0,2
reasonableness's,16,2,0,2,2,0,2
reasonably,10,3,0,3,3,0,3
reasoned,8,3,0,3,3,0,3
reasoning,9,3,0,3,3,0,3
reasoning's,11,4,0,4,3,0,3
reasons,7,3,1,4,4,1,5
reassemble,10,2,0,2,2,0,2
reassembled,11,2,0,2,2,0,2
reassembles,11,2,0,2,2,0,2
reassembling,12,2,0,2,2,0,2
reassert,8,2,2,4,3,0,3
reasserted,10,2,0,2,2,0,2
reasserting,11,2,0,2,2,0,2
reasserts,9,2,1,3,2,0,2
reassess,8,1,0,1,1,0,1
reassessed,10,1,0,1,1,0,1
reassesses,10,1,0,1,1,0,1
reassessing,11,1,0,1,1,0,1
reassessment,12,1,0,1,1,0,1
reassessment's,14,1,0,1,1,0,1
reassessments,13,1,0,1,1,0,1
reassign,8,3,0,3,3,0,3
reassigned,10,2,0,2,2,0,2
reassigning,11,2,0,2,2,0,2
reassigns,9,3,0,3,2,0,2
reassurance,11,2,0,2,2,0,2
reassurance's,13,3,0,3,2,0,2
reassurances,12,2,0,2,2,0,2
reassure,8,3,1,4,3,0,3
reassured,9,2,0,2,2,0,2
reassures,9,2,1,3,2,0,2
reassuring,10,2,0,2,2,0,2
reassuringly,12,2,0,2,2,0,2
reawaken,8,2,2,4,2,2,4
reawakened,10,3,1,4,3,2,5
reawakening,11,4,1,5,3,1,4
reawakens,9,3,1,4,3,1,4
rebate,6,5,2,7,5,1,6
rebate's,8,6,2,8,6,1,7
rebated,7,5,2,7,5,2,7
rebates,7,6,1,7,6,1,7
rebating,8,8,1,9,8,1,9
rebel,5,4,1,5,4,1,5
rebel's,7,6,0,6,6,0,6
rebelled,8,5,1,6,5,1,6
rebelling,9,7,1,8,7,1,8
rebellion,9,4,2,6,2,2,4
rebellion's,11,3,1,4,3,1,4
rebellions,10,8,2,10,8,0,8
rebellious,10,7,3,10,7,1,8
rebelliously,12,5,0,5,4,0,4
rebelliousness,14,6,0,6,2,0,2
rebelliousness's,16,3,0,3,2,0,2
rebels,6,5,0,5,5,0,5
rebind,6,6,3,9,6,3,9
rebinding,9,7,1,8,7,1,8
rebinds,7,7,1,8,7,1,8
rebirth,7,4,3,7,2,2,4
rebirth's,9,4,3,7,4,0,4
rebirths,8,3,1,4,3,1,4
reborn,6,4,3,7,4,3,7
rebound,7,7,3,10,7,3,10
rebound's,9,6,3,9,6,2,8
rebounded,9,4,1,5,3,1,4
rebounding,10,8,1,9,8,1,9
rebounds,8,7,2,9,7,2,9
rebroadcast,11,3,1,4,2,1,3
rebroadcast's,13,3,1,4,2,1,3
rebroadcasted,13,2,0,2,2,1,3
rebroadcasting,14,4,0,4,2,0,2
rebroadcasts,12,3,1,4,3,1,4
rebuff,6,4,4,8,4,4,8
rebuff's,8,5,3,8,5,2,7
rebuffed,8,6,4,10,3,5,8
rebuffing,9,8,3,11,8,3,11
rebuffs,7,4,3,7,4,3,7
rebuild,7,5,2,7,7,3,10
rebuilding,10,4,2,6,3,2,5
rebuilds,8,5,3,8,5,3,8
rebuilt,7,4,3,7,6,4,10
rebuke,6,4,3,7,4,3,7
rebuke's,8,6,3,9,5,4,9
rebuked,7,5,4,9,5,3,8
rebukes,7,5,3,8,5,4,9
rebuking,8,7,3,10,7,3,10
rebus,5,4,5,9,4,5,9
rebus's,7,5,4,9,5,4,9
rebuses,7,4,3,7,5,2,7
rebut,5,3,3,6,3,3,6
rebuts,6,4,4,8,3,3,6
rebuttal,8,3,2,5,3,2,5
rebuttal's,10,6,0,6,6,0,6
rebuttals,9,4,2,6,4,2,6
rebutted,8,5,5,10,4,3,7
rebutting,9,7,4,11,7,4,11
recalcitrance,13,2,1,3,2,1,3
recalcitrance's,15,3,0,3,3,0,3
recalcitrant,12,2,1,3,2,1,3
recall,6,5,2,7,5,2,7
recall's,8,6,0,6,6,1,7
recalled,8,6,2,8,5,1,6
recalling,9,6,1,7,6,1,7
recalls,7,5,2,7,5,2,7
recant,6,4,3,7,4,3,7
recantation,11,4,1,5,4,1,5
recantation's,13,4,0,4,5,0,5
recantations,12,4,0,4,6,0,6
recanted,8,6,3,9,5,2,7
recanting,9,4,2,6,4,2,6
recants,7,5,2,7,5,2,7
recap,5,4,3,7,4,2,6
recap's,7,6,2,8,6,0,6
recapitulate,12,2,2,4,2,1,3
recapitulated,13,2,1,3,2,1,3
recapitulates,13,3,0,3,3,0,3
recapitulating,14,2,1,3,2,1,3
recapitulation,14,2,1,3,2,1,3
recapitulation's,16,5,0,5,3,0,3
recapitulations,15,3,0,3,2,0,2
recapped,8,5,4,9,5,4,9
recapping,9,6,2,8,6,2,8
recaps,6,5,2,7,5,1,6
recapture,9,3,2,5,2,1,3
recapture's,11,5,1,6,3,0,3
recaptured,10,3,1,4,3,1,4
recaptures,10,3,0,3,4,2,6
recapturing,11,5,1,6,4,1,5
recast,6,6,0,6,6,1,7
recast's,8,7,1,8,7,0,7
recasting,9,8,0,8,7,1,8
recasts,7,3,2,5,3,2,5
recede,6,3,0,3,3,0,3
receded,7,2,1,3,3,0,3
recedes,7,4,1,5,3,0,3
receding,8,6,1,7,6,1,7
receipt,7,3,1,4,3,1,4
receipt's,9,5,0,5,5,0,5
receipted,9,5,1,6,5,1,6
receipting,10,4,1,5,4,1,5
receipts,8,3,2,5,4,1,5
receivable,10,5,2,7,4,1,5
receive,7,3,1,4,3,0,3
received,8,4,3,7,4,3,7
receiver,8,4,2,6,4,2,6
receiver's,10,5,0,5,5,0,5
receivers,9,4,0,4,4,0,4
receivership,12,2,0,2,2,0,2
receivership's,14,3,0,3,2,0,2
receives,8,4,0,4,4,0,4
receiving,9,6,2,8,6,2,8
recent,6,5,1,6,5,1,6
recenter,8,3,3,6,3,3,6
recentest,9,2,0,2,2,0,2
recently,8,3,1,4,3,1,4
receptacle,10,3,2,5,4,1,5
receptacle's,12,3,0,3,4,0,4
receptacles,11,4,0,4,4,0,4
reception,9,7,2,9,7,2,9
reception's,11,9,1,10,9,1,10
receptionist,12,4,0,4,4,0,4
receptionist's,14,4,0,4,3,0,3
receptionists,13,4,0,4,4,0,4
receptions,10,8,2,10,4,1,5
receptive,9,4,1,5,2,2,4
receptively,11,8,2,10,8,2,10
receptiveness,13,8,1,9,8,1,9
receptiveness's,15,9,1,10,9,1,10
receptivity,11,2,3,5,3,1,4
receptivity's,13,4,0,4,3,0,3
receptor,8,2,1,3,2,1,3
receptor's,10,4,0,4,3,0,3
receptors,9,3,0,3,3,0,3
recess,6,3,0,3,2,0,2
recess's,8,2,0,2,2,0,2
recessed,8,2,0,2,2,0,2
recesses,8,2,0,2,2,0,2
recessing,9,5,0,5,4,0,4
recession,9,4,0,4,4,0,4
recession's,11,6,0,6,3,0,3
recessional,11,4,0,4,3,0,3
recessional's,13,2,1,3,2,0,2
recessionals,12,2,0,2,2,0,2
recessions,10,4,0,4,3,0,3
recessive,9,3,1,4,3,0,3
recessive's,11,5,0,5,2,0,2
recessives,10,4,0,4,3,0,3
recharge,8,3,2,5,3,1,4
recharge's,10,4,1,5,4,1,5
rechargeable,12,1,2,3,1,2,3
recharged,9,3,1,4,3,1,4
recharges,9,4,1,5,4,1,5
recharging,10,4,1,5,4,1,5
recheck,7,3,2,5,3,1,4
recheck's,9,5,1,6,5,0,5
rechecked,9,4,1,5,4,1,5
rechecking,10,6,1,7,4,1,5
rechecks,8,4,1,5,4,1,5
recherché,9,2,2,4,2,2,4
recidivism,10,4,1,5,3,1,4
recidivism's,12,9,0,9,9,0,9
recidivist,10,3,0,3,3,0,3
recidivist's,12,8,1,9,8,1,9
recidivists,11,2,0,2,2,0,2
recipe,6,5,2,7,5,2,7
recipe's,8,6,2,8,6,3,9
recipes,7,6,1,7,5,4,9
recipient,9,5,1,6,4,2,6
recipient's,11,6,0,6,4,0,4
recipients,10,6,0,6,5,0,5
reciprocal,10,3,1,4,3,1,4
reciprocal's,12,5,0,5,4,0,4
reciprocally,12,4,1,5,3,1,4
reciprocals,11,3,1,4,3,1,4
reciprocate,11,2,1,3,2,1,3
reciprocated,12,2,1,3,2,1,3
reciprocates,12,5,0,5,3,0,3
reciprocating,13,3,1,4,5,1,6
reciprocation,13,2,1,3,5,1,6
reciprocation's,15,3,0,3,3,0,3
reciprocity,11,2,2,4,3,2,5
reciprocity's,13,3,0,3,4,0,4
recital,7,5,3,8,4,3,7
recital's,9,8,0,8,6,1,7
recitals,8,7,1,8,5,2,7
recitation,10,6,3,9,6,3,9
recitation's,12,8,2,10,8,2,10
recitations,11,7,1,8,7,1,8
recitative,10,5,2,7,5,2,7
recitative's,12,4,0,4,4,0,4
recitatives,11,4,0,4,4,0,4
recite,6,4,3,7,4,3,7
recited,7,5,3,8,4,2,6
recites,7,5,2,7,5,3,8
reciting,8,6,2,8,6,2,8
reckless,8,4,1,5,3,3,6
recklessly,10,5,0,5,4,0,4
recklessness,12,5,0,5,4,0,4
recklessness's,14,6,0,6,4,0,4
reckon,6,5,3,8,5,3,8
reckoned,8,4,3,7,4,3,7
reckoning,9,7,2,9,7,2,9
reckoning's,11,5,0,5,4,0,4
reckonings,10,4,2,6,4,1,5
reckons,7,4,2,6,4,2,6
reclaim,7,4,1,5,3,2,5
reclaimed,9,4,2,6,4,2,6
reclaiming,10,5,1,6,5,1,6
reclaims,8,5,1,6,5,1,6
reclamation,11,9,2,11,3,2,5
reclamation's,13,11,1,12,4,1,5
reclassified,12,8,0,8,4,0,4
reclassifies,12,7,1,8,7,1,8
reclassify,10,8,1,9,8,1,9
reclassifying,13,10,1,11,10,1,11
recline,7,4,2,6,4,2,6
reclined,8,6,2,8,4,2,6
recliner,8,5,2,7,3,2,5
recliner's,10,7,0,7,6,0,6
recliners,9,6,1,7,5,0,5
reclines,8,5,1,6,5,1,6
reclining,9,6,2,8,6,2,8
recluse,7,4,0,4,4,1,5
recluse's,9,5,1,6,4,0,4
recluses,8,4,0,4,4,0,4
reclusive,9,6,0,6,5,0,5
recognition,11,3,1,4,3,1,4
recognition's,13,6,0,6,4,0,4
recognizable,12,4,1,5,4,1,5
recognizably,12,4,1,5,4,1,5
recognizance,12,4,1,5,4,1,5
recognizance's,14,3,1,4,3,0,3
recognize,9,6,2,8,6,2,8
recognized,10,7,1,8,7,1,8
recognizer,10,2,2,4,2,2,4
recognizes,10,6,0,6,6,1,7
recognizing,11,3,1,4,4,1,5
recoil,6,4,3,7,4,3,7
recoil's,8,5,1,6,7,1,8
recoiled,8,6,2,8,5,1,6
recoiling,9,7,1,8,7,1,8
recoils,7,5,2,7,5,2,7
recollect,9,2,2,4,5,1,6
recollected,11,7,2,9,5,1,6
recollecting,12,5,1,6,4,1,5
recollection,12,5,1,6,3,2,5
recollection's,14,6,0,6,4,0,4
recollections,13,5,0,5,3,0,3
recollects,10,7,0,7,6,0,6
recombination,13,4,1,5,4,1,5
recombine,9,6,2,8,6,2,8
recombined,10,7,1,8,7,1,8
recombines,10,6,0,6,4,0,4
recombining,11,4,1,5,3,1,4
recommence,10,4,1,5,4,1,5
recommenced,11,2,2,4,2,1,3
recommences,11,3,0,3,3,0,3
recommencing,12,5,1,6,7,1,8
recommend,9,2,2,4,5,1,6
recommendation,14,2,1,3,2,1,3
recommendation's,16,3,0,3,3,0,3
recommendations,15,4,0,4,4,0,4
recommended,11,2,2,4,2,1,3
recommending,12,5,1,6,7,1,8
recommends,10,5,1,6,4,1,5
recompense,10,3,1,4,2,1,3
recompense's,12,4,1,5,2,1,3
recompensed,11,3,0,3,2,1,3
recompenses,11,2,1,3,2,1,3
recompensing,12,3,0,3,3,0,3
recompilation,13,4,1,5,5,1,6
recompile,9,5,3,8,5,3,8
recompiled,10,6,2,8,6,2,8
recompiling,11,4,1,5,4,1,5
reconcilable,12,4,1,5,4,1,5
reconcile,9,4,2,6,3,2,5
reconciled,10,5,1,6,5,1,6
reconciles,10,5,0,5,4,0,4
reconciliation,14,2,1,3,2,1,3
reconciliation's,16,2,0,2,2,0,2
reconciliations,15,4,0,4,2,0,2
reconciling,11,2,1,3,3,1,4
recondite,9,6,2,8,6,2,8
recondition,11,2,1,3,3,1,4
reconditioned,13,4,1,5,2,1,3
reconditioning,14,2,1,3,2,1,3
reconditions,12,3,1,4,3,1,4
reconfiguration,15,1,1,2,1,1,2
reconfigure,11,3,1,4,2,1,3
reconfigured,12,2,2,4,2,2,4
reconnaissance,14,1,0,1,1,0,1
reconnaissance's,16,2,0,2,2,0,2
reconnaissances,15,2,0,2,2,0,2
reconnect,9,2,1,3,4,2,6
reconnected,11,6,3,9,4,2,6
reconnecting,12,2,1,3,2,1,3
reconnects,10,6,1,7,5,1,6
reconnoiter,11,2,2,4,2,1,3
reconnoitered,13,2,2,4,2,2,4
reconnoitering,14,2,1,3,1,2,3
reconnoiters,12,3,0,3,3,0,3
reconquer,9,4,2,6,3,3,6
reconquered,11,1,2,3,2,1,3
reconquering,12,5,1,6,3,1,4
reconquers,10,4,1,5,3,2,5
reconsider,10,4,0,4,2,1,3
reconsideration,15,2,0,2,2,0,2
reconsideration's,17,2,0,2,2,0,2
reconsidered,12,2,0,2,2,0,2
reconsidering,13,2,0,2,2,0,2
reconsiders,11,3,0,3,3,0,3
reconstitute,12,5,0,5,3,0,3
reconstituted,13,3,0,3,3,0,3
reconstitutes,13,3,0,3,3,0,3
reconstituting,14,3,0,3,3,0,3
reconstruct,11,3,0,3,3,0,3
reconstructed,13,2,1,3,2,1,3
reconstructing,14,3,0,3,3,0,3
reconstruction,14,8,0,8,6,0,6
reconstruction's,16,3,0,3,7,0,7
reconstructions,15,8,0,8,7,0,7
reconstructs,12,3,0,3,3,0,3
reconvene,9,2,1,3,2,1,3
reconvened,10,3,1,4,3,1,4
reconvenes,10,3,0,3,3,0,3
reconvening,11,2,1,3,2,1,3
recopied,8,4,1,5,6,3,9
recopies,8,4,0,4,4,0,4
recopy,6,5,2,7,5,2,7
recopying,9,6,2,8,6,2,8
record,6,5,1,6,5,2,7
record's,8,6,1,7,6,2,8
recorded,8,5,2,7,5,2,7
recorder,8,3,1,4,3,1,4
recorder's,10,6,0,6,6,0,6
recorders,9,5,1,6,5,0,5
recording,9,8,1,9,8,2,10
recording's,11,6,0,6,5,0,5
recordings,10,5,2,7,4,1,5
records,7,6,1,7,6,2,8
recount,7,7,4,11,7,3,10
recount's,9,9,2,11,9,1,10
recounted,9,8,1,9,8,1,9
recounting,10,9,2,11,9,2,11
recounts,8,8,3,11,8,3,11
recoup,6,5,2,7,5,2,7
recouped,8,5,4,9,6,3,9
recouping,9,7,2,9,7,2,9
recoups,7,6,3,9,6,3,9
recourse,8,3,0,3,3,0,3
recourse's,10,4,1,5,3,0,3
recover,7,5,2,7,5,2,7
recoverable,11,1,2,3,2,1,3
recovered,9,2,1,3,2,1,3
recoveries,10,4,0,4,4,0,4
recovering,10,3,1,4,2,1,3
recovers,8,6,1,7,6,1,7
recovery,8,4,1,5,4,1,5
recovery's,10,4,2,6,4,2,6
recreant,8,3,1,4,3,1,4
recreant's,10,4,0,4,3,0,3
recreants,9,3,1,4,4,0,4
recreate,8,3,1,4,2,1,3
recreated,9,4,1,5,4,1,5
recreates,9,3,0,3,3,0,3
recreating,10,6,1,7,4,1,5
recreation,10,3,1,4,3,1,4
recreation's,12,4,0,4,4,0,4
recreational,12,2,1,3,2,1,3
recreations,11,4,0,4,4,0,4
recriminate,11,4,1,5,3,1,4
recriminated,12,3,1,4,3,1,4
recriminates,12,5,0,5,4,0,4
recriminating,13,2,1,3,3,1,4
recrimination,13,2,1,3,3,1,4
recrimination's,15,4,0,4,5,0,5
recriminations,14,6,0,6,4,0,4
recrudescence,13,3,0,3,2,0,2
recrudescence's,15,3,0,3,2,0,2
recruit,7,3,3,6,4,2,6
recruit's,9,5,2,7,6,0,6
recruited,9,5,1,6,5,1,6
recruiter,9,2,2,4,2,2,4
recruiter's,11,3,0,3,3,0,3
recruiters,10,3,1,4,3,1,4
recruiting,10,5,1,6,5,1,6
recruitment,11,2,2,4,2,1,3
recruitment's,13,3,0,3,3,0,3
recruits,8,5,1,6,5,1,6
recta,5,3,3,6,3,2,5
rectal,6,6,1,7,6,1,7
rectangle,9,4,2,6,3,1,4
rectangle's,11,5,0,5,4,0,4
rectangles,10,4,1,5,4,1,5
rectangular,11,2,2,4,2,2,4
rectifiable,11,4,1,5,4,1,5
rectification,13,7,1,8,4,1,5
rectification's,15,10,0,10,6,0,6
rectifications,14,3,0,3,5,0,5
rectified,9,4,1,5,4,1,5
rectifier,9,3,3,6,4,2,6
rectifier's,11,4,0,4,4,0,4
rectifiers,10,3,2,5,4,1,5
rectifies,9,6,0,6,5,0,5
rectify,7,3,3,6,2,5,7
rectifying,10,8,1,9,8,1,9
rectilinear,11,3,1,4,2,1,3
rectitude,9,3,2,5,4,2,6
rectitude's,11,5,1,6,4,0,4
rector,6,3,1,4,3,1,4
rector's,8,5,0,5,5,1,6
rectories,9,4,0,4,4,0,4
rectors,7,4,1,5,4,1,5
rectory,7,3,4,7,2,3,5
rectory's,9,5,3,8,4,1,5
rectum,6,3,4,7,3,4,7
rectum's,8,5,3,8,5,2,7
rectums,7,5,4,9,5,4,9
recumbent,9,6,2,8,5,1,6
recuperate,10,6,1,7,6,1,7
recuperated,11,7,2,9,7,1,8
recuperates,11,7,0,7,7,0,7
recuperating,12,5,1,6,4,1,5
recuperation,12,6,1,7,4,1,5
recuperation's,14,7,0,7,5,0,5
recuperative,12,3,2,5,2,2,4
recur,5,2,3,5,2,2,4
recurred,8,3,1,4,3,1,4
recurrence,10,4,1,5,3,1,4
recurrence's,12,5,0,5,4,0,4
recurrences,11,3,0,3,3,0,3
recurrent,9,4,1,5,2,1,3
recurring,9,5,1,6,5,1,6
recurs,6,4,4,8,3,1,4
recursion,9,4,0,4,4,0,4
recursive,9,4,0,4,4,0,4
recursively,11,4,0,4,3,0,3
recyclable,10,4,1,5,3,1,4
recyclable's,12,4,0,4,4,0,4
recyclables,11,4,1,5,4,1,5
recycle,7,3,2,5,3,1,4
recycle's,9,6,1,7,4,1,5
recycled,8,3,5,8,5,1,6
recycles,8,4,1,5,4,1,5
recycling,9,7,1,8,7,1,8
recycling's,11,6,0,6,5,0,5
red,3,3,5,8,3,5,8
red's,5,5,1,6,5,1,6
redbreast,9,2,0,2,2,0,2
redbreast's,11,3,1,4,2,0,2
redbreasts,10,2,1,3,2,0,2
redcap,6,3,2,5,3,2,5
redcap's,8,6,0,6,5,3,8
redcaps,7,5,4,9,4,4,8
redcoat,7,4,2,6,3,3,6
redcoat's,9,5,1,6,5,1,6
redcoats,8,4,2,6,4,2,6
redden,6,3,0,3,3,0,3
reddened,8,2,1,3,2,1,3
reddening,9,6,2,8,5,1,6
reddens,7,5,0,5,4,0,4
redder,6,3,1,4,3,0,3
reddest,7,4,1,5,4,0,4
reddish,7,4,1,5,4,1,5
redecorate,10,4,1,5,2,1,3
redecorated,11,4,2,6,2,1,3
redecorates,11,3,0,3,3,0,3
redecorating,12,5,1,6,4,1,5
rededicate,10,4,1,5,3,1,4
rededicated,11,3,1,4,2,1,3
rededicates,11,4,0,4,4,0,4
rededicating,12,6,1,7,6,1,7
redeem,6,2,1,3,2,1,3
redeemable,10,1,1,2,1,1,2
redeemed,8,2,1,3,2,1,3
redeemer,8,2,1,3,2,1,3
redeemer's,10,2,0,2,2,0,2
redeemers,9,2,0,2,2,0,2
redeeming,9,2,1,3,2,1,3
redeems,7,3,1,4,3,1,4
redefine,8,3,1,4,3,2,5
redefined,9,3,2,5,3,2,5
redefines,9,4,0,4,4,0,4
redefining,10,4,1,5,3,1,4
redefinition,12,2,1,3,2,1,3
redemption,10,5,2,7,5,2,7
redemption's,12,7,1,8,7,1,8
redeploy,8,3,2,5,3,2,5
redeployed,10,3,1,4,3,1,4
redeploying,11,4,2,6,4,1,5
redeployment,12,1,2,3,1,2,3
redeployment's,14,3,0,3,2,1,3
redeploys,9,3,1,4,3,1,4
redesign,8,3,1,4,3,1,4
redesigned,10,3,0,3,3,0,3
redesigning,11,3,0,3,2,1,3
redesigns,9,3,0,3,2,1,3
redevelop,9,2,1,3,2,1,3
redeveloped,11,2,2,4,2,1,3
redeveloping,12,5,1,6,5,1,6
redevelopment,13,1,2,3,1,2,3
redevelopment's,15,5,0,5,2,1,3
redevelopments,14,5,0,5,2,1,3
redevelops,10,2,1,3,3,0,3
redhead,7,2,3,5,3,2,5
redhead's,9,4,2,6,5,1,6
redheaded,9,2,1,3,2,1,3
redheads,8,4,2,6,3,3,6
redid,5,4,3,7,4,2,6
redirect,8,2,1,3,2,1,3
redirected,10,2,1,3,2,1,3
redirecting,11,5,1,6,3,2,5
redirection,11,5,1,6,2,1,3
redirects,9,5,2,7,3,0,3
rediscover,10,3,0,3,3,0,3
rediscovered,12,5,1,6,3,0,3
rediscovering,13,4,0,4,2,0,2
rediscovers,11,2,1,3,3,0,3
rediscovery,11,2,0,2,2,0,2
rediscovery's,13,3,1,4,2,0,2
redistribute,12,3,0,3,4,0,4
redistributed,13,5,1,6,3,0,3
redistributes,13,2,1,3,2,0,2
redistributing,14,3,0,3,9,0,9
redistribution,14,3,0,3,9,0,9
redistribution's,16,2,0,2,2,0,2
redistributor,13,5,1,6,3,0,3
redistributors,14,3,0,3,2,0,2
redistrict,10,5,0,5,3,0,3
redistricted,12,3,0,3,4,0,4
redistricting,13,4,0,4,2,0,2
redistricts,11,3,0,3,5,0,5
redneck,7,3,2,5,4,1,5
redneck's,9,5,1,6,5,0,5
rednecks,8,5,1,6,4,0,4
redness,7,3,0,3,3,0,3
redness's,9,4,0,4,3,0,3
redo,4,3,4,7,3,4,7
redoes,6,3,0,3,3,1,4
redoing,7,6,3,9,5,5,10
redolence,9,3,1,4,3,1,4
redolence's,11,5,0,5,4,0,4
redolent,8,5,1,6,5,1,6
redone,6,4,4,8,4,4,8
redouble,8,3,4,7,4,4,8
redoubled,9,3,2,5,3,2,5
redoubles,9,4,3,7,6,3,9
redoubling,10,6,1,7,6,1,7
redoubt,7,5,4,9,5,3,8
redoubt's,9,7,3,10,7,2,9
redoubtable,11,3,2,5,4,1,5
redoubts,8,5,3,8,5,3,8
redound,7,6,3,9,5,2,7
redounded,9,2,1,3,2,1,3
redounding,10,8,1,9,8,1,9
redounds,8,7,2,9,7,2,9
redraft,7,5,2,7,3,3,6
redrafted,9,3,1,4,3,1,4
redrafting,10,8,1,9,8,1,9
redrafts,8,5,2,7,5,2,7
redraw,6,3,1,4,3,1,4
redrawing,9,7,1,8,7,1,8
redrawn,7,3,3,6,4,2,6
redraws,7,3,1,4,3,1,4
redress,7,4,0,4,4,0,4
redress's,9,5,0,5,5,0,5
redressed,9,4,0,4,4,0,4
redresses,9,4,0,4,4,0,4
redressing,10,7,0,7,7,0,7
redrew,6,3,0,3,3,1,4
reds,4,4,5,9,4,4,8
redskin,7,4,0,4,4,0,4
redskin's,9,4,0,4,4,0,4
redskins,8,4,0,4,4,0,4
reduce,6,4,4,8,4,4,8
reduced,7,2,2,4,5,1,6
reduces,7,5,4,9,3,0,3
reducing,8,6,4,10,6,4,10
reduction,9,5,2,7,5,2,7
reduction's,11,7,1,8,6,1,7
reductions,10,9,1,10,5,1,6
redundancies,12,4,0,4,4,0,4
redundancy,10,3,2,5,3,2,5
redundancy's,12,3,1,4,4,1,5
redundant,9,6,2,8,4,2,6
redundantly,11,2,2,4,2,2,4
redwood,7,3,3,6,3,4,7
redwood's,9,5,2,7,5,1,6
redwoods,8,4,2,6,4,2,6
reed,4,3,2,5,3,1,4
reed's,6,5,1,6,5,1,6
reedier,7,3,1,4,3,0,3
reediest,8,6,1,7,6,1,7
reeds,5,4,4,8,4,4,8
reeducate,9,3,1,4,3,1,4
reeducated,10,3,1,4,3,1,4
reeducates,10,4,0,4,4,0,4
reeducating,11,5,1,6,2,1,3
reeducation,11,6,1,7,2,1,3
reeducation's,13,8,0,8,2,0,2
reedy,5,4,2,6,4,2,6
reef,4,3,3,6,3,3,6
reef's,6,5,2,7,5,2,7
reefed,6,4,0,4,4,1,5
reefer,6,2,1,3,2,1,3
reefer's,8,3,0,3,3,0,3
reefers,7,3,0,3,3,0,3
reefing,7,6,2,8,6,2,8
reefs,5,3,5,8,3,5,8
reek,4,3,4,7,3,4,7
reek's,6,5,3,8,5,3,8
reeked,6,4,1,5,4,2,6
reeking,7,6,3,9,6,3,9
reeks,5,3,5,8,3,5,8
reel,4,2,5,7,2,5,7
reel's,6,4,4,8,4,4,8
reelect,7,2,1,3,2,1,3
reelected,9,3,1,4,3,1,4
reelecting,10,3,1,4,3,1,4
reelection,10,2,1,3,2,1,3
reelection's,12,2,0,2,2,0,2
reelections,11,2,0,2,2,0,2
reelects,8,3,0,3,3,0,3
reeled,6,4,2,6,4,3,7
reeling,7,6,4,10,6,4,10
reels,5,3,5,8,3,5,8
reemerge,8,1,1,2,1,1,2
reemerged,9,3,1,4,3,1,4
reemerges,9,2,0,2,2,0,2
reemerging,10,3,1,4,3,1,4
reemphasize,11,2,0,2,2,0,2
reemphasized,12,2,0,2,2,0,2
reemphasizes,12,2,0,2,2,0,2
reemphasizing,13,3,0,3,2,0,2
reenact,7,3,1,4,3,0,3
reenacted,9,2,1,3,2,1,3
reenacting,10,1,1,2,1,1,2
reenactment,11,1,2,3,1,1,2
reenactment's,13,3,0,3,2,0,2
reenactments,12,3,0,3,3,0,3
reenacts,8,4,2,6,3,0,3
reenforce,9,2,1,3,2,1,3
reenforced,10,2,1,3,2,1,3
reenforces,10,3,0,3,3,0,3
reenforcing,11,4,1,5,2,1,3
reenlist,8,2,0,2,2,0,2
reenlisted,10,3,0,3,2,0,2
reenlisting,11,5,0,5,2,0,2
reenlists,9,2,0,2,2,0,2
reenter,7,2,2,4,2,1,3
reentered,9,1,1,2,1,1,2
reentering,10,2,1,3,2,1,3
reenters,8,2,1,3,3,0,3
reentries,9,2,1,3,2,1,3
reentry,7,3,1,4,3,0,3
reentry's,9,3,2,5,4,1,5
reestablish,11,2,0,2,2,0,2
reestablished,13,1,0,1,1,0,1
reestablishes,13,2,0,2,2,0,2
reestablishing,14,3,0,3,2,0,2
reevaluate,10,1,1,2,1,1,2
reevaluated,11,2,2,4,2,1,3
reevaluates,11,2,0,2,2,0,2
reevaluating,12,6,1,7,4,1,5
reeve,5,2,1,3,2,2,4
reeved,6,3,3,6,3,4,7
reeves,6,2,1,3,2,1,3
reeving,7,5,5,10,5,5,10
reexamine,9,3,1,4,3,1,4
reexamined,10,3,1,4,3,1,4
reexamines,10,4,0,4,4,0,4
reexamining,11,4,1,5,2,1,3
ref,3,3,8,11,2,8,10
ref's,5,4,7,11,4,6,10
refashion,9,5,0,5,6,0,6
refashioned,11,3,0,3,3,0,3
refashioning,12,3,0,3,2,1,3
refashions,10,4,0,4,4,0,4
refectories,11,3,0,3,3,0,3
refectory,9,3,2,5,2,2,4
refectory's,11,7,0,7,5,0,5
refer,5,2,1,3,2,1,3
referee,7,1,2,3,2,0,2
referee's,9,3,1,4,4,0,4
refereed,8,1,1,2,1,1,2
refereeing,10,1,1,2,1,1,2
referees,8,2,0,2,2,0,2
reference,9,5,1,6,5,1,6
reference's,11,7,0,7,7,0,7
referenced,10,6,1,7,6,1,7
references,10,6,0,6,6,0,6
referencing,11,7,1,8,7,1,8
referenda,9,2,1,3,2,1,3
referendum,10,4,1,5,4,1,5
referendum's,12,4,0,4,3,0,3
referendums,11,3,0,3,3,0,3
referent,8,3,2,5,3,2,5
referential,11,8,1,9,8,1,9
referral,8,2,1,3,2,1,3
referral's,10,4,0,4,3,0,3
referrals,9,3,0,3,3,0,3
referred,8,3,1,4,3,1,4
referring,9,5,1,6,5,1,6
refers,6,2,1,3,3,0,3
reffed,6,4,3,7,4,3,7
reffing,7,6,4,10,6,3,9
refile,6,5,2,7,5,2,7
refiled,7,6,2,8,6,1,7
refiles,7,6,0,6,6,3,9
refiling,8,7,1,8,5,3,8
refill,6,3,4,7,3,4,7
refill's,8,5,2,7,5,2,7
refillable,10,4,1,5,3,1,4
refilled,8,6,1,7,4,2,6
refilling,9,6,2,8,6,2,8
refills,7,4,3,7,4,3,7
refinance,9,3,2,5,3,2,5
refinanced,10,4,1,5,4,1,5
refinances,10,4,0,4,4,0,4
refinancing,11,2,1,3,3,1,4
refine,6,4,3,7,4,3,7
refined,7,5,4,9,5,2,7
refinement,10,3,1,4,2,1,3
refinement's,12,4,0,4,3,0,3
refinements,11,3,0,3,3,0,3
refiner,7,2,4,6,4,3,7
refiner's,9,6,0,6,6,0,6
refineries,10,4,0,4,4,0,4
refiners,8,3,2,5,3,2,5
refinery,8,3,2,5,3,2,5
refinery's,10,4,0,4,4,1,5
refines,7,5,2,7,5,4,9
refining,8,5,2,7,5,2,7
refinish,8,5,0,5,5,0,5
refinished,10,7,0,7,7,0,7
refinishes,10,6,1,7,6,0,6
refinishing,11,7,0,7,7,0,7
refit,5,5,2,7,5,3,8
refit's,7,6,1,7,6,1,7
refits,6,6,3,9,6,2,8
refitted,8,5,2,7,6,2,8
refitting,9,6,2,8,6,2,8
reflect,7,3,2,5,3,2,5
reflected,9,4,1,5,4,1,5
reflecting,10,6,1,7,4,1,5
reflection,10,8,2,10,3,1,4
reflection's,12,10,1,11,10,1,11
reflections,11,9,1,10,4,0,4
reflective,10,2,1,3,2,1,3
reflector,9,2,2,4,2,2,4
reflector's,11,7,1,8,5,1,6
reflectors,10,3,1,4,3,0,3
reflects,8,4,2,6,4,1,5
reflex,6,3,2,5,3,2,5
reflex's,8,5,1,6,5,2,7
reflexes,8,5,0,5,5,0,5
reflexive,9,2,3,5,2,1,3
reflexive's,11,4,0,4,3,0,3
reflexively,11,2,1,3,2,1,3
reflexives,10,3,0,3,3,0,3
refocus,7,4,3,7,4,3,7
refocused,9,3,0,3,4,0,4
refocuses,9,4,0,4,4,0,4
refocusing,10,5,1,6,4,0,4
refocussed,10,3,0,3,3,0,3
refocusses,10,2,1,3,2,1,3
refocussing,11,5,0,5,5,0,5
reforest,8,4,1,5,4,1,5
reforestation,13,8,0,8,6,0,6
reforestation's,15,9,0,9,6,0,6
reforested,10,5,1,6,4,0,4
reforesting,11,8,0,8,3,0,3
reforests,9,3,0,3,3,0,3
reform,6,4,4,8,4,4,8
reform's,8,5,2,7,5,3,8
reformat,8,4,2,6,4,2,6
reformation,11,8,1,9,4,1,5
reformation's,13,10,0,10,6,0,6
reformations,12,8,0,8,5,0,5
reformatories,13,4,1,5,4,0,4
reformatory,11,3,2,5,2,3,5
reformatory's,13,5,1,6,3,1,4
reformatted,11,4,2,6,3,1,4
reformatting,12,4,1,5,5,1,6
reformed,8,5,2,7,5,2,7
reformer,8,4,2,6,4,2,6
reformer's,10,6,1,7,6,1,7
reformers,9,5,2,7,5,1,6
reforming,9,7,3,10,7,3,10
reforms,7,5,3,8,5,3,8
reformulate,11,2,2,4,3,1,4
reformulated,12,2,2,4,2,2,4
reformulates,12,5,0,5,3,1,4
reformulating,13,4,1,5,2,1,3
refract,7,5,2,7,4,2,6
refracted,9,5,1,6,5,1,6
refracting,10,8,1,9,8,1,9
refraction,10,6,1,7,6,1,7
refraction's,12,7,0,7,6,0,6
refractories,12,4,0,4,4,0,4
refractory,10,3,2,5,3,2,5
refractory's,12,4,0,4,4,1,5
refracts,8,5,1,6,5,1,6
refrain,7,6,1,7,6,1,7
refrain's,9,6,0,6,5,1,6
refrained,9,4,2,6,3,3,6
refraining,10,7,1,8,7,1,8
refrains,8,4,2,6,3,3,6
refresh,7,2,1,3,2,1,3
refreshed,9,3,0,3,3,0,3
refresher,9,3,0,3,3,0,3
refresher's,11,4,0,4,3,0,3
refreshers,10,2,0,2,2,0,2
refreshes,9,2,1,3,2,0,2
refreshing,10,5,1,6,4,0,4
refreshingly,12,2,0,2,2,0,2
refreshment,11,2,0,2,2,0,2
refreshment's,13,2,0,2,2,0,2
refreshments,12,2,0,2,2,0,2
refreshments's,14,2,0,2,2,0,2
refrigerant,11,3,1,4,3,1,4
refrigerant's,13,4,0,4,3,0,3
refrigerants,12,3,0,3,3,0,3
refrigerate,11,2,1,3,2,1,3
refrigerated,12,2,1,3,2,1,3
refrigerates,12,3,0,3,3,0,3
refrigerating,13,4,1,5,4,1,5
refrigeration,13,4,1,5,4,1,5
refrigeration's,15,5,0,5,4,0,4
refrigerator,12,2,1,3,2,1,3
refrigerator's,14,4,0,4,3,0,3
refrigerators,13,3,0,3,3,0,3
refs,4,4,7,11,4,7,11
refuel,6,3,1,4,3,1,4
refueled,8,4,1,5,4,1,5
refueling,9,6,1,7,4,2,6
refuelled,9,3,2,5,3,2,5
refuelling,10,5,2,7,3,2,5
refuels,7,5,1,6,4,1,5
refuge,6,5,2,7,5,2,7
refuge's,8,6,4,10,5,4,9
refugee,7,2,2,4,2,0,2
refugee's,9,4,1,5,3,0,3
refugees,8,3,1,4,3,0,3
refuges,7,6,2,8,4,5,9
refulgence,10,3,1,4,4,1,5
refulgence's,12,5,0,5,4,0,4
refulgent,9,5,3,8,5,2,7
refund,6,4,4,8,4,4,8
refund's,8,5,2,7,6,2,8
refundable,10,8,1,9,8,1,9
refunded,8,4,2,6,4,2,6
refunding,9,7,1,8,7,1,8
refunds,7,6,2,8,6,2,8
refurbish,9,8,1,9,8,0,8
refurbished,11,9,0,9,9,0,9
refurbishes,11,8,1,9,8,0,8
refurbishing,12,7,0,7,5,0,5
refurbishment,13,3,0,3,2,0,2
refurbishment's,15,4,0,4,2,0,2
refurbishments,14,2,0,2,2,0,2
refurnish,9,7,2,9,7,1,8
refurnished,11,8,1,9,8,1,9
refurnishes,11,7,2,9,7,1,8
refurnishing,12,4,0,4,5,0,5
refusal,7,4,0,4,3,1,4
refusal's,9,4,1,5,4,0,4
refusals,8,4,1,5,5,0,5
refuse,6,5,3,8,5,3,8
refuse's,8,5,1,6,5,1,6
refused,7,5,0,5,6,2,8
refuses,7,4,3,7,4,3,7
refusing,8,7,1,8,7,1,8
refutation,10,7,2,9,7,2,9
refutation's,12,9,1,10,9,1,10
refutations,11,8,1,9,8,1,9
refute,6,4,4,8,4,4,8
refuted,7,6,3,9,5,3,8
refutes,7,5,3,8,6,2,8
refuting,8,8,2,10,8,2,10
regain,6,6,1,7,6,1,7
regained,8,7,1,8,7,5,12
regaining,9,4,1,5,4,1,5
regains,7,7,1,8,7,1,8
regal,5,5,4,9,5,1,6
regale,6,5,3,8,5,3,8
regaled,7,5,1,6,5,1,6
regales,7,5,2,7,5,3,8
regalia,7,3,1,4,4,3,7
regalia's,9,7,0,7,6,1,7
regaling,8,4,1,5,4,1,5
regally,7,5,2,7,4,2,6
regard,6,5,2,7,5,2,7
regard's,8,7,1,8,7,2,9
regarded,8,5,1,6,5,1,6
regarding,9,5,1,6,5,1,6
regardless,10,3,1,4,3,0,3
regards,7,6,2,8,6,2,8
regards's,9,4,2,6,5,1,6
regatta,7,3,2,5,5,2,7
regatta's,9,6,1,7,7,0,7
regattas,8,4,1,5,4,1,5
regencies,9,4,0,4,4,0,4
regency,7,3,1,4,3,1,4
regency's,9,5,0,5,5,0,5
regenerate,10,3,1,4,2,1,3
regenerated,11,2,2,4,2,1,3
regenerates,11,3,0,3,3,0,3
regenerating,12,6,1,7,5,1,6
regeneration,12,7,1,8,4,1,5
regeneration's,14,9,0,9,5,0,5
regenerative,12,7,1,8,4,1,5
regent,6,5,2,7,5,2,7
regent's,8,6,0,6,6,0,6
regents,7,6,1,7,6,1,7
reggae,6,2,1,3,3,1,4
reggae's,8,4,1,5,4,2,6
regicide,8,2,3,5,2,3,5
regicide's,10,4,2,6,4,2,6
regicides,9,3,1,4,3,1,4
regime,6,4,3,7,4,3,7
regime's,8,4,3,7,4,3,7
regimen,7,3,2,5,3,2,5
regimen's,9,5,0,5,8,0,8
regimens,8,4,1,5,4,1,5
regiment,8,4,2,6,4,2,6
regiment's,10,7,1,8,4,1,5
regimental,10,3,1,4,3,1,4
regimentation,13,2,1,3,2,1,3
regimentation's,15,5,0,5,3,0,3
regimented,10,4,1,5,4,1,5
regimenting,11,2,1,3,3,1,4
regiments,9,4,2,6,7,1,8
regimes,7,5,3,8,4,5,9
region,6,4,4,8,4,4,8
region's,8,6,1,7,5,2,7
regional,8,3,1,4,3,1,4
regionalism,11,4,1,5,3,0,3
regionalism's,13,4,0,4,3,0,3
regionalisms,12,6,0,6,4,0,4
regionally,10,3,1,4,3,1,4
regions,7,5,1,6,5,1,6
register,8,3,0,3,3,0,3
register's,10,3,0,3,3,0,3
registered,10,2,0,2,2,0,2
registering,11,2,0,2,2,0,2
registers,9,3,1,4,2,1,3
registrant,10,5,0,5,4,0,4
registrant's,12,5,0,5,3,1,4
registrants,11,5,0,5,5,0,5
registrar,9,3,0,3,3,0,3
registrar's,11,5,0,5,3,0,3
registrars,10,5,0,5,4,0,4
registration,12,2,0,2,2,0,2
registration's,14,6,0,6,2,0,2
registrations,13,2,1,3,3,0,3
registries,10,3,0,3,4,0,4
registry,8,3,1,4,4,0,4
registry's,10,5,0,5,4,0,4
regress,7,4,1,5,4,1,5
regress's,9,4,1,5,4,1,5
regressed,9,5,0,5,5,0,5
regresses,9,4,1,5,4,1,5
regressing,10,6,0,6,6,0,6
regression,10,7,0,7,7,0,7
regression's,12,8,0,8,8,0,8
regressions,11,7,0,7,7,0,7
regressive,10,6,0,6,6,0,6
regret,6,2,1,3,2,1,3
regret's,8,4,0,4,4,0,4
regretful,9,2,2,4,2,2,4
regretfully,11,5,2,7,3,1,4
regrets,7,3,0,3,3,0,3
regrettable,11,2,2,4,2,1,3
regrettably,11,2,2,4,3,1,4
regretted,9,4,1,5,4,1,5
regretting,10,4,1,5,4,1,5
regroup,7,3,3,6,3,3,6
regrouped,9,3,3,6,4,2,6
regrouping,10,5,1,6,5,1,6
regroups,8,3,3,6,4,2,6
regular,7,3,2,5,3,2,5
regular's,9,5,0,5,5,0,5
regularity,10,2,2,4,2,2,4
regularity's,12,5,0,5,4,0,4
regularize,10,4,1,5,4,1,5
regularized,11,5,1,6,2,1,3
regularizes,11,6,0,6,4,0,4
regularizing,12,3,1,4,3,1,4
regularly,9,3,2,5,2,2,4
regulars,8,4,1,5,4,1,5
regulate,8,5,2,7,5,2,7
regulated,9,6,2,8,5,2,7
regulates,9,6,1,7,6,1,7
regulating,10,5,1,6,5,1,6
regulation,10,7,1,8,6,1,7
regulation's,12,7,0,7,6,0,6
regulations,11,7,0,7,6,0,6
regulator,9,4,2,6,3,2,5
regulator's,11,5,1,6,4,1,5
regulators,10,5,1,6,5,0,5
regulatory,10,5,2,7,3,2,5
regurgitate,11,4,1,5,3,1,4
regurgitated,12,3,1,4,3,1,4
regurgitates,12,4,0,4,4,0,4
regurgitating,13,4,1,5,5,1,6
regurgitation,13,6,1,7,5,1,6
regurgitation's,15,4,0,4,6,0,6
rehab,5,3,4,7,3,3,6
rehab's,7,5,3,8,6,1,7
rehabbed,8,4,4,8,4,6,10
rehabbing,9,6,3,9,6,3,9
rehabilitate,12,2,1,3,2,1,3
rehabilitated,13,2,1,3,2,1,3
rehabilitates,13,3,0,3,3,0,3
rehabilitating,14,2,1,3,9,1,10
rehabilitation,14,4,1,5,9,1,10
rehabilitation's,16,5,0,5,3,0,3
rehabs,6,5,3,8,5,2,7
rehash,6,4,1,5,3,0,3
rehash's,8,5,2,7,5,1,6
rehashed,8,4,0,4,4,0,4
rehashes,8,3,1,4,3,0,3
rehashing,9,7,1,8,8,0,8
rehearsal,9,2,1,3,3,0,3
rehearsal's,11,2,1,3,3,0,3
rehearsals,10,2,1,3,3,0,3
rehearse,8,3,0,3,3,0,3
rehearsed,9,3,1,4,3,0,3
rehearses,9,3,0,3,3,0,3
rehearsing,10,5,1,6,4,0,4
reheat,6,5,2,7,5,2,7
reheated,8,6,2,8,6,2,8
reheating,9,8,2,10,8,2,10
reheats,7,6,2,8,6,2,8
rehire,6,4,0,4,4,0,4
rehired,7,5,1,6,5,0,5
rehires,7,5,0,5,5,1,6
rehiring,8,6,1,7,6,1,7
reign,5,3,3,6,3,3,6
reign's,7,5,2,7,5,2,7
reigned,7,4,2,6,4,0,4
reigning,8,4,3,7,4,3,7
reigns,6,5,4,9,4,2,6
reimburse,9,3,1,4,3,1,4
reimbursed,10,2,0,2,2,1,3
reimbursement,13,3,0,3,2,0,2
reimbursement's,15,3,0,3,2,0,2
reimbursements,14,2,0,2,2,0,2
reimburses,10,3,0,3,3,1,4
reimbursing,11,3,0,3,3,0,3
reimpose,8,3,0,3,3,0,3
reimposed,9,3,0,3,4,0,4
reimposes,9,4,0,4,4,0,4
reimposing,10,3,0,3,3,0,3
rein,4,3,3,6,3,3,6
rein's,6,5,1,6,5,2,7
reincarnate,11,2,1,3,2,1,3
reincarnated,12,2,1,3,2,1,3
reincarnates,12,3,0,3,3,0,3
reincarnating,13,2,1,3,2,1,3
reincarnation,13,2,1,3,2,1,3
reincarnation's,15,3,0,3,3,0,3
reincarnations,14,4,0,4,3,0,3
reindeer,8,1,2,3,2,1,3
reindeer's,10,3,1,4,4,0,4
reindeers,9,2,2,4,3,0,3
reined,6,4,1,5,4,5,9
reinforce,9,2,2,4,2,1,3
reinforced,10,4,1,5,4,1,5
reinforcement,13,2,1,3,2,1,3
reinforcement's,15,3,0,3,3,0,3
reinforcements,14,3,0,3,3,0,3
reinforces,10,3,0,3,3,0,3
reinforcing,11,3,2,5,3,1,4
reining,7,5,1,6,5,1,6
reinitialize,12,1,1,2,1,1,2
reinitialized,13,2,1,3,2,1,3
reins,5,4,2,6,4,3,7
reinsert,8,2,0,2,2,0,2
reinserted,10,2,0,2,2,0,2
reinserting,11,2,0,2,2,0,2
reinserts,9,5,0,5,3,1,4
reinstall,9,3,0,3,3,0,3
reinstalled,11,3,0,3,3,0,3
reinstalling,12,5,0,5,4,0,4
reinstate,9,4,0,4,4,0,4
reinstated,10,4,0,4,4,0,4
reinstatement,13,3,0,3,3,0,3
reinstatement's,15,4,0,4,2,0,2
reinstates,10,3,0,3,4,0,4
reinstating,11,4,0,4,4,0,4
reinterpret,11,2,1,3,2,1,3
reinterpretation,16,1,1,2,1,1,2
reinterpretation's,18,2,0,2,2,0,2
reinterpretations,17,1,0,1,1,0,1
reinterpreted,13,2,1,3,2,1,3
reinterpreting,14,1,1,2,1,1,2
reinterprets,12,2,0,2,2,0,2
reinvent,8,4,1,5,4,1,5
reinvented,10,4,1,5,4,1,5
reinventing,11,2,1,3,2,1,3
reinvents,9,4,2,6,4,0,4
reinvest,8,5,0,5,5,0,5
reinvested,10,2,0,2,4,0,4
reinvesting,11,3,0,3,3,0,3
reinvests,9,3,0,3,3,0,3
reis,4,4,8,12,4,8,12
reissue,7,2,0,2,3,0,3
reissue's,9,3,1,4,2,0,2
reissued,8,3,0,3,3,0,3
reissues,8,2,0,2,2,0,2
reissuing,9,2,0,2,2,0,2
reiterate,9,3,1,4,2,1,3
reiterated,10,2,1,3,2,1,3
reiterates,10,3,0,3,3,0,3
reiterating,11,4,1,5,6,1,7
reiteration,11,4,1,5,6,1,7
reiteration's,13,6,0,6,3,0,3
reiterations,12,5,0,5,3,0,3
reject,6,3,3,6,3,3,6
reject's,8,6,1,7,6,1,7
rejected,8,5,3,8,5,3,8
rejecting,9,6,3,9,6,3,9
rejection,9,6,2,8,6,2,8
rejection's,11,8,1,9,8,1,9
rejections,10,7,2,9,4,1,5
rejects,7,4,3,7,4,3,7
rejoice,7,3,3,6,3,2,5
rejoiced,8,5,3,8,5,3,8
rejoices,8,4,2,6,4,2,6
rejoicing,9,6,2,8,6,2,8
rejoicing's,11,5,1,6,4,1,5
rejoicings,10,5,2,7,5,1,6
rejoin,6,4,3,7,4,3,7
rejoinder,9,6,1,7,6,1,7
rejoinder's,11,8,0,8,8,0,8
rejoinders,10,7,1,8,7,1,8
rejoined,8,5,3,8,5,4,9
rejoining,9,5,3,8,5,3,8
rejoins,7,5,2,7,5,2,7
rejuvenate,10,4,1,5,2,1,3
rejuvenated,11,5,2,7,2,1,3
rejuvenates,11,5,0,5,3,0,3
rejuvenating,12,2,1,3,2,1,3
rejuvenation,12,3,1,4,3,1,4
rejuvenation's,14,4,0,4,4,0,4
rekindle,8,3,2,5,3,2,5
rekindled,9,3,1,4,2,2,4
rekindles,9,4,1,5,4,1,5
rekindling,10,3,1,4,3,2,5
relabel,7,4,3,7,3,3,6
relabeled,9,3,1,4,3,1,4
relabeling,10,6,1,7,3,1,4
relabelled,10,3,2,5,3,2,5
relabelling,11,5,1,6,3,1,4
relabels,8,3,2,5,3,2,5
relaid,6,5,2,7,5,2,7
relapse,7,4,0,4,3,1,4
relapse's,9,5,1,6,4,0,4
relapsed,8,3,1,4,4,1,5
relapses,8,4,0,4,4,0,4
relapsing,9,6,0,6,5,0,5
relate,6,4,3,7,4,2,6
related,7,6,1,7,6,1,7
relates,7,5,2,7,5,2,7
relating,8,7,2,9,7,2,9
relation,8,7,1,8,7,1,8
relation's,10,9,0,9,9,0,9
relational,10,3,1,4,3,1,4
relations,9,8,1,9,8,1,9
relationship,12,5,0,5,4,0,4
relationship's,14,6,0,6,4,0,4
relationships,13,4,0,4,3,0,3
relative,8,3,2,5,3,2,5
relative's,10,5,1,6,6,1,7
relatively,10,5,1,6,4,1,5
relatives,9,5,2,7,4,0,4
relativistic,12,3,0,3,3,0,3
relativity,10,3,3,6,2,3,5
relativity's,12,6,0,6,8,1,9
relax,5,3,3,6,5,1,6
relaxant,8,2,2,4,2,2,4
relaxant's,10,4,0,4,4,0,4
relaxants,9,3,2,5,3,2,5
relaxation,10,7,1,8,7,1,8
relaxation's,12,9,0,9,9,0,9
relaxations,11,8,0,8,7,0,7
relaxed,7,6,2,8,6,2,8
relaxes,7,5,2,7,5,3,8
relaxing,8,8,2,10,8,2,10
relay,5,4,3,7,4,2,6
relay's,7,6,1,7,5,2,7
relayed,7,5,3,8,5,3,8
relaying,8,7,3,10,7,3,10
relays,6,5,3,8,4,3,7
relearn,7,3,1,4,3,1,4
relearned,9,3,2,5,3,2,5
relearning,10,4,1,5,3,1,4
relearns,8,4,1,5,3,0,3
releasable,10,4,1,5,3,0,3
release,7,3,1,4,2,1,3
release's,9,4,2,6,4,0,4
released,8,4,0,4,4,0,4
releases,8,3,1,4,3,0,3
releasing,9,6,1,7,6,0,6
relegate,8,3,2,5,4,1,5
relegated,9,4,2,6,4,2,6
relegates,9,3,1,4,3,1,4
relegating,10,7,2,9,7,2,9
relegation,10,8,2,10,8,2,10
relegation's,12,10,1,11,10,1,11
relent,6,5,3,8,5,3,8
relented,8,4,1,5,4,1,5
relenting,9,7,1,8,7,2,9
relentless,10,2,0,2,2,0,2
relentlessly,12,2,0,2,2,0,2
relentlessness,14,2,0,2,2,0,2
relentlessness's,16,2,0,2,2,0,2
relents,7,6,2,8,6,2,8
relevance,9,3,1,4,3,2,5
relevance's,11,4,1,5,2,2,4
relevancy,9,2,1,3,2,1,3
relevancy's,11,3,1,4,3,1,4
relevant,8,3,2,5,3,2,5
relevantly,10,3,1,4,3,1,4
reliability,11,4,1,5,3,1,4
reliability's,13,4,0,4,3,0,3
reliable,8,2,3,5,4,1,5
reliably,8,3,1,4,3,1,4
reliance,8,5,2,7,4,1,5
reliance's,10,7,1,8,7,0,7
reliant,7,4,1,5,5,2,7
relic,5,3,4,7,3,4,7
relic's,7,5,2,7,5,2,7
relics,6,4,4,8,4,3,7
relied,6,4,4,8,4,2,6
relief,6,5,1,6,5,1,6
relief's,8,5,1,6,5,2,7
reliefs,7,5,2,7,4,1,5
relies,6,4,2,6,4,2,6
relieve,7,4,2,6,4,2,6
relieved,8,4,1,5,4,1,5
relieves,8,4,0,4,4,0,4
relieving,9,6,2,8,6,2,8
religion,8,4,1,5,4,1,5
religion's,10,6,2,8,6,2,8
religions,9,5,2,7,5,2,7
religious,9,6,2,8,6,2,8
religious's,11,7,1,8,7,1,8
religiously,11,7,1,8,7,1,8
relinquish,10,4,1,5,3,1,4
relinquished,12,5,0,5,3,0,3
relinquishes,12,5,1,6,3,2,5
relinquishing,13,4,0,4,4,0,4
relinquishment,14,3,0,3,3,0,3
relinquishment's,16,2,0,2,2,0,2
relish,6,5,1,6,5,0,5
relish's,8,5,2,7,5,3,8
relished,8,4,0,4,4,0,4
relishes,8,5,1,6,5,0,5
relishing,9,5,0,5,4,0,4
relive,6,4,0,4,4,0,4
relived,7,5,2,7,5,0,5
relives,7,5,0,5,5,2,7
reliving,8,6,1,7,6,1,7
reload,6,4,1,5,4,1,5
reloaded,8,3,2,5,3,2,5
reloading,9,6,1,7,6,1,7
reloads,7,4,2,6,4,2,6
relocatable,11,2,2,4,3,1,4
relocate,8,4,2,6,4,2,6
relocated,9,6,2,8,5,2,7
relocates,9,6,1,7,6,1,7
relocating,10,6,1,7,6,1,7
relocation,10,9,1,10,7,1,8
relocation's,12,11,0,11,9,0,9
reluctance,10,4,1,5,3,1,4
reluctance's,12,4,0,4,4,0,4
reluctant,9,5,2,7,3,2,5
reluctantly,11,2,2,4,2,2,4
rely,4,2,6,8,2,6,8
relying,7,6,3,9,6,3,9
remade,6,5,2,7,5,2,7
remain,6,6,2,8,6,2,8
remainder,9,5,2,7,5,2,7
remainder's,11,7,1,8,7,1,8
remaindered,11,2,1,3,2,1,3
remainders,10,6,2,8,6,2,8
remained,8,7,2,9,6,6,12
remaining,9,7,1,8,7,1,8
remains,7,7,2,9,7,2,9
remake,6,4,3,7,4,3,7
remake's,8,5,3,8,5,3,8
remakes,7,5,3,8,5,4,9
remaking,8,7,3,10,7,3,10
remand,6,4,3,7,4,3,7
remanded,8,6,1,7,6,1,7
remanding,9,6,2,8,6,2,8
remands,7,5,3,8,5,3,8
remark,6,3,3,6,3,3,6
remark's,8,5,2,7,5,3,8
remarkable,10,5,1,6,3,1,4
remarkably,10,2,2,4,2,2,4
remarked,8,4,2,6,4,2,6
remarking,9,6,3,9,6,3,9
remarks,7,4,3,7,4,3,7
remarriage,10,4,1,5,3,1,4
remarriage's,12,3,0,3,3,0,3
remarriages,11,3,1,4,4,0,4
remarried,9,3,1,4,3,1,4
remarries,9,4,0,4,4,0,4
remarry,7,3,5,8,2,2,4
remarrying,10,5,1,6,5,1,6
rematch,7,3,5,8,3,3,6
rematch's,9,6,0,6,6,0,6
rematches,9,5,1,6,4,2,6
remediable,10,5,1,6,3,2,5
remedial,8,3,2,5,3,2,5
remedied,8,2,1,3,2,1,3
remedies,8,3,1,4,3,1,4
remedy,6,2,3,5,2,3,5
remedy's,8,5,1,6,5,1,6
remedying,9,5,3,8,5,3,8
remember,8,3,3,6,3,3,6
remembered,10,1,1,2,1,1,2
remembering,11,3,3,6,2,1,3
remembers,9,4,1,5,4,1,5
remembrance,11,2,2,4,1,2,3
remembrance's,13,2,1,3,3,0,3
remembrances,12,2,1,3,2,1,3
remind,6,6,4,10,6,4,10
reminded,8,5,2,7,5,2,7
reminder,8,3,1,4,3,1,4
reminder's,10,5,0,5,5,0,5
reminders,9,4,1,5,4,0,4
reminding,9,7,2,9,7,2,9
reminds,7,7,2,9,7,2,9
reminisce,9,2,2,4,2,0,2
reminisced,10,6,1,7,6,1,7
reminiscence,12,2,0,2,2,0,2
reminiscence's,14,2,0,2,2,0,2
reminiscences,13,2,0,2,2,0,2
reminiscent,11,3,0,3,2,0,2
reminisces,10,5,2,7,5,1,6
reminiscing,11,6,1,7,6,1,7
remiss,6,2,0,2,2,0,2
remission,9,5,1,6,5,1,6
remission's,11,6,1,7,2,0,2
remissions,10,5,1,6,5,1,6
remissness,10,1,0,1,1,0,1
remissness's,12,1,0,1,1,0,1
remit,5,4,3,7,4,4,8
remits,6,5,4,9,5,3,8
remittance,10,5,2,7,3,2,5
remittance's,12,5,0,5,5,0,5
remittances,11,4,0,4,4,0,4
remitted,8,4,2,6,5,3,8
remitting,9,5,2,7,5,2,7
remnant,7,3,2,5,2,2,4
remnant's,9,5,0,5,5,0,5
remnants,8,5,1,6,5,1,6
remodel,7,3,1,4,3,1,4
remodeled,9,3,1,4,3,1,4
remodeling,10,6,1,7,3,1,4
remodelled,10,3,1,4,3,1,4
remodelling,11,4,2,6,3,1,4
remodels,8,4,1,5,4,1,5
remonstrance,12,3,0,3,4,0,4
remonstrance's,14,4,0,4,2,0,2
remonstrances,13,3,0,3,3,0,3
remonstrate,11,7,0,7,4,0,4
remonstrated,12,7,0,7,4,0,4
remonstrates,12,7,0,7,4,0,4
remonstrating,13,9,0,9,5,0,5
remorse,7,3,0,3,2,0,2
remorse's,9,4,1,5,3,0,3
remorseful,10,3,1,4,3,0,3
remorsefully,12,2,0,2,2,0,2
remorseless,11,2,0,2,2,0,2
remorselessly,13,1,0,1,1,0,1
remortgage,10,3,1,4,3,1,4
remortgaged,11,5,2,7,3,1,4
remortgages,11,5,1,6,4,1,5
remortgaging,12,3,1,4,3,1,4
remote,6,5,3,8,5,3,8
remote's,8,7,4,11,4,2,6
remotely,8,3,1,4,3,1,4
remoteness,10,3,0,3,3,0,3
remoteness's,12,3,0,3,3,0,3
remoter,7,3,3,6,3,3,6
remotes,7,4,3,7,4,4,8
remotest,8,3,0,3,3,0,3
remount,7,6,5,11,6,4,10
remount's,9,8,3,11,8,2,10
remounted,9,7,2,9,7,2,9
remounting,10,8,3,11,8,3,11
remounts,8,7,4,11,7,4,11
removable,9,6,1,7,7,1,8
removal,7,4,2,6,5,2,7
removal's,9,6,1,7,7,0,7
removals,8,5,2,7,6,1,7
remove,6,4,4,8,4,4,8
remove's,8,6,5,11,4,5,9
removed,7,3,5,8,5,3,8
remover,7,4,3,7,4,3,7
remover's,9,4,2,6,4,2,6
removers,8,5,2,7,5,2,7
removes,7,4,4,8,5,5,10
removing,8,6,3,9,7,3,10
remunerate,10,5,2,7,5,2,7
remunerated,11,6,3,9,6,2,8
remunerates,11,6,1,7,6,1,7
remunerating,12,5,1,6,3,1,4
remuneration,12,6,1,7,3,1,4
remuneration's,14,5,0,5,5,0,5
remunerations,13,4,0,4,4,0,4
remunerative,12,6,1,7,3,1,4
renaissance,11,3,0,3,3,0,3
renaissance's,13,2,0,2,2,0,2
renaissances,12,3,0,3,3,0,3
renal,5,4,5,9,4,2,6
rename,6,4,4,8,4,2,6
renamed,7,4,3,7,4,3,7
renames,7,5,3,8,5,4,9
renaming,8,4,4,8,5,3,8
renascence,10,2,0,2,2,0,2
renascence's,12,2,0,2,2,0,2
renascences,11,2,0,2,2,0,2
renascent,9,3,0,3,3,0,3
rend,4,4,7,11,4,4,8
render,6,3,1,4,3,1,4
render's,8,6,1,7,6,1,7
rendered,8,3,1,4,3,1,4
rendering,9,5,1,6,3,1,4
rendering's,11,3,0,3,3,0,3
renderings,10,3,1,4,3,0,3
renders,7,3,2,5,3,2,5
rendezvous,10,3,1,4,3,0,3
rendezvous's,12,2,1,3,2,1,3
rendezvoused,12,3,1,4,3,1,4
rendezvouses,12,2,1,3,2,1,3
rendezvousing,13,3,0,3,3,0,3
rending,7,6,6,12,6,6,12
rendition,9,3,1,4,3,1,4
rendition's,11,6,0,6,5,0,5
renditions,10,4,1,5,5,1,6
rends,5,5,7,12,5,7,12
renegade,8,3,1,4,3,2,5
renegade's,10,5,0,5,4,1,5
renegaded,9,2,1,3,2,1,3
renegades,9,4,0,4,4,0,4
renegading,10,3,1,4,3,1,4
renege,6,2,1,3,2,1,3
reneged,7,5,1,6,5,0,5
reneges,7,3,2,5,2,1,3
reneging,8,5,1,6,4,1,5
renegotiate,11,2,1,3,2,1,3
renegotiated,12,2,1,3,2,1,3
renegotiates,12,3,0,3,3,0,3
renegotiating,13,2,1,3,2,1,3
renew,5,2,2,4,2,2,4
renewable,9,2,2,4,3,2,5
renewal,7,3,3,6,3,3,6
renewal's,9,5,2,7,5,2,7
renewals,8,4,1,5,3,2,5
renewed,7,4,2,6,4,1,5
renewing,8,5,1,6,4,1,5
renews,6,4,2,6,4,2,6
rennet,6,3,3,6,3,2,5
rennet's,8,5,0,5,4,0,4
renounce,8,5,4,9,5,3,8
renounced,9,3,3,6,3,3,6
renounces,9,6,3,9,6,3,9
renouncing,10,7,2,9,7,2,9
renovate,8,4,3,7,4,3,7
renovated,9,5,1,6,6,1,7
renovates,9,5,2,7,5,2,7
renovating,10,5,1,6,4,1,5
renovation,10,4,1,5,4,1,5
renovation's,12,6,0,6,7,0,7
renovations,11,6,0,6,7,0,7
renovator,9,4,2,6,3,2,5
renovator's,11,5,1,6,4,1,5
renovators,10,5,1,6,5,0,5
renown,6,4,3,7,4,3,7
renown's,8,5,2,7,5,2,7
renowned,8,4,5,9,5,4,9
rent,4,4,9,13,3,5,8
rent's,6,6,7,13,5,3,8
rental,6,5,2,7,5,2,7
rental's,8,5,1,6,5,0,5
rentals,7,4,1,5,4,1,5
rented,6,4,1,5,5,3,8
renter,6,2,2,4,2,2,4
renter's,8,5,2,7,5,2,7
renters,7,4,2,6,4,2,6
renting,7,6,2,8,6,2,8
rents,5,5,7,12,5,7,12
renumber,8,3,2,5,3,3,6
renumbered,10,2,1,3,3,1,4
renumbering,11,4,2,6,2,1,3
renumbers,9,4,1,5,3,2,5
renunciation,12,8,2,10,8,2,10
renunciation's,14,10,1,11,10,1,11
renunciations,13,9,1,10,9,1,10
reoccupied,10,4,1,5,4,1,5
reoccupies,10,4,0,4,4,0,4
reoccupy,8,2,3,5,2,3,5
reoccupying,11,8,2,10,4,2,6
reoccur,7,3,3,6,2,3,5
reoccurred,10,3,1,4,3,1,4
reoccurring,11,8,2,10,4,2,6
reoccurs,8,3,2,5,3,2,5
reopen,6,3,3,6,3,3,6
reopened,8,4,2,6,4,2,6
reopening,9,5,3,8,4,3,7
reopens,7,4,1,5,3,3,6
reorder,7,3,1,4,3,0,3
reorder's,9,4,0,4,3,0,3
reordered,9,2,1,3,2,1,3
reordering,10,3,1,4,2,1,3
reorders,8,3,1,4,3,1,4
reorg,5,3,2,5,3,2,5
reorg's,7,4,1,5,4,0,4
reorganization,14,3,1,4,4,1,5
reorganization's,16,4,0,4,5,0,5
reorganizations,15,3,0,3,4,0,4
reorganize,10,4,1,5,4,1,5
reorganized,11,5,1,6,3,2,5
reorganizes,11,6,0,6,4,0,4
reorganizing,12,4,1,5,4,1,5
reorged,7,4,2,6,4,1,5
reorging,8,4,2,6,5,1,6
reorgs,6,3,3,6,3,2,5
rep,3,3,9,12,3,8,11
rep's,5,5,6,11,5,2,7
repackage,9,4,1,5,3,2,5
repackaged,10,3,2,5,3,2,5
repackages,10,4,1,5,4,1,5
repackaging,11,3,1,4,3,2,5
repaid,6,4,3,7,4,3,7
repaint,7,6,2,8,5,2,7
repainted,9,5,2,7,5,2,7
repainting,10,7,1,8,6,1,7
repaints,8,4,1,5,4,1,5
repair,6,2,2,4,2,2,4
repair's,8,4,1,5,4,2,6
repairable,10,5,1,6,3,1,4
repaired,8,5,1,6,5,1,6
repairing,9,6,1,7,6,1,7
repairman,9,4,1,5,3,1,4
repairman's,11,6,0,6,4,0,4
repairmen,9,2,2,4,2,2,4
repairs,7,3,2,5,3,2,5
reparation,10,6,1,7,7,1,8
reparation's,12,9,0,9,9,0,9
reparations,11,8,0,8,7,0,7
reparations's,13,5,0,5,3,0,3
repartee,8,2,2,4,3,1,4
repartee's,10,4,1,5,4,0,4
repast,6,5,1,6,5,2,7
repast's,8,6,2,8,6,1,7
repasts,7,4,1,5,4,1,5
repatriate,10,4,1,5,3,1,4
repatriate's,12,3,0,3,3,0,3
repatriated,11,3,1,4,2,1,3
repatriates,11,4,0,4,4,0,4
repatriating,12,5,1,6,4,1,5
repatriation,12,6,1,7,5,1,6
repatriation's,14,7,0,7,6,0,6
repay,5,4,3,7,4,2,6
repayable,9,3,1,4,3,1,4
repaying,8,6,4,10,6,4,10
repayment,9,5,1,6,4,3,7
repayment's,11,6,0,6,3,1,4
repayments,10,3,1,4,3,1,4
repays,6,4,4,8,5,1,6
repeal,6,5,2,7,5,2,7
repeal's,8,4,2,6,4,2,6
repealed,8,6,1,7,6,1,7
repealing,9,8,1,9,8,1,9
repeals,7,6,3,9,6,3,9
repeat,6,4,3,7,4,3,7
repeat's,8,5,2,7,5,2,7
repeatable,10,2,1,3,3,1,4
repeatably,10,2,2,4,2,2,4
repeated,8,5,3,8,5,3,8
repeatedly,10,5,1,6,2,1,3
repeater,8,3,4,7,2,5,7
repeater's,10,4,1,5,4,1,5
repeaters,9,3,2,5,3,2,5
repeating,9,7,3,10,7,3,10
repeats,7,5,3,8,5,3,8
repel,5,4,2,6,4,2,6
repellant,9,3,2,5,3,2,5
repellant's,11,5,0,5,5,0,5
repellants,10,6,1,7,4,1,5
repelled,8,5,2,7,5,2,7
repellent,9,4,1,5,2,1,3
repellent's,11,6,0,6,5,0,5
repellents,10,3,0,3,3,0,3
repelling,9,7,2,9,7,2,9
repels,6,5,1,6,5,1,6
repent,6,4,4,8,4,4,8
repentance,10,5,3,8,4,1,5
repentance's,12,7,1,8,4,0,4
repentant,9,3,2,5,3,2,5
repented,8,4,4,8,4,4,8
repenting,9,6,2,8,6,3,9
repents,7,5,3,8,5,3,8
repercussion,12,3,0,3,3,0,3
repercussion's,14,2,0,2,2,0,2
repercussions,13,2,0,2,2,0,2
repertoire,10,2,2,4,2,1,3
repertoire's,12,4,1,5,3,0,3
repertoires,11,3,0,3,3,0,3
repertories,11,3,0,3,3,0,3
repertory,9,2,3,5,2,2,4
repertory's,11,7,0,7,5,0,5
repetition,10,5,1,6,4,1,5
repetition's,12,7,0,7,5,0,5
repetitions,11,8,0,8,8,0,8
repetitious,11,7,1,8,7,1,8
repetitive,10,2,2,4,2,2,4
rephrase,8,3,0,3,3,0,3
rephrased,9,3,1,4,3,0,3
rephrases,9,3,0,3,3,0,3
rephrasing,10,6,0,6,4,0,4
replace,7,3,2,5,4,1,5
replaceable,11,1,2,3,2,1,3
replaced,8,7,2,9,7,1,8
replacement,11,3,2,5,2,1,3
replacement's,13,6,0,6,3,0,3
replacements,12,5,0,5,4,0,4
replaces,8,4,1,5,4,1,5
replacing,9,9,1,10,9,1,10
replay,6,4,1,5,4,1,5
replay's,8,6,0,6,6,1,7
replayed,8,6,3,9,6,2,8
replaying,9,8,2,10,8,2,10
replays,7,4,2,6,4,2,6
replenish,9,5,0,5,3,0,3
replenished,11,2,0,2,2,0,2
replenishes,11,2,1,3,2,0,2
replenishing,12,2,0,2,2,0,2
replenishment,13,2,0,2,2,0,2
replenishment's,15,2,0,2,2,0,2
replete,7,4,2,6,4,2,6
repleted,8,4,1,5,4,1,5
repletes,8,4,1,5,4,1,5
repleting,9,6,1,7,7,2,9
repletion,9,7,2,9,7,2,9
repletion's,11,9,1,10,9,1,10
replica,7,5,2,7,3,2,5
replica's,9,6,0,6,5,0,5
replicas,8,4,1,5,4,1,5
replicate,9,6,1,7,5,1,6
replicated,10,6,1,7,5,1,6
replicates,10,6,0,6,6,0,6
replicating,11,9,1,10,4,1,5
replication,11,9,1,10,7,1,8
replication's,13,11,0,11,8,0,8
replications,12,9,0,9,4,0,4
replied,7,4,2,6,4,0,4
replies,7,4,1,5,4,2,6
reply,5,2,4,6,2,4,6
reply's,7,4,2,6,4,2,6
replying,8,6,4,10,6,4,10
report,6,4,2,6,4,1,5
report's,8,6,0,6,6,1,7
reportage,9,5,1,6,2,1,3
reportage's,11,7,0,7,3,0,3
reported,8,5,1,6,5,1,6
reportedly,10,2,1,3,2,1,3
reporter,8,3,3,6,3,3,6
reporter's,10,5,2,7,5,2,7
reporters,9,4,3,7,4,2,6
reporting,9,7,2,9,7,1,8
reports,7,5,2,7,5,1,6
repose,6,4,5,9,4,5,9
repose's,8,4,2,6,4,2,6
reposed,7,5,1,6,4,4,8
reposeful,9,2,0,2,2,0,2
reposes,7,4,3,7,4,2,6
reposing,8,5,2,7,5,2,7
repositories,12,5,0,5,5,0,5
repository,10,7,0,7,5,0,5
repository's,12,9,0,9,4,0,4
repossess,9,1,0,1,1,0,1
repossessed,11,1,0,1,1,0,1
repossesses,11,1,0,1,1,0,1
repossessing,12,2,0,2,3,0,3
repossession,12,2,0,2,3,0,3
repossession's,14,1,0,1,1,0,1
repossessions,13,1,0,1,1,0,1
reprehend,9,1,1,2,1,1,2
reprehended,11,3,2,5,2,1,3
reprehending,12,4,2,6,4,1,5
reprehends,10,3,0,3,3,0,3
reprehensible,13,6,0,6,3,0,3
reprehensibly,13,6,0,6,3,0,3
represent,9,2,0,2,2,0,2
representation,14,2,0,2,2,0,2
representation's,16,4,0,4,2,0,2
representational,16,2,0,2,2,0,2
representations,15,2,0,2,2,0,2
representative,14,3,0,3,3,0,3
representative's,16,4,0,4,2,0,2
representatives,15,2,0,2,2,0,2
represented,11,2,0,2,2,0,2
representing,12,2,0,2,2,0,2
represents,10,2,0,2,2,0,2
repress,7,3,2,5,3,2,5
repressed,9,4,1,5,4,1,5
represses,9,3,2,5,3,2,5
repressing,10,6,1,7,6,1,7
repression,10,6,1,7,6,1,7
repression's,12,7,1,8,7,1,8
repressions,11,6,1,7,6,1,7
repressive,10,5,1,6,5,1,6
reprieve,8,5,1,6,5,1,6
reprieve's,10,7,0,7,7,0,7
reprieved,9,6,1,7,6,1,7
reprieves,9,6,0,6,6,0,6
reprieving,10,7,1,8,7,1,8
reprimand,9,3,1,4,3,1,4
reprimand's,11,4,0,4,4,0,4
reprimanded,11,3,1,4,3,1,4
reprimanding,12,3,1,4,3,1,4
reprimands,10,3,3,6,5,1,6
reprint,7,6,2,8,5,2,7
reprint's,9,6,2,8,6,0,6
reprinted,9,4,2,6,4,2,6
reprinting,10,7,1,8,6,1,7
reprints,8,4,3,7,4,3,7
reprisal,8,2,1,3,2,1,3
reprisal's,10,3,1,4,3,1,4
reprisals,9,3,2,5,3,1,4
reprise,7,3,0,3,4,1,5
reprise's,9,3,4,7,3,0,3
reprises,8,3,0,3,3,0,3
reprising,9,3,0,3,3,0,3
reprized,8,5,1,6,5,1,6
reproach,8,3,3,6,3,2,5
reproach's,10,6,0,6,4,0,4
reproached,10,3,1,4,3,1,4
reproaches,10,6,0,6,3,2,5
reproachful,11,2,3,5,2,2,4
reproachfully,13,1,2,3,1,2,3
reproaching,11,7,1,8,6,1,7
reprobate,9,4,1,5,5,1,6
reprobate's,11,5,0,5,3,0,3
reprobates,10,5,1,6,4,1,5
reprocess,9,3,0,3,3,0,3
reprocessed,11,2,0,2,2,0,2
reprocesses,11,3,0,3,3,0,3
reprocessing,12,5,0,5,3,0,3
reproduce,9,3,3,6,4,2,6
reproduced,10,2,1,3,2,1,3
reproduces,10,6,0,6,4,2,6
reproducible,12,2,1,3,2,1,3
reproducing,11,4,2,6,3,2,5
reproduction,12,5,1,6,3,2,5
reproduction's,14,7,0,7,4,0,4
reproductions,13,6,0,6,3,1,4
reproductive,12,3,2,5,2,2,4
reprogram,9,4,2,6,2,2,4
reprogramed,11,6,2,8,3,1,4
reprograming,12,8,1,9,8,1,9
reprogrammed,12,5,2,7,2,2,4
reprogramming,13,8,1,9,4,1,5
reprograms,10,7,2,9,4,0,4
reproof,7,3,3,6,3,3,6
reproof's,9,5,2,7,4,1,5
reproofed,9,4,2,6,4,2,6
reproofing,10,5,2,7,5,2,7
reproofs,8,4,2,6,4,2,6
reprove,7,2,2,4,3,2,5
reproved,8,4,2,6,4,2,6
reproves,8,3,1,4,3,1,4
reproving,9,5,2,7,5,2,7
reps,4,4,9,13,4,3,7
reptile,7,4,1,5,5,0,5
reptile's,9,5,2,7,5,0,5
reptiles,8,5,0,5,5,0,5
reptilian,9,4,1,5,4,1,5
reptilian's,11,5,0,5,5,0,5
reptilians,10,4,1,5,4,0,4
republic,8,3,3,6,4,3,7
republic's,10,4,2,6,4,2,6
republican,10,4,1,5,4,1,5
republican's,12,6,0,6,4,0,4
republicanism,13,2,0,2,2,0,2
republicanism's,15,3,0,3,2,0,2
republicans,11,4,1,5,4,0,4
republics,9,5,1,6,5,1,6
republish,9,5,0,5,5,0,5
republished,11,5,0,5,3,0,3
republishes,11,4,2,6,3,0,3
republishing,12,7,0,7,4,0,4
repudiate,9,6,1,7,5,1,6
repudiated,10,2,1,3,2,1,3
repudiates,10,5,0,5,5,0,5
repudiating,11,7,1,8,5,1,6
repudiation,11,5,1,6,5,1,6
repudiation's,13,7,0,7,5,0,5
repudiations,12,9,0,9,4,0,4
repugnance,10,5,2,7,3,2,5
repugnance's,12,5,0,5,5,0,5
repugnant,9,6,2,8,4,2,6
repulse,7,4,0,4,3,2,5
repulse's,9,5,1,6,4,0,4
repulsed,8,3,1,4,4,1,5
repulses,8,4,0,4,4,0,4
repulsing,9,6,0,6,7,0,7
repulsion,9,9,0,9,9,0,9
repulsion's,11,10,0,10,10,0,10
repulsive,9,6,0,6,5,0,5
repulsively,11,4,0,4,3,0,3
repulsiveness,13,3,0,3,2,0,2
repulsiveness's,15,3,0,3,2,0,2
reputable,9,5,2,7,5,2,7
reputably,9,3,2,5,3,2,5
reputation,10,8,2,10,8,2,10
reputation's,12,10,1,11,10,1,11
reputations,11,9,1,10,9,1,10
repute,6,4,5,9,4,5,9
repute's,8,5,5,10,5,1,6
reputed,7,5,4,9,5,4,9
reputedly,9,4,1,5,3,1,4
reputes,7,4,5,9,5,3,8
reputing,8,7,3,10,7,3,10
request,7,5,3,8,5,3,8
request's,9,6,2,8,6,1,7
requested,9,3,0,3,3,0,3
requester,9,3,0,3,3,0,3
requesting,10,5,2,7,4,0,4
requests,8,5,2,7,5,2,7
requiem,7,3,2,5,3,2,5
requiem's,9,5,0,5,4,0,4
requiems,8,4,1,5,4,1,5
require,7,2,1,3,4,0,4
required,8,4,2,6,4,2,6
requirement,11,5,1,6,2,1,3
requirement's,13,6,0,6,3,0,3
requirements,12,5,0,5,4,0,4
requires,8,3,0,3,3,0,3
requiring,9,5,2,7,5,2,7
requisite,9,3,1,4,3,1,4
requisite's,11,4,1,5,4,1,5
requisites,10,2,0,2,2,0,2
requisition,11,3,0,3,3,0,3
requisition's,13,3,0,3,3,0,3
requisitioned,13,2,0,2,2,0,2
requisitioning,14,3,0,3,3,0,3
requisitions,12,3,0,3,3,0,3
requital,8,4,1,5,3,1,4
requital's,10,6,0,6,6,0,6
requite,7,5,2,7,5,0,5
requited,8,4,4,8,4,3,7
requites,8,6,1,7,5,1,6
requiting,9,5,3,8,5,3,8
reran,5,3,7,10,4,1,5
reread,6,2,0,2,2,1,3
rereading,9,5,1,6,5,1,6
rereads,7,4,3,7,5,2,7
reroute,7,2,1,3,2,0,2
rerouted,8,3,1,4,3,1,4
reroutes,8,3,0,3,3,0,3
rerouting,9,5,1,6,5,1,6
rerun,5,2,2,4,3,2,5
rerun's,7,4,1,5,4,0,4
rerunning,9,3,1,4,3,1,4
reruns,6,4,4,8,3,1,4
resale,6,4,4,8,4,4,8
resale's,8,4,1,5,4,1,5
resales,7,4,1,5,3,2,5
reschedule,10,2,1,3,2,1,3
rescheduled,11,2,1,3,2,1,3
reschedules,11,3,0,3,4,0,4
rescheduling,12,5,0,5,3,0,3
rescind,7,5,1,6,5,2,7
rescinded,9,5,1,6,5,1,6
rescinding,10,3,0,3,3,0,3
rescinds,8,4,1,5,3,3,6
rescission,10,2,0,2,2,0,2
rescission's,12,6,0,6,2,0,2
rescue,6,2,2,4,3,2,5
rescue's,8,5,1,6,5,1,6
rescued,7,4,1,5,4,2,6
rescuer,7,3,1,4,3,1,4
rescuer's,9,3,0,3,3,0,3
rescuers,8,3,1,4,3,1,4
rescues,7,4,0,4,4,2,6
rescuing,8,7,0,7,7,0,7
research,8,2,0,2,2,0,2
research's,10,3,0,3,3,0,3
researched,10,4,1,5,3,1,4
researcher,10,4,1,5,3,1,4
researcher's,12,2,1,3,2,1,3
researchers,11,2,0,2,2,0,2
researches,10,3,0,3,3,0,3
researching,11,4,0,4,3,1,4
resell,6,3,1,4,4,0,4
reselling,9,7,0,7,5,0,5
resells,7,2,1,3,4,0,4
resemblance,11,2,1,3,2,1,3
resemblance's,13,2,1,3,2,1,3
resemblances,12,2,1,3,2,1,3
resemble,8,5,0,5,4,1,5
resembled,9,6,0,6,5,1,6
resembles,9,5,0,5,4,1,5
resembling,10,8,0,8,7,1,8
resend,6,5,0,5,5,1,6
resent,6,4,1,5,4,2,6
resented,8,3,0,3,4,0,4
resentful,9,3,0,3,4,0,4
resentfully,11,2,1,3,2,1,3
resenting,9,3,0,3,4,0,4
resentment,10,2,1,3,2,1,3
resentment's,12,2,1,3,2,1,3
resentments,11,2,0,2,2,0,2
resents,7,4,0,4,4,1,5
reservation,11,4,0,4,5,0,5
reservation's,13,9,0,9,5,0,5
reservations,12,5,0,5,5,0,5
reserve,7,3,1,4,3,0,3
reserve's,9,3,0,3,3,0,3
reserved,8,3,0,3,4,0,4
reservedly,10,4,1,5,3,1,4
reserves,8,3,0,3,3,0,3
reserving,9,6,0,6,3,0,3
reservist,9,2,0,2,2,0,2
reservist's,11,3,1,4,2,1,3
reservists,10,3,2,5,2,0,2
reservoir,9,2,1,3,3,0,3
reservoir's,11,3,0,3,3,0,3
reservoirs,10,3,0,3,3,0,3
reset,5,3,1,4,3,1,4
reset's,7,3,1,4,4,1,5
resets,6,3,0,3,3,1,4
resetting,9,6,1,7,4,1,5
resettle,8,4,1,5,5,0,5
resettled,9,5,1,6,6,0,6
resettles,9,4,1,5,5,0,5
resettling,10,7,1,8,8,0,8
reshuffle,9,4,1,5,4,1,5
reshuffle's,11,5,1,6,5,1,6
reshuffled,10,4,1,5,4,1,5
reshuffles,10,2,2,4,4,1,5
reshuffling,11,6,0,6,5,1,6
reside,6,3,4,7,3,4,7
resided,7,4,0,4,2,1,3
residence,9,2,0,2,2,0,2
residence's,11,2,0,2,2,0,2
residences,10,2,0,2,2,0,2
residencies,11,3,0,3,4,0,4
residency,9,3,0,3,2,1,3
residency's,11,2,0,2,2,0,2
resident,8,4,0,4,3,1,4
resident's,10,4,0,4,3,1,4
residential,11,3,0,3,3,0,3
residents,9,3,0,3,3,0,3
resides,7,3,2,5,4,0,4
residing,8,4,0,4,4,0,4
residual,8,4,0,4,3,1,4
residual's,10,4,0,4,5,1,6
residuals,9,4,1,5,4,1,5
residue,7,4,0,4,3,1,4
residue's,9,5,0,5,5,0,5
residues,8,4,0,4,4,1,5
resign,6,5,2,7,5,2,7
resignation,11,8,1,9,8,1,9
resignation's,13,9,1,10,9,1,10
resignations,12,8,1,9,8,1,9
resigned,8,5,1,6,5,1,6
resignedly,10,3,0,3,3,0,3
resigning,9,5,2,7,5,2,7
resigns,7,5,3,8,5,3,8
resilience,10,5,0,5,3,0,3
resilience's,12,6,0,6,3,0,3
resiliency,10,5,0,5,3,0,3
resiliency's,12,6,0,6,3,0,3
resilient,9,4,0,4,4,0,4
resin,5,2,3,5,2,4,6
resin's,7,3,3,6,3,3,6
resinous,8,4,0,4,3,1,4
resins,6,3,2,5,2,3,5
resist,6,4,1,5,4,1,5
resist's,8,2,0,2,2,0,2
resistance,10,3,0,3,3,0,3
resistance's,12,5,0,5,3,0,3
resistances,11,4,0,4,3,0,3
resistant,9,3,0,3,2,0,2
resisted,8,5,0,5,4,0,4
resister,8,4,1,5,3,1,4
resister's,10,5,0,5,3,0,3
resisters,9,4,0,4,3,0,3
resisting,9,6,1,7,6,1,7
resistor,8,3,0,3,3,0,3
resistor's,10,5,0,5,3,0,3
resistors,9,4,0,4,3,0,3
resists,7,4,2,6,4,1,5
resold,6,2,3,5,3,2,5
resolute,8,4,1,5,5,1,6
resolutely,10,6,2,8,2,2,4
resoluteness,12,6,1,7,6,1,7
resoluteness's,14,7,1,8,7,1,8
resolution,10,5,1,6,4,1,5
resolution's,12,6,1,7,6,1,7
resolutions,11,5,0,5,4,0,4
resolve,7,3,2,5,4,1,5
resolve's,9,4,1,5,4,1,5
resolved,8,4,2,6,4,2,6
resolver,8,3,1,4,3,1,4
resolves,8,4,1,5,3,2,5
resolving,9,6,1,7,4,1,5
resonance,9,3,2,5,3,2,5
resonance's,11,4,0,4,4,2,6
resonances,10,4,1,5,3,2,5
resonant,8,4,2,6,5,1,6
resonantly,10,3,1,4,3,1,4
resonate,8,5,1,6,4,1,5
resonated,9,4,0,4,4,0,4
resonates,9,5,1,6,5,1,6
resonating,10,3,0,3,3,0,3
resonator,9,3,0,3,3,0,3
resonator's,11,4,0,4,4,0,4
resonators,10,3,1,4,3,1,4
resort,6,4,1,5,4,0,4
resort's,8,4,0,4,4,0,4
resorted,8,5,0,5,5,0,5
resorting,9,4,0,4,4,0,4
resorts,7,4,1,5,4,0,4
resound,7,4,2,6,6,1,7
resounded,9,6,0,6,6,0,6
resounding,10,8,1,9,8,1,9
resoundingly,12,3,0,3,3,0,3
resounds,8,4,0,4,4,0,4
resource,8,3,1,4,3,1,4
resource's,10,2,1,3,2,1,3
resourceful,11,3,1,4,2,2,4
resourcefully,13,2,1,3,2,1,3
resourcefulness,15,4,0,4,2,0,2
resourcefulness's,17,3,1,4,1,1,2
resources,9,3,1,4,3,1,4
respect,7,4,1,5,4,0,4
respect's,9,5,0,5,4,0,4
respectability,14,2,0,2,2,0,2
respectability's,16,2,0,2,2,0,2
respectable,11,2,1,3,2,1,3
respectably,11,2,1,3,2,1,3
respected,9,6,0,6,5,1,6
respectful,10,3,1,4,2,2,4
respectfully,12,2,1,3,2,1,3
respecting,10,8,0,8,7,1,8
respective,10,3,1,4,3,1,4
respectively,12,3,0,3,3,0,3
respects,8,5,0,5,4,1,5
respell,7,3,3,6,4,1,5
respelled,9,5,1,6,6,0,6
respelling,10,7,1,8,8,0,8
respells,8,4,1,5,5,0,5
respelt,7,3,2,5,3,1,4
respiration,11,4,0,4,4,0,4
respiration's,13,5,0,5,4,0,4
respirator,10,3,1,4,3,1,4
respirator's,12,5,0,5,4,0,4
respirators,11,4,0,4,4,0,4
respiratory,11,5,0,5,4,0,4
respire,7,3,2,5,3,1,4
respired,8,4,1,5,4,1,5
respires,8,4,0,4,3,1,4
respiring,9,3,1,4,3,1,4
respite,7,5,2,7,4,1,5
respite's,9,5,0,5,5,0,5
respites,8,4,0,4,3,0,3
resplendence,12,1,2,3,2,1,3
resplendence's,14,3,1,4,2,1,3
resplendent,11,2,1,3,2,1,3
resplendently,13,2,1,3,2,1,3
respond,7,5,2,7,6,1,7
responded,9,6,0,6,6,0,6
respondent,10,7,1,8,3,1,4
respondent's,12,2,1,3,2,1,3
respondents,11,3,0,3,3,0,3
responding,10,8,1,9,8,1,9
responds,8,5,1,6,4,1,5
response,8,2,0,2,2,1,3
response's,10,2,1,3,2,1,3
responses,9,2,0,2,2,0,2
responsibilities,16,7,0,7,2,0,2
responsibility,14,4,0,4,2,0,2
responsibility's,16,7,0,7,2,0,2
responsible,11,3,0,3,3,0,3
responsibly,11,3,0,3,3,0,3
responsive,10,2,0,2,2,0,2
responsively,12,4,0,4,2,0,2
responsiveness,14,1,0,1,1,0,1
responsiveness's,16,1,0,1,1,0,1
rest,4,4,9,13,4,8,12
rest's,6,5,7,12,5,7,12
restart,7,3,1,4,3,0,3
restart's,9,3,0,3,3,0,3
restarted,9,4,0,4,4,0,4
restarting,10,6,0,6,5,0,5
restarts,8,3,2,5,3,2,5
restate,7,4,2,6,2,2,4
restated,8,5,1,6,5,1,6
restatement,11,2,1,3,2,1,3
restatement's,13,2,1,3,2,1,3
restatements,12,2,1,3,2,1,3
restates,8,3,2,5,4,1,5
restating,9,7,0,7,4,0,4
restaurant,10,3,1,4,3,1,4
restaurant's,12,2,1,3,2,1,3
restauranteur,13,2,1,3,2,1,3
restauranteur's,15,1,1,2,1,1,2
restauranteurs,14,3,0,3,2,1,3
restaurants,11,3,0,3,3,0,3
restaurateur,12,3,1,4,2,1,3
restaurateur's,14,2,1,3,2,1,3
restaurateurs,13,2,1,3,2,1,3
rested,6,4,2,6,5,3,8
restful,7,7,2,9,7,2,9
restfuller,10,2,2,4,2,2,4
restfullest,11,3,0,3,2,0,2
restfully,9,8,1,9,8,1,9
restfulness,11,3,0,3,2,0,2
restfulness's,13,3,0,3,2,0,2
resting,7,7,4,11,7,2,9
restitution,11,7,1,8,7,1,8
restitution's,13,8,1,9,8,1,9
restive,7,5,2,7,4,1,5
restively,9,7,1,8,7,1,8
restiveness,11,3,0,3,2,0,2
restiveness's,13,3,0,3,2,0,2
restless,8,2,0,2,2,0,2
restlessly,10,3,0,3,2,0,2
restlessness,12,3,0,3,2,0,2
restlessness's,14,3,0,3,2,0,2
restock,7,4,1,5,4,1,5
restocked,9,5,0,5,5,0,5
restocking,10,8,0,8,8,0,8
restocks,8,3,2,5,3,2,5
restoration,11,5,0,5,5,0,5
restoration's,13,4,0,4,5,0,5
restorations,12,3,0,3,5,0,5
restorative,11,5,0,5,5,0,5
restorative's,13,4,0,4,5,0,5
restoratives,12,3,0,3,5,0,5
restore,7,4,1,5,2,1,3
restored,8,5,1,6,5,0,5
restorer,8,3,2,5,3,1,4
restorer's,10,3,0,3,3,0,3
restorers,9,3,1,4,3,0,3
restores,8,3,1,4,4,0,4
restoring,9,7,1,8,8,0,8
restrain,8,4,0,4,4,1,5
restrained,10,3,0,3,3,0,3
restraining,11,3,0,3,3,0,3
restrains,9,4,1,5,4,1,5
restraint,9,3,0,3,3,0,3
restraint's,11,3,0,3,3,0,3
restraints,10,4,1,5,3,1,4
restrict,8,3,1,4,3,1,4
restricted,10,3,0,3,4,0,4
restricting,11,7,0,7,7,0,7
restriction,11,7,0,7,7,0,7
restriction's,13,3,0,3,3,0,3
restrictions,12,3,0,3,3,0,3
restrictive,11,5,0,5,5,0,5
restrictively,13,3,0,3,4,0,4
restricts,9,5,0,5,4,0,4
restroom,8,4,1,5,4,1,5
restroom's,10,5,1,6,4,1,5
restrooms,9,4,0,4,4,0,4
restructure,11,2,1,3,2,1,3
restructured,12,4,1,5,2,1,3
restructures,12,2,1,3,2,1,3
restructuring,13,3,0,3,3,0,3
restructuring's,15,3,0,3,3,0,3
restructurings,14,2,0,2,2,0,2
rests,5,4,6,10,4,6,10
restudied,9,3,0,3,3,0,3
restudies,9,4,0,4,4,0,4
restudy,7,4,2,6,4,2,6
restudying,10,7,1,8,7,1,8
resubmit,8,4,0,4,4,1,5
resubmits,9,3,0,3,3,0,3
resubmitted,11,2,0,2,2,0,2
resubmitting,12,2,0,2,2,0,2
result,6,4,1,5,4,0,4
result's,8,3,2,5,3,2,5
resultant,9,3,0,3,3,0,3
resultant's,11,3,0,3,3,0,3
resultants,10,4,1,5,3,1,4
resulted,8,5,0,5,5,0,5
resulting,9,4,0,4,4,0,4
results,7,4,1,5,4,0,4
resume,6,3,6,9,3,6,9
resume's,8,5,1,6,5,1,6
resumed,7,4,1,5,4,5,9
resumes,7,4,0,4,4,2,6
resuming,8,7,0,7,7,0,7
resumption,10,5,0,5,4,1,5
resumption's,12,5,0,5,4,0,4
resumptions,11,5,0,5,4,0,4
resupplied,10,3,1,4,3,1,4
resupplies,10,3,0,3,3,0,3
resupply,8,3,2,5,3,2,5
resupplying,11,6,0,6,5,1,6
resurface,9,3,1,4,3,1,4
resurfaced,10,4,1,5,4,1,5
resurfaces,10,4,1,5,3,1,4
resurfacing,11,4,0,4,3,1,4
resurgence,10,2,1,3,2,1,3
resurgence's,12,2,1,3,2,1,3
resurgences,11,4,1,5,5,0,5
resurgent,9,4,0,4,4,0,4
resurrect,9,4,0,4,4,0,4
resurrected,11,2,1,3,2,1,3
resurrecting,12,5,0,5,8,0,8
resurrection,12,5,0,5,8,0,8
resurrection's,14,3,0,3,3,0,3
resurrections,13,3,0,3,3,0,3
resurrects,10,3,0,3,3,0,3
resuscitate,11,2,0,2,2,0,2
resuscitated,12,6,0,6,3,0,3
resuscitates,12,2,0,2,2,0,2
resuscitating,13,3,0,3,9,0,9
resuscitation,13,3,0,3,9,0,9
resuscitation's,15,1,0,1,1,0,1
resuscitator,12,6,0,6,3,0,3
resuscitator's,14,1,0,1,1,0,1
resuscitators,13,1,0,1,1,0,1
retail,6,5,2,7,5,2,7
retail's,8,6,0,6,6,2,8
retailed,8,5,3,8,5,3,8
retailer,8,3,3,6,3,2,5
retailer's,10,5,1,6,6,0,6
retailers,9,4,2,6,5,0,5
retailing,9,6,2,8,6,2,8
retails,7,4,3,7,4,3,7
retain,6,5,3,8,5,3,8
retained,8,6,3,9,4,2,6
retainer,8,4,3,7,3,3,6
retainer's,10,6,1,7,5,1,6
retainers,9,5,2,7,4,1,5
retaining,9,6,2,8,6,2,8
retains,7,6,3,9,6,3,9
retake,6,4,2,6,4,1,5
retake's,8,5,1,6,4,0,4
retaken,7,3,4,7,2,4,6
retakes,7,5,1,6,5,1,6
retaking,8,7,1,8,7,1,8
retaliate,9,3,2,5,4,1,5
retaliated,10,4,1,5,4,1,5
retaliates,10,5,0,5,4,0,4
retaliating,11,4,1,5,4,1,5
retaliation,11,4,1,5,5,1,6
retaliation's,13,6,0,6,5,0,5
retaliations,12,7,0,7,4,0,4
retaliatory,11,2,1,3,3,1,4
retard,6,5,3,8,5,3,8
retard's,8,7,2,9,7,3,10
retardant,9,2,2,4,3,2,5
retardant's,11,3,1,4,4,1,5
retardants,10,3,1,4,4,0,4
retardation,11,5,1,6,4,1,5
retardation's,13,6,0,6,5,0,5
retarded,8,5,2,7,5,2,7
retarding,9,8,2,10,8,2,10
retards,7,6,3,9,6,3,9
retch,5,3,3,6,3,3,6
retched,7,5,3,8,5,4,9
retches,7,5,3,8,5,2,7
retching,8,5,5,10,5,5,10
retell,6,3,1,4,3,1,4
retelling,9,7,3,10,7,3,10
retells,7,4,1,5,4,1,5
retention,9,5,2,7,5,2,7
retention's,11,7,1,8,7,1,8
retentive,9,4,1,5,4,2,6
retentiveness,13,3,0,3,3,0,3
retentiveness's,15,3,0,3,3,0,3
rethink,7,6,3,9,6,3,9
rethink's,9,6,2,8,4,2,6
rethinking,10,7,2,9,7,2,9
rethinks,8,4,4,8,4,4,8
rethought,9,6,5,11,3,2,5
reticence,9,3,1,4,3,1,4
reticence's,11,5,0,5,4,0,4
reticent,8,3,1,4,3,1,4
retina,6,5,2,7,5,2,7
retina's,8,7,1,8,7,1,8
retinae,7,5,2,7,5,1,6
retinal,7,5,2,7,4,1,5
retinas,7,5,2,7,5,2,7
retinue,7,4,2,6,4,1,5
retinue's,9,4,1,5,6,1,7
retinues,8,4,0,4,4,0,4
retire,6,4,1,5,4,1,5
retired,7,5,2,7,5,1,6
retiree,7,2,1,3,2,0,2
retiree's,9,4,0,4,3,0,3
retirees,8,3,0,3,3,0,3
retirement,10,4,1,5,3,1,4
retirement's,12,5,0,5,4,0,4
retirements,11,3,0,3,3,0,3
retires,7,5,1,6,5,2,7
retiring,8,6,2,8,6,2,8
retold,6,4,4,8,4,4,8
retook,6,5,2,7,5,2,7
retool,6,4,3,7,4,3,7
retooled,8,4,3,7,6,2,8
retooling,9,6,2,8,6,2,8
retools,7,5,2,7,5,2,7
retort,6,4,2,6,4,1,5
retort's,8,6,0,6,6,1,7
retorted,8,5,1,6,5,1,6
retorting,9,7,2,9,7,1,8
retorts,7,5,2,7,5,1,6
retouch,7,5,4,9,5,3,8
retouch's,9,7,2,9,7,1,8
retouched,9,4,1,5,4,1,5
retouches,9,5,2,7,5,4,9
retouching,10,5,2,7,5,2,7
retrace,7,3,1,4,3,0,3
retraced,8,3,2,5,3,2,5
retraces,8,4,0,4,4,0,4
retracing,9,6,2,8,6,2,8
retract,7,4,2,6,3,2,5
retractable,11,2,2,4,3,1,4
retracted,9,4,1,5,4,1,5
retracting,10,6,1,7,6,1,7
retraction,10,7,1,8,6,1,7
retraction's,12,9,0,9,6,0,6
retractions,11,5,0,5,5,0,5
retracts,8,4,1,5,4,1,5
retrain,7,5,2,7,5,2,7
retrained,9,4,1,5,4,1,5
retraining,10,6,2,8,6,2,8
retrains,8,5,1,6,5,1,6
retread,7,2,1,3,3,1,4
retread's,9,4,0,4,4,0,4
retreaded,9,2,1,3,2,1,3
retreading,10,6,1,7,4,1,5
retreads,8,4,1,5,4,0,4
retreat,7,2,1,3,3,1,4
retreat's,9,4,0,4,4,0,4
retreated,9,4,1,5,4,1,5
retreating,10,6,1,7,4,1,5
retreats,8,4,1,5,4,0,4
retrench,8,3,1,4,3,1,4
retrenched,10,2,1,3,2,1,3
retrenches,10,3,0,3,3,0,3
retrenching,11,4,1,5,3,1,4
retrenchment,12,1,2,3,1,2,3
retrenchment's,14,4,0,4,2,1,3
retrenchments,13,3,0,3,3,0,3
retrial,7,3,2,5,3,2,5
retrial's,9,5,0,5,6,0,6
retrials,8,5,1,6,5,1,6
retribution,11,6,1,7,4,1,5
retribution's,13,8,0,8,5,0,5
retributions,12,3,1,4,4,0,4
retributive,11,2,2,4,4,1,5
retried,7,3,3,6,3,2,5
retries,7,3,0,3,3,1,4
retrievable,11,2,1,3,2,1,3
retrieval,9,4,1,5,3,1,4
retrieval's,11,3,0,3,3,0,3
retrievals,10,2,1,3,2,1,3
retrieve,8,4,2,6,4,2,6
retrieve's,10,6,1,7,6,1,7
retrieved,9,5,2,7,5,2,7
retriever,9,2,1,3,2,1,3
retriever's,11,3,0,3,3,0,3
retrievers,10,3,0,3,3,0,3
retrieves,9,5,1,6,5,1,6
retrieving,10,6,2,8,6,2,8
retroactive,11,3,2,5,4,1,5
retroactively,13,2,1,3,2,1,3
retrod,6,3,1,4,3,1,4
retrodden,9,2,1,3,2,1,3
retrofit,8,4,3,7,3,2,5
retrofit's,10,6,1,7,4,2,6
retrofits,9,4,2,6,4,2,6
retrofitted,11,3,1,4,4,1,5
retrofitting,12,5,1,6,4,1,5
retrograde,10,3,1,4,3,1,4
retrograded,11,6,2,8,3,1,4
retrogrades,11,4,1,5,3,1,4
retrograding,12,7,2,9,7,2,9
retrogress,10,3,1,4,3,0,3
retrogressed,12,3,0,3,3,0,3
retrogresses,12,3,0,3,3,0,3
retrogressing,13,4,0,4,4,0,4
retrogression,13,4,0,4,4,0,4
retrogression's,15,4,0,4,3,0,3
retrogressive,13,2,0,2,2,0,2
retrorocket,11,1,3,4,2,1,3
retrorocket's,13,3,0,3,3,0,3
retrorockets,12,3,0,3,3,0,3
retrospect,10,2,1,3,2,0,2
retrospect's,12,2,0,2,2,0,2
retrospected,12,2,0,2,2,0,2
retrospecting,13,4,0,4,4,0,4
retrospection,13,4,0,4,4,0,4
retrospection's,15,3,0,3,2,0,2
retrospective,13,2,1,3,2,1,3
retrospective's,15,1,1,2,2,0,2
retrospectively,15,5,0,5,2,1,3
retrospectives,14,3,0,3,2,1,3
retrospects,11,3,0,3,3,0,3
retry,5,2,3,5,2,3,5
retrying,8,5,2,7,5,2,7
return,6,2,3,5,2,3,5
return's,8,4,2,6,5,2,7
returnable,10,3,1,4,5,1,6
returnable's,12,3,0,3,3,0,3
returnables,11,4,1,5,4,1,5
returned,8,3,3,6,3,3,6
returnee,8,3,2,5,3,1,4
returnee's,10,5,1,6,4,0,4
returnees,9,4,1,5,2,1,3
returning,9,4,3,7,5,2,7
returns,7,3,3,6,3,3,6
retweet,7,2,1,3,2,1,3
retweeted,9,1,1,2,1,1,2
retweeting,10,1,1,2,1,1,2
retweets,8,3,0,3,3,0,3
retype,6,2,5,7,2,4,6
retyped,7,4,4,8,4,5,9
retypes,7,4,4,8,4,3,7
retyping,8,6,4,10,6,4,10
reunification,13,7,1,8,4,1,5
reunification's,15,9,0,9,5,0,5
reunified,9,4,2,6,4,2,6
reunifies,9,4,1,5,4,1,5
reunify,7,3,1,4,3,1,4
reunifying,10,3,1,4,3,1,4
reunion,7,3,1,4,3,1,4
reunion's,9,5,1,6,5,1,6
reunions,8,4,2,6,4,2,6
reunite,7,5,2,7,5,0,5
reunited,8,5,1,6,5,2,7
reunites,8,6,1,7,5,1,6
reuniting,9,3,1,4,3,1,4
reupholster,11,3,0,3,3,0,3
reupholstered,13,2,1,3,2,0,2
reupholstering,14,2,0,2,2,0,2
reupholsters,12,2,0,2,2,0,2
reusable,8,3,0,3,3,0,3
reuse,5,3,1,4,3,1,4
reuse's,7,4,2,6,3,0,3
reused,6,4,2,6,3,6,9
reuses,6,3,3,6,3,3,6
reusing,7,4,1,5,4,1,5
rev,3,2,10,12,2,14,16
rev's,5,4,10,14,4,10,14
revaluation,11,7,1,8,6,2,8
revaluation's,13,9,0,9,8,1,9
revaluations,12,10,1,11,10,1,11
revalue,7,4,2,6,4,1,5
revalued,8,6,3,9,6,1,7
revalues,8,5,1,6,5,1,6
revaluing,9,8,1,9,8,1,9
revamp,6,4,3,7,4,3,7
revamp's,8,5,1,6,5,3,8
revamped,8,5,4,9,5,4,9
revamping,9,6,3,9,6,3,9
revamps,7,5,4,9,4,4,8
reveal,6,4,3,7,4,3,7
revealed,8,5,2,7,5,2,7
revealing,9,7,2,9,7,2,9
revealings,10,3,2,5,4,0,4
reveals,7,5,4,9,5,4,9
reveille,8,3,2,5,2,3,5
reveille's,10,4,1,5,5,0,5
revel,5,3,3,6,3,3,6
revel's,7,5,1,6,5,1,6
revelation,10,8,2,10,8,2,10
revelation's,12,10,1,11,10,1,11
revelations,11,8,0,8,8,0,8
reveled,7,3,2,5,3,1,4
reveler,7,3,2,5,2,0,2
reveler's,9,4,0,4,3,0,3
revelers,8,4,0,4,4,0,4
reveling,8,5,2,7,5,2,7
revelled,8,4,3,7,4,3,7
reveller,8,2,5,7,3,4,7
reveller's,10,5,0,5,5,0,5
revellers,9,4,0,4,4,0,4
revelling,9,6,4,10,6,4,10
revelries,9,3,0,3,3,0,3
revelry,7,3,1,4,3,1,4
revelry's,9,3,0,3,3,0,3
revels,6,4,2,6,4,2,6
revenge,7,5,1,6,5,0,5
revenge's,9,7,0,7,7,0,7
revenged,8,4,3,7,4,3,7
revengeful,10,2,1,3,2,2,4
revenges,8,6,0,6,6,0,6
revenging,9,3,1,4,2,3,5
revenue,7,4,2,6,4,1,5
revenue's,9,6,1,7,6,1,7
revenues,8,5,1,6,5,1,6
reverberate,11,1,2,3,1,1,2
reverberated,12,1,2,3,1,2,3
reverberates,12,2,1,3,3,0,3
reverberating,13,4,1,5,2,2,4
reverberation,13,4,1,5,3,1,4
reverberation's,15,5,0,5,4,0,4
reverberations,14,5,0,5,3,0,3
revere,6,2,0,2,2,0,2
revered,7,3,1,4,4,0,4
reverence,9,4,2,6,4,2,6
reverence's,11,6,1,7,6,1,7
reverenced,10,5,2,7,5,2,7
reverences,10,5,1,6,5,1,6
reverencing,11,6,2,8,6,2,8
reverend,8,5,1,6,5,1,6
reverend's,10,5,0,5,3,0,3
reverends,9,4,1,5,3,0,3
reverent,8,4,2,6,4,2,6
reverential,11,7,2,9,7,2,9
reverently,10,3,2,5,3,2,5
reveres,7,3,1,4,3,1,4
reverie,7,2,1,3,4,0,4
reverie's,9,3,0,3,3,0,3
reveries,8,4,0,4,3,0,3
revering,8,2,1,3,2,1,3
reversal,8,3,0,3,3,0,3
reversal's,10,4,0,4,3,0,3
reversals,9,2,1,3,2,0,2
reverse,7,2,2,4,3,1,4
reverse's,9,3,3,6,4,0,4
reversed,8,4,0,4,4,0,4
reverses,8,2,2,4,3,0,3
reversible,10,4,1,5,6,0,6
reversing,9,5,1,6,6,0,6
reversion,9,3,0,3,3,0,3
reversion's,11,2,0,2,2,0,2
revert,6,4,0,4,4,1,5
reverted,8,3,1,4,3,1,4
reverting,9,5,1,6,5,1,6
reverts,7,4,1,5,4,1,5
revery,6,3,1,4,3,2,5
revery's,8,4,0,4,3,0,3
review,6,2,4,6,2,4,6
review's,8,4,2,6,4,3,7
reviewed,8,3,3,6,3,3,6
reviewer,8,2,2,4,2,2,4
reviewer's,10,3,0,3,3,0,3
reviewers,9,3,1,4,3,1,4
reviewing,9,5,1,6,4,1,5
reviews,7,4,3,7,5,2,7
revile,6,5,0,5,5,0,5
reviled,7,5,3,8,6,0,6
revilement,10,4,2,6,4,2,6
revilement's,12,6,1,7,6,1,7
reviler,7,3,2,5,3,4,7
reviler's,9,5,1,6,5,1,6
revilers,8,4,1,5,4,1,5
reviles,7,5,1,6,5,2,7
reviling,8,6,2,8,6,1,7
revise,6,4,1,5,4,1,5
revise's,8,5,1,6,5,1,6
revised,7,4,2,6,5,1,6
revises,7,3,4,7,3,3,6
revising,8,5,1,6,5,1,6
revision,8,5,1,6,5,1,6
revision's,10,6,1,7,6,1,7
revisions,9,5,1,6,5,2,7
revisit,7,3,1,4,4,0,4
revisited,9,4,1,5,3,0,3
revisiting,10,4,0,4,3,0,3
revisits,8,3,2,5,3,1,4
revitalization,14,7,1,8,2,1,3
revitalization's,16,8,0,8,3,0,3
revitalize,10,4,1,5,4,1,5
revitalized,11,5,1,6,3,1,4
revitalizes,11,4,0,4,4,0,4
revitalizing,12,6,1,7,3,1,4
revival,7,4,3,7,5,2,7
revival's,9,7,1,8,7,0,7
revivalist,10,4,0,4,4,0,4
revivalist's,12,5,0,5,4,0,4
revivalists,11,4,0,4,4,0,4
revivals,8,6,2,8,6,1,7
revive,6,4,0,4,4,0,4
revived,7,4,5,9,5,0,5
revives,7,4,4,8,5,2,7
revivification,14,1,1,2,1,1,2
revivification's,16,6,0,6,2,0,2
revivified,10,4,1,5,4,1,5
revivifies,10,4,0,4,3,1,4
revivify,8,3,3,6,2,3,5
revivifying,11,5,2,7,3,1,4
reviving,8,5,3,8,6,1,7
revocable,9,8,1,9,8,1,9
revocation,10,8,2,10,6,2,8
revocation's,12,10,1,11,8,1,9
revocations,11,8,0,8,9,0,9
revokable,9,7,2,9,7,2,9
revoke,6,3,6,9,3,6,9
revoked,7,4,5,9,5,3,8
revokes,7,4,4,8,5,5,10
revoking,8,6,3,9,7,3,10
revolt,6,4,4,8,4,4,8
revolt's,8,4,4,8,5,1,6
revolted,8,5,3,8,5,2,7
revolting,9,7,2,9,7,2,9
revoltingly,11,2,1,3,2,1,3
revolts,7,4,3,7,4,3,7
revolution,10,6,2,8,7,1,8
revolution's,12,4,1,5,9,0,9
revolutionaries,15,8,0,8,3,0,3
revolutionary,13,4,1,5,3,1,4
revolutionary's,15,8,0,8,3,0,3
revolutionist,13,3,0,3,3,0,3
revolutionist's,15,4,0,4,3,0,3
revolutionists,14,3,0,3,3,0,3
revolutionize,13,2,1,3,2,1,3
revolutionized,14,2,1,3,2,1,3
revolutionizes,14,3,0,3,3,0,3
revolutionizing,15,2,1,3,2,1,3
revolutions,11,4,1,5,8,1,9
revolve,7,4,2,6,4,1,5
revolved,8,5,3,8,5,1,6
revolver,8,3,3,6,3,2,5
revolver's,10,4,1,5,4,1,5
revolvers,9,4,2,6,4,1,5
revolves,8,5,1,6,5,1,6
revolving,9,7,1,8,7,1,8
revs,4,3,10,13,3,9,12
revue,5,2,1,3,2,1,3
revue's,7,4,2,6,4,3,7
revues,6,3,2,5,3,3,6
revulsion,9,8,1,9,8,1,9
revulsion's,11,9,1,10,9,1,10
revved,6,3,5,8,4,4,8
revving,7,5,5,10,6,4,10
reward,6,4,4,8,4,4,8
reward's,8,6,3,9,6,4,10
rewarded,8,4,3,7,4,3,7
rewarding,9,7,3,10,7,3,10
rewards,7,5,4,9,5,4,9
rewind,6,5,5,10,5,5,10
rewind's,8,6,1,7,6,1,7
rewindable,10,7,2,9,7,2,9
rewinding,9,6,3,9,6,3,9
rewinds,7,6,3,9,6,3,9
rewire,6,3,2,5,3,2,5
rewired,7,4,3,7,4,2,6
rewires,7,4,2,6,4,3,7
rewiring,8,5,3,8,5,3,8
reword,6,4,2,6,4,3,7
reworded,8,4,3,7,4,3,7
rewording,9,7,2,9,7,3,10
rewords,7,5,2,7,5,3,8
rework,6,3,5,8,3,5,8
reworked,8,4,3,7,4,3,7
reworking,9,6,4,10,6,4,10
reworks,7,4,4,8,4,4,8
rewound,7,6,4,10,6,4,10
rewrite,7,5,1,6,5,0,5
rewrite's,9,4,1,5,3,0,3
rewrites,8,4,0,4,4,0,4
rewriting,9,5,1,6,5,1,6
rewritten,9,2,2,4,2,2,4
rewrote,7,4,2,6,4,1,5
rhapsodic,9,4,1,5,3,1,4
rhapsodies,10,3,1,4,4,0,4
rhapsodize,10,5,0,5,4,0,4
rhapsodized,11,4,0,4,3,0,3
rhapsodizes,11,5,0,5,4,0,4
rhapsodizing,12,3,0,3,3,0,3
rhapsody,8,3,2,5,3,2,5
rhapsody's,10,3,1,4,3,1,4
rhea,4,4,0,4,3,2,5
rhea's,6,5,0,5,5,0,5
rheas,5,3,1,4,3,1,4
rheostat,8,4,0,4,4,0,4
rheostat's,10,3,0,3,3,0,3
rheostats,9,3,1,4,4,1,5
rhetoric,8,3,1,4,3,1,4
rhetoric's,10,3,0,3,3,0,3
rhetorical,10,3,1,4,3,1,4
rhetorically,12,3,1,4,3,1,4
rhetorician,11,4,1,5,3,1,4
rhetorician's,13,3,0,3,4,0,4
rhetoricians,12,4,0,4,3,0,3
rheum,5,2,2,4,2,3,5
rheum's,7,4,1,5,4,2,6
rheumatic,9,2,1,3,2,1,3
rheumatic's,11,4,0,4,3,0,3
rheumatics,10,4,0,4,5,0,5
rheumatism,10,4,0,4,4,0,4
rheumatism's,12,6,0,6,4,0,4
rheumy,6,3,1,4,3,1,4
rhinestone,10,3,0,3,3,1,4
rhinestone's,12,3,1,4,2,1,3
rhinestones,11,3,0,3,3,0,3
rhino,5,4,5,9,3,3,6
rhino's,7,6,4,10,5,3,8
rhinoceri,9,3,1,4,3,1,4
rhinoceros,10,4,0,4,4,0,4
rhinoceros's,12,5,0,5,5,0,5
rhinoceroses,12,5,0,5,5,0,5
rhinos,6,5,4,9,5,4,9
rhizome,7,2,4,6,3,3,6
rhizome's,9,4,3,7,4,3,7
rhizomes,8,3,3,6,4,2,6
rho,3,3,2,5,3,2,5
rhodium,7,3,4,7,3,4,7
rhodium's,9,5,2,7,5,2,7
rhododendron,12,2,2,4,2,2,4
rhododendron's,14,2,2,4,3,1,4
rhododendrons,13,3,1,4,4,0,4
rhombi,6,3,3,6,2,3,5
rhomboid,8,2,3,5,2,3,5
rhomboid's,10,4,2,6,3,2,5
rhomboids,9,3,2,5,3,2,5
rhombus,7,3,3,6,3,3,6
rhombus's,9,3,3,6,2,3,5
rhombuses,9,3,1,4,3,1,4
rhubarb,7,2,4,6,2,3,5
rhubarb's,9,5,1,6,4,3,7
rhubarbs,8,4,2,6,4,2,6
rhyme,5,5,6,11,3,5,8
rhyme's,7,5,3,8,5,3,8
rhymed,6,3,4,7,3,4,7
rhymes,6,4,4,8,4,4,8
rhyming,7,4,5,9,3,6,9
rhythm,6,0,6,6,0,6,6
rhythm's,8,1,5,6,1,5,6
rhythmic,8,2,4,6,2,4,6
rhythmical,10,4,2,6,3,2,5
rhythmically,12,4,2,6,4,2,6
rhythms,7,1,6,7,3,6,9
rib,3,2,11,13,2,10,12
rib's,5,4,10,14,4,9,13
ribald,6,4,3,7,4,3,7
ribaldry,8,4,3,7,3,2,5
ribaldry's,10,6,2,8,4,1,5
ribbed,6,5,3,8,5,3,8
ribbing,7,5,5,10,4,8,12
ribbon,6,4,4,8,4,5,9
ribbon's,8,6,3,9,6,4,10
ribbons,7,5,3,8,5,2,7
riboflavin,10,2,2,4,2,2,4
riboflavin's,12,5,1,6,3,1,4
ribs,4,3,10,13,3,9,12
rice,4,4,2,6,4,2,6
rice's,6,6,4,10,6,4,10
riced,5,5,4,9,4,6,10
rices,5,5,5,10,4,10,14
rich,4,4,6,10,3,8,11
rich's,6,5,7,12,5,7,12
richer,6,4,3,7,4,4,8
riches,6,4,4,8,4,4,8
richest,7,5,2,7,5,2,7
richly,6,3,7,10,3,6,9
richness,8,5,0,5,5,0,5
richness's,10,6,0,6,6,0,6
ricing,6,5,4,9,5,4,9
rick,4,3,7,10,4,8,12
rick's,6,6,7,13,6,7,13
ricked,6,6,1,7,6,4,10
ricketier,9,3,1,4,3,1,4
ricketiest,10,3,0,3,3,0,3
rickets,7,7,2,9,7,2,9
rickets's,9,4,0,4,4,0,4
rickety,7,2,2,4,2,2,4
ricking,7,5,6,11,4,8,12
ricks,5,3,8,11,5,10,15
ricksha,7,3,1,4,3,1,4
ricksha's,9,8,1,9,8,1,9
rickshas,8,4,2,6,2,2,4
rickshaw,8,4,2,6,4,2,6
rickshaw's,10,4,3,7,4,3,7
rickshaws,9,7,2,9,7,2,9
ricochet,8,2,3,5,2,2,4
ricochet's,10,3,1,4,4,0,4
ricocheted,10,2,1,3,2,1,3
ricocheting,11,5,2,7,3,1,4
ricochets,9,3,1,4,3,1,4
ricochetted,11,3,1,4,3,1,4
ricochetting,12,3,2,5,4,1,5
ricotta,7,4,2,6,4,2,6
ricotta's,9,4,2,6,5,1,6
rid,3,2,11,13,2,11,13
riddance,8,5,3,8,5,3,8
riddance's,10,7,1,8,5,0,5
ridded,6,3,0,3,3,0,3
ridden,6,3,0,3,3,0,3
ridding,7,5,7,12,3,10,13
riddle,6,5,1,6,5,0,5
riddle's,8,7,0,7,6,0,6
riddled,7,3,1,4,3,1,4
riddles,7,5,4,9,5,4,9
riddling,8,5,5,10,5,5,10
ride,4,4,3,7,4,3,7
ride's,6,6,5,11,6,5,11
rider,5,4,2,6,4,2,6
rider's,7,5,2,7,5,2,7
riders,6,4,3,7,4,3,7
rides,5,5,6,11,4,8,12
ridge,5,4,6,10,4,7,11
ridge's,7,5,2,7,5,2,7
ridged,6,3,0,3,3,0,3
ridgepole,9,2,2,4,2,2,4
ridgepole's,11,4,0,4,4,0,4
ridgepoles,10,3,0,3,3,0,3
ridges,6,3,1,4,3,1,4
ridging,7,3,2,5,3,3,6
ridicule,8,2,2,4,2,2,4
ridicule's,10,4,0,4,3,2,5
ridiculed,9,3,2,5,3,1,4
ridicules,9,3,1,4,3,1,4
ridiculing,10,4,2,6,1,3,4
ridiculous,10,3,2,5,3,2,5
ridiculously,12,7,0,7,5,0,5
ridiculousness,14,7,0,7,3,0,3
ridiculousness's,16,5,0,5,3,0,3
riding,6,5,5,10,5,5,10
riding's,8,6,5,11,6,5,11
rids,4,3,8,11,3,8,11
rife,4,4,4,8,4,4,8
rifer,5,4,3,7,4,3,7
rifest,6,6,3,9,5,2,7
riff,4,2,8,10,2,9,11
riff's,6,4,8,12,4,8,12
riffed,6,5,0,5,5,1,6
riffing,7,5,4,9,4,9,13
riffle,6,4,6,10,4,7,11
riffle's,8,6,5,11,6,1,7
riffled,7,6,3,9,6,2,8
riffles,7,5,5,10,5,4,9
riffling,8,6,3,9,4,5,9
riffraff,8,3,3,6,3,4,7
riffraff's,10,5,3,8,5,4,9
riffs,5,4,6,10,3,9,12
rifle,5,4,4,8,3,5,8
rifle's,7,6,1,7,6,1,7
rifled,6,6,0,6,6,1,7
rifleman,8,2,2,4,4,1,5
rifleman's,10,5,0,5,5,0,5
riflemen,8,2,2,4,2,2,4
rifles,6,4,4,8,4,4,8
rifling,7,5,4,9,4,5,9
rift,4,3,7,10,3,6,9
rift's,6,5,5,10,5,5,10
rifted,6,5,1,6,5,2,7
rifting,7,5,4,9,6,5,11
rifts,5,4,6,10,3,7,10
rig,3,3,11,14,3,10,13
rig's,5,5,10,15,5,10,15
rigamarole,10,2,1,3,4,1,5
rigamarole's,12,4,1,5,4,0,4
rigamaroles,11,3,1,4,5,0,5
rigged,6,5,2,7,5,2,7
rigging,7,4,5,9,4,6,10
rigging's,9,4,3,7,4,3,7
right,5,5,10,15,5,10,15
right's,7,7,9,16,7,9,16
righted,7,4,3,7,4,3,7
righteous,9,4,1,5,4,1,5
righteously,11,6,0,6,4,0,4
righteousness,13,5,0,5,3,0,3
righteousness's,15,4,0,4,3,0,3
righter,7,5,2,7,5,2,7
rightest,8,6,1,7,6,1,7
rightful,8,5,4,9,3,4,7
rightfully,10,1,4,5,3,3,6
rightfulness,12,6,0,6,6,0,6
rightfulness's,14,7,0,7,6,0,6
righting,8,5,4,9,5,4,9
rightist,8,3,1,4,3,1,4
rightist's,10,4,0,4,4,1,5
rightists,9,3,1,4,3,1,4
rightly,7,6,5,11,6,5,11
rightmost,9,3,1,4,3,1,4
rightness,9,7,1,8,7,1,8
rightness's,11,8,1,9,8,1,9
rights,6,6,8,14,6,8,14
rigid,5,3,7,10,2,7,9
rigidity,8,3,4,7,3,4,7
rigidity's,10,5,4,9,5,4,9
rigidly,7,5,2,7,5,4,9
rigidness,9,6,0,6,5,1,6
rigidness's,11,7,0,7,6,1,7
rigmarole,9,3,1,4,3,1,4
rigmarole's,11,5,0,5,4,0,4
rigmaroles,10,4,0,4,4,0,4
rigor,5,3,4,7,3,3,6
rigor's,7,5,3,8,5,2,7
rigorous,8,6,2,8,5,2,7
rigorously,10,2,0,2,4,0,4
rigors,6,4,4,8,4,4,8
rigs,4,4,9,13,4,9,13
rile,4,4,5,9,4,5,9
riled,5,5,5,10,5,5,10
riles,5,5,6,11,5,6,11
riling,6,5,6,11,5,6,11
rill,4,3,14,17,3,14,17
rill's,6,5,13,18,5,13,18
rills,5,4,12,16,4,12,16
rim,3,3,9,12,3,10,13
rim's,5,5,10,15,5,9,14
rime,4,4,6,10,4,6,10
rime's,6,5,6,11,6,5,11
rimed,5,4,5,9,5,4,9
rimes,5,4,7,11,4,6,10
riming,6,4,6,10,4,6,10
rimmed,6,5,4,9,5,5,10
rimming,7,5,8,13,4,8,12
rims,4,3,10,13,3,10,13
rind,4,4,11,15,4,11,15
rind's,6,6,9,15,6,9,15
rinds,5,5,10,15,5,10,15
ring,4,4,10,14,4,10,14
ring's,6,6,9,15,6,9,15
ringed,6,5,2,7,5,2,7
ringer,6,4,4,8,3,5,8
ringer's,8,6,3,9,5,2,7
ringers,7,5,3,8,4,4,8
ringing,7,4,6,10,4,7,11
ringleader,10,3,1,4,2,2,4
ringleader's,12,4,0,4,3,1,4
ringleaders,11,3,1,4,3,0,3
ringlet,7,3,4,7,6,3,9
ringlet's,9,8,1,9,8,1,9
ringlets,8,4,2,6,4,2,6
ringmaster,10,4,0,4,4,0,4
ringmaster's,12,4,0,4,3,0,3
ringmasters,11,3,0,3,3,0,3
rings,5,5,9,14,5,9,14
ringside,8,4,1,5,3,1,4
ringside's,10,5,1,6,3,1,4
ringtone,8,4,2,6,2,4,6
ringtone's,10,6,1,7,3,2,5
ringtones,9,5,1,6,5,1,6
ringworm,8,3,4,7,3,4,7
ringworm's,10,4,2,6,3,3,6
rink,4,4,10,14,4,8,12
rink's,6,6,7,13,6,7,13
rinks,5,5,9,14,5,8,13
rinse,5,2,3,5,2,3,5
rinse's,7,3,3,6,3,3,6
rinsed,6,5,5,10,4,7,11
rinses,6,4,2,6,4,2,6
rinsing,7,3,2,5,3,1,4
riot,4,3,4,7,3,4,7
riot's,6,4,3,7,4,3,7
rioted,6,5,6,11,4,0,4
rioter,6,3,1,4,3,0,3
rioter's,8,5,0,5,5,0,5
rioters,7,4,0,4,4,0,4
rioting,7,4,9,13,5,6,11
rioting's,9,3,2,5,3,2,5
riotous,7,2,4,6,3,4,7
riots,5,4,4,8,4,4,8
rip,3,3,9,12,3,9,12
rip's,5,5,10,15,5,9,14
ripe,4,4,7,11,4,7,11
ripely,6,5,5,10,5,4,9
ripen,5,3,5,8,3,5,8
ripened,7,4,2,6,4,1,5
ripeness,8,5,3,8,5,3,8
ripeness's,10,6,3,9,6,3,9
ripening,8,5,2,7,5,2,7
ripens,6,4,3,7,4,3,7
riper,5,4,4,8,4,4,8
ripest,6,5,4,9,4,4,8
riposte,7,3,0,3,3,1,4
riposte's,9,3,2,5,4,1,5
riposted,8,4,0,4,4,0,4
ripostes,8,3,2,5,3,1,4
riposting,9,4,1,5,3,2,5
ripped,6,4,7,11,5,6,11
ripper,6,3,5,8,4,3,7
ripper's,8,5,4,9,5,3,8
rippers,7,4,4,8,5,3,8
ripping,7,5,5,10,5,6,11
ripple,6,5,2,7,5,3,8
ripple's,8,7,2,9,5,2,7
rippled,7,5,4,9,5,3,8
ripples,7,6,3,9,6,3,9
rippling,8,6,4,10,6,3,9
rips,4,4,7,11,4,7,11
ripsaw,6,3,2,5,3,1,4
ripsaw's,8,4,2,6,4,1,5
ripsaws,7,3,2,5,3,2,5
rise,4,4,8,12,4,8,12
rise's,6,5,4,9,5,4,9
risen,5,4,2,6,4,1,5
riser,5,4,2,6,4,1,5
riser's,7,4,2,6,4,0,4
risers,6,3,1,4,3,1,4
rises,5,4,3,7,4,3,7
risible,7,2,1,3,6,1,7
rising,6,5,1,6,5,1,6
risk,4,3,7,10,3,7,10
risk's,6,4,6,10,4,6,10
risked,6,5,2,7,5,5,10
riskier,7,4,1,5,4,0,4
riskiest,8,5,1,6,5,1,6
riskiness,9,4,1,5,4,1,5
riskiness's,11,5,1,6,5,1,6
risking,7,5,3,8,5,4,9
risks,5,2,6,8,2,6,8
risky,5,4,5,9,4,5,9
risqué,6,3,3,6,3,3,6
rite,4,3,9,12,3,9,12
rite's,6,5,7,12,5,6,11
rites,5,4,7,11,4,7,11
ritual,6,2,3,5,2,3,5
ritual's,8,4,2,6,4,2,6
ritualism,9,3,1,4,3,1,4
ritualism's,11,4,0,4,3,1,4
ritualistic,11,2,1,3,2,1,3
ritually,8,3,3,6,3,3,6
rituals,7,4,3,7,4,2,6
ritzier,7,3,1,4,3,1,4
ritziest,8,4,0,4,4,1,5
ritzy,5,3,7,10,3,7,10
rival,5,4,3,7,4,3,7
rival's,7,6,3,9,6,3,9
rivaled,7,5,1,6,5,2,7
rivaling,8,5,5,10,4,7,11
rivalled,8,4,3,7,4,1,5
rivalling,9,4,4,8,4,3,7
rivalries,9,4,0,4,4,0,4
rivalry,7,3,2,5,3,2,5
rivalry's,9,5,1,6,4,1,5
rivals,6,5,3,8,5,3,8
riven,5,4,4,8,4,4,8
river,5,3,5,8,3,5,8
river's,7,5,3,8,5,3,8
riverbed,8,3,3,6,3,3,6
riverbed's,10,3,0,3,3,0,3
riverbeds,9,3,1,4,3,3,6
riverfront,10,3,2,5,2,2,4
rivers,6,5,2,7,5,2,7
riverside,9,3,0,3,3,0,3
riverside's,11,3,0,3,3,0,3
riversides,10,3,0,3,3,0,3
rivet,5,3,5,8,2,5,7
rivet's,7,4,3,7,5,2,7
riveted,7,4,2,6,4,1,5
riveter,7,2,2,4,2,1,3
riveter's,9,3,0,3,3,0,3
riveters,8,3,1,4,3,0,3
riveting,8,5,1,6,5,1,6
rivets,6,4,3,7,4,4,8
rivetted,8,3,2,5,3,2,5
rivetting,9,5,1,6,5,1,6
rivulet,7,4,3,7,5,4,9
rivulet's,9,7,2,9,7,2,9
rivulets,8,5,1,6,5,1,6
roach,5,2,2,4,2,2,4
roach's,7,4,1,5,4,1,5
roaches,7,6,3,9,6,2,8
road,4,4,1,5,4,1,5
road's,6,4,2,6,4,2,6
roadbed,7,3,1,4,3,1,4
roadbed's,9,5,0,5,5,0,5
roadbeds,8,5,2,7,5,2,7
roadblock,9,2,3,5,2,3,5
roadblock's,11,4,3,7,3,2,5
roadblocked,11,3,2,5,3,1,4
roadblocking,12,6,1,7,4,2,6
roadblocks,10,3,2,5,4,1,5
roadhouse,9,6,0,6,6,0,6
roadhouse's,11,7,1,8,7,0,7
roadhouses,10,6,1,7,6,0,6
roadkill,8,3,3,6,3,3,6
roadkill's,10,5,1,6,4,1,5
roadrunner,10,3,1,4,3,1,4
roadrunner's,12,3,0,3,3,0,3
roadrunners,11,3,1,4,4,0,4
roads,5,5,1,6,5,1,6
roadshow,8,3,2,5,3,2,5
roadside,8,4,0,4,4,0,4
roadside's,10,5,0,5,5,0,5
roadsides,9,4,0,4,3,1,4
roadster,8,6,0,6,6,0,6
roadster's,10,4,0,4,3,0,3
roadsters,9,4,1,5,3,0,3
roadway,7,3,3,6,2,3,5
roadway's,9,4,2,6,3,2,5
roadways,8,3,2,5,3,2,5
roadwork,8,4,3,7,3,3,6
roadwork's,10,6,1,7,4,1,5
roadworthy,10,1,3,4,1,4,5
roam,4,4,2,6,4,2,6
roamed,6,5,2,7,5,2,7
roamer,6,3,0,3,4,0,4
roamer's,8,6,0,6,6,0,6
roamers,7,5,0,5,5,0,5
roaming,7,5,2,7,5,2,7
roams,5,5,2,7,5,2,7
roan,4,3,3,6,3,3,6
roan's,6,5,2,7,5,2,7
roans,5,4,3,7,4,3,7
roar,4,2,1,3,2,1,3
roar's,6,4,1,5,4,1,5
roared,6,2,0,2,2,0,2
roaring,7,5,2,7,5,2,7
roaring's,9,5,1,6,8,1,9
roars,5,3,1,4,3,1,4
roast,5,4,4,8,4,4,8
roast's,7,5,3,8,5,3,8
roasted,7,5,0,5,4,0,4
roaster,7,6,0,6,6,0,6
roaster's,9,6,0,6,4,0,4
roasters,8,6,0,6,6,0,6
roasting,8,7,3,10,7,3,10
roasts,6,4,4,8,4,4,8
rob,3,3,3,6,3,3,6
robbed,6,5,3,8,5,3,8
robber,6,4,3,7,4,1,5
robber's,8,6,2,8,6,1,7
robberies,9,5,0,5,4,0,4
robbers,7,5,2,7,5,1,6
robbery,7,5,1,6,5,1,6
robbery's,9,7,1,8,7,0,7
robbing,7,6,5,11,5,8,13
robe,4,4,5,9,4,5,9
robe's,6,6,5,11,6,5,11
robed,5,5,2,7,4,6,10
robes,5,5,5,10,5,6,11
robin,5,5,4,9,5,4,9
robin's,7,7,3,10,7,2,9
robing,6,6,6,12,6,7,13
robins,6,5,5,10,5,6,11
robocall,8,2,4,6,3,3,6
robocall's,10,5,2,7,5,2,7
robocalled,10,4,1,5,3,1,4
robocalling,11,5,1,6,4,2,6
robocalls,9,4,2,6,4,2,6
robot,5,2,3,5,2,3,5
robot's,7,4,2,6,4,2,6
robotic,7,3,3,6,3,3,6
robotics,8,2,5,7,3,3,6
robotics's,10,5,1,6,3,2,5
robots,6,3,3,6,3,3,6
robs,4,3,9,12,3,9,12
robust,6,4,3,7,4,3,7
robuster,8,5,1,6,5,1,6
robustest,9,4,0,4,4,0,4
robustly,8,2,3,5,2,3,5
robustness,10,3,1,4,3,1,4
robustness's,12,4,1,5,2,1,3
rock,4,3,4,7,3,5,8
rock's,6,5,3,8,5,4,9
rocked,6,5,4,9,4,5,9
rocker,6,4,4,8,4,5,9
rocker's,8,6,3,9,5,4,9
rockers,7,5,3,8,4,4,8
rocket,6,3,4,7,4,3,7
rocket's,8,7,3,10,5,2,7
rocketed,8,6,2,8,6,2,8
rocketing,9,8,2,10,8,2,10
rocketry,8,2,1,3,2,2,4
rocketry's,10,3,0,3,3,1,4
rockets,7,6,3,9,6,3,9
rockier,7,5,2,7,5,2,7
rockiest,8,6,2,8,6,1,7
rockiness,9,6,2,8,6,2,8
rockiness's,11,7,2,9,7,2,9
rocking,7,6,6,12,5,7,12
rocks,5,4,5,9,4,5,9
rocky,5,4,4,8,4,6,10
rococo,6,2,4,6,2,4,6
rococo's,8,3,2,5,3,2,5
rod,3,3,4,7,3,5,8
rod's,5,5,5,10,5,5,10
rode,4,4,6,10,4,6,10
rodent,6,4,4,8,4,5,9
rodent's,8,5,2,7,5,2,7
rodents,7,6,2,8,6,3,9
rodeo,5,3,1,4,3,1,4
rodeo's,7,5,2,7,5,1,6
rodeos,6,4,3,7,4,2,6
rods,4,3,10,13,3,10,13
roe,3,2,15,17,2,15,17
roe's,5,5,8,13,5,8,13
roebuck,7,2,2,4,2,2,4
roebuck's,9,4,1,5,3,1,4
roebucks,8,3,1,4,3,0,3
roentgen,8,2,1,3,2,1,3
roentgen's,10,3,0,3,3,0,3
roentgens,9,3,0,3,3,0,3
roes,4,4,6,10,4,5,9
roger,5,4,2,6,4,2,6
rogered,7,3,1,4,3,0,3
rogering,8,5,2,7,5,1,6
rogers,6,5,1,6,5,1,6
rogue,5,4,2,6,4,2,6
rogue's,7,6,0,6,6,0,6
roguery,7,4,2,6,4,2,6
roguery's,9,6,2,8,6,1,7
rogues,6,4,1,5,4,1,5
roguish,7,5,1,6,5,2,7
roguishly,9,6,1,7,6,1,7
roil,4,3,5,8,4,7,11
roiled,6,5,1,6,5,0,5
roiling,7,6,6,12,6,6,12
roils,5,5,7,12,5,7,12
roister,7,5,1,6,5,1,6
roistered,9,3,0,3,3,0,3
roisterer,9,3,0,3,3,0,3
roisterer's,11,5,0,5,3,0,3
roisterers,10,4,0,4,3,0,3
roistering,10,6,0,6,5,0,5
roisters,8,5,1,6,5,1,6
role,4,4,7,11,4,7,11
role's,6,6,7,13,6,7,13
roles,5,5,7,12,5,7,12
roll,4,3,5,8,3,7,10
roll's,6,5,5,10,5,6,11
rollback,8,3,5,8,3,3,6
rollback's,10,5,2,7,5,2,7
rollbacks,9,4,3,7,4,2,6
rolled,6,5,5,10,5,0,5
roller,6,4,5,9,4,2,6
roller's,8,5,4,9,6,2,8
rollers,7,4,4,8,5,2,7
rollerskating,13,4,0,4,3,0,3
rollerskating's,15,3,0,3,3,0,3
rollick,7,4,5,9,3,5,8
rollicked,9,5,2,7,5,2,7
rollicking,10,4,4,8,4,4,8
rollicking's,12,4,2,6,3,1,4
rollicks,8,4,4,8,5,3,8
rolling,7,6,5,11,6,5,11
rolls,5,4,7,11,4,7,11
romaine,7,5,1,6,4,0,4
romaine's,9,7,0,7,8,0,8
roman,5,4,3,7,4,3,7
romance,7,4,2,6,4,1,5
romance's,9,6,0,6,6,0,6
romanced,8,5,1,6,3,2,5
romances,8,5,1,6,5,1,6
romancing,9,5,2,7,4,3,7
romantic,8,3,2,5,3,2,5
romantic's,10,4,1,5,4,1,5
romantically,12,7,2,9,7,2,9
romanticism,11,3,0,3,4,0,4
romanticism's,13,5,0,5,4,0,4
romanticist,11,3,0,3,3,0,3
romanticist's,13,4,0,4,3,0,3
romanticists,12,3,0,3,3,0,3
romanticize,11,2,1,3,3,1,4
romanticized,12,2,1,3,1,2,3
romanticizes,12,4,0,4,4,0,4
romanticizing,13,2,1,3,2,1,3
romantics,9,5,1,6,4,1,5
romp,4,3,7,10,3,7,10
romp's,6,5,6,11,5,6,11
romped,6,5,2,7,5,2,7
romper,6,4,6,10,4,0,4
romper's,8,6,0,6,6,0,6
rompers,7,5,0,5,5,0,5
romping,7,5,7,12,5,4,9
romps,5,3,6,9,3,6,9
rood,4,2,9,11,2,10,12
rood's,6,4,7,11,4,7,11
roods,5,3,9,12,3,9,12
roof,4,3,10,13,3,10,13
roof's,6,5,11,16,5,10,15
roofed,6,5,1,6,5,0,5
roofer,6,4,1,5,4,0,4
roofer's,8,6,0,6,6,0,6
roofers,7,5,0,5,5,0,5
roofing,7,6,8,14,6,8,14
roofing's,9,7,3,10,7,3,10
roofs,5,4,9,13,4,10,14
rooftop,7,2,4,6,2,5,7
rooftop's,9,3,3,6,3,3,6
rooftops,8,2,2,4,2,2,4
rook,4,2,10,12,2,10,12
rook's,6,4,9,13,4,9,13
rooked,6,5,2,7,5,1,6
rookeries,9,5,0,5,4,0,4
rookery,7,4,1,5,4,1,5
rookery's,9,6,1,7,6,0,6
rookie,6,4,2,6,4,2,6
rookie's,8,5,4,9,6,0,6
rookies,7,4,4,8,4,4,8
rooking,7,5,10,15,5,10,15
rooks,5,3,9,12,3,9,12
room,4,3,5,8,3,5,8
room's,6,5,6,11,5,7,12
roomed,6,5,3,8,5,2,7
roomer,6,4,2,6,4,1,5
roomer's,8,5,1,6,5,1,6
roomers,7,4,1,5,4,1,5
roomful,7,2,5,7,2,5,7
roomful's,9,4,4,8,4,4,8
roomfuls,8,3,5,8,3,5,8
roomier,7,4,2,6,4,2,6
roomiest,8,6,3,9,6,3,9
roominess,9,6,0,6,6,1,7
roominess's,11,7,0,7,7,1,8
rooming,7,6,7,13,6,8,14
roommate,8,3,3,6,3,3,6
roommate's,10,5,1,6,5,0,5
roommates,9,4,1,5,4,1,5
rooms,5,4,5,9,4,5,9
roomy,5,3,8,11,3,8,11
roost,5,3,3,6,3,3,6
roost's,7,4,2,6,4,3,7
roosted,7,5,0,5,4,0,4
rooster,7,5,0,5,4,0,4
rooster's,9,6,0,6,4,0,4
roosters,8,5,0,5,4,0,4
roosting,8,6,2,8,6,2,8
roosts,6,3,3,6,3,3,6
root,4,3,3,6,3,3,6
root's,6,5,6,11,5,4,9
rooted,6,4,4,8,4,3,7
rooter,6,3,3,6,3,2,5
rooting,7,5,8,13,5,8,13
rootless,8,5,1,6,5,2,7
roots,5,3,9,12,3,9,12
rope,4,4,8,12,4,8,12
rope's,6,6,6,12,6,6,12
roped,5,5,3,8,4,7,11
ropes,5,5,6,11,4,7,11
roping,6,5,8,13,5,9,14
rosaries,8,4,0,4,4,0,4
rosary,6,2,2,4,2,2,4
rosary's,8,2,2,4,4,2,6
rose,4,4,1,5,4,1,5
rose's,6,5,0,5,5,0,5
roseate,7,4,1,5,2,1,3
rosebud,7,4,2,6,3,1,4
rosebud's,9,5,1,6,3,1,4
rosebuds,8,4,1,5,4,1,5
rosebush,8,2,0,2,2,1,3
rosebush's,10,3,1,4,2,1,3
rosebushes,10,3,1,4,2,1,3
rosemary,8,3,0,3,3,0,3
rosemary's,10,4,0,4,4,0,4
roses,5,3,6,9,3,6,9
rosette,7,4,1,5,3,2,5
rosette's,9,3,2,5,3,1,4
rosettes,8,3,0,3,3,0,3
rosewood,8,3,1,4,3,1,4
rosewood's,10,3,0,3,3,0,3
rosewoods,9,3,0,3,3,1,4
rosier,6,5,1,6,5,3,8
rosiest,7,5,2,7,5,2,7
rosily,6,4,3,7,4,3,7
rosin,5,3,5,8,3,5,8
rosin's,7,3,4,7,3,3,6
rosined,7,5,1,6,5,0,5
rosiness,8,3,2,5,3,2,5
rosiness's,10,4,2,6,4,2,6
rosining,8,3,1,4,3,1,4
rosins,6,3,4,7,3,4,7
roster,6,4,2,6,4,4,8
roster's,8,4,1,5,4,1,5
rosters,7,4,0,4,4,0,4
rostra,6,2,3,5,2,3,5
rostrum,7,5,3,8,3,3,6
rostrum's,9,7,3,10,3,3,6
rostrums,8,3,3,6,3,3,6
rosy,4,3,7,10,3,7,10
rot,3,3,9,12,3,9,12
rot's,5,4,7,11,4,7,11
rotaries,8,5,0,5,5,0,5
rotary,6,2,2,4,2,3,5
rotary's,8,4,1,5,5,1,6
rotate,6,4,4,8,4,1,5
rotated,7,4,2,6,4,2,6
rotates,7,4,3,7,4,2,6
rotating,8,5,3,8,5,3,8
rotation,8,5,2,7,5,2,7
rotation's,10,7,1,8,6,1,7
rotational,10,4,2,6,5,2,7
rotations,9,6,1,7,6,1,7
rote,4,3,9,12,3,9,12
rote's,6,5,7,12,5,7,12
rotisserie,10,2,1,3,2,1,3
rotisserie's,12,2,0,2,2,0,2
rotisseries,11,2,0,2,2,0,2
rotogravure,11,2,2,4,2,2,4
rotogravure's,13,4,0,4,3,1,4
rotogravures,12,3,1,4,3,1,4
rotor,5,2,3,5,2,3,5
rotor's,7,4,2,6,4,2,6
rotors,6,3,3,6,3,3,6
rots,4,3,8,11,3,8,11
rotted,6,4,6,10,5,1,6
rotten,6,4,3,7,4,3,7
rottener,8,2,2,4,2,2,4
rottenest,9,4,0,4,4,0,4
rottenness,10,4,0,4,4,0,4
rottenness's,12,5,0,5,4,0,4
rotting,7,6,4,10,6,6,12
rotund,6,4,5,9,4,5,9
rotunda,7,3,4,7,3,3,6
rotunda's,9,4,2,6,4,2,6
rotundas,8,4,1,5,4,1,5
rotundity,9,5,2,7,3,2,5
rotundity's,11,7,2,9,5,2,7
rotundness,10,3,1,4,4,0,4
rotundness's,12,4,1,5,5,0,5
rouge,5,5,2,7,5,2,7
rouge's,7,7,0,7,7,0,7
rouged,6,6,1,7,6,4,10
rouges,6,6,1,7,6,1,7
rough,5,5,8,13,5,8,13
rough's,7,7,7,14,7,7,14
roughage,8,3,3,6,3,3,6
roughage's,10,6,2,8,6,1,7
roughed,7,4,3,7,4,3,7
roughen,7,3,3,6,2,4,6
roughened,9,4,2,6,2,2,4
roughening,10,8,1,9,8,1,9
roughens,8,4,3,7,4,3,7
rougher,7,5,3,8,5,3,8
roughest,8,5,1,6,5,1,6
roughhouse,10,5,1,6,4,1,5
roughhouse's,12,7,1,8,5,1,6
roughhoused,11,4,0,4,4,0,4
roughhouses,11,6,1,7,5,1,6
roughhousing,12,4,0,4,2,2,4
roughing,8,6,3,9,6,3,9
roughly,7,6,4,10,6,4,10
roughneck,9,6,1,7,6,1,7
roughneck's,11,5,0,5,4,0,4
roughnecked,11,4,2,6,3,1,4
roughnecking,12,3,1,4,3,1,4
roughnecks,10,4,0,4,4,0,4
roughness,9,8,1,9,8,1,9
roughness's,11,9,1,10,9,1,10
roughs,6,6,6,12,6,6,12
roughshod,9,2,3,5,2,3,5
rouging,7,4,2,6,4,3,7
roulette,8,4,2,6,4,3,7
roulette's,10,6,0,6,5,0,5
round,5,5,9,14,5,9,14
round's,7,7,7,14,7,6,13
roundabout,10,2,3,5,2,3,5
roundabout's,12,3,1,4,3,2,5
roundabouts,11,4,1,5,4,2,6
rounded,7,3,1,4,3,1,4
roundelay,9,3,1,4,3,1,4
roundelay's,11,6,0,6,4,1,5
roundelays,10,3,1,4,3,1,4
rounder,7,4,4,8,4,4,8
roundest,8,5,3,8,5,3,8
roundhouse,10,5,1,6,4,1,5
roundhouse's,12,7,1,8,6,1,7
roundhouses,11,6,1,7,6,1,7
rounding,8,7,7,14,7,7,14
roundish,8,3,4,7,4,4,8
roundly,7,5,5,10,5,5,10
roundness,9,4,1,5,4,1,5
roundness's,11,5,1,6,5,1,6
rounds,6,6,8,14,6,8,14
roundup,7,2,4,6,2,4,6
roundup's,9,4,3,7,3,3,6
roundups,8,3,3,6,3,3,6
roundworm,9,2,5,7,1,6,7
roundworm's,11,4,3,7,4,3,7
roundworms,10,2,4,6,3,3,6
rouse,5,4,4,8,4,4,8
roused,6,6,2,8,5,5,10
rouses,6,3,3,6,3,3,6
rousing,7,6,5,11,6,5,11
roustabout,10,2,2,4,2,2,4
roustabout's,12,3,1,4,3,1,4
roustabouts,11,3,2,5,2,2,4
rout,4,3,4,7,3,5,8
rout's,6,5,3,8,5,4,9
route,5,4,3,7,4,3,7
route's,7,6,1,7,6,1,7
routed,6,5,3,8,5,1,6
routeing,8,3,1,4,3,2,5
router,6,3,7,10,3,6,9
routes,6,5,2,7,5,2,7
routine,7,4,3,7,4,2,6
routine's,9,6,2,8,6,2,8
routinely,9,5,2,7,5,2,7
routines,8,4,1,5,4,1,5
routing,7,6,4,10,6,6,12
routinize,9,3,2,5,3,2,5
routinized,10,5,2,7,3,3,6
routinizes,10,5,1,6,4,0,4
routinizing,11,3,1,4,2,3,5
routs,5,5,4,9,5,4,9
roué,4,2,8,10,2,8,10
roué's,6,4,7,11,4,7,11
roués,5,4,5,9,4,5,9
rove,4,4,2,6,4,2,6
roved,5,5,4,9,4,7,11
rover,5,4,3,7,4,3,7
rover's,7,6,0,6,6,0,6
rovers,6,5,2,7,5,2,7
roves,5,4,7,11,4,7,11
roving,6,5,7,12,5,8,13
row,3,3,10,13,3,10,13
row's,5,5,10,15,5,10,15
rowboat,7,3,3,6,3,2,5
rowboat's,9,5,2,7,4,1,5
rowboats,8,4,1,5,4,1,5
rowdier,7,4,3,7,4,3,7
rowdies,7,6,1,7,6,1,7
rowdiest,8,7,1,8,7,0,7
rowdiness,9,7,0,7,7,1,8
rowdiness's,11,8,0,8,8,1,9
rowdy,5,3,7,10,4,5,9
rowdy's,7,5,6,11,5,6,11
rowdyism,8,4,4,8,4,5,9
rowdyism's,10,5,3,8,5,5,10
rowed,5,4,5,9,5,6,11
rowel,5,3,4,7,3,4,7
rowel's,7,5,2,7,6,0,6
roweled,7,3,3,6,3,2,5
roweling,8,6,2,8,6,2,8
rowelled,8,4,4,8,4,4,8
rowelling,9,8,3,11,8,2,10
rowels,6,4,3,7,4,2,6
rower,5,3,4,7,3,4,7
rower's,7,5,2,7,5,2,7
rowers,6,4,3,7,4,3,7
rowing,6,6,8,14,6,7,13
rowing's,8,6,4,10,6,4,10
rows,4,4,10,14,4,10,14
royal,5,4,3,7,4,3,7
royal's,7,5,2,7,6,2,8
royalist,8,7,1,8,7,1,8
royalist's,10,8,0,8,8,1,9
royalists,9,7,1,8,7,1,8
royally,7,4,3,7,4,3,7
royals,6,4,3,7,4,3,7
royalties,9,8,0,8,5,0,5
royalties's,11,4,0,4,3,0,3
royalty,7,4,3,7,3,3,6
royalty's,9,6,2,8,5,3,8
rs,2,2,9,11,2,9,11
rub,3,3,9,12,3,9,12
rub's,5,5,9,14,5,9,14
rubbed,6,5,4,9,5,4,9
rubber,6,4,2,6,4,2,6
rubber's,8,6,2,8,6,4,10
rubberize,9,2,3,5,3,2,5
rubberized,10,3,2,5,3,1,4
rubberizes,10,3,0,3,3,0,3
rubberizing,11,4,1,5,4,1,5
rubberneck,10,2,1,3,2,1,3
rubberneck's,12,4,0,4,4,0,4
rubbernecked,12,2,2,4,2,2,4
rubbernecking,13,2,1,3,2,2,4
rubbernecks,11,3,0,3,3,0,3
rubbers,7,5,3,8,5,2,7
rubbery,7,3,2,5,3,2,5
rubbing,7,5,7,12,5,8,13
rubbish,7,5,1,6,4,3,7
rubbish's,9,5,1,6,4,2,6
rubbished,9,3,0,3,3,0,3
rubbishes,9,5,1,6,5,0,5
rubbishing,10,6,1,7,4,1,5
rubbishy,8,3,3,6,2,3,5
rubble,6,4,4,8,4,4,8
rubble's,8,6,3,9,6,2,8
rubdown,7,5,5,10,4,5,9
rubdown's,9,7,4,11,6,4,10
rubdowns,8,6,3,9,3,3,6
rube,4,4,7,11,4,7,11
rube's,6,6,8,14,6,8,14
rubella,7,2,3,5,3,2,5
rubella's,9,4,2,6,5,2,7
rubes,5,5,6,11,5,7,12
rubicund,8,3,3,6,2,4,6
rubier,6,4,2,6,4,2,6
rubies,6,6,1,7,6,1,7
rubiest,7,5,3,8,5,3,8
ruble,5,3,5,8,3,5,8
ruble's,7,4,4,8,4,4,8
rubles,6,5,2,7,5,2,7
rubric,6,2,7,9,2,7,9
rubric's,8,3,5,8,3,5,8
rubrics,7,3,6,9,4,4,8
rubs,4,4,9,13,4,9,13
ruby,4,4,5,9,4,6,10
ruby's,6,6,4,10,6,4,10
rucksack,8,3,2,5,3,2,5
rucksack's,10,3,1,4,3,1,4
rucksacks,9,4,2,6,3,2,5
ruckus,6,3,7,10,3,7,10
ruckus's,8,5,4,9,5,4,9
ruckuses,8,5,0,5,5,0,5
rudder,6,4,3,7,4,3,7
rudder's,8,6,3,9,5,5,10
rudders,7,5,4,9,5,3,8
ruddier,7,3,4,7,3,4,7
ruddiest,8,7,5,12,7,5,12
ruddiness,9,5,5,10,5,5,10
ruddiness's,11,6,5,11,6,5,11
ruddy,5,4,8,12,4,8,12
rude,4,3,6,9,3,5,8
rudely,6,5,4,9,5,4,9
rudeness,8,5,2,7,5,2,7
rudeness's,10,6,2,8,6,2,8
ruder,5,3,3,6,3,3,6
rudest,6,4,2,6,4,2,6
rudiment,8,5,1,6,2,4,6
rudiment's,10,4,2,6,8,2,10
rudimentary,11,3,1,4,3,1,4
rudiments,9,7,2,9,4,1,5
rue,3,2,7,9,2,7,9
rue's,5,4,6,10,4,6,10
rued,4,2,4,6,3,4,7
rueful,6,3,1,4,3,1,4
ruefully,8,2,2,4,2,4,6
rues,4,3,6,9,3,6,9
ruff,4,3,7,10,3,8,11
ruff's,6,5,6,11,5,6,11
ruffed,6,5,5,10,5,5,10
ruffian,7,4,3,7,4,3,7
ruffian's,9,6,3,9,5,2,7
ruffians,8,4,2,6,4,2,6
ruffing,7,5,10,15,5,10,15
ruffle,6,5,4,9,5,8,13
ruffle's,8,7,4,11,6,3,9
ruffled,7,5,3,8,5,3,8
ruffles,7,6,3,9,6,7,13
ruffling,8,6,6,12,6,6,12
ruffs,5,4,7,11,4,6,10
rug,3,3,11,14,3,11,14
rug's,5,5,10,15,5,10,15
rugby,5,3,5,8,3,9,12
rugby's,7,5,4,9,5,6,11
rugged,6,5,6,11,5,6,11
ruggeder,8,4,2,6,4,2,6
ruggedest,9,5,1,6,5,1,6
ruggedly,8,6,2,8,3,2,5
ruggedness,10,5,1,6,5,1,6
ruggedness's,12,6,1,7,6,1,7
rugrat,6,3,4,7,3,4,7
rugrat's,8,5,3,8,5,3,8
rugrats,7,3,3,6,4,3,7
rugs,4,4,10,14,4,10,14
ruin,4,3,5,8,3,5,8
ruin's,6,5,4,9,5,4,9
ruination,9,4,2,6,3,2,5
ruination's,11,6,1,7,6,1,7
ruined,6,4,2,6,4,2,6
ruing,5,2,5,7,2,5,7
ruining,7,3,5,8,3,5,8
ruinous,7,4,3,7,6,2,8
ruinously,9,6,0,6,4,1,5
ruins,5,3,4,7,3,4,7
rule,4,3,5,8,3,6,9
rule's,6,5,5,10,5,5,10
ruled,5,4,5,9,4,5,9
ruler,5,2,5,7,2,5,7
ruler's,7,4,4,8,4,4,8
rulers,6,3,4,7,3,4,7
rules,5,4,6,10,4,6,10
ruling,6,5,4,9,5,4,9
ruling's,8,5,4,9,4,4,8
rulings,7,3,4,7,3,4,7
rum,3,3,9,12,3,9,12
rum's,5,4,10,14,4,10,14
rumba,5,3,4,7,3,4,7
rumba's,7,5,3,8,5,3,8
rumbaed,7,4,2,6,4,2,6
rumbaing,8,5,3,8,4,4,8
rumbas,6,4,4,8,4,4,8
rumble,6,6,6,12,6,6,12
rumble's,8,8,4,12,7,2,9
rumbled,7,7,2,9,4,4,8
rumbles,7,7,5,12,7,6,13
rumbling,8,8,6,14,8,5,13
rumbling's,10,7,4,11,7,4,11
rumblings,9,8,4,12,8,4,12
ruminant,8,5,3,8,5,3,8
ruminant's,10,6,2,8,5,2,7
ruminants,9,3,3,6,4,2,6
ruminate,8,6,2,8,6,2,8
ruminated,9,7,2,9,7,1,8
ruminates,9,7,1,8,7,1,8
ruminating,10,6,3,9,6,3,9
rumination,10,5,2,7,4,2,6
rumination's,12,7,1,8,5,1,6
ruminations,11,5,1,6,5,1,6
rummage,7,4,4,8,4,3,7
rummage's,9,6,2,8,6,2,8
rummaged,8,4,1,5,3,1,4
rummages,8,5,2,7,5,2,7
rummaging,9,5,2,7,5,2,7
rummer,6,4,4,8,4,4,8
rummest,7,5,3,8,5,4,9
rummy,5,4,8,12,4,7,11
rummy's,7,5,6,11,6,6,12
rumor,5,2,4,6,2,4,6
rumor's,7,4,3,7,4,3,7
rumored,7,3,2,5,3,2,5
rumoring,8,4,3,7,4,3,7
rumors,6,4,4,8,3,4,7
rump,4,3,8,11,3,9,12
rump's,6,5,7,12,5,7,12
rumple,6,5,5,10,4,9,13
rumple's,8,6,5,11,5,4,9
rumpled,7,6,3,9,5,3,8
rumples,7,5,4,9,5,8,13
rumpling,8,7,5,12,5,8,13
rumps,5,3,8,11,3,8,11
rumpus,6,3,6,9,3,5,8
rumpus's,8,4,5,9,4,5,9
rumpuses,8,4,1,5,4,1,5
rums,4,3,10,13,3,11,14
run,3,3,10,13,3,10,13
run's,5,4,11,15,4,11,15
runabout,8,2,3,5,2,3,5
runabout's,10,4,2,6,5,2,7
runabouts,9,3,3,6,4,2,6
runaround,9,2,3,5,2,3,5
runaround's,11,4,1,5,3,1,4
runarounds,10,4,2,6,5,2,7
runaway,7,3,3,6,3,2,5
runaway's,9,5,1,6,5,1,6
runaways,8,3,2,5,3,2,5
rundown,7,5,5,10,4,5,9
rundown's,9,7,4,11,6,4,10
rundowns,8,6,3,9,3,3,6
rune,4,3,8,11,3,8,11
rune's,6,6,6,12,6,6,12
runes,5,5,6,11,5,6,11
rung,4,2,9,11,2,10,12
rung's,6,4,8,12,4,8,12
rungs,5,5,6,11,5,7,12
runnel,6,3,4,7,3,4,7
runnel's,8,5,2,7,5,2,7
runnels,7,3,2,5,3,2,5
runner,6,3,5,8,3,5,8
runner's,8,5,4,9,5,2,7
runners,7,4,5,9,5,4,9
runnier,7,4,1,5,4,1,5
runniest,8,6,6,12,6,6,12
running,7,4,6,10,4,6,10
running's,9,6,4,10,6,4,10
runny,5,3,9,12,4,10,14
runoff,6,3,5,8,3,5,8
runoff's,8,5,3,8,5,3,8
runoffs,7,4,4,8,4,4,8
runs,4,3,11,14,4,9,13
runt,4,3,6,9,3,7,10
runt's,6,5,5,10,5,5,10
runts,5,4,7,11,4,8,12
runway,6,4,3,7,3,6,9
runway's,8,6,2,8,5,4,9
runways,7,4,3,7,4,4,8
rupee,5,2,1,3,2,1,3
rupee's,7,4,0,4,4,0,4
rupees,6,2,0,2,2,0,2
rupture,7,4,4,8,3,3,6
rupture's,9,6,2,8,5,3,8
ruptured,8,4,4,8,2,1,3
ruptures,8,5,3,8,4,3,7
rupturing,9,5,4,9,5,4,9
rural,5,4,5,9,3,4,7
ruse,4,3,7,10,3,7,10
ruse's,6,4,5,9,4,5,9
ruses,5,3,5,8,3,5,8
rush,4,4,5,9,4,5,9
rush's,6,5,3,8,5,3,8
rushed,6,6,3,9,4,7,11
rushes,6,4,2,6,4,2,6
rushing,7,6,5,11,6,5,11
rusk,4,3,8,11,3,8,11
rusk's,6,4,7,11,4,7,11
rusks,5,3,6,9,3,6,9
russet,6,4,2,6,4,2,6
russet's,8,5,2,7,5,2,7
russets,7,4,1,5,4,1,5
rust,4,3,11,14,3,11,14
rust's,6,4,8,12,4,8,12
rusted,6,5,4,9,5,3,8
rustic,6,4,2,6,4,3,7
rustic's,8,4,3,7,5,4,9
rustically,10,6,0,6,6,0,6
rusticity,9,4,1,5,4,2,6
rusticity's,11,5,2,7,5,2,7
rustics,7,4,3,7,3,3,6
rustier,7,4,2,6,4,1,5
rustiest,8,5,5,10,5,5,10
rustiness,9,6,4,10,6,4,10
rustiness's,11,7,4,11,7,4,11
rusting,7,6,5,11,6,7,13
rustle,6,4,6,10,5,7,12
rustle's,8,6,2,8,6,2,8
rustled,7,6,3,9,4,1,5
rustler,7,6,2,8,3,1,4
rustler's,9,4,0,4,4,0,4
rustlers,8,3,1,4,3,1,4
rustles,7,5,2,7,5,2,7
rustling,8,7,3,10,7,3,10
rustproof,9,1,4,5,2,3,5
rustproofed,11,3,2,5,3,2,5
rustproofing,12,5,1,6,3,0,3
rustproofs,10,2,2,4,2,3,5
rusts,5,3,7,10,3,7,10
rusty,5,5,3,8,5,3,8
rut,3,2,11,13,2,11,13
rut's,5,4,11,15,4,11,15
rutabaga,8,2,3,5,1,4,5
rutabaga's,10,3,3,6,3,3,6
rutabagas,9,2,2,4,2,2,4
ruthless,8,5,1,6,4,3,7
ruthlessly,10,5,0,5,5,1,6
ruthlessness,12,5,0,5,5,0,5
ruthlessness's,14,6,0,6,6,0,6
ruts,4,3,11,14,3,11,14
rutted,6,4,7,11,5,3,8
rutting,7,5,10,15,5,10,15
rye,3,2,7,9,2,7,9
rye's,5,4,7,11,4,7,11
s,1,1,18,19,1,18,19
sabbatical,10,4,1,5,3,1,4
sabbatical's,12,4,1,5,3,1,4
sabbaticals,11,2,3,5,3,2,5
saber,5,5,0,5,5,0,5
saber's,7,6,1,7,6,0,6
sabers,6,5,2,7,5,2,7
sable,5,4,1,5,4,1,5
sable's,7,5,1,6,5,1,6
sables,6,4,2,6,4,2,6
sabotage,8,4,1,5,4,0,4
sabotage's,10,5,2,7,4,2,6
sabotaged,9,5,1,6,5,1,6
sabotages,9,4,0,4,4,0,4
sabotaging,10,4,1,5,4,1,5
saboteur,8,3,1,4,3,0,3
saboteur's,10,4,0,4,3,0,3
saboteurs,9,3,1,4,3,0,3
sabre,5,5,0,5,5,0,5
sabre's,7,6,0,6,6,0,6
sabres,6,4,0,4,4,0,4
sac,3,2,11,13,2,11,13
sac's,5,4,3,7,4,3,7
saccharin,9,3,1,4,3,1,4
saccharin's,11,3,2,5,2,2,4
saccharine,10,4,1,5,4,0,4
sacerdotal,10,3,1,4,3,1,4
sachem,6,2,6,8,3,5,8
sachem's,8,3,4,7,3,4,7
sachems,7,4,4,8,6,3,9
sachet,6,4,4,8,4,4,8
sachet's,8,5,3,8,5,3,8
sachets,7,5,3,8,5,4,9
sack,4,3,5,8,3,5,8
sack's,6,4,2,6,4,2,6
sackcloth,9,3,2,5,3,2,5
sackcloth's,11,4,1,5,4,1,5
sacked,6,5,4,9,5,5,10
sackful,7,2,4,6,3,3,6
sackful's,9,4,3,7,4,3,7
sackfuls,8,3,3,6,3,3,6
sacking,7,6,2,8,6,2,8
sacking's,9,7,1,8,7,1,8
sacks,5,3,3,6,3,3,6
sacrament,9,5,0,5,3,0,3
sacrament's,11,4,0,4,3,1,4
sacramental,11,3,1,4,3,0,3
sacraments,10,4,0,4,4,0,4
sacred,6,5,0,5,5,0,5
sacredly,8,5,1,6,4,0,4
sacredness,10,3,0,3,3,0,3
sacredness's,12,3,0,3,3,0,3
sacrifice,9,4,0,4,4,0,4
sacrifice's,11,5,0,5,4,0,4
sacrificed,10,5,0,5,4,1,5
sacrifices,10,4,0,4,4,0,4
sacrificial,11,2,1,3,3,1,4
sacrificing,11,6,0,6,3,1,4
sacrilege,9,3,0,3,3,0,3
sacrilege's,11,3,0,3,3,0,3
sacrileges,10,3,0,3,3,0,3
sacrilegious,12,5,0,5,3,0,3
sacristan,9,4,0,4,3,2,5
sacristan's,11,5,0,5,3,1,4
sacristans,10,6,0,6,3,1,4
sacristies,10,3,0,3,2,0,2
sacristy,8,3,0,3,3,0,3
sacristy's,10,6,0,6,3,1,4
sacrosanct,10,3,1,4,3,1,4
sacs,4,3,2,5,3,3,6
sad,3,2,13,15,3,11,14
sadden,6,4,2,6,4,2,6
saddened,8,4,2,6,3,0,3
saddening,9,6,0,6,5,0,5
saddens,7,2,5,7,4,2,6
sadder,6,5,5,10,4,5,9
saddest,7,4,1,5,4,1,5
saddle,6,5,5,10,5,3,8
saddle's,8,6,1,7,6,1,7
saddlebag,9,3,1,4,3,1,4
saddlebag's,11,4,1,5,3,1,4
saddlebags,10,4,1,5,3,1,4
saddled,7,3,0,3,3,0,3
saddles,7,5,2,7,5,1,6
saddling,8,7,1,8,7,1,8
sades,5,4,1,5,4,1,5
sadism,6,3,3,6,3,3,6
sadism's,8,5,2,7,5,2,7
sadist,6,2,3,5,2,3,5
sadist's,8,5,2,7,5,2,7
sadistic,8,2,1,3,2,1,3
sadistically,12,3,0,3,2,0,2
sadists,7,4,1,5,3,2,5
sadly,5,4,1,5,4,1,5
sadness,7,3,1,4,3,1,4
sadness's,9,4,1,5,4,1,5
safari,6,3,2,5,3,2,5
safari's,8,4,2,6,4,2,6
safaried,8,7,1,8,7,1,8
safariing,9,2,1,3,2,1,3
safaris,7,3,3,6,3,3,6
safe,4,4,1,5,3,9,12
safe's,6,5,1,6,5,1,6
safeguard,9,3,1,4,3,1,4
safeguard's,11,4,1,5,4,1,5
safeguarded,11,3,1,4,3,0,3
safeguarding,12,3,0,3,3,0,3
safeguards,10,3,1,4,4,1,5
safekeeping,11,5,0,5,2,0,2
safekeeping's,13,5,2,7,2,0,2
safely,6,6,0,6,6,0,6
safeness,8,5,0,5,5,0,5
safeness's,10,6,0,6,6,0,6
safer,5,5,1,6,5,1,6
safes,5,4,2,6,4,2,6
safest,6,5,0,5,5,0,5
safeties,8,5,0,5,5,0,5
safety,6,4,1,5,5,1,6
safety's,8,4,0,4,4,0,4
safflower,9,5,0,5,4,1,5
safflower's,11,5,1,6,6,0,6
safflowers,10,5,0,5,5,0,5
saffron,7,3,2,5,4,2,6
saffron's,9,4,1,5,4,1,5
saffrons,8,3,2,5,4,1,5
sag,3,3,11,14,3,11,14
sag's,5,4,4,8,4,4,8
saga,4,2,1,3,2,4,6
saga's,6,3,3,6,3,3,6
sagacious,9,7,2,9,7,2,9
sagacity,8,5,2,7,4,2,6
sagacity's,10,3,1,4,2,1,3
sagas,5,2,1,3,2,1,3
sage,4,4,2,6,4,6,10
sage's,6,5,2,7,5,2,7
sagebrush,9,2,1,3,3,1,4
sagebrush's,11,3,1,4,2,2,4
sager,5,5,2,7,5,2,7
sages,5,4,3,7,4,3,7
sagest,6,5,1,6,5,1,6
sagged,6,5,5,10,5,7,12
sagging,7,4,1,5,4,1,5
sago,4,2,6,8,2,6,8
sago's,6,4,4,8,4,4,8
sags,4,3,3,6,3,4,7
saguaro,7,2,3,5,2,3,5
saguaro's,9,3,2,5,2,2,4
saguaros,8,2,3,5,2,3,5
sahib,5,4,2,6,4,2,6
sahib's,7,5,1,6,5,1,6
sahibs,6,3,3,6,3,3,6
said,4,4,2,6,4,2,6
sail,4,3,3,6,3,3,6
sail's,6,4,4,8,4,4,8
sailboard,9,3,1,4,3,1,4
sailboard's,11,3,2,5,3,1,4
sailboards,10,3,2,5,3,1,4
sailboat,8,3,1,4,3,1,4
sailboat's,10,4,1,5,2,2,4
sailboats,9,3,3,6,2,2,4
sailcloth,9,4,1,5,3,1,4
sailcloth's,11,4,1,5,4,1,5
sailed,6,6,7,13,6,7,13
sailfish,8,3,2,5,3,2,5
sailfish's,10,4,0,4,7,0,7
sailfishes,10,5,1,6,6,1,7
sailing,7,6,1,7,6,1,7
sailing's,9,5,1,6,5,1,6
sailings,8,5,2,7,4,2,6
sailor,6,5,2,7,4,1,5
sailor's,8,6,2,8,5,2,7
sailors,7,5,2,7,4,2,6
sails,5,3,3,6,3,3,6
saint,5,3,3,6,3,3,6
saint's,7,4,2,6,4,2,6
sainthood,9,4,1,5,3,2,5
sainthood's,11,5,1,6,4,1,5
saintlier,9,5,0,5,5,0,5
saintliest,10,4,0,4,4,0,4
saintliness,11,3,0,3,3,0,3
saintliness's,13,3,0,3,3,0,3
saintly,7,6,1,7,6,1,7
saints,6,3,3,6,3,3,6
saith,5,4,3,7,4,3,7
sake,4,4,3,7,3,13,16
sake's,6,5,3,8,5,3,8
saki,4,4,2,6,4,2,6
saki's,6,4,1,5,4,1,5
salaam,6,2,1,3,2,1,3
salaam's,8,3,1,4,2,1,3
salaamed,8,5,1,6,5,1,6
salaaming,9,6,1,7,6,1,7
salaams,7,2,2,4,2,2,4
salable,7,5,0,5,3,0,3
salacious,9,6,3,9,6,3,9
salaciously,11,2,0,2,2,0,2
salaciousness,13,2,0,2,2,0,2
salaciousness's,15,2,0,2,2,0,2
salad,5,2,5,7,2,5,7
salad's,7,4,1,5,4,2,6
salads,6,2,2,4,2,2,4
salamander,10,3,0,3,3,0,3
salamander's,12,3,1,4,3,1,4
salamanders,11,4,1,5,4,0,4
salami,6,4,2,6,4,2,6
salami's,8,5,2,7,5,2,7
salamis,7,4,2,6,4,2,6
salaried,8,6,2,8,6,2,8
salaries,8,4,0,4,4,0,4
salary,6,3,3,6,3,3,6
salary's,8,4,3,7,4,3,7
sale,4,4,4,8,4,8,12
sale's,6,5,4,9,5,4,9
saleable,8,3,1,4,3,0,3
sales,5,4,4,8,4,4,8
salesclerk,10,3,0,3,2,0,2
salesclerk's,12,3,0,3,2,0,2
salesclerks,11,2,1,3,2,0,2
salesgirl,9,3,0,3,3,0,3
salesgirl's,11,5,0,5,3,0,3
salesgirls,10,3,1,4,2,1,3
salesman,8,3,0,3,3,0,3
salesman's,10,4,1,5,4,0,4
salesmanship,12,1,0,1,1,0,1
salesmanship's,14,1,0,1,1,0,1
salesmen,8,3,0,3,3,0,3
salespeople,11,1,1,2,2,0,2
salespeople's,13,1,1,2,2,0,2
salesperson,11,1,0,1,1,0,1
salesperson's,13,1,0,1,1,0,1
salespersons,12,1,0,1,1,0,1
saleswoman,10,2,0,2,3,0,3
saleswoman's,12,3,0,3,3,0,3
saleswomen,10,3,0,3,3,1,4
salience,8,7,0,7,7,0,7
salience's,10,8,0,8,8,0,8
salient,7,7,2,9,7,1,8
salient's,9,6,1,7,6,1,7
salients,8,6,2,8,6,2,8
saline,6,5,3,8,5,3,8
saline's,8,6,2,8,6,2,8
salines,7,6,2,8,6,1,7
salinity,8,3,0,3,3,1,4
salinity's,10,4,1,5,4,1,5
saliva,6,2,2,4,2,2,4
saliva's,8,3,2,5,4,2,6
salivary,8,6,1,7,6,1,7
salivate,8,5,0,5,4,0,4
salivated,9,5,1,6,5,1,6
salivates,9,4,0,4,4,0,4
salivating,10,5,1,6,7,1,8
salivation,10,3,1,4,7,1,8
salivation's,12,6,1,7,4,1,5
sallied,7,5,0,5,5,0,5
sallies,7,5,2,7,5,0,5
sallow,6,3,3,6,4,1,5
sallower,8,4,2,6,4,2,6
sallowest,9,3,1,4,3,1,4
sally,5,4,1,5,4,1,5
sally's,7,5,3,8,5,3,8
sallying,8,6,1,7,6,1,7
salmon,6,5,3,8,5,2,7
salmon's,8,6,3,9,6,3,9
salmonella,10,3,0,3,3,0,3
salmonella's,12,3,1,4,3,0,3
salmonellae,11,3,1,4,3,0,3
salmonellas,11,2,1,3,3,0,3
salmons,7,3,3,6,3,3,6
salon,5,4,4,8,4,4,8
salon's,7,5,4,9,5,4,9
salons,6,4,3,7,4,3,7
saloon,6,4,1,5,3,1,4
saloon's,8,4,1,5,3,1,4
saloons,7,3,2,5,3,2,5
salsa,5,2,2,4,2,1,3
salsa's,7,3,1,4,3,1,4
salsas,6,2,2,4,2,1,3
salt,4,3,4,7,3,4,7
salt's,6,4,3,7,4,3,7
saltcellar,10,3,1,4,3,1,4
saltcellar's,12,4,0,4,3,0,3
saltcellars,11,4,0,4,4,0,4
salted,6,4,5,9,4,5,9
salter,6,5,1,6,5,1,6
saltest,7,4,0,4,4,0,4
saltier,7,6,1,7,6,4,10
saltiest,8,5,0,5,4,0,4
saltine,7,4,0,4,6,1,7
saltine's,9,5,0,5,5,1,6
saltines,8,5,0,5,5,0,5
saltiness,9,6,0,6,6,0,6
saltiness's,11,7,0,7,7,0,7
salting,7,7,1,8,7,1,8
saltpeter,9,4,0,4,4,0,4
saltpeter's,11,5,0,5,4,0,4
saltpetre,9,3,0,3,3,0,3
saltpetre's,11,3,0,3,3,0,3
salts,5,3,4,7,3,4,7
saltshaker,10,2,0,2,2,1,3
saltshaker's,12,3,0,3,2,1,3
saltshakers,11,2,0,2,3,0,3
saltwater,9,5,0,5,5,0,5
saltwater's,11,5,1,6,6,0,6
salty,5,4,1,5,4,1,5
salubrious,10,3,2,5,2,2,4
salutary,8,3,2,5,3,2,5
salutation,10,5,1,6,5,1,6
salutation's,12,6,1,7,4,1,5
salutations,11,4,2,6,3,1,4
salute,6,3,2,5,3,2,5
salute's,8,5,3,8,5,3,8
saluted,7,5,0,5,5,0,5
salutes,7,5,2,7,5,1,6
saluting,8,6,1,7,6,1,7
salvage,7,4,0,4,4,0,4
salvage's,9,5,0,5,5,1,6
salvageable,11,3,1,4,3,0,3
salvaged,8,5,1,6,5,1,6
salvages,8,4,1,5,4,2,6
salvaging,9,6,1,7,5,1,6
salvation,9,6,1,7,4,1,5
salvation's,11,4,1,5,4,1,5
salve,5,4,2,6,4,2,6
salve's,7,5,2,7,5,2,7
salved,6,5,3,8,5,3,8
salver,6,5,6,11,5,5,10
salver's,8,6,3,9,6,3,9
salvers,7,5,3,8,5,3,8
salves,6,4,2,6,4,2,6
salving,7,6,2,8,6,2,8
salvo,5,3,5,8,3,5,8
salvo's,7,4,4,8,4,4,8
salvoes,7,4,3,7,4,2,6
salvos,6,3,3,6,3,3,6
samba,5,3,3,6,3,3,6
samba's,7,4,2,6,4,3,7
sambaed,7,5,0,5,5,0,5
sambaing,8,5,1,6,5,1,6
sambas,6,3,2,5,3,1,4
same,4,4,5,9,3,11,14
sameness,8,4,1,5,4,1,5
sameness's,10,5,1,6,5,1,6
sames,5,4,5,9,4,5,9
samovar,7,2,3,5,2,3,5
samovar's,9,4,2,6,4,2,6
samovars,8,4,2,6,3,3,6
sampan,6,4,2,6,4,3,7
sampan's,8,5,2,7,5,3,8
sampans,7,3,2,5,3,2,5
sample,6,4,7,11,4,7,11
sample's,8,5,2,7,5,2,7
sampled,7,5,0,5,5,0,5
sampler,7,5,2,7,4,3,7
sampler's,9,6,0,6,5,1,6
samplers,8,4,1,5,4,1,5
samples,7,4,3,7,4,2,6
sampling,8,6,2,8,6,2,8
sampling's,10,4,1,5,3,1,4
samplings,9,2,3,5,3,2,5
samurai,7,3,1,4,3,1,4
samurai's,9,4,2,6,4,2,6
sanatoria,9,4,1,5,3,1,4
sanatorium,10,3,1,4,3,1,4
sanatorium's,12,3,1,4,2,1,3
sanatoriums,11,4,2,6,3,1,4
sancta,6,3,2,5,3,2,5
sanctification,14,2,0,2,3,0,3
sanctification's,16,3,0,3,3,0,3
sanctified,10,5,0,5,5,0,5
sanctifies,10,4,0,4,4,0,4
sanctify,8,6,0,6,4,1,5
sanctifying,11,4,0,4,5,1,6
sanctimonious,13,3,0,3,3,1,4
sanctimoniously,15,3,0,3,2,0,2
sanction,8,3,0,3,3,1,4
sanction's,10,4,1,5,3,1,4
sanctioned,10,5,0,5,5,0,5
sanctioning,11,3,0,3,3,1,4
sanctions,9,3,3,6,3,2,5
sanctity,8,6,0,6,4,1,5
sanctity's,10,4,2,6,4,2,6
sanctuaries,11,4,0,4,4,0,4
sanctuary,9,2,3,5,2,3,5
sanctuary's,11,4,1,5,2,3,5
sanctum,7,3,3,6,3,3,6
sanctum's,9,4,2,6,4,2,6
sanctums,8,4,2,6,5,2,7
sand,4,4,1,5,4,1,5
sand's,6,4,2,6,4,2,6
sandal,6,3,2,5,3,1,4
sandal's,8,4,2,6,4,1,5
sandals,7,2,3,5,2,3,5
sandalwood,10,2,2,4,2,2,4
sandalwood's,12,3,1,4,2,1,3
sandbag,7,6,2,8,6,2,8
sandbag's,9,7,1,8,7,1,8
sandbagged,10,5,0,5,4,0,4
sandbagging,11,4,0,4,4,1,5
sandbags,8,2,3,5,4,2,6
sandbank,8,2,3,5,2,3,5
sandbank's,10,4,1,5,3,1,4
sandbanks,9,2,3,5,5,1,6
sandbar,7,5,3,8,5,3,8
sandbar's,9,6,2,8,6,2,8
sandbars,8,3,3,6,5,1,6
sandblast,9,2,2,4,3,1,4
sandblast's,11,3,2,5,2,1,3
sandblasted,11,8,1,9,4,1,5
sandblaster,11,8,1,9,4,1,5
sandblaster's,13,4,0,4,2,1,3
sandblasters,12,3,0,3,2,1,3
sandblasting,12,3,0,3,3,0,3
sandblasts,10,2,2,4,2,2,4
sandbox,7,6,2,8,6,2,8
sandbox's,9,7,1,8,7,1,8
sandboxes,9,3,1,4,3,1,4
sandcastle,10,3,1,4,2,1,3
sandcastle's,12,2,0,2,2,0,2
sandcastles,11,3,0,3,2,0,2
sanded,6,4,4,8,4,4,8
sander,6,6,5,11,6,5,11
sander's,8,6,2,8,6,2,8
sanders,7,5,2,7,5,2,7
sandhog,7,6,3,9,6,3,9
sandhog's,9,7,2,9,7,2,9
sandhogs,8,3,3,6,5,2,7
sandier,7,6,0,6,4,0,4
sandiest,8,6,0,6,6,2,8
sandiness,9,3,0,3,3,0,3
sandiness's,11,4,0,4,3,0,3
sanding,7,5,1,6,5,1,6
sandlot,7,5,4,9,5,4,9
sandlot's,9,6,3,9,6,3,9
sandlots,8,4,2,6,4,2,6
sandman,7,3,2,5,3,2,5
sandman's,9,4,1,5,4,2,6
sandmen,7,3,1,4,4,0,4
sandpaper,9,4,1,5,4,1,5
sandpaper's,11,6,0,6,5,1,6
sandpapered,11,4,1,5,4,0,4
sandpapering,12,3,0,3,3,0,3
sandpapers,10,4,0,4,4,0,4
sandpiper,9,4,1,5,5,0,5
sandpiper's,11,6,0,6,5,1,6
sandpipers,10,4,1,5,4,1,5
sands,5,2,5,7,2,5,7
sandstone,9,2,1,3,3,1,4
sandstone's,11,3,1,4,3,0,3
sandstorm,9,2,1,3,3,1,4
sandstorm's,11,4,1,5,2,2,4
sandstorms,10,3,2,5,2,2,4
sandwich,8,4,0,4,4,2,6
sandwich's,10,5,2,7,5,2,7
sandwiched,10,5,0,5,4,0,4
sandwiches,10,4,0,4,3,0,3
sandwiching,11,4,0,4,5,1,6
sandy,5,4,2,6,4,4,8
sane,4,4,6,10,4,11,15
sanely,6,5,1,6,4,1,5
saner,5,5,3,8,5,3,8
sanest,6,4,2,6,4,2,6
sang,4,4,2,6,4,2,6
sangfroid,9,4,1,5,3,1,4
sangfroid's,11,3,2,5,3,2,5
sanguinary,10,3,1,4,3,1,4
sanguine,8,4,0,4,5,0,5
sanitaria,9,2,1,3,2,1,3
sanitarium,10,3,1,4,4,1,5
sanitarium's,12,4,1,5,4,1,5
sanitariums,11,3,3,6,3,2,5
sanitary,8,5,2,7,5,2,7
sanitation,10,3,1,4,4,1,5
sanitation's,12,4,1,5,4,1,5
sanitize,8,4,0,4,5,0,5
sanitized,9,4,1,5,4,1,5
sanitizes,9,5,0,5,5,0,5
sanitizing,10,3,1,4,3,1,4
sanity,6,3,2,5,3,2,5
sanity's,8,4,2,6,4,3,7
sank,4,3,3,6,3,3,6
sans,4,3,4,7,3,5,8
sanserif,8,5,1,6,2,0,2
sap,3,3,2,5,3,1,4
sap's,5,4,0,4,4,0,4
sapience,8,6,1,7,6,1,7
sapience's,10,7,1,8,7,1,8
sapient,7,6,3,9,6,2,8
sapling,7,6,1,7,6,1,7
sapling's,9,6,2,8,6,2,8
saplings,8,5,2,7,4,2,6
sapped,6,4,6,10,4,6,10
sapphire,8,4,1,5,4,1,5
sapphire's,10,5,0,5,5,0,5
sapphires,9,4,0,4,4,0,4
sappier,7,6,2,8,6,2,8
sappiest,8,6,1,7,6,0,6
sapping,7,5,3,8,5,3,8
sappy,5,4,5,9,4,5,9
saprophyte,10,4,1,5,3,1,4
saprophyte's,12,4,0,4,4,0,4
saprophytes,11,4,0,4,4,0,4
saps,4,3,5,8,3,6,9
sapsucker,9,2,0,2,2,0,2
sapsucker's,11,2,0,2,2,1,3
sapsuckers,10,2,1,3,3,1,4
sarape,6,4,1,5,4,2,6
sarape's,8,6,1,7,5,1,6
sarapes,7,4,2,6,4,1,5
sarcasm,7,2,2,4,2,2,4
sarcasm's,9,3,1,4,3,1,4
sarcasms,8,1,3,4,2,2,4
sarcastic,9,3,0,3,3,1,4
sarcastically,13,2,0,2,2,0,2
sarcoma,7,3,2,5,3,2,5
sarcoma's,9,4,1,5,3,1,4
sarcomas,8,2,2,4,2,1,3
sarcomata,9,3,2,5,3,2,5
sarcophagi,10,2,1,3,2,1,3
sarcophagus,11,3,2,5,3,1,4
sarcophagus's,13,10,0,10,10,0,10
sarcophaguses,13,9,1,10,9,1,10
sardine,7,4,2,6,5,2,7
sardine's,9,5,2,7,5,1,6
sardines,8,5,2,7,3,3,6
sardonic,8,3,0,3,3,1,4
sardonically,12,5,1,6,4,1,5
saree,5,4,0,4,4,0,4
saree's,7,4,0,4,5,0,5
sarees,6,4,0,4,4,0,4
sari,4,3,3,6,3,3,6
sari's,6,3,5,8,3,5,8
saris,5,3,3,6,3,3,6
sarong,6,4,2,6,4,2,6
sarong's,8,4,2,6,5,2,7
sarongs,7,3,2,5,3,2,5
sarsaparilla,12,1,1,2,1,1,2
sarsaparilla's,14,3,0,3,1,1,2
sarsaparillas,13,2,1,3,3,0,3
sartorial,9,3,2,5,3,2,5
sartorially,11,4,1,5,3,1,4
sash,4,2,0,2,2,1,3
sash's,6,3,1,4,2,1,3
sashay,6,2,1,3,2,1,3
sashay's,8,1,2,3,2,1,3
sashayed,8,2,0,2,2,0,2
sashaying,9,2,0,2,2,1,3
sashays,7,1,2,3,3,2,5
sashes,6,2,2,4,2,2,4
sass,4,2,0,2,2,1,3
sass's,6,1,1,2,1,1,2
sassafras,9,2,0,2,2,0,2
sassafras's,11,5,0,5,5,0,5
sassafrases,11,4,1,5,4,1,5
sassed,6,4,4,8,4,5,9
sasses,6,2,2,4,2,2,4
sassier,7,3,0,3,3,0,3
sassiest,8,4,0,4,2,0,2
sassing,7,2,1,3,2,2,4
sassy,5,3,0,3,3,0,3
sat,3,3,11,14,3,10,13
satanic,7,3,2,5,3,2,5
satanically,11,3,0,3,2,1,3
satanism,8,3,2,5,3,1,4
satanism's,10,4,0,4,4,0,4
satay,5,3,2,5,3,2,5
satchel,7,3,3,6,4,2,6
satchel's,9,6,2,8,5,1,6
satchels,8,4,3,7,4,2,6
sate,4,4,7,11,3,11,14
sated,5,5,2,7,5,2,7
sateen,6,2,2,4,2,2,4
sateen's,8,5,0,5,4,0,4
satellite,9,3,0,3,3,0,3
satellite's,11,2,1,3,2,1,3
satellited,10,3,1,4,3,1,4
satellites,10,4,0,4,3,0,3
satelliting,11,5,0,5,4,0,4
sates,5,4,6,10,4,6,10
satiate,7,3,2,5,3,4,7
satiated,8,4,1,5,5,2,7
satiates,8,4,1,5,4,0,4
satiating,9,5,2,7,5,1,6
satiety,7,4,1,5,3,1,4
satiety's,9,5,2,7,4,0,4
satin,5,3,3,6,3,3,6
satin's,7,4,2,6,4,2,6
sating,6,6,1,7,6,2,8
satinwood,9,3,1,4,3,1,4
satinwood's,11,3,1,4,4,1,5
satinwoods,10,3,2,5,4,1,5
satiny,6,4,3,7,4,3,7
satire,6,4,3,7,4,1,5
satire's,8,4,1,5,4,1,5
satires,7,5,1,6,5,0,5
satirical,9,3,1,4,3,1,4
satirically,11,2,0,2,2,1,3
satirist,8,3,1,4,3,1,4
satirist's,10,3,1,4,3,0,3
satirists,9,2,1,3,2,1,3
satirize,8,3,1,4,5,0,5
satirized,9,4,0,4,4,0,4
satirizes,9,5,0,5,5,0,5
satirizing,10,5,1,6,4,1,5
satisfaction,12,6,0,6,2,0,2
satisfaction's,14,2,0,2,2,0,2
satisfactions,13,2,0,2,1,1,2
satisfactorily,14,1,0,1,1,0,1
satisfactory,12,6,0,6,2,0,2
satisfied,9,4,0,4,4,0,4
satisfies,9,2,1,3,2,1,3
satisfy,7,3,1,4,3,2,5
satisfying,10,2,1,3,2,2,4
satrap,6,2,3,5,2,3,5
satrap's,8,3,3,6,3,3,6
satraps,7,3,2,5,3,2,5
saturate,8,4,1,5,4,0,4
saturated,9,4,0,4,4,0,4
saturates,9,4,0,4,4,0,4
saturating,10,5,1,6,5,1,6
saturation,10,5,1,6,5,1,6
saturation's,12,6,1,7,4,1,5
saturnine,9,4,0,4,4,0,4
satyr,5,3,1,4,3,1,4
satyr's,7,4,3,7,4,3,7
satyrs,6,3,4,7,3,4,7
sauce,5,3,3,6,3,3,6
sauce's,7,4,3,7,4,3,7
sauced,6,5,4,9,5,5,10
saucepan,8,3,2,5,3,1,4
saucepan's,10,3,1,4,3,0,3
saucepans,9,4,1,5,3,1,4
saucer,6,4,6,10,4,6,10
saucer's,8,5,4,9,5,4,9
saucers,7,5,4,9,5,4,9
sauces,6,3,3,6,3,3,6
saucier,7,6,3,9,5,5,10
sauciest,8,6,2,8,5,3,8
saucily,7,4,2,6,4,2,6
sauciness,9,5,1,6,5,1,6
sauciness's,11,6,1,7,6,1,7
saucing,7,6,2,8,6,2,8
saucy,5,3,6,9,3,6,9
sauerkraut,10,3,1,4,3,1,4
sauerkraut's,12,3,0,3,3,0,3
sauna,5,3,1,4,3,1,4
sauna's,7,4,0,4,4,1,5
saunaed,7,4,1,5,4,1,5
saunaing,8,5,0,5,5,1,6
saunas,6,2,3,5,2,2,4
saunter,7,4,3,7,5,3,8
saunter's,9,5,1,6,6,1,7
sauntered,9,5,0,5,5,0,5
sauntering,10,5,0,5,4,0,4
saunters,8,6,1,7,5,1,6
sausage,7,3,0,3,4,0,4
sausage's,9,2,0,2,2,0,2
sausages,8,3,0,3,3,0,3
sauted,6,5,2,7,5,2,7
sauté,5,2,4,6,2,4,6
sauté's,7,3,4,7,3,4,7
sautéed,7,5,2,7,4,3,7
sautéing,8,5,1,6,5,3,8
sautés,6,3,4,7,3,4,7
savage,6,3,3,6,3,3,6
savage's,8,4,1,5,4,1,5
savaged,7,4,0,4,4,0,4
savagely,8,3,3,6,2,3,5
savageness,10,4,0,4,4,0,4
savageness's,12,5,0,5,5,0,5
savager,7,4,2,6,4,3,7
savageries,10,5,0,5,3,1,4
savagery,8,5,2,7,5,1,6
savagery's,10,6,2,8,4,1,5
savages,7,3,3,6,3,2,5
savagest,8,4,1,5,4,1,5
savaging,8,4,1,5,5,1,6
savanna,7,2,2,4,2,2,4
savanna's,9,3,1,4,5,1,6
savannah,8,2,2,4,2,2,4
savannah's,10,3,1,4,2,1,3
savannahes,10,3,0,3,3,1,4
savannahs,9,2,3,5,4,2,6
savannas,8,2,2,4,2,1,3
savant,6,2,3,5,2,3,5
savant's,8,3,3,6,3,3,6
savants,7,2,3,5,2,3,5
save,4,3,8,11,4,10,14
save's,6,4,5,9,4,5,9
saved,5,5,3,8,5,3,8
saver,5,4,4,8,4,4,8
saver's,7,5,2,7,5,1,6
savers,6,4,3,7,4,3,7
saves,5,4,7,11,4,7,11
saving,6,6,2,8,6,3,9
saving's,8,7,2,9,7,2,9
savings,7,6,3,9,6,3,9
savings's,9,5,1,6,3,1,4
savior,6,5,2,7,4,2,6
savior's,8,6,2,8,5,1,6
saviors,7,5,2,7,4,2,6
saviour,7,3,2,5,3,1,4
saviour's,9,4,2,6,4,2,6
saviours,8,2,4,6,3,2,5
savor,5,3,4,7,3,4,7
savor's,7,5,3,8,5,3,8
savored,7,5,2,7,5,1,6
savorier,8,5,1,6,5,0,5
savories,8,4,0,4,4,0,4
savoriest,9,5,0,5,5,0,5
savoring,8,6,2,8,6,2,8
savors,6,3,3,6,3,3,6
savory,6,3,2,5,3,2,5
savory's,8,5,2,7,4,2,6
savvied,7,4,3,7,5,1,6
savvier,7,5,4,9,6,3,9
savvies,7,4,3,7,4,2,6
savviest,8,5,3,8,6,1,7
savvy,5,4,3,7,4,2,6
savvy's,7,4,6,10,5,5,10
savvying,8,6,2,8,6,2,8
saw,3,2,11,13,2,12,14
saw's,5,4,5,9,4,5,9
sawdust,7,4,3,7,2,3,5
sawdust's,9,5,2,7,3,2,5
sawed,5,4,4,8,4,4,8
sawhorse,8,3,0,3,3,0,3
sawhorse's,10,4,0,4,3,1,4
sawhorses,9,4,0,4,3,1,4
sawing,6,6,3,9,6,4,10
sawmill,7,4,2,6,4,2,6
sawmill's,9,4,3,7,4,3,7
sawmills,8,3,3,6,3,3,6
sawn,4,3,1,4,3,1,4
saws,4,3,6,9,3,7,10
sawyer,6,5,4,9,5,4,9
sawyer's,8,6,2,8,6,2,8
sawyers,7,4,5,9,4,5,9
sax,3,2,13,15,1,15,16
sax's,5,4,6,10,4,6,10
saxes,5,3,8,11,3,8,11
saxophone,9,3,1,4,3,1,4
saxophone's,11,4,1,5,3,1,4
saxophones,10,3,1,4,3,1,4
saxophonist,11,4,0,4,3,1,4
saxophonist's,13,3,0,3,2,0,2
saxophonists,12,2,1,3,2,1,3
say,3,3,12,15,3,13,16
say's,5,3,7,10,3,7,10
saying,6,5,4,9,5,5,10
saying's,8,6,3,9,6,3,9
sayings,7,5,4,9,5,4,9
says,4,2,7,9,2,8,10
scab,4,4,6,10,4,7,11
scab's,6,5,4,9,5,5,10
scabbard,8,4,3,7,3,3,6
scabbard's,10,6,1,7,6,2,8
scabbards,9,4,4,8,2,3,5
scabbed,7,6,3,9,6,3,9
scabbier,8,7,3,10,7,2,9
scabbiest,9,7,1,8,7,1,8
scabbing,8,7,3,10,7,4,11
scabby,6,4,4,8,4,4,8
scabies,7,4,2,6,4,2,6
scabies's,9,4,1,5,4,1,5
scabrous,8,4,3,7,3,4,7
scabs,5,4,3,7,4,3,7
scad,4,4,7,11,4,8,12
scad's,6,5,5,10,5,6,11
scads,5,4,4,8,4,4,8
scaffold,8,5,3,8,4,3,7
scaffold's,10,4,3,7,6,3,9
scaffolding,11,5,0,5,4,2,6
scaffolding's,13,5,2,7,3,1,4
scaffolds,9,4,2,6,4,2,6
scalar,6,4,1,5,4,1,5
scalars,7,4,2,6,4,2,6
scalawag,8,2,2,4,2,2,4
scalawag's,10,3,1,4,2,1,3
scalawags,9,2,3,5,2,1,3
scald,5,5,4,9,5,3,8
scald's,7,6,5,11,6,4,10
scalded,7,6,0,6,6,0,6
scalding,8,8,1,9,6,6,12
scalds,6,5,5,10,5,4,9
scale,5,5,4,9,5,4,9
scale's,7,6,3,9,6,3,9
scaled,6,5,3,8,5,3,8
scalene,7,3,0,3,3,0,3
scales,6,4,4,8,4,4,8
scalier,7,6,1,7,6,2,8
scaliest,8,7,0,7,7,0,7
scaling,7,6,4,10,6,4,10
scallion,8,7,0,7,7,1,8
scallion's,10,8,1,9,8,1,9
scallions,9,7,3,10,7,1,8
scallop,7,4,4,8,5,3,8
scallop's,9,5,3,8,6,3,9
scalloped,9,7,1,8,6,2,8
scalloping,10,8,1,9,7,2,9
scallops,8,5,3,8,4,4,8
scallywag,9,2,3,5,2,3,5
scallywag's,11,3,2,5,2,3,5
scallywags,10,2,4,6,2,1,3
scalp,5,5,5,10,5,4,9
scalp's,7,5,6,11,5,5,10
scalped,7,6,1,7,6,1,7
scalpel,7,3,3,6,3,2,5
scalpel's,9,4,2,6,4,1,5
scalpels,8,3,3,6,3,2,5
scalper,7,7,3,10,5,6,11
scalper's,9,8,1,9,8,1,9
scalpers,8,7,1,8,7,1,8
scalping,8,7,2,9,7,3,10
scalps,6,4,6,10,4,5,9
scaly,5,4,6,10,4,5,9
scam,4,4,8,12,4,9,13
scam's,6,5,6,11,5,7,12
scammed,7,6,4,10,6,4,10
scammer,7,6,4,10,6,3,9
scammers,8,6,2,8,6,2,8
scamming,8,6,4,10,7,2,9
scamp,5,5,5,10,3,5,8
scamp's,7,6,4,10,6,5,11
scamper,7,6,4,10,5,3,8
scamper's,9,7,2,9,7,2,9
scampered,9,5,2,7,5,1,6
scampering,10,8,1,9,8,1,9
scampers,8,6,2,8,6,2,8
scampi,6,3,3,6,3,4,7
scampi's,8,4,2,6,3,2,5
scampies,8,6,0,6,5,0,5
scamps,6,3,7,10,3,7,10
scams,5,4,5,9,4,5,9
scan,4,3,9,12,3,10,13
scan's,6,5,7,12,5,8,13
scandal,7,3,2,5,3,2,5
scandal's,9,4,1,5,4,2,6
scandalize,10,4,1,5,4,0,4
scandalized,11,5,0,5,3,0,3
scandalizes,11,3,1,4,3,1,4
scandalizing,12,3,1,4,3,1,4
scandalmonger,13,3,0,3,3,1,4
scandalmonger's,15,2,0,2,3,1,4
scandalmongers,14,2,1,3,4,0,4
scandalous,10,3,2,5,2,2,4
scandalously,12,6,0,6,3,0,3
scandals,8,3,2,5,4,1,5
scanned,7,5,5,10,5,5,10
scanner,7,5,5,10,6,4,10
scanner's,9,6,2,8,5,3,8
scanners,8,5,3,8,4,3,7
scanning,8,6,0,6,6,1,7
scans,5,4,6,10,4,6,10
scansion,8,3,2,5,4,1,5
scansion's,10,3,1,4,3,0,3
scant,5,5,1,6,5,1,6
scanted,7,7,0,7,7,0,7
scanter,7,5,2,7,5,3,8
scantest,8,5,0,5,5,0,5
scantier,8,7,0,7,7,1,8
scanties,8,5,1,6,7,1,8
scantiest,9,5,0,5,4,1,5
scantily,8,3,1,4,3,1,4
scantiness,10,4,0,4,4,0,4
scantiness's,12,4,0,4,4,0,4
scanting,8,7,0,7,7,1,8
scants,6,5,2,7,5,2,7
scanty,6,6,1,7,5,2,7
scapegoat,9,4,1,5,4,1,5
scapegoat's,11,4,0,4,4,0,4
scapegoated,11,3,1,4,3,0,3
scapegoating,12,5,0,5,3,0,3
scapegoats,10,4,0,4,3,0,3
scapula,7,3,2,5,3,2,5
scapula's,9,4,1,5,4,1,5
scapulae,8,3,1,4,3,0,3
scapulas,8,3,2,5,3,1,4
scar,4,4,1,5,4,1,5
scar's,6,4,8,12,4,9,13
scarab,6,4,1,5,4,1,5
scarab's,8,4,1,5,4,1,5
scarabs,7,4,2,6,4,2,6
scarce,6,5,2,7,3,1,4
scarcely,8,4,1,5,4,0,4
scarceness,10,4,0,4,4,0,4
scarceness's,12,5,0,5,5,0,5
scarcer,7,5,2,7,5,2,7
scarcest,8,5,1,6,5,1,6
scarcity,8,5,2,7,4,2,6
scarcity's,10,3,3,6,4,3,7
scare,5,4,5,9,4,5,9
scare's,7,5,4,9,5,4,9
scarecrow,9,3,1,4,3,1,4
scarecrow's,11,5,0,5,4,0,4
scarecrows,10,3,1,4,4,0,4
scared,6,6,0,6,6,0,6
scares,6,5,0,5,5,0,5
scarf,5,5,4,9,5,5,10
scarf's,7,5,5,10,5,5,10
scarfed,7,6,2,8,6,2,8
scarfing,8,7,2,9,7,5,12
scarfs,6,3,7,10,3,7,10
scarier,7,5,2,7,5,2,7
scariest,8,6,1,7,6,1,7
scarified,9,4,0,4,4,0,4
scarifies,9,4,0,4,4,0,4
scarify,7,5,2,7,5,2,7
scarifying,10,4,2,6,3,2,5
scaring,7,7,5,12,7,5,12
scarlet,7,5,1,6,5,1,6
scarlet's,9,6,0,6,6,0,6
scarred,7,6,2,8,6,2,8
scarring,8,7,2,9,7,5,12
scars,5,3,7,10,3,7,10
scarves,7,4,3,7,4,2,6
scary,5,4,5,9,4,6,10
scat,4,4,5,9,4,5,9
scat's,6,5,2,7,5,2,7
scathing,8,8,0,8,8,1,9
scathingly,10,9,1,10,8,2,10
scatological,12,2,1,3,2,1,3
scats,5,4,0,4,4,0,4
scatted,7,6,0,6,6,0,6
scatter,7,6,2,8,6,2,8
scatter's,9,7,0,7,7,0,7
scatterbrain,12,4,0,4,5,0,5
scatterbrain's,14,3,0,3,2,0,2
scatterbrained,14,2,0,2,2,0,2
scatterbrains,13,3,0,3,3,0,3
scattered,9,7,0,7,7,0,7
scattering,10,9,0,9,9,0,9
scatters,8,6,0,6,6,0,6
scatting,8,7,0,7,7,1,8
scavenge,8,3,1,4,4,0,4
scavenged,9,5,1,6,3,2,5
scavenger,9,4,2,6,2,2,4
scavenger's,11,5,0,5,5,0,5
scavengers,10,4,0,4,4,0,4
scavenges,9,3,1,4,3,2,5
scavenging,10,3,0,3,3,0,3
scenario,8,4,0,4,4,0,4
scenario's,10,5,0,5,5,0,5
scenarios,9,4,1,5,3,2,5
scene,5,3,2,5,3,2,5
scene's,7,4,3,7,4,2,6
scenery,7,2,1,3,2,1,3
scenery's,9,2,1,3,2,1,3
scenes,6,2,2,4,2,2,4
scenic,6,3,3,6,3,3,6
scenically,10,3,0,3,3,0,3
scent,5,4,1,5,5,2,7
scent's,7,5,2,7,4,2,6
scented,7,4,2,6,4,2,6
scenting,8,6,2,8,6,0,6
scents,6,4,0,4,4,0,4
scepter,7,5,1,6,4,1,5
scepter's,9,6,1,7,6,1,7
scepters,8,5,1,6,5,1,6
schedule,8,3,1,4,4,0,4
schedule's,10,8,0,8,8,0,8
scheduled,9,7,0,7,3,1,4
scheduler,9,7,0,7,4,0,4
schedulers,10,7,1,8,7,1,8
schedules,9,3,0,3,3,0,3
scheduling,10,4,0,4,4,0,4
schema,6,3,0,3,3,0,3
schematic,9,6,0,6,6,0,6
schematic's,11,4,0,4,4,1,5
schematically,13,3,0,3,4,0,4
schematics,10,3,1,4,3,0,3
scheme,6,3,2,5,3,2,5
scheme's,8,5,0,5,6,0,6
schemed,7,4,1,5,2,5,7
schemer,7,3,1,4,3,2,5
schemer's,9,3,0,3,3,0,3
schemers,8,3,1,4,5,1,6
schemes,7,4,1,5,2,3,5
scheming,8,7,2,9,3,1,4
scherzi,7,7,1,8,3,2,5
scherzo,7,6,2,8,3,1,4
scherzo's,9,5,1,6,4,2,6
scherzos,8,2,2,4,2,2,4
schism,6,5,1,6,5,1,6
schism's,8,6,0,6,6,0,6
schismatic,10,2,0,2,2,2,4
schismatic's,12,3,0,3,1,2,3
schismatics,11,2,0,2,2,1,3
schisms,7,2,2,4,2,3,5
schist,6,4,2,6,4,2,6
schist's,8,5,1,6,5,1,6
schizoid,8,3,1,4,3,2,5
schizoid's,10,3,4,7,4,3,7
schizoids,9,3,3,6,3,4,7
schizophrenia,13,2,0,2,3,0,3
schizophrenia's,15,3,0,3,3,0,3
schizophrenic,13,2,1,3,3,0,3
schizophrenic's,15,3,0,3,3,0,3
schizophrenics,14,2,1,3,3,0,3
schlemiel,9,2,2,4,3,1,4
schlemiel's,11,4,1,5,2,1,3
schlemiels,10,2,1,3,2,1,3
schlep,6,3,4,7,3,4,7
schlep's,8,4,2,6,4,2,6
schlepp,7,2,3,5,2,3,5
schlepp's,9,3,3,6,4,3,7
schlepped,9,3,2,5,4,0,4
schlepping,10,6,1,7,6,1,7
schlepps,8,2,3,5,3,3,6
schleps,7,3,3,6,3,3,6
schlock,7,3,4,7,3,4,7
schlock's,9,5,3,8,5,3,8
schlocky,8,2,4,6,2,4,6
schmaltz,8,6,3,9,6,3,9
schmaltz's,10,7,2,9,7,2,9
schmaltzier,11,3,1,4,4,1,5
schmaltziest,12,3,0,3,2,0,2
schmaltzy,9,2,3,5,2,3,5
schmalz,7,4,2,6,4,2,6
schmalz's,9,4,1,5,5,1,6
schmalzy,8,5,2,7,5,2,7
schmooze,8,3,2,5,3,1,4
schmoozed,9,5,3,8,5,3,8
schmoozes,9,3,2,5,3,1,4
schmoozing,10,6,2,8,5,2,7
schmuck,7,2,4,6,2,4,6
schmuck's,9,3,4,7,2,4,6
schmucks,8,2,5,7,2,4,6
schnapps,8,3,3,6,3,3,6
schnapps's,10,4,2,6,3,2,5
schnauzer,9,5,0,5,5,0,5
schnauzer's,11,5,0,5,6,0,6
schnauzers,10,5,0,5,5,0,5
scholar,7,3,2,5,3,2,5
scholar's,9,5,2,7,3,3,6
scholarly,9,3,2,5,3,2,5
scholars,8,4,2,6,3,2,5
scholarship,11,4,0,4,3,0,3
scholarship's,13,3,0,3,3,0,3
scholarships,12,3,0,3,3,0,3
scholastic,10,4,0,4,3,0,3
scholastically,14,1,0,1,1,0,1
school,6,2,3,5,2,3,5
school's,8,3,3,6,2,3,5
schoolbook,10,6,2,8,6,2,8
schoolbook's,12,7,2,9,7,3,10
schoolbooks,11,6,2,8,6,1,7
schoolboy,9,2,2,4,2,2,4
schoolboy's,11,3,3,6,2,1,3
schoolboys,10,2,2,4,2,2,4
schoolchild,11,2,2,4,2,2,4
schoolchild's,13,3,3,6,3,1,4
schoolchildren,14,3,0,3,2,0,2
schoolchildren's,16,4,0,4,2,0,2
schooldays,10,2,2,4,3,1,4
schooled,8,4,3,7,5,4,9
schoolgirl,10,4,2,6,3,2,5
schoolgirl's,12,3,2,5,3,2,5
schoolgirls,11,4,2,6,3,1,4
schoolhouse,11,2,1,3,2,1,3
schoolhouse's,13,3,0,3,2,0,2
schoolhouses,12,2,0,2,2,0,2
schooling,9,5,3,8,5,3,8
schooling's,11,3,3,6,6,2,8
schoolmarm,10,8,2,10,6,2,8
schoolmarm's,12,9,1,10,7,1,8
schoolmarms,11,8,2,10,6,1,7
schoolmaster,12,3,0,3,3,0,3
schoolmaster's,14,2,0,2,2,0,2
schoolmasters,13,2,0,2,2,0,2
schoolmate,10,4,1,5,3,1,4
schoolmate's,12,4,0,4,4,0,4
schoolmates,11,5,0,5,3,1,4
schoolmistress,14,1,0,1,1,0,1
schoolmistress's,16,4,0,4,3,0,3
schoolmistresses,16,4,0,4,3,0,3
schoolroom,10,5,3,8,5,3,8
schoolroom's,12,6,3,9,6,4,10
schoolrooms,11,5,3,8,5,2,7
schools,7,2,4,6,2,4,6
schoolteacher,13,3,0,3,2,1,3
schoolteacher's,15,2,1,3,3,1,4
schoolteachers,14,2,1,3,2,0,2
schoolwork,10,2,2,4,2,2,4
schoolwork's,12,5,2,7,2,3,5
schoolyard,10,7,3,10,5,3,8
schoolyard's,12,8,2,10,6,2,8
schoolyards,11,7,3,10,5,3,8
schooner,8,4,3,7,4,2,6
schooner's,10,5,1,6,5,1,6
schooners,9,5,2,7,4,1,5
schrod,6,2,5,7,2,5,7
schrod's,8,4,4,8,3,5,8
schrods,7,3,4,7,3,4,7
schtick,7,4,3,7,4,3,7
schtick's,9,4,3,7,3,3,6
schticks,8,2,4,6,3,3,6
schuss,6,1,1,2,1,1,2
schuss's,8,1,1,2,1,1,2
schussed,8,2,0,2,2,0,2
schusses,8,2,0,2,2,0,2
schussing,9,5,0,5,1,1,2
schwa,5,2,4,6,2,4,6
schwa's,7,3,4,7,3,4,7
schwas,6,2,3,5,2,2,4
sciatic,7,2,2,4,3,1,4
sciatica,8,4,2,6,3,2,5
sciatica's,10,3,1,4,3,1,4
science,7,4,0,4,3,0,3
science's,9,5,1,6,4,1,5
sciences,8,3,0,3,3,0,3
scientific,10,4,0,4,3,0,3
scientifically,14,2,0,2,2,0,2
scientist,9,3,0,3,3,0,3
scientist's,11,4,0,4,3,0,3
scientists,10,3,0,3,3,0,3
scimitar,8,3,0,3,3,1,4
scimitar's,10,4,1,5,3,1,4
scimitars,9,3,3,6,3,1,4
scintilla,9,4,1,5,3,1,4
scintilla's,11,5,1,6,2,2,4
scintillas,10,2,3,5,2,1,3
scintillate,11,2,0,2,3,0,3
scintillated,12,4,0,4,3,0,3
scintillates,12,3,0,3,3,0,3
scintillating,13,5,0,5,3,0,3
scintillation,13,5,0,5,3,0,3
scintillation's,15,3,0,3,2,0,2
scion,5,4,2,6,4,2,6
scion's,7,5,2,7,5,2,7
scions,6,4,4,8,4,2,6
scissor,7,1,0,1,1,1,2
scissors,8,1,0,1,1,0,1
sclerosis,9,4,0,4,3,0,3
sclerosis's,11,4,0,4,3,0,3
sclerotic,9,5,1,6,5,1,6
scoff,5,3,5,8,4,3,7
scoff's,7,5,4,9,5,3,8
scoffed,7,6,4,10,6,3,9
scoffing,8,6,5,11,7,3,10
scofflaw,8,3,3,6,3,3,6
scofflaw's,10,4,3,7,4,2,6
scofflaws,9,3,2,5,3,3,6
scoffs,6,3,6,9,4,4,8
scold,5,4,3,7,4,4,8
scold's,7,5,3,8,5,4,9
scolded,7,5,1,6,5,1,6
scolding,8,7,4,11,7,4,11
scolding's,10,8,2,10,7,3,10
scoldings,9,3,2,5,4,2,6
scolds,6,4,4,8,4,5,9
scoliosis,9,3,1,4,3,1,4
scoliosis's,11,4,0,4,3,0,3
scollop,7,2,3,5,2,3,5
scollop's,9,3,2,5,3,3,6
scolloped,9,5,3,8,5,3,8
scolloping,10,6,2,8,5,2,7
scollops,8,2,3,5,2,3,5
sconce,6,3,4,7,3,4,7
sconce's,8,4,4,8,4,4,8
sconces,7,5,3,8,4,2,6
scone,5,5,4,9,5,4,9
scone's,7,5,5,10,5,5,10
scones,6,4,6,10,4,6,10
scoop,5,4,2,6,4,2,6
scoop's,7,5,2,7,5,2,7
scooped,7,6,2,8,6,1,7
scooping,8,7,4,11,7,2,9
scoops,6,4,4,8,4,2,6
scoot,5,4,3,7,4,3,7
scooted,7,4,4,8,4,3,7
scooter,7,6,4,10,6,2,8
scooter's,9,7,2,9,7,0,7
scooters,8,6,2,8,6,0,6
scooting,8,7,0,7,7,3,10
scoots,6,4,3,7,4,3,7
scope,5,5,3,8,5,3,8
scope's,7,6,3,9,6,3,9
scoped,6,6,3,9,6,3,9
scopes,6,5,5,10,5,5,10
scoping,7,7,4,11,7,4,11
scorch,6,4,5,9,4,5,9
scorch's,8,5,4,9,5,4,9
scorched,8,5,2,7,5,0,5
scorcher,8,4,2,6,4,1,5
scorcher's,10,5,0,5,4,0,4
scorchers,9,4,1,5,4,0,4
scorches,8,5,3,8,3,3,6
scorching,9,6,2,8,6,2,8
score,5,5,2,7,5,2,7
score's,7,6,4,10,6,4,10
scoreboard,10,3,1,4,3,1,4
scoreboard's,12,4,1,5,4,0,4
scoreboards,11,3,1,4,3,1,4
scorecard,9,4,1,5,4,1,5
scorecard's,11,5,0,5,4,0,4
scorecards,10,3,1,4,4,0,4
scored,6,6,1,7,6,1,7
scoreless,9,5,1,6,5,1,6
scorer,6,5,0,5,5,0,5
scorer's,8,6,0,6,6,0,6
scorers,7,5,1,6,5,1,6
scores,6,5,1,6,5,1,6
scoring,7,7,2,9,7,2,9
scorn,5,4,4,8,4,5,9
scorn's,7,4,5,9,4,5,9
scorned,7,6,3,9,6,4,10
scornful,8,4,3,7,4,3,7
scornfully,10,2,2,4,2,2,4
scorning,8,5,0,5,4,1,5
scorns,6,4,5,9,4,6,10
scorpion,8,4,0,4,4,1,5
scorpion's,10,5,2,7,3,3,6
scorpions,9,3,2,5,6,3,9
scotch,6,5,4,9,5,4,9
scotch's,8,6,3,9,6,3,9
scotched,8,5,3,8,5,2,7
scotches,8,6,2,8,4,1,5
scotching,9,5,3,8,5,3,8
scotchs,7,4,4,8,4,4,8
scoundrel,9,4,0,4,4,0,4
scoundrel's,11,4,0,4,3,0,3
scoundrels,10,3,1,4,3,1,4
scour,5,4,4,8,4,5,9
scoured,7,6,3,9,6,4,10
scourge,7,3,1,4,4,2,6
scourge's,9,4,1,5,7,0,7
scourged,8,5,2,7,7,0,7
scourges,8,4,2,6,4,3,7
scourging,9,4,2,6,7,2,9
scouring,8,6,3,9,6,5,11
scours,6,4,5,9,4,6,10
scout,5,5,2,7,5,2,7
scout's,7,6,3,9,6,3,9
scouted,7,7,2,9,7,1,8
scouting,8,8,0,8,8,2,10
scouting's,10,7,3,10,3,2,5
scoutmaster,11,2,1,3,2,1,3
scoutmaster's,13,4,0,4,2,1,3
scoutmasters,12,3,0,3,2,1,3
scouts,6,5,3,8,5,2,7
scow,4,4,6,10,4,6,10
scow's,6,5,4,9,5,4,9
scowl,5,4,3,7,4,4,8
scowl's,7,5,3,8,5,4,9
scowled,7,5,5,10,5,5,10
scowling,8,7,4,11,7,4,11
scowls,6,4,4,8,4,5,9
scows,5,4,3,7,4,3,7
scrabble,8,7,1,8,6,0,6
scrabble's,10,8,0,8,8,0,8
scrabbled,9,8,0,8,8,0,8
scrabbles,9,7,1,8,6,0,6
scrabbling,10,8,1,9,8,1,9
scragglier,10,6,1,7,8,1,9
scraggliest,11,4,0,4,3,0,3
scraggly,8,4,3,7,4,3,7
scram,5,5,2,7,5,2,7
scramble,8,7,1,8,6,0,6
scramble's,10,6,0,6,5,0,5
scrambled,9,8,0,8,6,0,6
scrambler,9,5,2,7,3,2,5
scrambler's,11,6,1,7,6,1,7
scramblers,10,5,1,6,5,1,6
scrambles,9,7,1,8,6,0,6
scrambling,10,8,1,9,6,1,7
scrammed,8,7,3,10,6,3,9
scramming,9,8,3,11,8,3,11
scrams,6,3,4,7,3,3,6
scrap,5,4,3,7,4,3,7
scrap's,7,5,2,7,5,2,7
scrapbook,9,2,2,4,2,2,4
scrapbook's,11,3,2,5,3,1,4
scrapbooks,10,3,2,5,3,1,4
scrape,6,4,4,8,4,4,8
scrape's,8,6,1,7,6,1,7
scraped,7,6,1,7,6,1,7
scraper,7,4,2,6,4,2,6
scraper's,9,5,1,6,6,1,7
scrapers,8,4,0,4,5,0,5
scrapes,7,5,2,7,5,1,6
scraping,8,7,1,8,7,2,9
scrapped,8,6,4,10,5,1,6
scrappier,9,7,0,7,7,0,7
scrappiest,10,8,0,8,8,0,8
scrapping,9,7,4,11,7,4,11
scrappy,7,6,2,8,5,2,7
scraps,6,5,2,7,5,1,6
scratch,7,4,2,6,4,2,6
scratch's,9,4,2,6,4,1,5
scratched,9,7,1,8,7,0,7
scratches,9,4,1,5,4,1,5
scratchier,10,6,1,7,3,2,5
scratchiest,11,3,0,3,3,0,3
scratchiness,12,4,0,4,4,0,4
scratchiness's,14,4,0,4,4,0,4
scratching,10,7,1,8,6,2,8
scratchy,8,4,2,6,4,2,6
scrawl,6,6,3,9,6,3,9
scrawl's,8,7,2,9,7,2,9
scrawled,8,8,2,10,6,2,8
scrawling,9,9,1,10,9,1,10
scrawls,7,6,3,9,6,3,9
scrawnier,9,6,1,7,6,1,7
scrawniest,10,7,1,8,7,1,8
scrawny,7,5,3,8,4,3,7
scream,6,6,0,6,6,0,6
scream's,8,7,0,7,7,0,7
screamed,8,7,1,8,7,0,7
screaming,9,9,0,9,9,0,9
screams,7,6,1,7,6,1,7
screech,7,2,0,2,2,0,2
screech's,9,2,0,2,2,0,2
screeched,9,2,0,2,2,0,2
screeches,9,2,0,2,2,0,2
screechier,10,2,0,2,2,0,2
screechiest,11,4,0,4,3,0,3
screeching,10,3,0,3,3,0,3
screechy,8,2,1,3,3,0,3
screen,6,4,0,4,4,1,5
screen's,8,5,1,6,5,1,6
screened,8,3,1,4,3,0,3
screening,9,3,0,3,3,0,3
screening's,11,4,0,4,4,0,4
screenings,10,3,0,3,3,0,3
screenplay,10,3,0,3,3,0,3
screenplay's,12,3,0,3,2,1,3
screenplays,11,4,0,4,4,0,4
screens,7,4,1,5,3,2,5
screenshot,10,2,1,3,2,1,3
screenshots,11,2,0,2,2,0,2
screenwriter,12,3,0,3,3,0,3
screenwriter's,14,4,0,4,3,0,3
screenwriters,13,4,0,4,3,0,3
screw,5,5,1,6,5,1,6
screw's,7,5,2,7,5,1,6
screwball,9,3,1,4,3,1,4
screwball's,11,4,1,5,4,0,4
screwballs,10,4,1,5,4,1,5
screwdriver,11,4,0,4,3,0,3
screwdriver's,13,2,1,3,3,0,3
screwdrivers,12,3,0,3,3,0,3
screwed,7,6,0,6,6,0,6
screwier,8,4,1,5,4,1,5
screwiest,9,6,0,6,6,0,6
screwing,8,6,3,9,8,0,8
screws,6,5,1,6,5,1,6
screwy,6,5,2,7,5,2,7
scribble,8,5,0,5,6,2,8
scribble's,10,7,1,8,7,1,8
scribbled,9,7,1,8,7,1,8
scribbler,9,6,0,6,5,0,5
scribbler's,11,7,1,8,7,1,8
scribblers,10,6,1,7,6,1,7
scribbles,9,6,1,7,6,2,8
scribbling,10,5,1,6,4,2,6
scribe,6,4,3,7,4,3,7
scribe's,8,5,3,8,5,2,7
scribes,7,4,3,7,4,2,6
scrimmage,9,4,2,6,4,2,6
scrimmage's,11,8,0,8,5,0,5
scrimmaged,10,4,1,5,4,1,5
scrimmages,10,4,1,5,4,0,4
scrimmaging,11,3,0,3,2,1,3
scrimp,6,6,3,9,6,4,10
scrimped,8,8,0,8,8,0,8
scrimping,9,8,1,9,8,2,10
scrimps,7,6,3,9,6,3,9
scrimshaw,9,2,0,2,2,1,3
scrimshaw's,11,3,0,3,3,1,4
scrimshawed,11,3,0,3,3,0,3
scrimshawing,12,2,1,3,2,1,3
scrimshaws,10,2,0,2,2,1,3
scrip,5,5,3,8,5,3,8
scrip's,7,6,3,9,6,3,9
scrips,6,3,5,8,5,3,8
script,6,5,3,8,5,3,8
script's,8,5,2,7,5,2,7
scripted,8,6,0,6,7,0,7
scripting,9,7,1,8,6,1,7
scripts,7,4,3,7,4,3,7
scriptural,10,3,1,4,3,1,4
scripture,9,4,1,5,4,1,5
scripture's,11,5,1,6,4,0,4
scriptures,10,4,1,5,5,0,5
scriptwriter,12,3,1,4,3,0,3
scriptwriter's,14,4,0,4,3,0,3
scriptwriters,13,3,0,3,3,0,3
scrod,5,4,3,7,4,3,7
scrod's,7,5,3,8,5,3,8
scrods,6,3,5,8,3,3,6
scrofula,8,2,2,4,2,2,4
scrofula's,10,4,1,5,3,1,4
scroll,6,4,4,8,4,4,8
scroll's,8,5,4,9,6,3,9
scrolled,8,7,1,8,6,2,8
scrolling,9,8,1,9,8,1,9
scrolls,7,5,4,9,5,4,9
scrooge,7,5,1,6,3,2,5
scrooge's,9,5,1,6,5,0,5
scrooges,8,4,2,6,4,3,7
scrota,6,3,2,5,3,2,5
scrotum,7,3,3,6,3,3,6
scrotum's,9,4,2,6,4,2,6
scrotums,8,4,3,7,3,4,7
scrounge,8,3,2,5,3,1,4
scrounged,9,5,1,6,5,1,6
scrounger,9,3,2,5,4,1,5
scrounger's,11,4,1,5,4,1,5
scroungers,10,3,1,4,3,1,4
scrounges,9,4,2,6,4,1,5
scrounging,10,3,1,4,3,1,4
scrub,5,5,4,9,5,5,10
scrub's,7,6,4,10,6,5,11
scrubbed,8,6,3,9,5,4,9
scrubber,8,3,3,6,4,1,5
scrubber's,10,6,1,7,5,1,6
scrubbers,9,3,2,5,3,1,4
scrubbier,9,7,1,8,7,1,8
scrubbiest,10,8,1,9,8,1,9
scrubbing,9,6,3,9,6,4,10
scrubby,7,6,4,10,5,4,9
scrubs,6,5,6,11,5,5,10
scruff,6,4,5,9,4,5,9
scruff's,8,4,5,9,5,4,9
scruffier,9,6,2,8,6,2,8
scruffiest,10,7,2,9,7,2,9
scruffs,7,4,6,10,4,6,10
scruffy,7,5,5,10,4,5,9
scrumptious,11,2,3,5,2,2,4
scrunch,7,3,4,7,3,4,7
scrunch's,9,4,4,8,3,4,7
scrunched,9,6,2,8,6,1,7
scrunches,9,5,3,8,3,3,6
scrunchie,9,4,1,5,3,1,4
scrunchie's,11,4,1,5,4,0,4
scrunchies,10,4,1,5,5,0,5
scrunching,10,5,1,6,5,1,6
scrunchy,8,2,4,6,2,4,6
scrunchy's,10,2,4,6,1,4,5
scruple,7,4,1,5,4,3,7
scruple's,9,5,1,6,5,2,7
scrupled,8,5,1,6,6,1,7
scruples,8,4,1,5,3,5,8
scrupling,9,6,2,8,6,2,8
scrupulous,10,3,2,5,3,2,5
scrupulously,12,6,0,6,3,0,3
scrutinize,10,3,0,3,3,0,3
scrutinized,11,2,0,2,4,0,4
scrutinizes,11,4,0,4,3,1,4
scrutinizing,12,2,1,3,2,1,3
scrutiny,8,3,1,4,3,2,5
scrutiny's,10,5,3,8,3,3,6
scuba,5,3,3,6,3,3,6
scuba's,7,4,3,7,4,3,7
scubaed,7,4,0,4,4,0,4
scubaing,8,5,1,6,5,1,6
scubas,6,3,2,5,3,1,4
scud,4,4,7,11,4,7,11
scud's,6,5,4,9,5,4,9
scudded,7,5,0,5,5,0,5
scudding,8,7,3,10,7,5,12
scuds,5,4,7,11,4,7,11
scuff,5,4,5,9,4,6,10
scuff's,7,5,5,10,5,4,9
scuffed,7,6,6,12,6,5,11
scuffing,8,7,4,11,7,6,13
scuffle,7,6,2,8,6,3,9
scuffle's,9,7,2,9,7,1,8
scuffled,8,7,1,8,7,1,8
scuffles,8,6,1,7,6,2,8
scuffling,9,8,3,11,8,3,11
scuffs,6,3,8,11,4,6,10
scull,5,3,6,9,4,5,9
scull's,7,4,6,10,5,5,10
sculled,7,5,4,9,5,4,9
sculleries,10,4,1,5,2,2,4
scullery,8,5,3,8,5,0,5
scullery's,10,5,3,8,2,3,5
sculling,8,7,5,12,6,4,10
scullion,8,4,1,5,6,2,8
scullion's,10,6,2,8,5,2,7
scullions,9,5,2,7,4,2,6
sculls,6,4,6,10,4,5,9
sculpt,6,2,5,7,2,5,7
sculpted,8,4,1,5,5,1,6
sculpting,9,5,1,6,5,1,6
sculptor,8,4,3,7,3,4,7
sculptor's,10,6,2,8,5,2,7
sculptors,9,5,2,7,4,2,6
sculpts,7,2,5,7,2,5,7
sculptural,10,2,3,5,2,3,5
sculpture,9,3,1,4,3,2,5
sculpture's,11,5,1,6,3,2,5
sculptured,10,5,1,6,4,0,4
sculptures,10,3,2,5,3,2,5
sculpturing,11,6,1,7,5,1,6
scum,4,4,5,9,4,5,9
scum's,6,4,6,10,4,6,10
scumbag,7,2,3,5,2,3,5
scumbag's,9,4,3,7,4,3,7
scumbags,8,3,3,6,3,4,7
scummed,7,5,7,12,5,6,11
scummier,8,6,1,7,6,2,8
scummiest,9,7,2,9,7,2,9
scumming,8,6,6,12,6,7,13
scummy,6,5,5,10,4,4,8
scums,5,3,8,11,3,8,11
scupper,7,5,6,11,5,6,11
scupper's,9,6,5,11,6,2,8
scuppered,9,5,2,7,6,1,7
scuppering,10,8,2,10,8,2,10
scuppers,8,5,5,10,5,2,7
scurf,5,4,5,9,3,6,9
scurf's,7,5,5,10,4,4,8
scurfy,6,6,4,10,6,5,11
scurried,8,4,1,5,3,0,3
scurries,8,4,1,5,4,1,5
scurrilous,10,3,2,5,3,2,5
scurrilously,12,6,0,6,3,0,3
scurry,6,5,4,9,4,5,9
scurry's,8,6,4,10,3,4,7
scurrying,9,5,2,7,5,2,7
scurvier,8,5,2,7,6,1,7
scurviest,9,7,3,10,6,4,10
scurvy,6,5,5,10,5,6,11
scurvy's,8,6,4,10,3,4,7
scuttle,7,6,1,7,6,4,10
scuttle's,9,7,1,8,7,2,9
scuttlebutt,11,3,1,4,3,0,3
scuttlebutt's,13,2,0,2,3,0,3
scuttled,8,7,2,9,7,3,10
scuttles,8,6,2,8,6,1,7
scuttling,9,8,2,10,8,2,10
scuzzier,8,5,3,8,6,3,9
scuzziest,9,6,4,10,7,3,10
scuzzy,6,4,6,10,4,6,10
scythe,6,4,4,8,4,4,8
scythe's,8,3,5,8,3,5,8
scythed,7,4,4,8,4,4,8
scythes,7,3,5,8,3,4,7
scything,8,7,1,8,5,4,9
sea,3,3,2,5,3,2,5
sea's,5,4,5,9,4,6,10
seabed,6,4,3,7,5,3,8
seabed's,8,4,2,6,4,2,6
seabeds,7,3,3,6,3,3,6
seabird,7,5,1,6,3,2,5
seabird's,9,6,1,7,6,1,7
seabirds,8,5,1,6,5,1,6
seaboard,8,3,1,4,3,1,4
seaboard's,10,3,1,4,3,1,4
seaboards,9,2,2,4,2,2,4
seacoast,8,2,0,2,2,0,2
seacoast's,10,3,0,3,2,1,3
seacoasts,9,3,0,3,3,0,3
seafarer,8,3,1,4,3,0,3
seafarer's,10,4,0,4,3,0,3
seafarers,9,3,1,4,3,0,3
seafaring,9,6,0,6,5,0,5
seafaring's,11,5,0,5,4,0,4
seafood,7,3,2,5,4,1,5
seafood's,9,5,1,6,5,0,5
seagoing,8,5,0,5,5,0,5
seal,4,4,6,10,4,1,5
seal's,6,5,1,6,5,1,6
sealant,7,4,0,4,4,0,4
sealant's,9,5,0,5,5,0,5
sealants,8,4,1,5,4,1,5
sealed,6,4,3,7,4,3,7
sealer,6,4,3,7,4,3,7
sealer's,8,5,0,5,5,1,6
sealers,7,4,1,5,4,0,4
sealing,7,7,0,7,7,0,7
seals,5,3,2,5,3,2,5
sealskin,8,2,0,2,2,0,2
sealskin's,10,4,1,5,4,0,4
seam,4,3,6,9,4,2,6
seam's,6,5,2,7,5,2,7
seaman,6,4,1,5,4,1,5
seaman's,8,5,1,6,5,1,6
seamanship,10,3,0,3,2,1,3
seamanship's,12,2,0,2,2,0,2
seamed,6,4,4,8,4,4,8
seamen,6,3,3,6,3,3,6
seamier,7,4,1,5,3,2,5
seamiest,8,4,0,4,4,0,4
seaming,7,7,1,8,7,1,8
seamless,8,3,0,3,3,0,3
seams,5,3,6,9,3,7,10
seamstress,10,3,0,3,2,0,2
seamstress's,12,2,0,2,2,0,2
seamstresses,12,2,0,2,2,0,2
seamy,5,3,0,3,3,0,3
seaplane,8,3,1,4,3,0,3
seaplane's,10,5,0,5,4,0,4
seaplanes,9,4,0,4,3,0,3
seaport,7,4,2,6,4,1,5
seaport's,9,5,1,6,6,1,7
seaports,8,4,2,6,4,2,6
sear,4,4,8,12,4,3,7
sear's,6,5,3,8,5,3,8
search,6,4,1,5,3,1,4
search's,8,5,1,6,5,1,6
searched,8,3,1,4,3,0,3
searcher,8,3,1,4,3,0,3
searcher's,10,4,0,4,3,0,3
searchers,9,3,1,4,3,0,3
searches,8,3,0,3,3,0,3
searching,9,6,0,6,5,0,5
searchingly,11,3,0,3,3,0,3
searchlight,11,3,0,3,3,0,3
searchlight's,13,3,0,3,3,0,3
searchlights,12,3,0,3,3,0,3
seared,6,5,3,8,4,5,9
searing,7,7,2,9,7,2,9
sears,5,4,4,8,4,5,9
seas,4,3,6,9,3,1,4
seascape,8,3,1,4,3,0,3
seascape's,10,4,0,4,3,0,3
seascapes,9,2,0,2,3,0,3
seashell,8,2,1,3,2,0,2
seashell's,10,2,0,2,2,0,2
seashells,9,3,0,3,2,0,2
seashore,8,3,1,4,3,0,3
seashore's,10,4,0,4,3,0,3
seashores,9,3,0,3,3,0,3
seasick,7,4,0,4,3,1,4
seasickness,11,1,0,1,1,0,1
seasickness's,13,1,0,1,1,0,1
seaside,7,2,0,2,2,4,6
seaside's,9,3,0,3,2,0,2
seasides,8,2,0,2,2,0,2
season,6,3,0,3,4,0,4
season's,8,3,0,3,4,0,4
seasonable,10,2,0,2,2,0,2
seasonal,8,2,1,3,3,0,3
seasonally,10,4,0,4,3,0,3
seasoned,8,2,1,3,2,0,2
seasoning,9,3,0,3,3,0,3
seasoning's,11,3,0,3,2,1,3
seasonings,10,3,0,3,3,0,3
seasons,7,3,0,3,4,0,4
seat,4,3,8,11,3,4,7
seat's,6,4,4,8,4,4,8
seated,6,4,2,6,4,0,4
seating,7,6,3,9,6,3,9
seating's,9,4,2,6,5,2,7
seats,5,4,1,5,4,1,5
seaward,7,3,1,4,3,1,4
seaward's,9,4,1,5,4,1,5
seawards,8,3,2,5,3,2,5
seaway,6,2,4,6,3,1,4
seaway's,8,4,3,7,4,3,7
seaways,7,3,2,5,3,2,5
seaweed,7,2,0,2,2,0,2
seaweed's,9,2,0,2,2,0,2
seaworthy,9,3,1,4,3,1,4
sebaceous,9,4,1,5,4,1,5
secede,6,1,2,3,1,2,3
seceded,7,2,1,3,2,2,4
secedes,7,2,1,3,2,2,4
seceding,8,6,2,8,6,0,6
secession,9,2,0,2,2,0,2
secession's,11,1,0,1,1,0,1
secessionist,12,1,0,1,1,0,1
secessionist's,14,1,0,1,1,0,1
secessionists,13,1,0,1,1,0,1
seclude,7,3,0,3,2,3,5
secluded,8,5,2,7,5,1,6
secludes,8,3,1,4,3,1,4
secluding,9,5,1,6,4,1,5
seclusion,9,5,0,5,3,0,3
seclusion's,11,6,0,6,4,1,5
seclusive,9,5,0,5,2,0,2
second,6,3,1,4,3,1,4
second's,8,4,1,5,5,1,6
secondaries,11,4,0,4,4,0,4
secondarily,11,3,0,3,4,0,4
secondary,9,3,1,4,3,1,4
secondary's,11,3,1,4,3,1,4
seconded,8,4,3,7,4,2,6
secondhand,10,3,0,3,3,0,3
seconding,9,4,0,4,4,0,4
secondly,8,2,2,4,2,2,4
seconds,7,3,1,4,3,1,4
secrecy,7,2,1,3,2,1,3
secrecy's,9,3,1,4,2,1,3
secret,6,3,1,4,3,1,4
secret's,8,4,0,4,4,0,4
secretarial,11,3,1,4,5,0,5
secretariat,11,3,1,4,5,0,5
secretariat's,13,3,0,3,3,0,3
secretariats,12,2,0,2,2,0,2
secretaries,11,2,0,2,2,0,2
secretary,9,5,0,5,3,0,3
secretary's,11,6,0,6,4,0,4
secrete,7,2,0,2,2,2,4
secreted,8,2,1,3,2,0,2
secretes,8,2,0,2,2,0,2
secreting,9,6,0,6,7,0,7
secretion,9,6,0,6,7,0,7
secretion's,11,6,0,6,4,0,4
secretions,10,3,0,3,3,0,3
secretive,9,3,0,3,4,0,4
secretively,11,3,0,3,2,0,2
secretiveness,13,3,0,3,2,0,2
secretiveness's,15,3,0,3,2,0,2
secretly,8,3,1,4,2,1,3
secrets,7,3,1,4,3,1,4
secs,4,3,2,5,3,2,5
sect,4,4,1,5,4,1,5
sect's,6,4,2,6,4,3,7
sectarian,9,5,0,5,5,0,5
sectarian's,11,6,0,6,4,0,4
sectarianism,12,5,0,5,2,0,2
sectarianism's,14,3,0,3,2,0,2
sectarians,10,4,0,4,4,0,4
section,7,3,1,4,4,1,5
section's,9,4,2,6,5,1,6
sectional,9,3,0,3,3,0,3
sectional's,11,3,0,3,3,0,3
sectionalism,12,5,0,5,2,0,2
sectionalism's,14,5,0,5,2,0,2
sectionals,10,3,0,3,3,0,3
sectioned,9,3,0,3,3,0,3
sectioning,10,3,0,3,2,1,3
sections,8,3,2,5,4,2,6
sector,6,3,1,4,4,2,6
sector's,8,4,1,5,4,1,5
sectors,7,5,1,6,5,1,6
sects,5,3,5,8,3,3,6
secular,7,3,1,4,3,1,4
secularism,10,3,0,3,3,0,3
secularism's,12,4,0,4,3,0,3
secularization,14,3,0,3,2,0,2
secularization's,16,4,0,4,2,0,2
secularize,10,3,0,3,3,0,3
secularized,11,3,0,3,3,0,3
secularizes,11,4,0,4,4,0,4
secularizing,12,3,0,3,3,0,3
secure,6,4,3,7,2,3,5
secured,7,3,0,3,5,0,5
securely,8,5,1,6,5,1,6
securer,7,3,0,3,3,1,4
secures,7,3,2,5,3,2,5
securest,8,3,1,4,3,1,4
securing,8,6,2,8,6,1,7
securities,10,3,0,3,3,0,3
security,8,3,1,4,3,1,4
security's,10,5,0,5,4,1,5
sedan,5,4,0,4,4,0,4
sedan's,7,5,2,7,5,0,5
sedans,6,4,2,6,4,2,6
sedate,6,4,2,6,4,2,6
sedated,7,4,1,5,3,1,4
sedately,8,4,2,6,4,2,6
sedater,7,4,0,4,5,0,5
sedates,7,4,2,6,4,0,4
sedatest,8,3,0,3,3,0,3
sedating,8,7,1,8,6,0,6
sedation,8,5,0,5,4,0,4
sedation's,10,4,1,5,5,0,5
sedative,8,3,1,4,3,0,3
sedative's,10,4,1,5,4,0,4
sedatives,9,3,1,4,3,0,3
sedentary,9,2,1,3,2,1,3
sedge,5,4,0,4,4,0,4
sedge's,7,5,1,6,4,2,6
sediment,8,3,0,3,3,0,3
sediment's,10,3,0,3,3,0,3
sedimentary,11,4,0,4,2,0,2
sedimentation,13,3,0,3,2,0,2
sedimentation's,15,2,0,2,2,0,2
sediments,9,3,0,3,3,0,3
sedition,8,3,0,3,4,0,4
sedition's,10,4,0,4,4,0,4
seditious,9,3,1,4,3,1,4
seduce,6,3,3,6,3,3,6
seduced,7,3,2,5,4,2,6
seducer,7,3,2,5,4,1,5
seducer's,9,4,1,5,4,1,5
seducers,8,4,1,5,2,2,4
seduces,7,3,2,5,3,1,4
seducing,8,6,2,8,6,1,7
seduction,9,5,0,5,5,0,5
seduction's,11,6,0,6,3,1,4
seductions,10,4,0,4,3,1,4
seductive,9,3,1,4,4,0,4
seductively,11,3,0,3,2,0,2
sedulous,8,3,3,6,3,3,6
see,3,2,8,10,2,8,10
see's,5,3,3,6,3,3,6
seed,4,3,3,6,3,6,9
seed's,6,4,0,4,4,0,4
seeded,6,3,2,5,3,2,5
seedier,7,3,0,3,5,1,6
seediest,8,2,0,2,2,0,2
seediness,9,2,0,2,2,0,2
seediness's,11,2,0,2,2,0,2
seeding,7,6,0,6,6,3,9
seedless,8,2,0,2,2,0,2
seedling,8,5,2,7,6,0,6
seedling's,10,2,0,2,2,0,2
seedlings,9,2,0,2,2,0,2
seeds,5,3,4,7,3,4,7
seedy,5,2,0,2,2,0,2
seeing,6,3,0,3,3,0,3
seeings,7,2,1,3,2,0,2
seek,4,3,4,7,3,2,5
seeker,6,3,3,6,3,3,6
seeker's,8,4,1,5,4,1,5
seekers,7,2,1,3,2,0,2
seeking,7,6,1,7,4,6,10
seeks,5,3,5,8,3,5,8
seem,4,3,5,8,3,3,6
seemed,6,4,3,7,4,3,7
seeming,7,6,2,8,6,4,10
seemingly,9,2,0,2,2,0,2
seemlier,8,3,1,4,2,0,2
seemliest,9,2,0,2,3,0,3
seemliness,10,2,0,2,2,0,2
seemliness's,12,2,0,2,2,0,2
seemly,6,2,1,3,2,1,3
seems,5,3,6,9,3,6,9
seen,4,2,6,8,3,4,7
seep,4,3,6,9,3,5,8
seepage,7,2,0,2,4,0,4
seepage's,9,2,0,2,2,0,2
seeped,6,3,2,5,3,1,4
seeping,7,5,3,8,6,2,8
seeps,5,3,7,10,3,7,10
seer,4,3,6,9,2,5,7
seer's,6,3,1,4,3,1,4
seers,5,2,8,10,2,8,10
seersucker,10,2,1,3,2,0,2
seersucker's,12,3,1,4,2,0,2
sees,4,2,3,5,2,2,4
seesaw,6,2,0,2,2,0,2
seesaw's,8,2,0,2,2,0,2
seesawed,8,2,1,3,2,0,2
seesawing,9,2,0,2,2,0,2
seesaws,7,2,0,2,2,1,3
seethe,6,2,1,3,2,1,3
seethed,7,3,0,3,2,1,3
seethes,7,2,1,3,2,1,3
seething,8,7,1,8,5,1,6
segment,7,3,1,4,3,1,4
segment's,9,4,1,5,4,1,5
segmentation,12,3,0,3,3,0,3
segmentation's,14,3,0,3,2,0,2
segmented,9,5,0,5,5,0,5
segmenting,10,5,0,5,4,0,4
segments,8,5,1,6,5,1,6
segregate,9,3,0,3,4,0,4
segregated,10,2,0,2,2,0,2
segregates,10,2,0,2,2,0,2
segregating,11,4,0,4,4,0,4
segregation,11,6,1,7,4,0,4
segregation's,13,7,1,8,3,0,3
segregationist,14,2,0,2,2,0,2
segregationist's,16,3,0,3,2,0,2
segregationists,15,2,0,2,2,0,2
segue,5,3,1,4,3,1,4
segue's,7,4,2,6,4,2,6
segued,6,4,5,9,4,4,8
segueing,8,5,0,5,3,0,3
segues,6,3,2,5,3,2,5
seismic,7,3,0,3,3,0,3
seismically,11,2,0,2,2,0,2
seismograph,11,2,0,2,2,0,2
seismograph's,13,3,1,4,2,0,2
seismographic,13,3,0,3,2,0,2
seismographs,12,4,0,4,3,0,3
seismologist,12,1,0,1,1,0,1
seismologist's,14,1,0,1,1,0,1
seismologists,13,1,0,1,1,0,1
seismology,10,5,0,5,4,0,4
seismology's,12,4,0,4,3,0,3
seize,5,3,2,5,3,2,5
seized,6,3,6,9,3,5,8
seizes,6,3,3,6,3,3,6
seizing,7,5,1,6,3,1,4
seizure,7,3,1,4,4,1,5
seizure's,9,4,1,5,3,0,3
seizures,8,3,0,3,3,0,3
seldom,6,3,3,6,3,3,6
select,6,2,2,4,2,1,3
selected,8,2,1,3,2,0,2
selecting,9,6,0,6,6,0,6
selection,9,7,0,7,7,0,7
selection's,11,8,0,8,8,0,8
selections,10,4,0,4,5,0,5
selective,9,3,0,3,3,0,3
selectively,11,3,0,3,2,0,2
selectivity,11,3,1,4,4,0,4
selectivity's,13,3,0,3,4,0,4
selectman,9,6,1,7,6,1,7
selectman's,11,7,1,8,7,1,8
selectmen,9,3,0,3,3,0,3
selector,8,2,1,3,2,1,3
selector's,10,2,1,3,2,1,3
selectors,9,2,1,3,2,1,3
selects,7,3,2,5,3,2,5
selenium,8,5,0,5,5,0,5
selenium's,10,6,0,6,6,0,6
self,4,3,3,6,3,2,5
self's,6,4,3,7,4,1,5
selfie,6,3,2,5,3,1,4
selfie's,8,3,2,5,3,2,5
selfies,7,3,3,6,2,3,5
selfish,7,2,0,2,2,0,2
selfishly,9,5,1,6,3,0,3
selfishness,11,3,0,3,2,0,2
selfishness's,13,3,0,3,2,0,2
selfless,8,3,0,3,3,0,3
selflessly,10,2,0,2,2,0,2
selflessness,12,2,0,2,2,0,2
selflessness's,14,4,0,4,2,0,2
selfsame,8,2,0,2,2,0,2
sell,4,3,3,6,3,2,5
sell's,6,4,3,7,4,1,5
seller,6,3,7,10,3,7,10
seller's,8,5,0,5,5,1,6
sellers,7,4,1,5,4,0,4
selling,7,6,2,8,6,2,8
selloff,7,3,3,6,5,2,7
selloff's,9,4,2,6,6,1,7
selloffs,8,3,3,6,5,3,8
sellout,7,4,3,7,4,3,7
sellout's,9,5,2,7,5,2,7
sellouts,8,3,2,5,4,4,8
sells,5,3,6,9,3,5,8
seltzer,7,4,0,4,4,1,5
seltzer's,9,3,0,3,3,0,3
selvage,7,3,0,3,3,3,6
selvage's,9,4,0,4,3,1,4
selvages,8,3,1,4,3,1,4
selvedge,8,3,2,5,3,1,4
selvedge's,10,4,1,5,4,1,5
selvedges,9,3,1,4,3,1,4
selves,6,2,4,6,2,4,6
semantic,8,4,1,5,4,1,5
semantically,12,3,0,3,3,0,3
semantics,9,5,1,6,5,1,6
semantics's,11,3,0,3,3,0,3
semaphore,9,3,0,3,3,1,4
semaphore's,11,5,0,5,5,0,5
semaphored,10,3,0,3,3,0,3
semaphores,10,3,0,3,4,1,5
semaphoring,11,6,0,6,4,0,4
semblance,9,3,1,4,3,1,4
semblance's,11,5,0,5,5,0,5
semblances,10,2,1,3,4,1,5
semen,5,4,1,5,4,1,5
semen's,7,5,2,7,5,1,6
semester,8,2,0,2,2,0,2
semester's,10,4,0,4,3,1,4
semesters,9,2,1,3,2,1,3
semi,4,3,5,8,3,5,8
semi's,6,3,4,7,3,4,7
semiannual,10,3,0,3,3,0,3
semiautomatic,13,3,0,3,3,0,3
semiautomatic's,15,2,1,3,3,0,3
semiautomatics,14,2,1,3,3,0,3
semicircle,10,3,0,3,3,0,3
semicircle's,12,5,0,5,3,0,3
semicircles,11,3,0,3,3,0,3
semicircular,12,3,0,3,3,0,3
semicolon,9,3,0,3,3,0,3
semicolon's,11,3,0,3,3,0,3
semicolons,10,5,0,5,5,0,5
semiconductor,13,2,1,3,3,0,3
semiconductor's,15,2,0,2,2,0,2
semiconductors,14,2,1,3,3,0,3
semiconscious,13,2,1,3,2,0,2
semifinal,9,3,0,3,3,0,3
semifinal's,11,3,0,3,3,0,3
semifinalist,12,3,0,3,2,0,2
semifinalist's,14,5,0,5,2,0,2
semifinalists,13,4,0,4,3,0,3
semifinals,10,4,0,4,4,0,4
semimonthlies,13,6,0,6,2,0,2
semimonthly,11,4,0,4,3,0,3
semimonthly's,13,6,0,6,3,0,3
seminal,7,5,1,6,5,1,6
seminar,7,4,1,5,4,1,5
seminar's,9,5,1,6,5,1,6
seminarian,10,3,0,3,3,0,3
seminarian's,12,3,0,3,3,0,3
seminarians,11,3,0,3,3,0,3
seminaries,10,3,0,3,3,0,3
seminars,8,4,1,5,4,1,5
seminary,8,5,0,5,4,0,4
seminary's,10,5,0,5,4,1,5
semiotics,9,3,1,4,3,1,4
semipermeable,13,3,0,3,3,0,3
semiprecious,12,3,0,3,3,0,3
semiprivate,11,2,0,2,2,0,2
semiprofessional,16,1,0,1,1,0,1
semiprofessional's,18,1,0,1,1,0,1
semiprofessionals,17,1,0,1,1,0,1
semiretired,11,3,0,3,2,0,2
semis,5,2,2,4,2,2,4
semiskilled,11,2,0,2,2,0,2
semitone,8,5,0,5,5,1,6
semitone's,10,4,1,5,6,1,7
semitones,9,3,1,4,5,1,6
semitrailer,11,3,0,3,3,0,3
semitrailer's,13,3,0,3,2,0,2
semitrailers,12,5,0,5,3,0,3
semitropical,12,3,0,3,3,0,3
semiweeklies,12,2,0,2,2,0,2
semiweekly,10,2,0,2,2,0,2
semiweekly's,12,2,0,2,2,0,2
senate,6,5,1,6,4,3,7
senate's,8,5,0,5,5,0,5
senates,7,5,1,6,4,1,5
senator,7,3,0,3,3,0,3
senator's,9,4,0,4,4,0,4
senatorial,10,3,0,3,3,0,3
senators,8,3,1,4,3,1,4
send,4,3,4,7,3,4,7
sender,6,5,6,11,5,5,10
sender's,8,5,1,6,4,2,6
senders,7,4,2,6,3,2,5
sending,7,3,1,4,4,1,5
sends,5,2,7,9,3,6,9
senile,6,4,2,6,2,6,8
senility,8,4,0,4,4,0,4
senility's,10,4,0,4,4,0,4
senior,6,4,0,4,4,0,4
senior's,8,5,0,5,5,0,5
seniority,9,3,0,3,3,0,3
seniority's,11,3,0,3,3,0,3
seniors,7,4,2,6,4,2,6
senna,5,4,0,4,4,0,4
senna's,7,5,1,6,5,0,5
sensation,9,3,0,3,3,0,3
sensation's,11,3,0,3,3,0,3
sensational,11,2,0,2,2,0,2
sensationalism,14,5,0,5,5,0,5
sensationalism's,16,6,0,6,5,0,5
sensationalist,14,5,0,5,5,0,5
sensationalist's,16,6,0,6,5,0,5
sensationalists,15,1,0,1,1,0,1
sensationally,13,2,0,2,2,0,2
sensations,10,3,0,3,3,0,3
sense,5,1,3,4,2,2,4
sense's,7,2,0,2,2,0,2
sensed,6,3,5,8,3,3,6
senseless,9,1,0,1,1,0,1
senselessly,11,1,0,1,1,0,1
senselessness,13,1,0,1,1,0,1
senselessness's,15,1,0,1,1,0,1
senses,6,2,2,4,2,2,4
sensibilities,13,4,0,4,4,0,4
sensibility,11,6,0,6,4,0,4
sensibility's,13,6,0,6,3,0,3
sensible,8,3,0,3,2,1,3
sensibly,8,3,0,3,2,1,3
sensing,7,3,1,4,4,0,4
sensitive,9,6,0,6,6,0,6
sensitive's,11,2,0,2,3,0,3
sensitively,11,2,0,2,2,0,2
sensitiveness,13,1,0,1,1,0,1
sensitiveness's,15,1,0,1,1,0,1
sensitives,10,6,0,6,6,0,6
sensitivities,13,4,0,4,4,0,4
sensitivity,11,6,0,6,4,0,4
sensitivity's,13,6,0,6,3,0,3
sensitization,13,4,0,4,3,0,3
sensitization's,15,3,0,3,3,0,3
sensitize,9,5,1,6,5,1,6
sensitized,10,2,0,2,2,0,2
sensitizes,10,5,1,6,5,1,6
sensitizing,11,3,0,3,3,0,3
sensor,6,3,0,3,4,0,4
sensor's,8,4,0,4,4,0,4
sensors,7,3,0,3,4,0,4
sensory,7,4,1,5,4,1,5
sensual,7,3,2,5,3,2,5
sensuality,10,5,0,5,4,0,4
sensuality's,12,3,0,3,3,0,3
sensually,9,3,0,3,3,0,3
sensuous,8,4,0,4,3,0,3
sensuously,10,1,0,1,1,0,1
sensuousness,12,1,0,1,1,0,1
sensuousness's,14,1,0,1,1,0,1
sent,4,3,2,5,3,2,5
sentence,8,3,1,4,3,0,3
sentence's,10,4,0,4,4,0,4
sentenced,9,3,0,3,3,0,3
sentences,9,3,0,3,3,0,3
sentencing,10,3,0,3,3,0,3
sententious,11,3,0,3,3,0,3
sentience,9,3,0,3,3,0,3
sentient,8,3,0,3,3,0,3
sentiment,9,2,0,2,2,0,2
sentiment's,11,2,0,2,2,0,2
sentimental,11,3,0,3,2,0,2
sentimentalism,14,4,0,4,4,0,4
sentimentalism's,16,5,0,5,4,0,4
sentimentalist,14,3,0,3,4,0,4
sentimentalist's,16,4,0,4,4,0,4
sentimentalists,15,3,0,3,3,0,3
sentimentality,14,5,0,5,3,0,3
sentimentality's,16,3,0,3,2,0,2
sentimentalize,14,5,0,5,3,0,3
sentimentalized,15,2,0,2,2,0,2
sentimentalizes,15,2,0,2,2,0,2
sentimentalizing,16,2,0,2,2,0,2
sentimentally,13,5,0,5,2,0,2
sentiments,10,2,1,3,3,1,4
sentinel,8,4,0,4,2,2,4
sentinel's,10,3,1,4,3,1,4
sentinels,9,2,2,4,3,1,4
sentries,8,3,0,3,3,0,3
sentry,6,3,1,4,3,1,4
sentry's,8,4,1,5,4,1,5
sepal,5,3,1,4,3,1,4
sepal's,7,5,4,9,4,1,5
sepals,6,3,3,6,3,3,6
separable,9,3,0,3,3,1,4
separate,8,3,1,4,3,0,3
separate's,10,4,1,5,4,0,4
separated,9,2,1,3,2,1,3
separately,10,2,0,2,2,0,2
separates,9,3,1,4,3,0,3
separating,10,5,0,5,8,0,8
separation,10,3,0,3,8,0,8
separation's,12,3,0,3,3,0,3
separations,11,4,0,4,4,0,4
separatism,10,5,0,5,4,0,4
separatism's,12,6,0,6,4,0,4
separatist,10,5,0,5,4,0,4
separatist's,12,6,0,6,4,0,4
separatists,11,3,0,3,3,0,3
separator,9,3,1,4,3,1,4
separator's,11,3,1,4,3,1,4
separators,10,4,1,5,4,1,5
sepia,5,5,1,6,5,2,7
sepia's,7,4,2,6,4,3,7
sepsis,6,2,0,2,2,0,2
sepsis's,8,3,0,3,3,0,3
septa,5,4,2,6,4,3,7
septet,6,4,2,6,4,2,6
septet's,8,5,1,6,5,0,5
septets,7,4,2,6,4,1,5
septette,8,4,1,5,4,0,4
septette's,10,5,0,5,5,0,5
septettes,9,4,0,4,4,0,4
septic,6,5,3,8,5,4,9
septicemia,10,5,0,5,3,0,3
septicemia's,12,5,0,5,3,0,3
septuagenarian,14,2,0,2,3,0,3
septuagenarian's,16,3,0,3,2,0,2
septuagenarians,15,2,0,2,2,0,2
septum,6,4,4,8,4,5,9
septum's,8,4,3,7,4,3,7
septums,7,3,3,6,3,3,6
sepulcher,9,3,0,3,3,0,3
sepulcher's,11,2,0,2,2,0,2
sepulchered,11,2,1,3,2,0,2
sepulchering,12,2,0,2,2,0,2
sepulchers,10,2,1,3,2,1,3
sepulchral,10,2,1,3,3,0,3
sequel,6,2,4,6,2,4,6
sequel's,8,3,3,6,3,3,6
sequels,7,2,4,6,2,4,6
sequence,8,2,3,5,2,2,4
sequence's,10,3,2,5,3,2,5
sequenced,9,4,1,5,4,1,5
sequencer,9,3,1,4,3,1,4
sequencers,10,3,2,5,2,2,4
sequences,9,2,2,4,2,2,4
sequencing,10,5,0,5,4,0,4
sequential,10,3,0,3,3,0,3
sequentially,12,3,0,3,3,0,3
sequester,9,2,1,3,2,0,2
sequestered,11,2,0,2,2,0,2
sequestering,12,3,0,3,2,0,2
sequesters,10,3,1,4,2,0,2
sequestration,13,2,0,2,2,0,2
sequestration's,15,2,0,2,2,0,2
sequestrations,14,2,0,2,2,0,2
sequin,6,3,2,5,3,2,5
sequin's,8,4,2,6,4,2,6
sequined,8,4,0,4,3,1,4
sequins,7,3,3,6,3,3,6
sequitur,8,3,0,3,3,0,3
sequoia,7,6,1,7,6,1,7
sequoia's,9,7,1,8,7,1,8
sequoias,8,3,1,4,3,1,4
sera,4,3,3,6,3,1,4
seraglio,8,5,1,6,5,1,6
seraglio's,10,3,1,4,4,0,4
seraglios,9,4,2,6,4,2,6
serape,6,3,3,6,3,2,5
serape's,8,5,1,6,5,1,6
serapes,7,2,4,6,3,2,5
seraph,6,4,1,5,4,1,5
seraph's,8,5,1,6,4,2,6
seraphic,8,8,0,8,8,0,8
seraphim,8,7,1,8,7,1,8
seraphs,7,3,2,5,3,2,5
sere,4,3,4,7,3,3,6
serenade,8,3,1,4,3,0,3
serenade's,10,5,0,5,3,0,3
serenaded,9,3,0,3,3,0,3
serenades,9,4,0,4,4,0,4
serenading,10,2,0,2,2,0,2
serendipitous,13,9,0,9,9,0,9
serendipity,11,3,0,3,4,0,4
serendipity's,13,8,1,9,8,1,9
serene,6,2,0,2,2,0,2
serenely,8,4,1,5,3,0,3
sereneness,10,2,0,2,2,0,2
sereneness's,12,2,0,2,2,0,2
serener,7,3,0,3,2,0,2
serenest,8,4,0,4,3,0,3
serenity,8,4,1,5,4,1,5
serenity's,10,5,1,6,5,1,6
serer,5,3,0,3,3,0,3
serest,6,3,0,3,2,0,2
serf,4,3,3,6,3,4,7
serf's,6,4,2,6,4,3,7
serfdom,7,3,2,5,4,2,6
serfdom's,9,5,1,6,4,2,6
serfs,5,3,5,8,3,5,8
serge,5,3,1,4,3,1,4
serge's,7,4,2,6,5,0,5
sergeant,8,3,1,4,3,0,3
sergeant's,10,3,0,3,3,0,3
sergeants,9,2,1,3,3,0,3
serial,6,4,1,5,3,2,5
serial's,8,5,1,6,5,1,6
serialization,13,5,0,5,4,0,4
serialization's,15,6,0,6,4,0,4
serialize,9,4,0,4,3,0,3
serialized,10,5,0,5,4,0,4
serializes,10,5,0,5,3,0,3
serializing,11,8,0,8,3,0,3
serially,8,5,0,5,4,0,4
serials,7,3,3,6,3,3,6
series,6,4,0,4,4,1,5
series's,8,2,0,2,2,0,2
serious,7,5,1,6,5,1,6
seriously,9,2,0,2,2,0,2
seriousness,11,1,0,1,1,0,1
seriousness's,13,1,0,1,1,0,1
sermon,6,4,1,5,4,1,5
sermon's,8,5,1,6,5,1,6
sermonize,9,4,0,4,3,1,4
sermonized,10,5,0,5,4,0,4
sermonizes,10,5,0,5,3,0,3
sermonizing,11,4,0,4,3,0,3
sermons,7,4,2,6,4,2,6
serous,6,3,1,4,4,1,5
serpent,7,4,0,4,4,0,4
serpent's,9,5,0,5,5,0,5
serpentine,10,2,0,2,2,0,2
serpentine's,12,2,0,2,2,0,2
serpents,8,4,2,6,4,2,6
serrated,8,3,1,4,3,0,3
serried,7,3,0,3,4,2,6
serum,5,3,3,6,3,3,6
serum's,7,4,3,7,4,3,7
serums,6,4,1,5,3,2,5
servant,7,5,0,5,4,0,4
servant's,9,6,0,6,5,0,5
servants,8,4,1,5,4,1,5
serve,5,2,2,4,2,2,4
serve's,7,3,3,6,4,1,5
served,6,3,1,4,4,3,7
server,6,3,4,7,3,4,7
server's,8,4,0,4,4,1,5
servers,7,3,1,4,3,0,3
serves,6,3,1,4,3,2,5
service,7,3,1,4,6,2,8
service's,9,4,1,5,3,0,3
serviceable,11,3,0,3,2,0,2
serviced,8,3,1,4,3,0,3
serviceman,10,5,0,5,3,0,3
serviceman's,12,5,0,5,3,0,3
servicemen,10,2,0,2,2,0,2
services,8,3,0,3,3,0,3
servicewoman,12,2,0,2,2,0,2
servicewoman's,14,3,0,3,2,0,2
servicewomen,12,2,0,2,2,0,2
servicing,9,6,0,6,6,0,6
serviette,9,3,0,3,3,0,3
serviette's,11,2,0,2,2,0,2
serviettes,10,2,1,3,2,1,3
servile,7,3,1,4,5,3,8
servility,9,5,1,6,5,1,6
servility's,11,3,0,3,3,0,3
serving,7,5,3,8,5,3,8
serving's,9,5,2,7,6,4,10
servings,8,2,4,6,3,3,6
servitude,9,4,0,4,3,0,3
servitude's,11,3,1,4,3,1,4
servo,5,3,2,5,3,2,5
servo's,7,4,2,6,4,2,6
servomechanism,14,4,0,4,3,0,3
servomechanism's,16,5,0,5,3,0,3
servomechanisms,15,3,0,3,3,0,3
servos,6,2,3,5,4,1,5
sesame,6,3,5,8,2,5,7
sesame's,8,2,0,2,2,0,2
sesames,7,2,1,3,2,1,3
session,7,3,0,3,2,0,2
session's,9,1,1,2,1,1,2
sessions,8,2,0,2,2,0,2
set,3,3,4,7,3,2,5
set's,5,4,3,7,3,3,6
setback,7,3,1,4,4,0,4
setback's,9,4,1,5,5,0,5
setbacks,8,4,1,5,4,1,5
sets,4,3,3,6,3,3,6
settable,8,3,1,4,3,0,3
settee,6,2,1,3,2,1,3
settee's,8,2,0,2,2,0,2
settees,7,2,1,3,2,0,2
setter,6,4,3,7,4,4,8
setter's,8,4,2,6,4,0,4
setters,7,3,3,6,4,1,5
setting,7,6,1,7,6,1,7
setting's,9,4,3,7,7,3,10
settings,8,3,2,5,4,2,6
settle,6,3,8,11,3,5,8
settle's,8,4,0,4,5,0,5
settled,7,3,1,4,4,2,6
settlement,10,2,0,2,2,0,2
settlement's,12,2,0,2,2,0,2
settlements,11,2,0,2,2,0,2
settler,7,4,0,4,4,1,5
settler's,9,3,0,3,3,0,3
settlers,8,3,2,5,4,1,5
settles,7,3,1,4,3,1,4
settling,8,5,0,5,6,0,6
setup,5,2,3,5,2,3,5
setup's,7,3,3,6,3,3,6
setups,6,3,2,5,2,3,5
seven,5,3,2,5,3,2,5
seven's,7,4,3,7,4,2,6
sevens,6,2,1,3,2,1,3
seventeen,9,2,0,2,2,0,2
seventeen's,11,2,0,2,2,0,2
seventeens,10,2,0,2,2,0,2
seventeenth,11,2,1,3,2,0,2
seventeenth's,13,3,0,3,2,0,2
seventeenths,12,2,0,2,2,0,2
seventh,7,6,0,6,6,0,6
seventh's,9,7,0,7,7,0,7
sevenths,8,3,1,4,3,1,4
seventies,9,3,1,4,3,1,4
seventieth,10,2,0,2,2,0,2
seventieth's,12,2,0,2,2,0,2
seventieths,11,2,0,2,2,0,2
seventy,7,5,1,6,5,1,6
seventy's,9,6,1,7,6,1,7
sever,5,4,1,5,4,1,5
several,7,2,1,3,2,1,3
several's,9,3,1,4,3,1,4
severally,9,3,0,3,3,0,3
severance,9,3,0,3,3,0,3
severance's,11,2,0,2,2,0,2
severances,10,2,0,2,2,0,2
severe,6,2,0,2,2,0,2
severed,7,3,0,3,4,2,6
severely,8,4,1,5,3,0,3
severer,7,3,0,3,2,0,2
severest,8,4,0,4,3,0,3
severing,8,5,3,8,5,1,6
severity,8,3,1,4,3,1,4
severity's,10,4,1,5,4,1,5
severs,6,4,1,5,4,1,5
sew,3,3,10,13,3,11,14
sewage,6,2,6,8,2,5,7
sewage's,8,4,2,6,4,2,6
sewed,5,4,2,6,4,2,6
sewer,5,3,2,5,3,2,5
sewer's,7,4,2,6,4,1,5
sewerage,8,3,1,4,3,0,3
sewerage's,10,5,0,5,3,0,3
sewers,6,3,2,5,3,2,5
sewing,6,6,0,6,6,0,6
sewing's,8,5,1,6,4,1,5
sewn,4,3,4,7,3,4,7
sews,4,2,4,6,2,4,6
sex,3,2,11,13,2,10,12
sex's,5,3,4,7,2,7,9
sexagenarian,12,2,0,2,2,0,2
sexagenarian's,14,3,0,3,2,0,2
sexagenarians,13,3,1,4,2,0,2
sexed,5,3,3,6,3,3,6
sexes,5,2,3,5,2,3,5
sexier,6,3,5,8,3,8,11
sexiest,7,2,0,2,2,0,2
sexily,6,3,2,5,3,3,6
sexiness,8,2,1,3,2,1,3
sexiness's,10,2,0,2,2,0,2
sexing,6,5,1,6,5,1,6
sexism,6,5,0,5,5,0,5
sexism's,8,4,3,7,4,3,7
sexist,6,4,1,5,4,1,5
sexist's,8,4,3,7,4,3,7
sexists,7,3,2,5,2,1,3
sexless,7,2,0,2,2,0,2
sexpot,6,3,3,6,4,2,6
sexpot's,8,3,4,7,3,4,7
sexpots,7,4,2,6,5,2,7
sextant,7,4,1,5,4,0,4
sextant's,9,5,1,6,5,0,5
sextants,8,4,1,5,4,1,5
sextet,6,3,3,6,3,3,6
sextet's,8,4,2,6,4,1,5
sextets,7,3,3,6,3,2,5
sextette,8,3,2,5,3,1,4
sextette's,10,4,1,5,4,1,5
sextettes,9,3,1,4,3,1,4
sexting,7,6,1,7,6,1,7
sexton,6,5,0,5,5,0,5
sexton's,8,6,0,6,6,0,6
sextons,7,4,2,6,5,2,7
sexual,6,3,2,5,4,1,5
sexuality,9,3,1,4,3,1,4
sexuality's,11,4,1,5,4,0,4
sexually,8,3,1,4,3,1,4
sexy,4,2,6,8,2,6,8
sh,2,1,6,7,1,6,7
shabbier,8,6,4,10,6,3,9
shabbiest,9,6,2,8,6,2,8
shabbily,8,6,3,9,5,3,8
shabbiness,10,7,1,8,7,1,8
shabbiness's,12,8,1,9,8,1,9
shabby,6,5,2,7,5,1,6
shack,5,5,6,11,5,5,10
shack's,7,6,5,11,3,7,10
shackle,7,6,1,7,6,2,8
shackle's,9,7,3,10,7,5,12
shackled,8,7,2,9,7,4,11
shackles,8,6,2,8,6,3,9
shackling,9,8,1,9,8,1,9
shacks,6,5,3,8,5,3,8
shad,4,4,7,11,4,6,10
shad's,6,5,6,11,5,4,9
shade,5,5,2,7,5,2,7
shade's,7,6,1,7,6,2,8
shaded,6,5,2,7,5,2,7
shades,6,5,1,6,5,1,6
shadier,7,6,0,6,6,1,7
shadiest,8,7,1,8,7,1,8
shadiness,9,7,0,7,7,0,7
shadiness's,11,8,0,8,8,0,8
shading,7,7,2,9,7,2,9
shading's,9,8,2,10,8,1,9
shadings,8,7,3,10,7,2,9
shadow,6,4,3,7,4,3,7
shadow's,8,4,3,7,5,2,7
shadowbox,9,2,2,4,2,2,4
shadowboxed,11,3,1,4,3,0,3
shadowboxes,11,2,2,4,2,2,4
shadowboxing,12,4,1,5,3,1,4
shadowed,8,3,1,4,4,1,5
shadowier,9,6,0,6,6,0,6
shadowiest,10,6,1,7,5,2,7
shadowing,9,5,3,8,5,3,8
shadows,7,3,2,5,3,2,5
shadowy,7,3,2,5,3,2,5
shads,5,4,5,9,4,4,8
shady,5,2,8,10,5,7,12
shaft,5,5,2,7,5,2,7
shaft's,7,5,1,6,5,1,6
shafted,7,6,1,7,6,1,7
shafting,8,7,1,8,7,1,8
shafts,6,4,3,7,4,3,7
shag,4,4,8,12,4,7,11
shag's,6,5,7,12,5,5,10
shagged,7,6,5,11,6,3,9
shaggier,8,6,4,10,6,3,9
shaggiest,9,5,3,8,5,3,8
shagginess,10,6,2,8,6,2,8
shagginess's,12,7,2,9,7,2,9
shagging,8,6,0,6,6,1,7
shaggy,6,5,3,8,5,2,7
shags,5,4,6,10,4,5,9
shah,4,3,7,10,3,6,9
shah's,6,4,6,10,4,3,7
shahs,5,3,5,8,3,4,7
shaikh,6,3,2,5,5,1,6
shaikh's,8,6,1,7,6,1,7
shaikhs,7,5,2,7,5,2,7
shake,5,5,3,8,5,3,8
shake's,7,6,2,8,6,3,9
shakedown,9,3,0,3,3,0,3
shakedown's,11,6,0,6,5,0,5
shakedowns,10,4,0,4,4,0,4
shaken,6,5,4,9,5,4,9
shaker,6,5,2,7,6,3,9
shaker's,8,6,2,8,7,2,9
shakers,7,5,2,7,6,2,8
shakes,6,5,3,8,5,3,8
shakeup,7,3,1,4,5,2,7
shakeup's,9,4,2,6,4,1,5
shakeups,8,3,1,4,3,2,5
shakier,7,7,2,9,7,3,10
shakiest,8,6,2,8,6,2,8
shakily,7,5,3,8,5,3,8
shakiness,9,6,1,7,6,1,7
shakiness's,11,7,1,8,7,1,8
shaking,7,7,3,10,7,3,10
shaky,5,3,6,9,4,8,12
shale,5,5,4,9,5,4,9
shale's,7,6,3,9,6,4,10
shall,5,3,5,8,3,4,7
shallot,7,5,4,9,4,4,8
shallot's,9,6,3,9,5,4,9
shallots,8,6,2,8,6,1,7
shallow,7,4,4,8,5,2,7
shallow's,9,5,3,8,6,2,8
shallower,9,6,0,6,6,0,6
shallowest,10,3,1,4,3,1,4
shallowness,11,4,0,4,4,0,4
shallowness's,13,4,0,4,4,0,4
shallows,8,5,3,8,5,2,7
shalt,5,4,3,7,4,3,7
sham,4,3,9,12,3,8,11
sham's,6,4,8,12,4,6,10
shaman,6,2,2,4,2,2,4
shaman's,8,3,2,5,3,2,5
shamans,7,2,3,5,2,3,5
shamble,7,5,2,7,5,3,8
shamble's,9,6,4,10,5,5,10
shambled,8,6,4,10,6,5,11
shambles,8,5,4,9,5,4,9
shambles's,10,4,0,4,2,2,4
shambling,9,7,2,9,7,2,9
shame,5,5,5,10,5,5,10
shame's,7,6,4,10,6,5,11
shamed,6,6,4,10,6,4,10
shamefaced,10,3,1,4,4,0,4
shameful,8,7,2,9,7,0,7
shamefully,10,3,1,4,3,1,4
shamefulness,12,7,0,7,7,0,7
shamefulness's,14,8,0,8,8,0,8
shameless,9,6,0,6,6,0,6
shamelessly,11,7,0,7,7,0,7
shames,6,5,4,9,5,4,9
shaming,7,7,4,11,7,4,11
shammed,7,6,6,12,6,4,10
shammies,8,6,1,7,5,0,5
shamming,8,7,3,10,7,3,10
shammy,6,4,4,8,5,3,8
shammy's,8,6,2,8,4,3,7
shampoo,7,3,2,5,3,2,5
shampoo's,9,4,1,5,3,2,5
shampooed,9,5,1,6,5,1,6
shampooing,10,6,1,7,5,2,7
shampoos,8,3,2,5,4,1,5
shamrock,8,3,3,6,4,3,7
shamrock's,10,5,2,7,4,3,7
shamrocks,9,4,4,8,4,3,7
shams,5,3,7,10,3,6,9
shan't,6,3,4,7,3,4,7
shandy,6,5,2,7,6,4,10
shanghai,8,3,0,3,3,1,4
shanghaied,10,4,0,4,4,1,5
shanghaiing,11,2,0,2,2,1,3
shanghais,9,3,3,6,3,2,5
shank,5,5,2,7,5,2,7
shank's,7,6,2,8,6,2,8
shanks,6,5,5,10,5,5,10
shanties,8,5,2,7,6,2,8
shantung,8,2,3,5,3,2,5
shantung's,10,6,1,7,6,1,7
shanty,6,5,2,7,5,5,10
shanty's,8,5,3,8,3,4,7
shantytown,10,2,2,4,2,2,4
shantytown's,12,4,1,5,3,1,4
shantytowns,11,2,2,4,3,1,4
shape,5,5,6,11,5,6,11
shape's,7,6,5,11,6,6,12
shaped,6,6,2,8,6,2,8
shapeless,9,5,1,6,5,1,6
shapelessly,11,6,1,7,6,1,7
shapelessness,13,4,0,4,2,0,2
shapelessness's,15,3,0,3,2,0,2
shapelier,9,7,1,8,6,2,8
shapeliest,10,4,0,4,3,0,3
shapeliness,11,7,0,7,6,1,7
shapeliness's,13,8,0,8,7,1,8
shapely,7,6,2,8,5,2,7
shapes,6,5,5,10,5,5,10
shaping,7,7,5,12,7,5,12
sharable,8,3,1,4,3,0,3
shard,5,5,5,10,5,6,11
shard's,7,6,5,11,6,5,11
shards,6,5,6,11,5,6,11
share,5,5,7,12,5,7,12
share's,7,6,6,12,6,7,13
shareable,9,3,0,3,3,0,3
sharecropper,12,3,0,3,3,0,3
sharecropper's,14,4,0,4,3,0,3
sharecroppers,13,2,1,3,3,0,3
shared,6,6,1,7,6,1,7
shareholder,11,3,1,4,3,0,3
shareholder's,13,3,1,4,2,0,2
shareholders,12,3,0,3,3,0,3
shares,6,5,1,6,5,1,6
sharia,6,3,3,6,3,3,6
shariah,7,3,3,6,4,2,6
sharing,7,7,6,13,7,6,13
shark,5,4,6,10,4,7,11
shark's,7,5,6,11,5,6,11
sharked,7,5,7,12,4,7,11
sharking,8,5,5,10,5,6,11
sharks,6,4,6,10,4,6,10
sharkskin,9,4,0,4,3,1,4
sharkskin's,11,5,0,5,5,1,6
sharp,5,5,3,8,5,4,9
sharp's,7,6,3,9,6,3,9
sharped,7,6,2,8,6,2,8
sharpen,7,4,2,6,4,2,6
sharpened,9,7,0,7,7,0,7
sharpener,9,4,0,4,4,0,4
sharpener's,11,5,0,5,5,0,5
sharpeners,10,4,0,4,4,0,4
sharpening,10,8,0,8,8,0,8
sharpens,8,6,1,7,6,2,8
sharper,7,4,3,7,4,3,7
sharper's,9,6,0,6,6,0,6
sharpers,8,5,0,5,5,0,5
sharpest,8,5,2,7,5,3,8
sharping,8,7,2,9,6,4,10
sharply,7,4,4,8,3,4,7
sharpness,9,5,2,7,5,2,7
sharpness's,11,6,2,8,6,2,8
sharps,6,4,7,11,4,7,11
sharpshooter,12,3,0,3,3,0,3
sharpshooter's,14,2,0,2,2,0,2
sharpshooters,13,2,0,2,2,1,3
shat,4,3,6,9,3,6,9
shatter,7,6,3,9,6,3,9
shatter's,9,7,1,8,7,1,8
shattered,9,7,1,8,7,1,8
shattering,10,9,1,10,9,1,10
shatterproof,12,4,0,4,5,0,5
shatters,8,6,1,7,6,1,7
shave,5,4,8,12,4,8,12
shave's,7,5,7,12,5,8,13
shaved,6,5,5,10,5,5,10
shaven,6,5,4,9,3,5,8
shaver,6,6,3,9,5,4,9
shaver's,8,5,3,8,6,3,9
shavers,7,6,3,9,5,3,8
shaves,6,4,6,10,4,6,10
shaving,7,6,7,13,6,7,13
shaving's,9,7,3,10,7,2,9
shavings,8,6,4,10,6,3,9
shawl,5,3,4,7,3,3,6
shawl's,7,4,6,10,4,4,8
shawls,6,4,4,8,3,5,8
shaykh,6,3,1,4,4,2,6
shaykh's,8,5,2,7,5,2,7
shaykhs,7,4,3,7,4,3,7
she,3,3,6,9,3,6,9
she'd,5,4,4,8,4,4,8
she'll,6,4,0,4,4,0,4
she's,5,3,5,8,3,5,8
sheaf,5,5,2,7,4,4,8
sheaf's,7,3,5,8,4,4,8
shear,5,4,3,7,5,1,6
shear's,7,6,2,8,6,2,8
sheared,7,6,0,6,6,0,6
shearer,7,5,0,5,5,0,5
shearer's,9,6,0,6,6,0,6
shearers,8,5,0,5,5,0,5
shearing,8,8,1,9,8,1,9
shears,6,5,3,8,5,3,8
sheath,6,4,0,4,4,0,4
sheath's,8,5,0,5,5,0,5
sheathe,7,3,1,4,3,1,4
sheathed,8,4,1,5,3,1,4
sheathes,8,3,0,3,3,0,3
sheathing,9,5,0,5,5,0,5
sheathing's,11,4,0,4,3,0,3
sheathings,10,4,1,5,3,2,5
sheaths,7,4,1,5,4,1,5
sheave,6,5,1,6,5,2,7
sheave's,8,4,2,6,4,2,6
sheaves,7,5,1,6,5,3,8
shebang,7,4,2,6,4,3,7
shebang's,9,5,2,7,5,2,7
shebangs,8,3,2,5,4,2,6
shed,4,4,1,5,4,0,4
shed's,6,4,3,7,4,6,10
shedding,8,6,4,10,6,3,9
sheds,5,4,5,9,4,5,9
sheen,5,4,2,6,4,2,6
sheen's,7,5,3,8,5,2,7
sheep,5,4,1,5,4,1,5
sheep's,7,5,2,7,5,1,6
sheepdog,8,3,1,4,3,1,4
sheepdog's,10,6,0,6,6,1,7
sheepdogs,9,5,0,5,5,0,5
sheepfold,9,3,1,4,4,1,5
sheepfold's,11,4,1,5,2,1,3
sheepfolds,10,6,0,6,4,0,4
sheepish,8,3,0,3,3,0,3
sheepishly,10,4,0,4,3,0,3
sheepishness,12,3,0,3,2,0,2
sheepishness's,14,3,0,3,2,0,2
sheepskin,9,2,1,3,2,0,2
sheepskin's,11,3,1,4,5,1,6
sheepskins,10,3,0,3,2,0,2
sheer,5,3,3,6,3,3,6
sheer's,7,4,4,8,4,3,7
sheered,7,5,0,5,5,0,5
sheerer,7,3,0,3,2,1,3
sheerest,8,4,0,4,4,0,4
sheering,8,6,3,9,6,2,8
sheers,6,4,2,6,4,2,6
sheet,5,4,1,5,4,1,5
sheet's,7,5,2,7,5,1,6
sheeting,8,7,2,9,7,0,7
sheeting's,10,6,1,7,3,1,4
sheets,6,4,0,4,4,0,4
sheik,5,3,5,8,3,5,8
sheik's,7,5,4,9,4,4,8
sheikdom,8,3,1,4,3,3,6
sheikdom's,10,4,2,6,5,1,6
sheikdoms,9,3,1,4,3,1,4
sheikh,6,3,1,4,3,1,4
sheikh's,8,4,1,5,4,1,5
sheikhdom,9,3,0,3,3,0,3
sheikhdom's,11,4,1,5,3,1,4
sheikhdoms,10,3,2,5,3,2,5
sheikhs,7,3,2,5,3,2,5
sheiks,6,4,4,8,4,4,8
shekel,6,3,2,5,3,2,5
shekel's,8,3,2,5,3,2,5
shekels,7,3,2,5,3,2,5
shelf,5,4,1,5,3,1,4
shelf's,7,5,1,6,5,0,5
shell,5,4,1,5,4,0,4
shell's,7,5,1,6,5,0,5
shellac,7,4,3,7,5,2,7
shellac's,9,5,2,7,6,1,7
shellacked,10,3,0,3,3,1,4
shellacking,11,7,0,7,3,0,3
shellacs,8,4,2,6,4,2,6
shelled,7,5,1,6,5,1,6
sheller,7,5,2,7,5,0,5
shellfish,9,4,0,4,2,1,3
shellfish's,11,4,0,4,5,0,5
shellfishes,11,3,1,4,5,0,5
shelling,8,7,2,9,7,0,7
shells,6,4,5,9,4,1,5
shelter,7,6,0,6,6,0,6
shelter's,9,7,0,7,7,0,7
sheltered,9,7,0,7,7,0,7
sheltering,10,9,0,9,9,0,9
shelters,8,6,0,6,6,0,6
shelve,6,4,2,6,4,3,7
shelved,7,5,1,6,4,2,6
shelves,7,4,2,6,4,4,8
shelving,8,6,2,8,7,0,7
shelving's,10,5,0,5,5,0,5
shenanigan,10,3,0,3,3,0,3
shenanigan's,12,4,0,4,4,0,4
shenanigans,11,3,1,4,3,1,4
shepherd,8,3,1,4,3,0,3
shepherd's,10,4,0,4,3,0,3
shepherded,10,2,0,2,2,0,2
shepherdess,11,4,0,4,3,0,3
shepherdess's,13,5,0,5,3,0,3
shepherdesses,13,2,0,2,2,0,2
shepherding,11,5,1,6,2,0,2
shepherds,9,3,1,4,3,1,4
sherbert,8,3,1,4,3,0,3
sherbert's,10,4,0,4,3,0,3
sherberts,9,3,1,4,3,1,4
sherbet,7,4,0,4,3,1,4
sherbet's,9,4,0,4,4,0,4
sherbets,8,3,1,4,4,0,4
sherd,5,4,4,8,4,4,8
sherd's,7,5,4,9,5,4,9
sherds,6,3,3,6,4,5,9
sheriff,7,3,4,7,4,1,5
sheriff's,9,4,3,7,5,2,7
sheriffs,8,4,3,7,3,3,6
sherries,8,3,1,4,3,0,3
sherry,6,5,1,6,5,1,6
sherry's,8,6,1,7,6,0,6
shes,4,3,1,4,3,0,3
shibboleth,10,3,0,3,3,0,3
shibboleth's,12,4,0,4,4,0,4
shibboleths,11,3,1,4,2,3,5
shied,5,5,1,6,5,1,6
shield,6,3,2,5,3,2,5
shield's,8,5,2,7,5,2,7
shielded,8,3,0,3,3,1,4
shielding,9,4,0,4,3,1,4
shields,7,3,2,5,3,2,5
shies,5,4,4,8,4,4,8
shift,5,4,4,8,4,5,9
shift's,7,5,4,9,5,4,9
shifted,7,7,2,9,7,3,10
shiftier,8,5,1,6,5,0,5
shiftiest,9,4,0,4,3,0,3
shiftily,8,3,3,6,2,3,5
shiftiness,10,5,0,5,5,0,5
shiftiness's,12,6,0,6,6,0,6
shifting,8,7,0,7,7,1,8
shiftless,9,5,1,6,5,1,6
shiftlessness,13,4,0,4,2,0,2
shiftlessness's,15,3,0,3,2,0,2
shifts,6,5,4,9,5,3,8
shifty,6,5,3,8,4,3,7
shiitake,8,2,0,2,4,0,4
shiitake's,10,5,2,7,4,3,7
shiitakes,9,6,0,6,4,0,4
shill,5,4,4,8,4,3,7
shill's,7,5,4,9,5,4,9
shillalah,9,3,1,4,3,1,4
shillalah's,11,4,2,6,3,2,5
shillalahs,10,3,3,6,3,1,4
shilled,7,6,1,7,6,2,8
shillelagh,10,3,1,4,3,1,4
shillelagh's,12,4,1,5,3,0,3
shillelaghs,11,4,1,5,3,1,4
shilling,8,6,1,7,6,2,8
shilling's,10,7,3,10,7,4,11
shillings,9,6,4,10,5,4,9
shills,6,4,5,9,4,4,8
shim,4,4,5,9,4,5,9
shim's,6,5,5,10,5,6,11
shimmed,7,6,4,10,6,5,11
shimmer,7,6,3,9,6,3,9
shimmer's,9,7,2,9,7,3,10
shimmered,9,6,2,8,5,3,8
shimmering,10,7,0,7,7,1,8
shimmers,8,6,3,9,6,3,9
shimmery,8,5,0,5,5,2,7
shimmied,8,5,2,7,6,3,9
shimmies,8,5,0,5,5,0,5
shimming,8,6,3,9,6,3,9
shimmy,6,5,4,9,4,5,9
shimmy's,8,4,3,7,5,2,7
shimmying,9,5,1,6,5,1,6
shims,5,4,5,9,4,5,9
shin,4,4,6,10,4,6,10
shin's,6,5,6,11,5,5,10
shinbone,8,3,1,4,4,1,5
shinbone's,10,3,3,6,4,2,6
shinbones,9,3,1,4,4,1,5
shindig,7,3,1,4,3,2,5
shindig's,9,4,3,7,3,3,6
shindigs,8,3,4,7,3,2,5
shine,5,5,5,10,5,5,10
shine's,7,6,4,10,6,4,10
shined,6,5,5,10,5,5,10
shiner,6,6,2,8,6,2,8
shiner's,8,6,0,6,6,0,6
shiners,7,6,2,8,6,2,8
shines,6,5,5,10,5,5,10
shingle,7,5,3,8,4,4,8
shingle's,9,6,1,7,6,4,10
shingled,8,5,0,5,7,2,9
shingles,8,4,0,4,4,0,4
shingling,9,5,1,6,4,1,5
shinier,7,5,2,7,5,2,7
shiniest,8,5,1,6,5,1,6
shininess,9,4,0,4,4,0,4
shininess's,11,5,0,5,4,0,4
shining,7,4,1,5,3,1,4
shinned,7,6,5,11,6,6,12
shinnied,8,5,0,5,5,4,9
shinnies,8,4,1,5,4,1,5
shinning,8,5,0,5,5,1,6
shinny,6,4,5,9,5,2,7
shinnying,9,3,1,4,3,1,4
shins,5,3,6,9,3,6,9
shiny,5,3,7,10,3,7,10
ship,4,4,4,8,4,4,8
ship's,6,5,4,9,5,7,12
shipboard,9,4,1,5,3,2,5
shipboard's,11,6,2,8,5,1,6
shipboards,10,5,2,7,4,2,6
shipbuilder,11,2,0,2,4,0,4
shipbuilder's,13,3,1,4,4,0,4
shipbuilders,12,3,1,4,3,1,4
shipbuilding,12,2,1,3,2,1,3
shipbuilding's,14,3,1,4,2,1,3
shipload,8,4,1,5,3,1,4
shipload's,10,5,1,6,4,1,5
shiploads,9,4,2,6,4,1,5
shipmate,8,5,0,5,5,0,5
shipmate's,10,6,2,8,4,3,7
shipmates,9,6,0,6,5,0,5
shipment,8,5,0,5,4,1,5
shipment's,10,5,1,6,5,0,5
shipments,9,3,2,5,4,2,6
shipped,7,6,6,12,6,4,10
shipper,7,6,4,10,6,4,10
shipper's,9,6,3,9,7,1,8
shippers,8,5,4,9,6,1,7
shipping,8,6,4,10,6,4,10
shipping's,10,7,4,11,6,5,11
ships,5,4,2,6,4,2,6
shipshape,9,2,0,2,2,0,2
shipwreck,9,3,1,4,4,0,4
shipwreck's,11,4,0,4,3,1,4
shipwrecked,11,2,1,3,3,0,3
shipwrecking,12,5,0,5,3,0,3
shipwrecks,10,3,0,3,3,0,3
shipwright,10,3,1,4,3,1,4
shipwright's,12,3,3,6,3,2,5
shipwrights,11,3,3,6,3,2,5
shipyard,8,4,1,5,3,2,5
shipyard's,10,4,2,6,4,2,6
shipyards,9,3,4,7,3,3,6
shire,5,3,6,9,3,6,9
shire's,7,5,4,9,5,4,9
shires,6,5,2,7,5,2,7
shirk,5,5,6,11,5,6,11
shirked,7,7,3,10,5,7,12
shirker,7,5,2,7,5,2,7
shirker's,9,5,1,6,5,1,6
shirkers,8,4,1,5,4,1,5
shirking,8,7,2,9,5,5,10
shirks,6,5,6,11,5,6,11
shirr,5,3,7,10,3,7,10
shirr's,7,4,6,10,4,6,10
shirred,7,5,7,12,5,7,12
shirring,8,5,5,10,5,5,10
shirring's,10,6,5,11,6,3,9
shirrings,9,5,5,10,6,3,9
shirrs,6,2,8,10,3,6,9
shirt,5,5,4,9,5,5,10
shirt's,7,6,4,10,6,4,10
shirted,7,6,3,9,6,4,10
shirting,8,6,1,7,6,2,8
shirts,6,4,5,9,4,4,8
shirtsleeve,11,2,0,2,2,0,2
shirtsleeve's,13,4,0,4,2,0,2
shirtsleeves,12,3,0,3,3,0,3
shirttail,9,2,1,3,2,1,3
shirttail's,11,4,1,5,2,2,4
shirttails,10,2,3,5,3,1,4
shirtwaist,10,2,1,3,2,1,3
shirtwaist's,12,3,1,4,2,1,3
shirtwaists,11,2,1,3,2,1,3
shit,4,4,3,7,4,3,7
shit's,6,5,3,8,5,3,8
shits,5,4,1,5,4,1,5
shittier,8,5,1,6,5,0,5
shittiest,9,4,0,4,3,0,3
shitting,8,6,0,6,6,1,7
shitty,6,5,3,8,4,3,7
shiver,6,5,4,9,4,7,11
shiver's,8,6,2,8,6,2,8
shivered,8,5,1,6,7,0,7
shivering,9,8,0,8,8,0,8
shivers,7,5,3,8,5,3,8
shivery,7,6,0,6,6,0,6
shlemiel,8,3,2,5,3,1,4
shlemiel's,10,3,1,4,2,1,3
shlemiels,9,2,2,4,2,2,4
shlep,5,3,3,6,3,3,6
shlep's,7,4,2,6,4,2,6
shlepp,6,3,3,6,4,1,5
shlepp's,8,5,2,7,5,2,7
shlepped,8,4,2,6,4,1,5
shlepping,9,7,1,8,7,1,8
shlepps,7,4,2,6,4,2,6
shleps,6,3,2,5,3,2,5
shlock,6,3,4,7,2,5,7
shlocky,7,3,3,6,3,3,6
shoal,5,3,3,6,3,3,6
shoal's,7,4,5,9,4,3,7
shoaled,7,5,1,6,5,1,6
shoaling,8,6,2,8,6,2,8
shoals,6,3,4,7,3,5,8
shock,5,5,4,9,5,4,9
shock's,7,6,4,10,6,4,10
shocked,7,7,3,10,7,3,10
shocker,7,5,5,10,4,7,11
shocker's,9,6,3,9,5,7,12
shockers,8,5,3,8,4,6,10
shocking,8,8,4,12,8,3,11
shockingly,10,7,1,8,4,1,5
shockproof,10,2,2,4,2,2,4
shocks,6,5,4,9,5,4,9
shod,4,4,6,10,4,6,10
shodden,7,5,0,5,5,0,5
shoddier,8,6,3,9,6,2,8
shoddiest,9,6,2,8,6,2,8
shoddily,8,5,4,9,4,4,8
shoddiness,10,6,1,7,5,2,7
shoddiness's,12,7,1,8,6,2,8
shoddy,6,4,5,9,4,6,10
shoddy's,8,5,3,8,4,4,8
shoe,4,2,2,4,2,2,4
shoe's,6,5,1,6,5,1,6
shoed,5,4,3,7,4,3,7
shoehorn,8,3,1,4,3,1,4
shoehorn's,10,5,1,6,3,1,4
shoehorned,10,3,0,3,3,0,3
shoehorning,11,5,0,5,4,0,4
shoehorns,9,3,1,4,3,1,4
shoeing,7,3,1,4,3,1,4
shoelace,8,3,1,4,3,1,4
shoelace's,10,3,0,3,3,0,3
shoelaces,9,3,0,3,3,0,3
shoemaker,9,3,0,3,4,0,4
shoemaker's,11,4,0,4,3,0,3
shoemakers,10,3,1,4,2,2,4
shoes,5,4,5,9,4,5,9
shoeshine,9,2,1,3,2,1,3
shoeshine's,11,2,1,3,3,0,3
shoeshines,10,3,1,4,3,1,4
shoestring,10,2,1,3,2,1,3
shoestring's,12,3,1,4,2,1,3
shoestrings,11,2,1,3,2,1,3
shogun,6,4,4,8,4,5,9
shogun's,8,4,4,8,4,5,9
shoguns,7,3,4,7,3,4,7
shone,5,4,5,9,4,5,9
shoo,4,1,2,3,1,2,3
shooed,6,3,2,5,3,2,5
shooing,7,5,2,7,5,2,7
shook,5,4,4,8,4,4,8
shoon,5,3,5,8,3,5,8
shoos,5,2,2,4,2,2,4
shoot,5,4,4,8,4,4,8
shoot's,7,5,3,8,5,3,8
shooter,7,5,5,10,5,3,8
shooter's,9,6,3,9,6,1,7
shooters,8,5,3,8,5,1,6
shooting,8,6,1,7,6,4,10
shooting's,10,4,2,6,3,2,5
shootings,9,3,2,5,3,2,5
shootout,8,2,3,5,2,3,5
shootout's,10,3,2,5,2,2,4
shootouts,9,2,2,4,2,2,4
shoots,6,4,4,8,4,4,8
shop,4,3,7,10,3,7,10
shop's,6,4,5,9,4,5,9
shopaholic,10,4,1,5,3,1,4
shopaholic's,12,4,1,5,3,1,4
shopaholics,11,2,2,4,3,2,5
shopkeeper,10,2,0,2,2,0,2
shopkeeper's,12,2,0,2,2,0,2
shopkeepers,11,2,0,2,2,0,2
shoplift,8,4,3,7,3,2,5
shoplifted,10,7,1,8,5,1,6
shoplifter,10,4,1,5,4,1,5
shoplifter's,12,3,0,3,3,0,3
shoplifters,11,4,1,5,4,1,5
shoplifting,11,6,0,6,4,1,5
shoplifting's,13,3,0,3,2,1,3
shoplifts,9,3,2,5,4,2,6
shopped,7,6,4,10,6,2,8
shopper,7,6,4,10,5,5,10
shopper's,9,7,2,9,6,3,9
shoppers,8,6,2,8,5,3,8
shopping,8,7,5,12,7,4,11
shopping's,10,6,3,9,6,4,10
shops,5,3,6,9,3,6,9
shoptalk,8,3,2,5,3,2,5
shoptalk's,10,4,1,5,4,1,5
shopworn,8,4,3,7,3,3,6
shore,5,5,3,8,5,3,8
shore's,7,6,5,11,6,5,11
shored,6,6,2,8,6,2,8
shoreline,9,5,1,6,4,2,6
shoreline's,11,3,1,4,3,1,4
shorelines,10,4,0,4,2,1,3
shores,6,5,2,7,5,2,7
shoring,7,7,3,10,7,3,10
shorn,5,3,6,9,3,6,9
short,5,5,3,8,5,3,8
short's,7,6,2,8,6,2,8
shortage,8,5,1,6,5,1,6
shortage's,10,4,0,4,4,0,4
shortages,9,5,1,6,5,1,6
shortbread,10,3,0,3,3,0,3
shortbread's,12,4,0,4,4,0,4
shortcake,9,8,0,8,8,0,8
shortcake's,11,9,0,9,9,0,9
shortcakes,10,8,0,8,8,1,9
shortchange,11,3,1,4,3,0,3
shortchanged,12,4,0,4,3,0,3
shortchanges,12,3,0,3,3,1,4
shortchanging,13,4,0,4,4,0,4
shortcoming,11,5,1,6,5,1,6
shortcoming's,13,2,1,3,3,1,4
shortcomings,12,2,2,4,3,2,5
shortcut,8,4,3,7,3,4,7
shortcut's,10,3,3,6,3,2,5
shortcuts,9,3,3,6,3,3,6
shorted,7,7,3,10,7,2,9
shorten,7,4,3,7,4,3,7
shortened,9,6,1,7,6,1,7
shortening,10,7,1,8,5,1,6
shortening's,12,5,0,5,3,1,4
shortenings,11,3,0,3,3,0,3
shortens,8,5,1,6,5,1,6
shorter,7,4,3,7,4,3,7
shortest,8,4,1,5,4,1,5
shortfall,9,6,2,8,4,2,6
shortfall's,11,3,2,5,4,1,5
shortfalls,10,3,2,5,4,2,6
shorthand,9,6,2,8,4,2,6
shorthand's,11,4,1,5,4,1,5
shorthorn,9,3,2,5,3,2,5
shorthorn's,11,4,1,5,4,1,5
shorthorns,10,2,2,4,3,2,5
shorting,8,8,1,9,8,3,11
shortish,8,3,1,4,3,1,4
shortlist,9,5,1,6,3,0,3
shortly,7,5,3,8,3,3,6
shortness,9,4,2,6,4,2,6
shortness's,11,5,2,7,5,2,7
shorts,6,5,4,9,5,3,8
shortsighted,12,2,0,2,3,0,3
shortsightedly,14,2,0,2,2,0,2
shortsightedness,16,1,0,1,1,0,1
shortsightedness's,18,1,0,1,1,0,1
shortstop,9,2,2,4,2,2,4
shortstop's,11,3,1,4,2,0,2
shortstops,10,2,1,3,1,2,3
shortwave,9,7,1,8,7,1,8
shortwave's,11,8,1,9,8,1,9
shortwaves,10,7,1,8,7,2,9
shot,4,4,5,9,4,5,9
shot's,6,5,3,8,5,3,8
shotgun,7,2,4,6,3,3,6
shotgun's,9,4,2,6,3,3,6
shotgunned,10,4,2,6,4,0,4
shotgunning,11,3,0,3,3,1,4
shotguns,8,3,3,6,4,5,9
shots,5,4,3,7,4,3,7
should,6,4,4,8,4,5,9
should've,9,4,1,5,2,3,5
shoulder,8,8,1,9,8,1,9
shoulder's,10,9,0,9,9,0,9
shouldered,10,8,0,8,8,0,8
shouldering,11,11,1,12,11,1,12
shoulders,9,8,1,9,8,0,8
shouldn't,9,3,2,5,3,2,5
shout,5,5,3,8,5,3,8
shout's,7,6,4,10,6,4,10
shouted,7,7,3,10,7,2,9
shouting,8,8,1,9,8,3,11
shouts,6,5,4,9,5,3,8
shove,5,4,5,9,4,5,9
shove's,7,5,6,11,5,6,11
shoved,6,5,5,10,5,5,10
shovel,6,5,4,9,5,4,9
shovel's,8,5,3,8,5,3,8
shoveled,8,2,3,5,5,2,7
shovelful,9,3,2,5,3,2,5
shovelful's,11,3,2,5,3,1,4
shovelfuls,10,4,0,4,3,1,4
shoveling,9,5,1,6,5,1,6
shovelled,9,5,1,6,5,1,6
shovelling,10,6,1,7,6,1,7
shovels,7,4,4,8,5,4,9
shoves,6,4,7,11,4,7,11
shoving,7,5,6,11,5,6,11
show,4,3,7,10,3,7,10
show's,6,4,5,9,4,5,9
showbiz,7,3,3,6,3,2,5
showbiz's,9,3,3,6,4,3,7
showboat,8,3,3,6,3,3,6
showboat's,10,4,3,7,6,2,8
showboated,10,6,1,7,5,1,6
showboating,11,6,1,7,6,1,7
showboats,9,3,2,5,3,3,6
showcase,8,5,0,5,5,1,6
showcase's,10,6,0,6,3,1,4
showcased,9,3,1,4,3,1,4
showcases,9,3,0,3,3,1,4
showcasing,10,4,1,5,4,1,5
showdown,8,6,3,9,6,3,9
showdown's,10,7,2,9,7,2,9
showdowns,9,6,2,8,6,2,8
showed,6,6,2,8,6,2,8
shower,6,5,4,9,5,4,9
shower's,8,6,3,9,5,4,9
showered,8,5,2,7,5,2,7
showering,9,7,1,8,7,1,8
showers,7,5,5,10,5,5,10
showery,7,5,1,6,5,2,7
showgirl,8,4,3,7,3,3,6
showgirl's,10,5,2,7,4,3,7
showgirls,9,3,2,5,4,2,6
showier,7,7,2,9,7,1,8
showiest,8,7,1,8,7,1,8
showily,7,3,3,6,3,3,6
showiness,9,6,1,7,6,1,7
showiness's,11,7,1,8,7,1,8
showing,7,7,3,10,7,3,10
showing's,9,7,2,9,7,2,9
showings,8,2,4,6,2,4,6
showman,7,5,2,7,4,3,7
showman's,9,4,2,6,4,3,7
showmanship,11,4,0,4,3,0,3
showmanship's,13,3,1,4,3,0,3
showmen,7,4,2,6,3,4,7
shown,5,5,4,9,5,4,9
showoff,7,2,3,5,2,3,5
showoff's,9,3,2,5,2,2,4
showoffs,8,2,3,5,2,3,5
showpiece,9,3,0,3,3,0,3
showpiece's,11,3,0,3,3,0,3
showpieces,10,3,0,3,3,0,3
showplace,9,4,2,6,4,2,6
showplace's,11,4,2,6,3,2,5
showplaces,10,4,1,5,5,2,7
showroom,8,2,3,5,2,3,5
showroom's,10,3,2,5,2,2,4
showrooms,9,2,2,4,2,2,4
shows,5,4,4,8,4,4,8
showy,5,4,5,9,4,5,9
shrank,6,5,1,6,5,2,7
shrapnel,8,4,2,6,4,2,6
shrapnel's,10,4,0,4,4,0,4
shred,5,5,1,6,5,1,6
shred's,7,6,2,8,6,1,7
shredded,8,4,1,5,4,0,4
shredder,8,4,1,5,4,0,4
shredder's,10,5,0,5,4,0,4
shredders,9,4,0,4,4,0,4
shredding,9,6,2,8,6,2,8
shreds,6,4,2,6,4,2,6
shrew,5,4,2,6,4,2,6
shrew's,7,5,3,8,5,2,7
shrewd,6,5,2,7,5,3,8
shrewder,8,5,1,6,5,0,5
shrewdest,9,5,1,6,5,1,6
shrewdly,8,4,1,5,3,2,5
shrewdness,10,2,0,2,2,0,2
shrewdness's,12,2,0,2,2,0,2
shrewish,8,4,0,4,3,0,3
shrews,6,5,2,7,5,2,7
shriek,6,4,1,5,4,1,5
shriek's,8,5,0,5,5,0,5
shrieked,8,3,0,3,5,0,5
shrieking,9,5,0,5,4,0,4
shrieks,7,4,1,5,4,1,5
shrift,6,4,4,8,4,4,8
shrift's,8,5,3,8,6,3,9
shrike,6,6,2,8,6,2,8
shrike's,8,7,2,9,7,1,8
shrikes,7,6,2,8,6,1,7
shrill,6,3,5,8,3,5,8
shrilled,8,6,2,8,6,3,9
shriller,8,4,2,6,3,2,5
shrillest,9,4,0,4,4,0,4
shrilling,9,5,2,7,5,3,8
shrillness,10,6,0,6,6,0,6
shrillness's,12,7,0,7,6,0,6
shrills,7,5,4,9,5,4,9
shrilly,7,4,2,6,5,2,7
shrimp,6,5,4,9,5,5,10
shrimp's,8,5,2,7,5,2,7
shrimped,8,7,1,8,7,1,8
shrimping,9,7,2,9,7,3,10
shrimps,7,5,4,9,5,4,9
shrine,6,6,3,9,4,2,6
shrine's,8,6,3,9,6,2,8
shrines,7,6,3,9,6,2,8
shrink,6,4,4,8,4,4,8
shrink's,8,4,4,8,5,4,9
shrinkable,10,3,0,3,3,0,3
shrinkage,9,4,1,5,4,1,5
shrinkage's,11,7,1,8,4,1,5
shrinking,9,4,2,6,4,2,6
shrinks,7,4,5,9,4,5,9
shrive,6,5,4,9,5,3,8
shrived,7,7,1,8,7,2,9
shrivel,7,3,2,5,3,2,5
shriveled,9,3,0,3,3,0,3
shriveling,10,5,0,5,4,0,4
shrivelled,10,3,0,3,3,0,3
shrivelling,11,5,0,5,4,0,4
shrivels,8,5,1,6,5,2,7
shriven,7,7,1,8,7,2,9
shrives,7,5,4,9,5,3,8
shriving,8,5,1,6,5,2,7
shroud,6,3,5,8,3,5,8
shroud's,8,4,5,9,4,5,9
shrouded,8,5,1,6,5,0,5
shrouding,9,8,2,10,5,4,9
shrouds,7,5,5,10,5,5,10
shrove,6,4,4,8,4,4,8
shrub,5,4,5,9,4,6,10
shrub's,7,5,5,10,5,6,11
shrubberies,11,3,0,3,3,0,3
shrubbery,9,2,2,4,3,0,3
shrubbery's,11,4,0,4,3,1,4
shrubbier,9,4,1,5,4,1,5
shrubbiest,10,5,2,7,6,1,7
shrubby,7,2,5,7,2,5,7
shrubs,6,4,7,11,4,6,10
shrug,5,4,6,10,4,6,10
shrug's,7,5,6,11,5,6,11
shrugged,8,5,4,9,4,4,8
shrugging,9,4,1,5,4,1,5
shrugs,6,4,7,11,4,6,10
shrunk,6,4,5,9,4,5,9
shrunken,8,3,3,6,4,2,6
shtick,6,3,4,7,3,4,7
shtick's,8,4,3,7,4,3,7
shticks,7,3,4,7,3,4,7
shtik,5,3,5,8,3,5,8
shtik's,7,4,5,9,4,5,9
shtiks,6,2,3,5,2,5,7
shuck,5,5,5,10,2,8,10
shuck's,7,4,5,9,5,7,12
shucked,7,5,6,11,4,9,13
shucking,8,6,3,9,6,5,11
shucks,6,3,8,11,3,8,11
shuckses,8,3,0,3,3,0,3
shudder,7,4,1,5,4,1,5
shudder's,9,6,6,12,6,6,12
shuddered,9,4,0,4,4,0,4
shuddering,10,7,3,10,7,3,10
shudders,8,5,6,11,5,5,10
shuffle,7,6,3,9,6,4,10
shuffle's,9,6,3,9,7,2,9
shuffleboard,12,2,1,3,2,1,3
shuffleboard's,14,3,0,3,2,0,2
shuffleboards,13,3,1,4,2,1,3
shuffled,8,7,2,9,7,2,9
shuffler,8,5,3,8,6,1,7
shuffler's,10,6,1,7,7,0,7
shufflers,9,5,2,7,6,0,6
shuffles,8,6,2,8,6,3,9
shuffling,9,7,4,11,7,4,11
shun,4,4,6,10,4,6,10
shunned,7,6,3,9,6,3,9
shunning,8,6,1,7,6,2,8
shuns,5,3,5,8,3,5,8
shunt,5,4,4,8,4,4,8
shunt's,7,5,4,9,5,6,11
shunted,7,6,3,9,6,3,9
shunting,8,6,1,7,6,2,8
shunts,6,4,5,9,4,7,11
shush,5,2,0,2,2,0,2
shushed,7,3,0,3,3,0,3
shushes,7,3,0,3,3,0,3
shushing,8,3,0,3,3,1,4
shut,4,4,4,8,4,4,8
shutdown,8,5,3,8,4,3,7
shutdown's,10,4,2,6,4,4,8
shutdowns,9,4,2,6,3,3,6
shuteye,7,3,1,4,3,2,5
shuteye's,9,2,1,3,2,1,3
shutout,7,3,3,6,3,3,6
shutout's,9,4,2,6,3,2,5
shutouts,8,3,3,6,3,3,6
shuts,5,4,5,9,4,5,9
shutter,7,6,3,9,6,3,9
shutter's,9,7,3,10,7,1,8
shutterbug,10,2,2,4,2,3,5
shutterbug's,12,4,1,5,4,1,5
shutterbugs,11,6,0,6,4,0,4
shuttered,9,7,1,8,7,1,8
shuttering,10,9,1,10,9,1,10
shutters,8,6,3,9,6,1,7
shutting,8,5,2,7,6,3,9
shuttle,7,5,2,7,5,5,10
shuttle's,9,6,2,8,6,3,9
shuttlecock,11,3,1,4,3,0,3
shuttlecock's,13,3,0,3,3,0,3
shuttlecocked,13,2,2,4,2,1,3
shuttlecocking,14,3,0,3,4,0,4
shuttlecocks,12,3,0,3,3,1,4
shuttled,8,6,3,9,6,4,10
shuttles,8,5,3,8,5,2,7
shuttling,9,7,3,10,7,3,10
shy,3,3,5,8,3,5,8
shy's,5,4,5,9,4,5,9
shyer,5,5,2,7,5,2,7
shyest,6,5,1,6,5,1,6
shying,6,6,2,8,6,2,8
shyly,5,3,5,8,3,5,8
shyness,7,5,0,5,5,0,5
shyness's,9,6,0,6,6,0,6
shyster,7,3,0,3,3,0,3
shyster's,9,2,2,4,2,0,2
shysters,8,2,0,2,2,0,2
sibilant,8,3,0,3,2,1,3
sibilant's,10,6,1,7,5,1,6
sibilants,9,6,3,9,4,1,5
sibling,7,6,1,7,6,2,8
sibling's,9,6,3,9,5,4,9
siblings,8,5,4,9,4,3,7
sibyl,5,3,3,6,3,3,6
sibyl's,7,4,3,7,4,3,7
sibyls,6,3,5,8,3,5,8
sic,3,3,10,13,3,10,13
sick,4,4,3,7,4,3,7
sickbed,7,5,2,7,4,4,8
sickbed's,9,4,2,6,4,3,7
sickbeds,8,3,2,5,3,3,6
sicked,6,5,6,11,5,6,11
sicken,6,6,3,9,6,3,9
sickened,8,4,1,5,5,2,7
sickening,9,4,0,4,4,0,4
sickeningly,11,2,0,2,3,0,3
sickens,7,3,5,8,3,4,7
sicker,6,6,6,12,6,6,12
sickest,7,4,2,6,4,2,6
sicking,7,5,3,8,4,4,8
sickle,6,6,4,10,6,5,11
sickle's,8,6,2,8,6,3,9
sickles,7,5,1,6,5,1,6
sicklier,8,3,1,4,4,0,4
sickliest,9,4,0,4,4,0,4
sickly,6,5,2,7,5,2,7
sickness,8,4,1,5,4,1,5
sickness's,10,5,1,6,5,1,6
sicknesses,10,3,0,3,2,1,3
sicks,5,4,3,7,3,5,8
sics,4,3,5,8,3,5,8
side,4,4,9,13,4,9,13
side's,6,5,2,7,5,2,7
sidearm,7,3,0,3,4,0,4
sidearm's,9,3,0,3,3,0,3
sidearms,8,4,1,5,5,1,6
sidebar,7,7,0,7,7,0,7
sidebar's,9,8,0,8,7,0,7
sidebars,8,7,1,8,7,1,8
sideboard,9,5,0,5,4,0,4
sideboard's,11,6,0,6,5,1,6
sideboards,10,4,1,5,4,0,4
sideburns,9,5,1,6,6,1,7
sideburns's,11,2,0,2,2,0,2
sidecar,7,6,1,7,6,1,7
sidecar's,9,7,1,8,5,1,6
sidecars,8,6,2,8,6,2,8
sided,5,3,1,4,3,1,4
sidekick,8,3,1,4,4,0,4
sidekick's,10,4,1,5,5,0,5
sidekicks,9,3,1,4,3,1,4
sidelight,9,3,0,3,3,0,3
sidelight's,11,4,0,4,4,0,4
sidelights,10,3,2,5,3,1,4
sideline,8,5,0,5,4,0,4
sideline's,10,2,2,4,3,1,4
sidelined,9,3,1,4,3,1,4
sidelines,9,3,1,4,3,1,4
sidelining,10,3,0,3,3,0,3
sidelong,8,4,0,4,4,0,4
sidereal,8,3,0,3,4,0,4
sides,5,4,2,6,4,2,6
sidesaddle,10,2,0,2,3,0,3
sidesaddle's,12,3,0,3,3,0,3
sidesaddles,11,2,0,2,3,0,3
sideshow,8,2,1,3,2,1,3
sideshow's,10,2,2,4,3,1,4
sideshows,9,2,1,3,2,1,3
sidesplitting,13,1,0,1,1,0,1
sidestep,8,2,1,3,2,1,3
sidestep's,10,4,0,4,3,1,4
sidestepped,11,4,0,4,2,0,2
sidestepping,12,5,0,5,3,0,3
sidesteps,9,2,1,3,2,1,3
sidestroke,10,2,1,3,3,0,3
sidestroke's,12,3,1,4,3,0,3
sidestroked,11,4,0,4,2,0,2
sidestrokes,11,2,1,3,3,0,3
sidestroking,12,5,0,5,3,0,3
sideswipe,9,2,0,2,2,0,2
sideswipe's,11,2,1,3,3,0,3
sideswiped,10,2,1,3,4,0,4
sideswipes,10,2,1,3,3,1,4
sideswiping,11,2,0,2,2,0,2
sidetrack,9,5,0,5,4,0,4
sidetrack's,11,6,0,6,5,1,6
sidetracked,11,3,0,3,3,0,3
sidetracking,12,3,0,3,3,0,3
sidetracks,10,4,1,5,5,0,5
sidewalk,8,4,0,4,4,0,4
sidewalk's,10,5,0,5,6,0,6
sidewalks,9,4,1,5,4,1,5
sidewall,8,4,0,4,4,0,4
sidewall's,10,5,0,5,6,0,6
sidewalls,9,4,1,5,4,1,5
sideways,8,5,2,7,5,2,7
sidewise,8,2,0,2,2,0,2
siding,6,5,2,7,5,2,7
siding's,8,6,2,8,6,2,8
sidings,7,2,3,5,2,3,5
sidle,5,3,3,6,3,3,6
sidle's,7,5,1,6,5,1,6
sidled,6,3,2,5,3,2,5
sidles,6,3,1,4,3,1,4
sidling,7,5,2,7,5,3,8
siege,5,2,3,5,2,3,5
siege's,7,3,4,7,3,3,6
sieges,6,4,0,4,4,0,4
sierra,6,3,2,5,4,1,5
sierra's,8,4,3,7,4,2,6
sierras,7,2,2,4,2,2,4
siesta,6,2,0,2,2,0,2
siesta's,8,2,0,2,2,0,2
siestas,7,2,0,2,2,0,2
sieve,5,3,1,4,3,1,4
sieve's,7,4,2,6,4,1,5
sieved,6,2,3,5,2,3,5
sieves,6,3,1,4,3,1,4
sieving,7,5,1,6,3,1,4
sift,4,4,5,9,2,6,8
sifted,6,5,7,12,5,7,12
sifter,6,5,1,6,5,0,5
sifter's,8,6,1,7,6,1,7
sifters,7,5,2,7,5,2,7
sifting,7,5,2,7,6,1,7
sifts,5,3,6,9,3,6,9
sigh,4,4,4,8,4,4,8
sigh's,6,5,4,9,5,4,9
sighed,6,4,8,12,4,8,12
sighing,7,4,1,5,4,1,5
sighs,5,4,4,8,2,7,9
sight,5,3,4,7,3,4,7
sight's,7,4,4,8,4,4,8
sighted,7,5,1,6,5,2,7
sighting,8,3,1,4,4,1,5
sighting's,10,3,3,6,2,3,5
sightings,9,2,4,6,2,3,5
sightless,9,5,1,6,5,1,6
sightread,9,3,0,3,4,0,4
sights,6,3,4,7,3,4,7
sightseeing,11,2,0,2,2,0,2
sightseeing's,13,4,0,4,2,0,2
sightseer,9,2,0,2,2,0,2
sightseer's,11,3,0,3,3,0,3
sightseers,10,3,0,3,2,0,2
sigma,5,3,2,5,3,2,5
sign,4,3,5,8,3,5,8
sign's,6,4,5,9,4,5,9
signal,6,4,1,5,4,1,5
signal's,8,5,1,6,5,1,6
signaled,8,5,0,5,5,2,7
signaling,9,3,1,4,3,1,4
signalize,9,4,0,4,4,0,4
signalized,10,6,0,6,4,1,5
signalizes,10,4,0,4,3,0,3
signalizing,11,2,0,2,2,1,3
signalled,9,5,1,6,5,1,6
signalling,10,3,1,4,3,1,4
signally,8,3,1,4,4,1,5
signals,7,4,2,6,4,2,6
signatories,11,5,0,5,4,0,4
signatory,9,3,1,4,3,1,4
signatory's,11,5,1,6,3,1,4
signature,9,5,0,5,5,0,5
signature's,11,6,0,6,6,0,6
signatures,10,4,0,4,3,0,3
signboard,9,3,1,4,3,1,4
signboard's,11,6,2,8,5,1,6
signboards,10,5,2,7,4,1,5
signed,6,4,4,8,4,4,8
signer,6,5,1,6,5,2,7
signer's,8,6,0,6,6,0,6
signers,7,5,1,6,5,1,6
signet,6,5,2,7,5,2,7
signet's,8,6,2,8,5,2,7
signets,7,5,2,7,4,2,6
significance,12,3,0,3,3,0,3
significance's,14,3,0,3,4,0,4
significant,11,2,0,2,2,1,3
significantly,13,3,0,3,2,0,2
signification,13,4,0,4,2,0,2
signification's,15,3,0,3,2,0,2
significations,14,2,1,3,2,1,3
signified,9,4,2,6,4,2,6
signifies,9,3,1,4,3,2,5
signify,7,3,1,4,3,1,4
signifying,10,2,1,3,2,1,3
signing,7,4,1,5,3,1,4
signing's,9,4,3,7,3,3,6
signings,8,3,4,7,3,2,5
signpost,8,2,1,3,2,1,3
signpost's,10,3,1,4,2,0,2
signposted,10,2,0,2,2,0,2
signposting,11,3,0,3,2,1,3
signposts,9,3,1,4,2,2,4
signs,5,3,5,8,3,4,7
silage,6,3,1,4,4,1,5
silage's,8,6,1,7,6,1,7
silence,7,4,0,4,3,1,4
silence's,9,5,1,6,4,1,5
silenced,8,7,0,7,3,2,5
silencer,8,6,1,7,7,0,7
silencer's,10,5,0,5,4,0,4
silencers,9,4,0,4,4,0,4
silences,8,3,0,3,3,0,3
silencing,9,3,0,3,3,0,3
silent,6,4,2,6,4,2,6
silent's,8,4,1,5,4,1,5
silenter,8,5,1,6,6,1,7
silentest,9,3,0,3,3,0,3
silently,8,4,0,4,4,0,4
silents,7,3,3,6,3,3,6
silhouette,10,3,0,3,2,1,3
silhouette's,12,3,0,3,3,0,3
silhouetted,11,3,0,3,2,1,3
silhouettes,11,3,0,3,3,0,3
silhouetting,12,5,0,5,3,0,3
silica,6,3,1,4,3,1,4
silica's,8,4,1,5,3,1,4
silicate,8,6,0,6,4,0,4
silicate's,10,7,1,8,7,1,8
silicates,9,4,1,5,4,0,4
siliceous,9,4,1,5,3,2,5
silicious,9,5,2,7,3,2,5
silicon,7,3,1,4,3,1,4
silicon's,9,4,3,7,4,2,6
silicone,8,5,1,6,4,1,5
silicone's,10,6,2,8,6,2,8
silicosis,9,2,1,3,2,1,3
silicosis's,11,3,0,3,2,0,2
silk,4,4,4,8,4,4,8
silk's,6,5,3,8,5,3,8
silken,6,5,4,9,5,4,9
silkier,7,5,1,6,5,1,6
silkiest,8,5,0,5,5,0,5
silks,5,4,4,8,4,3,7
silkworm,8,2,2,4,3,1,4
silkworm's,10,5,3,8,4,2,6
silkworms,9,3,3,6,4,2,6
silky,5,4,3,7,4,3,7
sill,4,2,6,8,3,5,8
sill's,6,4,5,9,4,3,7
sillier,7,5,1,6,5,1,6
sillies,7,4,1,5,4,0,4
silliest,8,5,0,5,5,0,5
silliness,9,4,0,4,4,0,4
silliness's,11,5,0,5,5,0,5
sills,5,3,5,8,3,3,6
silly,5,4,3,7,4,3,7
silly's,7,5,3,8,5,3,8
silo,4,3,5,8,3,6,9
silo's,6,4,2,6,4,3,7
silos,5,4,5,9,4,4,8
silt,4,3,6,9,3,5,8
silt's,6,4,5,9,4,4,8
silted,6,6,5,11,6,5,11
silting,7,5,1,6,5,2,7
silts,5,3,6,9,3,5,8
silvan,6,6,1,7,4,1,5
silver,6,4,5,9,4,5,9
silver's,8,5,3,8,5,3,8
silvered,8,5,1,6,5,1,6
silverfish,10,3,0,3,3,0,3
silverfish's,12,4,0,4,3,0,3
silverfishes,12,1,1,2,2,0,2
silvering,9,6,1,7,6,1,7
silvers,7,4,4,8,4,4,8
silversmith,11,2,0,2,2,0,2
silversmith's,13,3,0,3,2,0,2
silversmiths,12,3,0,3,3,0,3
silverware,10,3,0,3,3,0,3
silverware's,12,3,0,3,3,0,3
silvery,7,6,0,6,5,0,5
sim,3,3,10,13,3,11,14
sim's,5,4,2,6,4,2,6
simian,6,4,2,6,4,1,5
simian's,8,5,1,6,5,1,6
simians,7,4,2,6,4,2,6
similar,7,3,1,4,3,1,4
similarities,12,3,0,3,3,0,3
similarity,10,2,1,3,2,1,3
similarity's,12,6,1,7,3,1,4
similarly,9,2,1,3,2,1,3
simile,6,3,2,5,4,1,5
simile's,8,4,2,6,4,2,6
similes,7,3,1,4,3,0,3
simmer,6,4,6,10,4,8,12
simmer's,8,6,2,8,6,2,8
simmered,8,6,0,6,6,0,6
simmering,9,7,0,7,7,0,7
simmers,7,5,3,8,5,3,8
simpatico,9,2,2,4,2,2,4
simper,6,4,4,8,4,4,8
simper's,8,6,2,8,6,2,8
simpered,8,6,0,6,6,0,6
simpering,9,7,0,7,7,0,7
simpers,7,5,3,8,5,3,8
simple,6,6,2,8,6,2,8
simpleness,10,4,1,5,4,1,5
simpleness's,12,5,1,6,5,1,6
simpler,7,4,1,5,4,1,5
simplest,8,4,0,4,4,0,4
simpleton,9,4,0,4,4,0,4
simpleton's,11,4,0,4,4,0,4
simpletons,10,3,2,5,5,0,5
simplex,7,3,3,6,3,3,6
simplicity,10,2,1,3,2,1,3
simplicity's,12,3,2,5,2,2,4
simplification,14,6,0,6,2,0,2
simplification's,16,7,0,7,2,0,2
simplifications,15,3,0,3,2,0,2
simplified,10,7,1,8,4,1,5
simplifies,10,3,1,4,3,0,3
simplify,8,2,2,4,2,2,4
simplifying,11,2,0,2,2,1,3
simplistic,10,2,0,2,2,0,2
simply,6,5,3,8,5,3,8
sims,4,3,3,6,3,3,6
simulate,8,4,0,4,4,0,4
simulated,9,4,1,5,4,1,5
simulates,9,5,0,5,4,0,4
simulating,10,3,1,4,3,1,4
simulation,10,3,1,4,3,1,4
simulation's,12,6,1,7,3,1,4
simulations,11,4,2,6,3,1,4
simulator,9,3,1,4,3,1,4
simulator's,11,4,1,5,3,1,4
simulators,10,4,2,6,2,2,4
simulcast,9,2,1,3,3,1,4
simulcast's,11,4,0,4,3,0,3
simulcasted,11,2,0,2,2,0,2
simulcasting,12,3,0,3,3,0,3
simulcasts,10,2,1,3,2,0,2
simultaneous,12,5,0,5,4,0,4
simultaneously,14,1,0,1,1,0,1
sin,3,3,12,15,3,12,15
sin's,5,4,3,7,4,3,7
since,5,5,2,7,5,2,7
sincere,7,3,0,3,3,0,3
sincerely,9,3,0,3,3,1,4
sincerer,8,3,1,4,3,2,5
sincerest,9,3,0,3,4,0,4
sincerity,9,3,0,3,3,0,3
sincerity's,11,5,1,6,3,2,5
sine,4,4,8,12,4,8,12
sinecure,8,4,0,4,3,1,4
sinecure's,10,3,0,3,3,0,3
sinecures,9,3,0,3,3,0,3
sinew,5,2,3,5,2,3,5
sinew's,7,3,3,6,3,2,5
sinews,6,2,3,5,2,3,5
sinewy,6,3,3,6,3,3,6
sinful,6,3,2,5,3,2,5
sinfully,8,5,1,6,4,1,5
sinfulness,10,3,0,3,3,0,3
sinfulness's,12,3,0,3,3,0,3
sing,4,3,4,7,3,4,7
sing's,6,4,4,8,4,4,8
singe,5,4,3,7,4,3,7
singe's,7,4,2,6,4,2,6
singed,6,6,6,12,6,6,12
singeing,8,5,0,5,2,3,5
singer,6,6,0,6,6,1,7
singer's,8,7,0,7,7,0,7
singers,7,6,1,7,6,1,7
singes,6,3,3,6,3,3,6
singing,7,3,1,4,4,1,5
singing's,9,4,3,7,3,3,6
single,6,6,2,8,6,3,9
single's,8,6,3,9,5,4,9
singled,7,5,1,6,5,2,7
singles,7,5,2,7,4,2,6
singles's,9,3,1,4,3,1,4
singleton,9,4,0,4,4,0,4
singleton's,11,4,0,4,4,0,4
singletons,10,4,1,5,5,0,5
singling,8,4,1,5,3,1,4
singly,6,4,4,8,4,4,8
sings,5,3,4,7,4,4,8
singsong,8,2,2,4,2,1,3
singsong's,10,3,1,4,3,0,3
singsonged,10,3,1,4,3,0,3
singsonging,11,2,0,2,1,1,2
singsongs,9,2,0,2,2,0,2
singular,8,5,1,6,3,1,4
singular's,10,4,1,5,4,1,5
singularities,13,3,0,3,2,0,2
singularity,11,2,0,2,2,1,3
singularity's,13,3,0,3,2,1,3
singularly,10,3,1,4,3,1,4
singulars,9,3,3,6,3,1,4
sinister,8,6,0,6,4,0,4
sink,4,3,5,8,3,5,8
sink's,6,4,4,8,4,5,9
sinkable,8,7,0,7,5,0,5
sinker,6,6,4,10,5,5,10
sinker's,8,6,1,7,6,1,7
sinkers,7,5,2,7,5,2,7
sinkhole,8,6,1,7,5,1,6
sinkhole's,10,5,1,6,5,1,6
sinkholes,9,3,1,4,5,1,6
sinking,7,4,1,5,4,1,5
sinks,5,3,5,8,4,5,9
sinned,6,5,6,11,5,6,11
sinner,6,5,1,6,5,2,7
sinner's,8,6,0,6,6,0,6
sinners,7,5,1,6,5,1,6
sinning,7,4,1,5,3,1,4
sins,4,3,6,9,3,6,9
sinuous,7,4,3,7,4,4,8
sinus,5,2,7,9,3,6,9
sinus's,7,3,1,4,3,2,5
sinuses,7,2,1,3,4,0,4
sinusitis,9,3,0,3,3,0,3
sinusitis's,11,1,0,1,1,0,1
sinusoidal,10,3,0,3,2,1,3
sip,3,3,10,13,3,10,13
sip's,5,4,4,8,4,4,8
siphon,6,4,3,7,4,3,7
siphon's,8,5,2,7,5,2,7
siphoned,8,5,0,5,4,3,7
siphoning,9,3,1,4,3,1,4
siphons,7,4,4,8,4,4,8
sipped,6,5,6,11,5,6,11
sipping,7,4,4,8,5,3,8
sips,4,3,7,10,3,7,10
sir,3,3,11,14,3,11,14
sir's,5,4,5,9,4,5,9
sire,4,4,7,11,4,7,11
sire's,6,5,3,8,5,3,8
sired,5,5,2,7,5,2,7
siren,5,4,3,7,4,3,7
siren's,7,5,3,8,5,2,7
sirens,6,3,3,6,3,3,6
sires,5,4,3,7,4,3,7
siring,6,5,3,8,5,3,8
sirloin,7,2,1,3,2,1,3
sirloin's,9,4,4,8,4,4,8
sirloins,8,3,4,7,3,2,5
sirocco,7,2,2,4,2,2,4
sirocco's,9,3,2,5,2,2,4
siroccos,8,2,3,5,3,2,5
sirs,4,3,8,11,3,8,11
sirup,5,2,5,7,2,5,7
sirup's,7,3,5,8,3,5,8
sirups,6,2,6,8,2,6,8
sis,3,2,10,12,2,10,12
sis's,5,3,0,3,3,0,3
sisal,5,2,1,3,2,1,3
sisal's,7,3,1,4,3,2,5
sises,5,2,1,3,2,1,3
sissier,7,2,0,2,3,0,3
sissies,7,2,0,2,2,0,2
sissiest,8,4,0,4,2,0,2
sissy,5,2,1,3,2,1,3
sissy's,7,2,0,2,1,1,2
sister,6,5,1,6,5,0,5
sister's,8,5,0,5,5,0,5
sisterhood,10,3,0,3,2,1,3
sisterhood's,12,3,0,3,2,0,2
sisterhoods,11,1,1,2,2,1,3
sisterly,8,2,0,2,2,0,2
sisters,7,4,1,5,3,0,3
sit,3,3,11,14,3,11,14
sitar,5,4,2,6,4,2,6
sitar's,7,4,0,4,5,1,6
sitars,6,4,2,6,4,1,5
sitcom,6,3,4,7,3,4,7
sitcom's,8,4,3,7,4,3,7
sitcoms,7,3,4,7,4,3,7
site,4,3,11,14,3,11,14
site's,6,5,4,9,5,4,9
sited,5,5,1,6,5,1,6
sites,5,4,4,8,4,4,8
siting,6,5,4,9,5,4,9
sits,4,2,9,11,2,9,11
sitter,6,4,5,9,4,4,8
sitter's,8,6,1,7,6,1,7
sitters,7,5,2,7,5,2,7
sitting,7,5,2,7,5,1,6
sitting's,9,5,4,9,6,3,9
sittings,8,4,5,9,5,2,7
situate,7,3,2,5,4,1,5
situated,8,4,1,5,5,2,7
situates,8,3,0,3,3,0,3
situating,9,3,1,4,3,1,4
situation,9,3,1,4,3,1,4
situation's,11,3,1,4,3,1,4
situations,10,4,2,6,3,1,4
six,3,2,12,14,2,12,14
six's,5,3,6,9,3,6,9
sixes,5,4,5,9,4,5,9
sixpence,8,3,0,3,5,0,5
sixpence's,10,6,0,6,5,0,5
sixpences,9,3,0,3,3,0,3
sixteen,7,5,0,5,5,0,5
sixteen's,9,6,0,6,6,0,6
sixteens,8,5,0,5,5,0,5
sixteenth,9,2,0,2,2,0,2
sixteenth's,11,2,0,2,2,0,2
sixteenths,10,2,0,2,2,0,2
sixth,5,3,5,8,3,5,8
sixth's,7,4,5,9,4,5,9
sixths,6,4,4,8,3,4,7
sixties,7,3,2,5,3,1,4
sixtieth,8,2,1,3,4,1,5
sixtieth's,10,5,1,6,4,0,4
sixtieths,9,2,3,5,3,2,5
sixty,5,3,4,7,3,4,7
sixty's,7,4,4,8,4,4,8
sizable,7,4,0,4,6,0,6
size,4,2,14,16,2,14,16
size's,6,4,5,9,4,5,9
sizeable,8,3,1,4,3,1,4
sized,5,4,2,6,4,2,6
sizer,5,4,1,5,4,1,5
sizes,5,3,6,9,3,6,9
sizing,6,4,5,9,4,5,9
sizing's,8,5,3,8,5,3,8
sizzle,6,4,6,10,4,6,10
sizzle's,8,5,4,9,6,2,8
sizzled,7,4,3,7,5,3,8
sizzles,7,4,3,7,5,0,5
sizzling,8,4,1,5,4,1,5
skate,5,5,0,5,5,0,5
skate's,7,6,1,7,6,0,6
skateboard,10,4,1,5,3,2,5
skateboard's,12,4,0,4,3,1,4
skateboarded,12,7,0,7,3,0,3
skateboarder,12,7,0,7,3,0,3
skateboarder's,14,4,0,4,3,0,3
skateboarders,13,3,0,3,3,0,3
skateboarding,13,2,0,2,4,0,4
skateboarding's,15,2,0,2,3,0,3
skateboards,11,4,1,5,3,1,4
skated,6,6,1,7,6,1,7
skater,6,5,2,7,5,2,7
skater's,8,6,2,8,5,3,8
skaters,7,5,2,7,4,4,8
skates,6,5,2,7,5,2,7
skating,7,7,1,8,7,1,8
skedaddle,9,2,1,3,2,1,3
skedaddle's,11,2,1,3,2,1,3
skedaddled,10,3,0,3,3,1,4
skedaddles,10,4,0,4,4,0,4
skedaddling,11,5,0,5,3,0,3
skeet,5,4,2,6,4,2,6
skeet's,7,5,3,8,5,2,7
skein,5,2,5,7,2,5,7
skein's,7,4,3,7,4,4,8
skeins,6,3,4,7,3,4,7
skeletal,8,5,1,6,3,0,3
skeleton,8,5,1,6,3,0,3
skeleton's,10,2,0,2,2,0,2
skeletons,9,3,0,3,3,0,3
skeptic,7,4,0,4,4,0,4
skeptic's,9,4,1,5,4,1,5
skeptical,9,5,0,5,4,0,4
skeptically,11,3,0,3,3,0,3
skepticism,10,3,0,3,3,0,3
skepticism's,12,4,0,4,3,0,3
skeptics,8,3,1,4,3,1,4
sketch,6,4,0,4,4,0,4
sketch's,8,5,0,5,5,0,5
sketched,8,4,1,5,3,1,4
sketches,8,3,0,3,4,0,4
sketchier,9,3,0,3,3,0,3
sketchiest,10,2,0,2,2,0,2
sketching,9,5,0,5,5,0,5
sketchy,7,3,1,4,3,1,4
skew,4,4,2,6,4,1,5
skew's,6,5,1,6,5,3,8
skewed,6,5,0,5,5,0,5
skewer,6,3,1,4,3,1,4
skewer's,8,4,1,5,4,1,5
skewered,8,2,1,3,2,0,2
skewering,9,2,0,2,2,0,2
skewers,7,3,2,5,3,2,5
skewing,7,7,1,8,7,2,9
skews,5,4,3,7,4,3,7
ski,3,1,5,6,1,5,6
ski's,5,4,3,7,4,3,7
skid,4,4,7,11,4,7,11
skid's,6,4,7,11,4,8,12
skidded,7,3,1,4,3,1,4
skidding,8,6,3,9,4,6,10
skids,5,4,4,8,4,4,8
skied,5,5,2,7,5,2,7
skier,5,5,1,6,5,1,6
skier's,7,5,1,6,5,1,6
skiers,6,4,3,7,4,3,7
skies,5,4,5,9,4,5,9
skiff,5,4,6,10,4,6,10
skiff's,7,3,7,10,5,5,10
skiffs,6,4,6,10,4,7,11
skiing,6,2,2,4,2,2,4
skiing's,8,3,2,5,2,2,4
skilful,7,3,1,4,3,1,4
skill,5,4,5,9,4,4,8
skill's,7,5,5,10,5,5,10
skilled,7,6,2,8,6,3,9
skillet,7,3,4,7,4,3,7
skillet's,9,6,2,8,4,2,6
skillets,8,5,2,7,3,2,5
skillful,8,3,3,6,3,1,4
skillfully,10,2,2,4,3,1,4
skills,6,4,6,10,4,5,9
skim,4,4,6,10,4,6,10
skim's,6,5,6,11,5,7,12
skimmed,7,6,3,9,5,6,11
skimming,8,6,2,8,6,4,10
skimp,5,3,7,10,3,7,10
skimped,7,6,3,9,5,4,9
skimpier,8,5,2,7,5,1,6
skimpiest,9,5,0,5,5,0,5
skimpiness,10,4,1,5,4,1,5
skimpiness's,12,5,1,6,5,1,6
skimping,8,6,2,8,5,3,8
skimps,6,3,7,10,3,8,11
skimpy,6,5,2,7,4,4,8
skims,5,4,6,10,4,6,10
skin,4,3,7,10,3,7,10
skin's,6,4,7,11,5,6,11
skinflint,9,4,2,6,3,2,5
skinflint's,11,4,1,5,3,2,5
skinflints,10,2,3,5,3,3,6
skinhead,8,5,0,5,3,2,5
skinhead's,10,3,3,6,3,1,4
skinheads,9,3,2,5,4,2,6
skinless,8,3,0,3,3,0,3
skinned,7,6,4,10,5,7,12
skinnier,8,4,1,5,5,2,7
skinniest,9,5,1,6,5,1,6
skinniness,10,3,0,3,3,0,3
skinniness's,12,3,0,3,3,0,3
skinning,8,5,1,6,5,2,7
skinny,6,5,3,8,4,3,7
skinny's,8,6,4,10,6,4,10
skins,5,3,7,10,3,7,10
skintight,9,4,1,5,3,1,4
skip,4,4,5,9,4,5,9
skip's,6,5,5,10,4,8,12
skipped,7,5,5,10,6,5,11
skipper,7,6,5,11,6,5,11
skipper's,9,6,3,9,7,2,9
skippered,9,6,1,7,5,2,7
skippering,10,8,1,9,6,2,8
skippers,8,6,2,8,6,2,8
skipping,8,5,4,9,5,5,10
skips,5,4,3,7,4,3,7
skirmish,8,5,1,6,4,2,6
skirmish's,10,3,1,4,7,1,8
skirmished,10,2,0,2,2,0,2
skirmishes,10,4,2,6,6,2,8
skirmishing,11,2,1,3,2,1,3
skirt,5,4,5,9,4,6,10
skirt's,7,5,5,10,5,5,10
skirted,7,5,3,8,5,4,9
skirting,8,5,1,6,5,2,7
skirts,6,4,5,9,4,4,8
skis,4,2,3,5,2,3,5
skit,4,4,4,8,4,4,8
skit's,6,5,4,9,5,4,9
skits,5,4,2,6,4,2,6
skitter,7,6,1,7,6,1,7
skittered,9,5,2,7,5,2,7
skittering,10,7,2,9,7,0,7
skitters,8,5,3,8,5,2,7
skittish,8,4,2,6,5,1,6
skivvied,8,4,3,7,4,4,8
skivvies,8,4,1,5,4,1,5
skivvy,6,4,4,8,4,6,10
skivvy's,8,5,5,10,5,5,10
skivvying,9,4,3,7,4,3,7
skulduggery,11,2,1,3,3,0,3
skulduggery's,13,2,1,3,3,0,3
skulk,5,3,6,9,3,5,8
skulked,7,5,4,9,5,4,9
skulking,8,6,4,10,6,4,10
skulks,6,3,6,9,3,5,8
skull,5,3,6,9,3,6,9
skull's,7,4,6,10,4,6,10
skullcap,8,4,2,6,4,2,6
skullcap's,10,5,2,7,3,3,6
skullcaps,9,3,4,7,4,2,6
skullduggery,12,3,0,3,3,0,3
skullduggery's,14,4,0,4,2,1,3
skulls,6,3,7,10,3,6,9
skunk,5,4,5,9,4,5,9
skunk's,7,4,6,10,4,7,11
skunked,7,5,4,9,5,4,9
skunking,8,6,2,8,6,3,9
skunks,6,3,7,10,3,8,11
sky,3,3,6,9,3,6,9
sky's,5,4,6,10,4,6,10
skycap,6,4,4,8,4,4,8
skycap's,8,5,4,9,5,4,9
skycaps,7,3,4,7,3,4,7
skydive,7,4,2,6,4,3,7
skydived,8,4,0,4,3,2,5
skydiver,8,4,0,4,5,0,5
skydiver's,10,5,2,7,4,3,7
skydivers,9,5,3,8,4,2,6
skydives,8,4,3,7,4,2,6
skydiving,9,6,2,8,6,2,8
skydiving's,11,4,4,8,2,3,5
skydove,7,3,4,7,4,2,6
skyed,5,4,4,8,4,4,8
skying,6,6,3,9,6,3,9
skyjack,7,5,3,8,5,3,8
skyjacked,9,6,2,8,5,2,7
skyjacker,9,5,0,5,5,0,5
skyjacker's,11,4,2,6,6,0,6
skyjackers,10,5,0,5,5,0,5
skyjacking,10,8,1,9,8,1,9
skyjacks,8,5,2,7,5,2,7
skylark,7,4,4,8,4,4,8
skylark's,9,5,2,7,6,2,8
skylarked,9,4,1,5,4,1,5
skylarking,10,7,2,9,7,2,9
skylarks,8,4,3,7,4,3,7
skylight,8,7,1,8,7,1,8
skylight's,10,8,3,11,8,3,11
skylights,9,2,4,6,3,4,7
skyline,7,6,0,6,6,2,8
skyline's,9,4,0,4,4,1,5
skylines,8,6,0,6,6,0,6
skyrocket,9,3,1,4,3,1,4
skyrocket's,11,5,0,5,4,0,4
skyrocketed,11,3,1,4,3,0,3
skyrocketing,12,4,0,4,4,0,4
skyrockets,10,4,0,4,4,0,4
skyscraper,10,5,0,5,4,1,5
skyscraper's,12,4,1,5,2,1,3
skyscrapers,11,5,1,6,4,2,6
skyward,7,4,3,7,3,3,6
skywards,8,4,2,6,3,2,5
skywriter,9,4,0,4,4,0,4
skywriter's,11,4,0,4,3,0,3
skywriters,10,3,0,3,3,0,3
skywriting,10,3,1,4,3,1,4
skywriting's,12,3,3,6,3,2,5
slab,4,4,4,8,4,4,8
slab's,6,5,6,11,5,5,10
slabbed,7,6,3,9,6,5,11
slabbing,8,7,4,11,7,5,12
slabs,5,4,3,7,4,3,7
slack,5,3,4,7,3,3,6
slack's,7,5,6,11,4,4,8
slacked,7,7,2,9,7,2,9
slacken,7,3,4,7,3,2,5
slackened,9,5,1,6,4,2,6
slackening,10,5,1,6,6,1,7
slackens,8,4,3,7,3,2,5
slacker,7,7,3,10,5,6,11
slacker's,9,8,2,10,8,4,12
slackers,8,7,1,8,7,4,11
slackest,8,5,1,6,5,1,6
slacking,8,8,1,9,6,5,11
slackly,7,4,4,8,3,4,7
slackness,9,5,2,7,5,2,7
slackness's,11,6,2,8,6,2,8
slacks,6,5,4,9,5,4,9
slacks's,8,4,2,6,4,3,7
slag,4,4,5,9,4,5,9
slag's,6,5,7,12,5,6,11
slags,5,4,4,8,4,4,8
slain,5,5,4,9,5,4,9
slake,5,5,3,8,5,3,8
slaked,6,6,3,9,6,3,9
slakes,6,5,4,9,5,4,9
slaking,7,7,4,11,7,4,11
slalom,6,2,4,6,3,3,6
slalom's,8,3,3,6,3,3,6
slalomed,8,4,1,5,4,1,5
slaloming,9,5,1,6,5,1,6
slaloms,7,2,3,5,2,3,5
slam,4,4,6,10,4,6,10
slam's,6,4,8,12,5,7,12
slammed,7,5,4,9,5,5,10
slammer,7,6,4,10,6,4,10
slammer's,9,7,3,10,5,4,9
slammers,8,6,3,9,5,3,8
slamming,8,6,4,10,7,4,11
slams,5,4,5,9,4,5,9
slander,7,5,0,5,5,0,5
slander's,9,6,4,10,6,2,8
slandered,9,5,0,5,5,0,5
slanderer,9,5,0,5,4,2,6
slanderer's,11,6,0,6,3,1,4
slanderers,10,5,0,5,3,1,4
slandering,10,5,0,5,4,0,4
slanderous,10,5,1,6,3,1,4
slanders,8,5,2,7,5,3,8
slang,5,3,3,6,3,3,6
slang's,7,4,3,7,4,3,7
slangier,8,7,1,8,7,2,9
slangiest,9,7,0,7,7,0,7
slangy,6,5,3,8,5,3,8
slant,5,4,2,6,4,2,6
slant's,7,5,2,7,5,2,7
slanted,7,6,1,7,6,1,7
slanting,8,6,1,7,6,2,8
slants,6,4,3,7,4,3,7
slantwise,9,3,0,3,3,0,3
slap,4,4,7,11,4,7,11
slap's,6,5,1,6,5,1,6
slapdash,8,1,2,3,1,2,3
slaphappy,9,2,3,5,2,3,5
slapped,7,6,1,7,6,1,7
slapping,8,7,2,9,7,3,10
slaps,5,4,1,5,4,1,5
slapstick,9,3,0,3,3,0,3
slapstick's,11,6,0,6,2,1,3
slash,5,4,0,4,4,0,4
slash's,7,5,1,6,5,1,6
slashed,7,6,0,6,6,0,6
slashes,7,5,0,5,5,0,5
slashing,8,7,0,7,7,1,8
slat,4,4,8,12,4,8,12
slat's,6,5,3,8,5,3,8
slate,5,5,1,6,5,1,6
slate's,7,6,2,8,6,1,7
slated,6,5,2,7,5,2,7
slates,6,5,3,8,5,3,8
slather,7,5,2,7,5,2,7
slathered,9,8,0,8,8,0,8
slathering,10,9,0,9,9,0,9
slathers,8,5,0,5,7,0,7
slating,7,6,2,8,6,2,8
slats,5,4,2,6,4,2,6
slattern,8,4,1,5,4,1,5
slattern's,10,4,1,5,3,0,3
slatternly,10,3,0,3,3,0,3
slatterns,9,3,2,5,4,1,5
slaughter,9,5,0,5,5,0,5
slaughter's,11,6,1,7,6,0,6
slaughtered,11,4,1,5,4,0,4
slaughterer,11,3,1,4,3,0,3
slaughterer's,13,2,0,2,2,0,2
slaughterers,12,2,0,2,2,0,2
slaughterhouse,14,2,0,2,2,0,2
slaughterhouse's,16,3,0,3,2,0,2
slaughterhouses,15,2,0,2,2,0,2
slaughtering,12,4,0,4,4,0,4
slaughters,10,5,0,5,5,0,5
slave,5,5,4,9,5,4,9
slave's,7,5,5,10,5,5,10
slaved,6,5,4,9,5,4,9
slaver,6,6,2,8,6,2,8
slaver's,8,7,2,9,7,2,9
slavered,8,4,3,7,4,3,7
slavering,9,6,2,8,6,2,8
slavers,7,5,4,9,6,3,9
slavery,7,5,1,6,4,3,7
slavery's,9,5,1,6,4,2,6
slaves,6,4,5,9,4,5,9
slaving,7,7,5,12,7,5,12
slavish,7,4,2,6,4,3,7
slavishly,9,5,1,6,3,1,4
slaw,4,4,9,13,4,9,13
slaw's,6,4,4,8,4,8,12
slay,4,3,10,13,3,10,13
slayer,6,5,3,8,5,3,8
slayer's,8,6,3,9,6,3,9
slayers,7,4,4,8,5,4,9
slaying,7,6,6,12,6,6,12
slaying's,9,7,3,10,7,2,9
slayings,8,5,4,9,4,4,8
slays,5,3,6,9,3,6,9
sleaze,6,4,3,7,4,3,7
sleaze's,8,5,3,8,5,3,8
sleazes,7,4,2,6,2,4,6
sleazier,8,5,2,7,6,1,7
sleaziest,9,6,0,6,4,0,4
sleazily,8,6,1,7,3,1,4
sleaziness,10,6,0,6,6,0,6
sleaziness's,12,7,0,7,7,0,7
sleazy,6,5,2,7,5,2,7
sled,4,4,2,6,4,1,5
sled's,6,4,5,9,5,1,6
sledded,7,3,1,4,2,1,3
sledding,8,6,2,8,6,0,6
sledge,6,3,4,7,3,4,7
sledge's,8,4,4,8,4,4,8
sledged,7,3,1,4,4,3,7
sledgehammer,12,2,0,2,2,0,2
sledgehammer's,14,3,0,3,2,0,2
sledgehammered,14,2,1,3,2,1,3
sledgehammering,15,2,0,2,3,0,3
sledgehammers,13,3,1,4,2,0,2
sledges,7,3,3,6,3,1,4
sledging,8,6,0,6,4,0,4
sleds,5,3,6,9,3,6,9
sleek,5,3,3,6,3,3,6
sleeked,7,5,1,6,5,2,7
sleeker,7,4,1,5,5,0,5
sleekest,8,3,1,4,3,1,4
sleeking,8,5,4,9,5,3,8
sleekly,7,4,0,4,3,0,3
sleekness,9,3,1,4,3,0,3
sleekness's,11,4,1,5,4,1,5
sleeks,6,2,3,5,2,3,5
sleep,5,4,2,6,4,2,6
sleep's,7,5,3,8,5,2,7
sleeper,7,5,0,5,4,1,5
sleeper's,9,6,0,6,6,0,6
sleepers,8,5,1,6,4,0,4
sleepier,8,5,1,6,5,0,5
sleepiest,9,4,0,4,4,0,4
sleepily,8,4,1,5,4,1,5
sleepiness,10,3,0,3,3,0,3
sleepiness's,12,2,0,2,2,0,2
sleeping,8,7,2,9,7,1,8
sleepless,9,2,1,3,3,0,3
sleeplessness,13,3,0,3,2,0,2
sleeplessness's,15,3,0,3,2,0,2
sleeps,6,4,1,5,4,1,5
sleepwalk,9,2,1,3,2,1,3
sleepwalked,11,8,1,9,8,0,8
sleepwalker,11,7,2,9,7,1,8
sleepwalker's,13,3,1,4,2,0,2
sleepwalkers,12,2,0,2,2,0,2
sleepwalking,12,2,0,2,2,0,2
sleepwalking's,14,3,0,3,2,0,2
sleepwalks,10,4,1,5,4,0,4
sleepwear,9,3,0,3,3,0,3
sleepwear's,11,3,0,3,2,1,3
sleepy,6,5,0,5,5,0,5
sleepyhead,10,5,0,5,5,0,5
sleepyhead's,12,6,0,6,6,0,6
sleepyheads,11,5,0,5,5,0,5
sleet,5,3,3,6,3,3,6
sleet's,7,4,4,8,4,3,7
sleeted,7,4,2,6,4,3,7
sleeting,8,6,3,9,6,1,7
sleets,6,4,1,5,4,1,5
sleety,6,4,1,5,4,1,5
sleeve,6,3,1,4,3,1,4
sleeve's,8,4,0,4,3,1,4
sleeveless,10,2,0,2,2,0,2
sleeves,7,3,1,4,3,2,5
sleigh,6,3,1,4,3,1,4
sleigh's,8,4,1,5,4,1,5
sleighed,8,3,0,3,3,0,3
sleighing,9,3,0,3,3,0,3
sleighs,7,5,1,6,5,1,6
slender,7,4,2,6,5,2,7
slenderer,9,3,0,3,3,0,3
slenderest,10,2,0,2,2,0,2
slenderize,10,2,0,2,2,0,2
slenderized,11,3,0,3,2,0,2
slenderizes,11,2,0,2,2,0,2
slenderizing,12,2,0,2,2,0,2
slenderness,11,4,0,4,2,1,3
slenderness's,13,5,0,5,2,1,3
slept,5,5,0,5,3,0,3
sleuth,6,4,0,4,4,0,4
sleuth's,8,5,0,5,5,0,5
sleuths,7,4,2,6,4,2,6
slew,4,4,3,7,4,2,6
slew's,6,5,2,7,4,2,6
slewed,6,5,1,6,5,1,6
slewing,7,7,2,9,7,3,10
slews,5,4,4,8,4,4,8
slice,5,5,3,8,5,3,8
slice's,7,6,2,8,6,2,8
sliced,6,5,4,9,5,4,9
slicer,6,6,0,6,6,0,6
slicer's,8,7,1,8,7,1,8
slicers,7,6,1,7,6,1,7
slices,6,4,4,8,4,4,8
slicing,7,6,1,7,6,1,7
slick,5,5,4,9,5,3,8
slick's,7,5,4,9,5,4,9
slicked,7,7,1,8,7,2,9
slicker,7,4,5,9,4,5,9
slicker's,9,8,3,11,7,5,12
slickers,8,7,2,9,6,5,11
slickest,8,6,0,6,5,1,6
slicking,8,6,1,7,5,4,9
slickly,7,3,1,4,3,1,4
slickness,9,4,1,5,5,0,5
slickness's,11,5,1,6,6,0,6
slicks,6,5,5,10,5,4,9
slid,4,3,8,11,3,8,11
slide,5,5,4,9,5,4,9
slide's,7,6,3,9,6,3,9
slider,6,6,1,7,6,1,7
slider's,8,7,2,9,7,2,9
sliders,7,6,2,8,6,2,8
slides,6,3,2,5,3,2,5
slideshow,9,6,0,6,2,1,3
slideshow's,11,7,0,7,3,1,4
slideshows,10,6,0,6,3,0,3
sliding,7,5,2,7,5,2,7
slier,5,4,2,6,4,2,6
sliest,6,3,3,6,3,3,6
slight,6,3,3,6,3,3,6
slight's,8,5,2,7,5,2,7
slighted,8,5,0,5,5,1,6
slighter,8,4,1,5,5,0,5
slightest,9,4,0,4,3,0,3
slighting,9,4,1,5,4,1,5
slightly,8,3,3,6,3,1,4
slightness,10,4,0,4,4,0,4
slightness's,12,5,0,5,4,0,4
slights,7,5,3,8,5,3,8
slily,5,3,4,7,3,3,6
slim,4,4,7,11,4,7,11
slime,5,4,5,9,4,5,9
slime's,7,5,4,9,5,4,9
slimier,7,4,3,7,4,3,7
slimiest,8,4,2,6,4,2,6
slimmed,7,6,2,8,6,3,9
slimmer,7,6,4,10,6,4,10
slimmest,8,5,1,6,6,0,6
slimming,8,6,2,8,6,2,8
slimness,8,4,1,5,4,1,5
slimness's,10,5,1,6,5,1,6
slims,5,4,5,9,3,5,8
slimy,5,4,5,9,4,4,8
sling,5,3,6,9,3,5,8
sling's,7,4,5,9,4,5,9
slinging,8,5,0,5,5,1,6
slings,6,3,6,9,4,5,9
slingshot,9,5,1,6,2,1,3
slingshot's,11,6,1,7,3,0,3
slingshots,10,5,1,6,3,1,4
slink,5,4,5,9,4,4,8
slinked,7,6,2,8,6,3,9
slinkier,8,6,0,6,5,2,7
slinkiest,9,5,1,6,5,1,6
slinking,8,6,0,6,4,2,6
slinks,6,4,6,10,4,5,9
slinky,6,5,2,7,5,2,7
slip,4,4,6,10,4,6,10
slip's,6,5,6,11,3,6,9
slipcover,9,4,1,5,4,1,5
slipcover's,11,5,2,7,5,1,6
slipcovers,10,4,1,5,4,1,5
slipknot,8,3,2,5,3,1,4
slipknot's,10,3,3,6,3,3,6
slipknots,9,3,3,6,2,3,5
slippage,8,5,0,5,5,0,5
slippage's,10,5,1,6,5,1,6
slippages,9,4,1,5,5,0,5
slipped,7,5,3,8,5,4,9
slipper,7,5,6,11,5,6,11
slipper's,9,6,4,10,6,3,9
slipperier,10,3,1,4,3,1,4
slipperiest,11,3,0,3,3,0,3
slipperiness,12,3,0,3,2,0,2
slipperiness's,14,3,0,3,2,0,2
slippers,8,5,4,9,5,3,8
slippery,8,4,1,5,7,0,7
slipping,8,5,3,8,6,3,9
slips,5,4,4,8,4,4,8
slipshod,8,3,2,5,2,1,3
slit,4,4,5,9,4,5,9
slit's,6,5,5,10,5,5,10
slither,7,5,1,6,5,1,6
slither's,9,6,2,8,7,0,7
slithered,9,7,1,8,7,1,8
slithering,10,7,0,7,7,0,7
slithers,8,5,3,8,6,1,7
slithery,8,4,1,5,6,1,7
slits,5,4,3,7,4,3,7
slitter,7,5,2,7,5,2,7
slitting,8,6,1,7,6,2,8
sliver,6,5,2,7,5,2,7
sliver's,8,6,3,9,6,3,9
slivered,8,6,0,6,6,1,7
slivering,9,7,1,8,7,1,8
slivers,7,5,3,8,5,3,8
slob,4,3,4,7,3,4,7
slob's,6,5,4,9,5,4,9
slobber,7,4,6,10,5,6,11
slobber's,9,6,4,10,6,5,11
slobbered,9,5,3,8,5,4,9
slobbering,10,6,3,9,6,3,9
slobbers,8,5,4,9,5,5,10
slobs,5,4,4,8,4,4,8
sloe,4,3,2,5,3,2,5
sloe's,6,4,2,6,4,2,6
sloes,5,4,5,9,4,5,9
slog,4,3,6,9,3,6,9
slog's,6,5,5,10,5,5,10
slogan,6,4,1,5,4,2,6
slogan's,8,5,2,7,5,2,7
slogans,7,4,3,7,4,3,7
slogged,7,4,5,9,4,4,8
slogging,8,6,1,7,6,2,8
slogs,5,4,6,10,4,6,10
sloop,5,4,3,7,4,3,7
sloop's,7,5,3,8,5,3,8
sloops,6,4,5,9,4,3,7
slop,4,3,5,8,3,5,8
slop's,6,4,6,10,4,6,10
slope,5,4,4,8,4,4,8
slope's,7,5,4,9,5,4,9
sloped,6,5,4,9,5,4,9
slopes,6,4,6,10,4,6,10
sloping,7,6,5,11,6,5,11
slopped,7,6,5,11,6,3,9
sloppier,8,6,4,10,6,1,7
sloppiest,9,6,1,7,6,1,7
sloppily,8,4,3,7,3,3,6
sloppiness,10,5,2,7,4,2,6
sloppiness's,12,6,2,8,5,2,7
slopping,8,7,6,13,7,5,12
sloppy,6,4,4,8,4,4,8
slops,5,3,7,10,3,7,10
slosh,5,4,1,5,4,1,5
sloshed,7,5,1,6,5,1,6
sloshes,7,4,1,5,4,1,5
sloshing,8,5,1,6,5,2,7
slot,4,2,7,9,2,7,9
slot's,6,5,4,9,5,4,9
sloth,5,3,2,5,3,2,5
sloth's,7,4,2,6,4,2,6
slothful,8,3,4,7,4,3,7
slothfulness,12,4,0,4,4,0,4
slothfulness's,14,4,0,4,4,0,4
sloths,6,4,3,7,3,3,6
slots,5,4,4,8,4,4,8
slotted,7,6,2,8,6,1,7
slotting,8,7,1,8,7,2,9
slouch,6,4,4,8,3,4,7
slouch's,8,5,3,8,3,3,6
slouched,8,8,1,9,8,1,9
slouches,8,3,1,4,3,2,5
slouchier,9,4,1,5,4,1,5
slouchiest,10,5,0,5,5,0,5
slouching,9,5,1,6,5,1,6
slouchy,7,4,3,7,2,4,6
slough,6,3,5,8,3,5,8
slough's,8,4,4,8,3,4,7
sloughed,8,7,2,9,7,2,9
sloughing,9,4,1,5,4,1,5
sloughs,7,3,5,8,3,5,8
sloven,6,4,5,9,4,4,8
sloven's,8,4,2,6,4,2,6
slovenlier,10,2,2,4,3,1,4
slovenliest,11,4,0,4,3,0,3
slovenliness,12,3,0,3,3,0,3
slovenliness's,14,3,0,3,3,0,3
slovenly,8,4,1,5,3,0,3
slovens,7,3,3,6,4,3,7
slow,4,3,7,10,3,7,10
slowdown,8,5,4,9,5,4,9
slowdown's,10,6,3,9,6,3,9
slowdowns,9,5,3,8,5,3,8
slowed,6,6,3,9,6,3,9
slower,6,5,5,10,5,5,10
slowest,7,4,3,7,4,0,4
slowing,7,7,4,11,7,4,11
slowly,6,4,6,10,4,4,8
slowness,8,4,0,4,4,0,4
slowness's,10,5,0,5,5,0,5
slowpoke,8,3,2,5,3,1,4
slowpoke's,10,5,1,6,5,1,6
slowpokes,9,3,2,5,3,1,4
slows,5,4,5,9,4,5,9
sludge,6,6,3,9,6,3,9
sludge's,8,7,4,11,7,4,11
slue,4,3,7,10,3,7,10
slue's,6,3,4,7,3,4,7
slued,5,3,5,8,3,5,8
slues,5,2,4,6,2,4,6
slug,4,4,8,12,4,8,12
slug's,6,5,5,10,5,5,10
sluggard,8,3,2,5,3,2,5
sluggard's,10,4,1,5,4,1,5
sluggards,9,3,3,6,3,1,4
slugged,7,5,6,11,5,6,11
slugger,7,6,4,10,6,4,10
slugger's,9,7,4,11,5,6,11
sluggers,8,6,4,10,4,6,10
slugging,8,5,2,7,5,3,8
sluggish,8,4,2,6,4,2,6
sluggishly,10,4,0,4,3,0,3
sluggishness,12,3,0,3,3,0,3
sluggishness's,14,3,0,3,3,0,3
slugs,5,4,6,10,4,6,10
sluice,6,4,2,6,4,3,7
sluice's,8,6,2,8,5,2,7
sluiced,7,5,2,7,5,3,8
sluices,7,4,2,6,4,1,5
sluicing,8,5,1,6,5,2,7
sluing,6,5,3,8,5,3,8
slum,4,4,6,10,4,6,10
slum's,6,5,6,11,5,6,11
slumber,7,5,5,10,5,5,10
slumber's,9,6,5,11,5,3,8
slumbered,9,5,3,8,5,3,8
slumbering,10,7,2,9,7,2,9
slumberous,10,5,1,6,3,2,5
slumbers,8,5,5,10,4,2,6
slumbrous,9,3,2,5,3,2,5
slumdog,7,3,3,6,3,3,6
slumdog's,9,4,3,7,3,2,5
slumdogs,8,3,3,6,3,4,7
slumlord,8,3,4,7,3,4,7
slumlord's,10,5,3,8,4,2,6
slumlords,9,4,2,6,3,2,5
slummed,7,6,4,10,6,4,10
slummer,7,5,5,10,5,5,10
slumming,8,7,4,11,7,4,11
slump,5,5,6,11,5,5,10
slump's,7,6,7,13,6,5,11
slumped,7,6,4,10,6,4,10
slumping,8,7,4,11,7,4,11
slumps,6,5,6,11,5,5,10
slums,5,4,7,11,4,7,11
slung,5,5,6,11,5,6,11
slunk,5,5,5,10,5,5,10
slur,4,3,9,12,3,9,12
slur's,6,5,7,12,5,7,12
slurp,5,4,7,11,4,6,10
slurp's,7,5,8,13,5,6,11
slurped,7,6,5,11,6,5,11
slurping,8,7,5,12,7,5,12
slurps,6,4,7,11,4,6,10
slurred,7,6,5,11,6,5,11
slurring,8,7,5,12,7,5,12
slurs,5,3,8,11,3,8,11
slush,5,3,2,5,3,2,5
slush's,7,4,2,6,4,2,6
slushier,8,3,1,4,3,0,3
slushiest,9,1,0,1,1,0,1
slushy,6,1,2,3,1,2,3
slut,4,4,5,9,4,5,9
slut's,6,4,8,12,4,8,12
sluts,5,3,6,9,3,6,9
sluttish,8,4,2,6,4,2,6
sly,3,3,7,10,3,7,10
slyer,5,4,3,7,4,3,7
slyest,6,4,2,6,4,2,6
slyly,5,3,5,8,3,5,8
slyness,7,4,1,5,4,1,5
slyness's,9,5,1,6,5,1,6
smack,5,4,7,11,4,6,10
smack's,7,4,5,9,4,5,9
smacked,7,7,3,10,7,3,10
smacker,7,6,4,10,5,4,9
smacker's,9,7,3,10,6,3,9
smackers,8,6,2,8,5,2,7
smacking,8,7,2,9,6,2,8
smacks,6,5,5,10,5,5,10
small,5,4,4,8,4,3,7
small's,7,5,4,9,4,4,8
smaller,7,5,4,9,6,3,9
smallest,8,5,3,8,5,2,7
smallish,8,4,2,6,4,2,6
smallness,9,5,2,7,5,2,7
smallness's,11,6,2,8,6,2,8
smallpox,8,3,2,5,3,3,6
smallpox's,10,4,2,6,3,4,7
smalls,6,3,5,8,3,4,7
smarmier,8,4,3,7,5,0,5
smarmiest,9,6,2,8,6,2,8
smarmy,6,4,3,7,4,3,7
smart,5,3,3,6,3,3,6
smart's,7,4,3,7,4,3,7
smarted,7,5,2,7,5,2,7
smarten,7,5,1,6,5,1,6
smartened,9,5,1,6,5,1,6
smartening,10,6,1,7,7,1,8
smartens,8,5,1,6,5,0,5
smarter,7,5,1,6,5,1,6
smartest,8,4,1,5,4,1,5
smarting,8,6,2,8,6,2,8
smartly,7,6,3,9,6,3,9
smartness,9,6,1,7,6,1,7
smartness's,11,7,1,8,7,1,8
smartphone,10,3,1,4,3,1,4
smartphone's,12,3,0,3,3,0,3
smartphones,11,4,0,4,4,0,4
smarts,6,3,4,7,3,4,7
smarts's,8,4,2,6,2,1,3
smartwatch,10,2,3,5,2,3,5
smartwatch's,12,4,1,5,3,1,4
smartwatches,12,3,0,3,3,1,4
smash,5,4,1,5,4,1,5
smash's,7,5,2,7,5,2,7
smashed,7,6,1,7,6,1,7
smashes,7,5,1,6,5,1,6
smashing,8,7,1,8,7,2,9
smattering,10,9,2,11,9,2,11
smattering's,12,5,0,5,3,2,5
smatterings,11,5,1,6,3,1,4
smear,5,5,2,7,5,2,7
smear's,7,6,3,9,6,3,9
smeared,7,6,1,7,6,1,7
smearing,8,8,2,10,8,2,10
smears,6,5,4,9,5,4,9
smell,5,4,4,8,4,2,6
smell's,7,5,3,8,5,2,7
smelled,7,5,2,7,5,2,7
smellier,8,4,2,6,3,1,4
smelliest,9,4,1,5,4,0,4
smelling,8,7,3,10,7,1,8
smells,6,4,6,10,4,2,6
smelly,6,2,4,6,2,4,6
smelt,5,4,2,6,5,0,5
smelt's,7,4,2,6,4,1,5
smelted,7,4,2,6,3,2,5
smelter,7,6,1,7,6,1,7
smelter's,9,7,1,8,7,1,8
smelters,8,6,1,7,6,1,7
smelting,8,6,2,8,6,1,7
smelts,6,4,1,5,4,1,5
smidge,6,3,4,7,4,4,8
smidge's,8,4,2,6,4,2,6
smidgen,7,4,0,4,4,0,4
smidgen's,9,4,3,7,4,2,6
smidgens,8,3,3,6,4,4,8
smidgeon,8,3,2,5,3,2,5
smidgeon's,10,7,0,7,3,2,5
smidgeons,9,3,2,5,4,2,6
smidges,7,4,1,5,4,0,4
smidgin,7,3,1,4,3,2,5
smidgin's,9,4,3,7,4,3,7
smidgins,8,3,4,7,3,2,5
smile,5,5,3,8,5,3,8
smile's,7,6,2,8,6,2,8
smiled,6,5,4,9,5,4,9
smiles,6,5,4,9,5,4,9
smiling,7,6,2,8,6,2,8
smilingly,9,3,1,4,2,2,4
smirch,6,4,4,8,4,4,8
smirch's,8,5,3,8,5,3,8
smirched,8,6,1,7,7,0,7
smirches,8,5,1,6,5,1,6
smirching,9,6,2,8,6,2,8
smirk,5,4,7,11,4,7,11
smirk's,7,4,6,10,4,6,10
smirked,7,6,4,10,5,5,10
smirking,8,6,3,9,5,3,8
smirks,6,4,7,11,4,7,11
smit,4,4,6,10,4,6,10
smite,5,5,5,10,5,5,10
smites,6,5,6,11,5,6,11
smith,5,4,3,7,4,4,8
smith's,7,5,3,8,5,3,8
smithereens,11,2,0,2,2,0,2
smithereens's,13,1,1,2,1,1,2
smithies,8,4,0,4,4,0,4
smiths,6,4,4,8,3,4,7
smithy,6,4,3,7,4,3,7
smithy's,8,5,2,7,5,2,7
smiting,7,6,3,9,6,3,9
smitten,7,4,3,7,4,3,7
smock,5,4,5,9,4,5,9
smock's,7,5,5,10,5,5,10
smocked,7,6,4,10,6,4,10
smocking,8,7,5,12,7,4,11
smocking's,10,9,2,11,7,3,10
smocks,6,4,5,9,4,5,9
smog,4,3,7,10,3,7,10
smog's,6,4,6,10,4,6,10
smoggier,8,5,5,10,6,3,9
smoggiest,9,6,3,9,6,3,9
smoggy,6,4,7,11,4,5,9
smoke,5,3,6,9,3,6,9
smoke's,7,4,7,11,4,7,11
smoked,6,6,4,10,6,4,10
smokehouse,10,6,0,6,6,0,6
smokehouse's,12,7,0,7,7,0,7
smokehouses,11,6,0,6,6,0,6
smokeless,9,4,2,6,4,2,6
smoker,6,6,3,9,6,3,9
smoker's,8,7,2,9,5,2,7
smokers,7,6,4,10,6,4,10
smokes,6,3,8,11,3,8,11
smokestack,10,4,0,4,2,1,3
smokestack's,12,4,0,4,4,0,4
smokestacks,11,4,1,5,4,0,4
smokier,7,6,3,9,6,2,8
smokiest,8,5,2,7,5,2,7
smokiness,9,5,2,7,5,2,7
smokiness's,11,6,2,8,6,2,8
smoking,7,7,5,12,7,5,12
smoking's,9,6,3,9,6,3,9
smoky,5,2,7,9,2,7,9
smolder,7,5,0,5,5,0,5
smolder's,9,6,4,10,5,4,9
smoldered,9,5,0,5,5,0,5
smoldering,10,7,1,8,7,1,8
smolders,8,5,4,9,4,3,7
smooch,6,5,4,9,5,4,9
smooch's,8,3,4,7,3,4,7
smooched,8,4,4,8,4,4,8
smooches,8,4,3,7,3,3,6
smooching,9,8,3,11,8,3,11
smooth,6,4,5,9,4,5,9
smoothed,8,4,3,7,4,2,6
smoother,8,4,3,7,4,2,6
smoothes,8,3,3,6,3,1,4
smoothest,9,3,1,4,2,1,3
smoothie,8,3,1,4,3,1,4
smoothie's,10,4,3,7,4,2,6
smoothies,9,3,1,4,3,1,4
smoothing,9,7,4,11,7,4,11
smoothly,8,3,3,6,3,3,6
smoothness,10,3,1,4,3,1,4
smoothness's,12,4,1,5,3,1,4
smooths,7,2,4,6,2,4,6
smoothy,7,2,3,5,2,3,5
smoothy's,9,3,2,5,3,2,5
smote,5,4,1,5,4,1,5
smother,7,5,5,10,4,3,7
smother's,9,6,3,9,6,1,7
smothered,9,6,1,7,6,1,7
smothering,10,8,1,9,8,1,9
smothers,8,5,3,8,5,1,6
smoulder,8,7,2,9,7,2,9
smoulder's,10,8,1,9,8,1,9
smouldered,10,7,1,8,7,1,8
smouldering,11,10,2,12,10,2,12
smoulders,9,7,2,9,7,1,8
smudge,6,5,4,9,5,4,9
smudge's,8,6,5,11,6,5,11
smudged,7,5,0,5,5,0,5
smudges,7,3,4,7,3,3,6
smudgier,8,7,1,8,6,3,9
smudgiest,9,6,3,9,6,3,9
smudging,8,5,1,6,4,2,6
smudgy,6,4,6,10,5,4,9
smug,4,3,5,8,3,5,8
smugger,7,6,5,11,6,5,11
smuggest,8,6,2,8,6,2,8
smuggle,7,6,3,9,6,5,11
smuggled,8,7,3,10,7,2,9
smuggler,8,6,2,8,6,2,8
smuggler's,10,7,0,7,7,1,8
smugglers,9,6,1,7,6,1,7
smuggles,8,6,3,9,6,4,10
smuggling,9,4,1,5,4,1,5
smuggling's,11,4,4,8,2,3,5
smugly,6,6,6,12,5,4,9
smugness,8,4,2,6,4,2,6
smugness's,10,5,2,7,5,2,7
smut,4,3,6,9,3,6,9
smut's,6,4,6,10,4,6,10
smuts,5,4,4,8,4,4,8
smuttier,8,6,2,8,7,2,9
smuttiest,9,4,1,5,4,1,5
smutty,6,4,5,9,4,5,9
smörgåsbord,11,2,1,3,1,2,3
smörgåsbord's,13,2,1,3,1,1,2
smörgåsbords,12,2,1,3,2,1,3
snack,5,4,2,6,4,2,6
snack's,7,5,3,8,5,3,8
snacked,7,6,4,10,6,4,10
snacking,8,6,0,6,6,3,9
snacks,6,4,6,10,4,6,10
snaffle,7,5,2,7,5,3,8
snaffle's,9,7,0,7,7,2,9
snaffled,8,6,3,9,7,2,9
snaffles,8,5,3,8,4,3,7
snaffling,9,6,1,7,7,1,8
snafu,5,3,4,7,3,4,7
snafu's,7,4,4,8,4,4,8
snafus,6,2,8,10,2,8,10
snag,4,3,9,12,3,9,12
snag's,6,3,9,12,3,9,12
snagged,7,4,6,10,6,4,10
snagging,8,5,0,5,5,1,6
snags,5,2,8,10,2,8,10
snail,5,5,3,8,5,3,8
snail's,7,6,2,8,6,2,8
snailed,7,7,3,10,7,6,13
snailing,8,3,0,3,3,1,4
snails,6,5,5,10,5,4,9
snake,5,5,2,7,5,2,7
snake's,7,6,2,8,6,2,8
snakebite,9,4,0,4,4,0,4
snakebite's,11,4,0,4,4,0,4
snakebites,10,4,0,4,3,0,3
snaked,6,6,5,11,6,5,11
snakes,6,4,5,9,4,5,9
snakier,7,6,3,9,6,4,10
snakiest,8,6,2,8,6,2,8
snaking,7,6,1,7,6,1,7
snaky,5,4,2,6,4,2,6
snap,4,4,4,8,4,4,8
snap's,6,5,2,7,5,2,7
snapdragon,10,2,2,4,2,2,4
snapdragon's,12,4,1,5,3,1,4
snapdragons,11,3,2,5,3,1,4
snapped,7,6,2,8,6,2,8
snapper,7,5,5,10,5,4,9
snapper's,9,6,1,7,5,4,9
snappers,8,5,2,7,4,4,8
snappier,8,7,1,8,7,1,8
snappiest,9,7,0,7,7,0,7
snapping,8,6,1,7,6,2,8
snappish,8,5,3,8,5,3,8
snappy,6,5,1,6,5,2,7
snaps,5,4,2,6,4,2,6
snapshot,8,4,1,5,2,2,4
snapshot's,10,5,0,5,4,0,4
snapshots,9,3,0,3,3,0,3
snare,5,5,5,10,5,5,10
snare's,7,5,3,8,5,3,8
snared,6,6,2,8,6,2,8
snares,6,5,2,7,5,2,7
snaring,7,5,2,7,5,2,7
snarkier,8,5,0,5,5,2,7
snarkiest,9,7,1,8,6,2,8
snarky,6,5,2,7,4,4,8
snarl,5,4,4,8,4,4,8
snarl's,7,5,3,8,5,3,8
snarled,7,6,4,10,6,7,13
snarling,8,5,2,7,5,4,9
snarls,6,4,6,10,4,5,9
snatch,6,6,2,8,6,1,7
snatch's,8,7,1,8,7,1,8
snatched,8,5,3,8,8,2,10
snatches,8,7,2,9,7,1,8
snatching,9,5,2,7,4,2,6
snazzier,8,6,2,8,6,2,8
snazziest,9,6,2,8,7,1,8
snazzy,6,4,3,7,5,3,8
sneak,5,4,4,8,4,4,8
sneak's,7,5,2,7,5,4,9
sneaked,7,5,3,8,3,4,7
sneaker,7,3,3,6,3,3,6
sneaker's,9,4,2,6,4,2,6
sneakers,8,3,2,5,3,2,5
sneakier,8,4,0,4,5,2,7
sneakiest,9,5,1,6,3,1,4
sneaking,8,5,0,5,3,0,3
sneaks,6,3,5,8,5,3,8
sneaky,6,4,3,7,4,3,7
sneer,5,2,4,6,2,4,6
sneer's,7,3,4,7,3,3,6
sneered,7,5,1,6,5,1,6
sneering,8,6,2,8,6,0,6
sneeringly,10,3,0,3,3,0,3
sneers,6,3,3,6,3,3,6
sneeze,6,2,2,4,2,2,4
sneeze's,8,3,1,4,3,1,4
sneezed,7,4,2,6,3,4,7
sneezes,7,2,2,4,2,3,5
sneezing,8,5,3,8,5,1,6
snicker,7,6,2,8,5,3,8
snicker's,9,7,1,8,6,3,9
snickered,9,6,1,7,4,5,9
snickering,10,6,0,6,5,0,5
snickers,8,6,1,7,6,3,9
snide,5,4,4,8,4,4,8
snider,6,6,1,7,6,1,7
snidest,7,4,2,6,4,2,6
sniff,5,3,5,8,3,5,8
sniff's,7,4,5,9,4,6,10
sniffed,7,6,5,11,5,6,11
sniffing,8,5,0,5,4,1,5
sniffle,7,5,2,7,4,3,7
sniffle's,9,7,1,8,6,3,9
sniffled,8,5,2,7,6,3,9
sniffles,8,5,1,6,5,1,6
sniffling,9,5,1,6,4,1,5
sniffs,6,3,7,10,3,8,11
snifter,7,7,1,8,7,1,8
snifter's,9,7,2,9,6,1,7
snifters,8,6,2,8,5,1,6
snigger,7,5,3,8,6,2,8
snigger's,9,6,3,9,7,2,9
sniggered,9,5,3,8,6,2,8
sniggering,10,4,0,4,5,0,5
sniggers,8,5,3,8,5,4,9
snip,4,3,7,10,3,7,10
snip's,6,4,7,11,4,5,9
snipe,5,5,2,7,5,2,7
snipe's,7,6,1,7,6,1,7
sniped,6,6,3,9,6,3,9
sniper,6,5,2,7,5,2,7
sniper's,8,6,1,7,6,1,7
snipers,7,5,3,8,5,3,8
snipes,6,5,3,8,5,3,8
sniping,7,4,1,5,3,1,4
snipped,7,5,6,11,5,6,11
snippet,7,3,2,5,3,3,6
snippet's,9,5,3,8,4,3,7
snippets,8,4,3,7,4,3,7
snippier,8,3,0,3,5,1,6
snippiest,9,5,0,5,5,0,5
snipping,8,4,1,5,3,2,5
snippy,6,4,4,8,4,2,6
snips,5,3,5,8,3,5,8
snit,4,4,7,11,4,7,11
snit's,6,5,6,11,5,6,11
snitch,6,6,3,9,6,3,9
snitch's,8,7,2,9,7,2,9
snitched,8,8,0,8,7,3,10
snitches,8,7,0,7,7,0,7
snitching,9,4,2,6,3,2,5
snits,5,4,4,8,4,4,8
snivel,6,3,2,5,3,2,5
snivel's,8,7,2,9,7,2,9
sniveled,8,7,0,7,7,1,8
sniveling,9,3,0,3,3,0,3
snivelled,9,7,0,7,7,0,7
snivelling,10,3,0,3,3,0,3
snivels,7,6,3,9,3,2,5
snob,4,2,8,10,2,8,10
snob's,6,3,7,10,3,7,10
snobbery,8,4,4,8,4,3,7
snobbery's,10,4,1,5,3,2,5
snobbier,8,7,0,7,5,4,9
snobbiest,9,5,4,9,5,4,9
snobbish,8,4,4,8,4,4,8
snobbishness,12,2,0,2,3,0,3
snobbishness's,14,2,0,2,3,0,3
snobby,6,3,8,11,3,7,10
snobs,5,2,6,8,2,6,8
snooker,7,6,5,11,6,5,11
snoop,5,4,4,8,4,4,8
snoop's,7,5,4,9,5,4,9
snooped,7,6,3,9,6,2,8
snooper,7,5,6,11,5,6,11
snooper's,9,5,3,8,5,2,7
snoopers,8,4,3,7,4,2,6
snoopier,8,7,0,7,7,0,7
snoopiest,9,6,1,7,6,1,7
snooping,8,6,1,7,6,1,7
snoops,6,4,6,10,4,4,8
snoopy,6,4,3,7,5,3,8
snoot,5,3,5,8,3,5,8
snoot's,7,4,4,8,4,4,8
snootier,8,6,1,7,6,1,7
snootiest,9,5,0,5,5,0,5
snootiness,10,3,0,3,3,0,3
snootiness's,12,3,0,3,3,0,3
snoots,6,3,5,8,3,5,8
snooty,6,3,4,7,4,4,8
snooze,6,4,2,6,4,2,6
snooze's,8,5,3,8,5,3,8
snoozed,7,5,3,8,5,2,7
snoozes,7,4,3,7,4,2,6
snoozing,8,5,2,7,5,2,7
snore,5,5,4,9,5,4,9
snore's,7,5,6,11,5,6,11
snored,6,6,3,9,6,3,9
snorer,6,4,1,5,4,1,5
snorer's,8,5,1,6,5,1,6
snorers,7,4,2,6,4,2,6
snores,6,5,3,8,5,3,8
snoring,7,6,2,8,6,2,8
snorkel,7,3,3,6,3,3,6
snorkel's,9,5,0,5,5,1,6
snorkeled,9,4,0,4,4,0,4
snorkeler,9,3,1,4,3,1,4
snorkeler's,11,4,1,5,4,1,5
snorkelers,10,4,0,4,4,0,4
snorkeling,10,6,0,6,4,0,4
snorkeling's,12,5,0,5,3,0,3
snorkelled,10,3,0,3,3,0,3
snorkelling,11,7,0,7,3,0,3
snorkels,8,5,1,6,5,1,6
snort,5,5,4,9,5,4,9
snort's,7,6,3,9,6,3,9
snorted,7,7,4,11,7,3,10
snorting,8,5,1,6,5,1,6
snorts,6,5,5,10,5,4,9
snot,4,4,6,10,4,6,10
snot's,6,5,5,10,5,5,10
snots,5,4,5,9,4,5,9
snottier,8,6,1,7,7,0,7
snottiest,9,6,0,6,6,0,6
snotty,6,5,4,9,5,4,9
snout,5,5,4,9,5,4,9
snout's,7,6,5,11,6,5,11
snouts,6,5,5,10,5,4,9
snow,4,4,5,9,4,5,9
snow's,6,5,3,8,5,3,8
snowball,8,7,2,9,7,2,9
snowball's,10,6,1,7,8,1,9
snowballed,10,4,1,5,4,2,6
snowballing,11,6,1,7,4,1,5
snowballs,9,7,2,9,7,1,8
snowblower,10,5,1,6,3,2,5
snowblower's,12,3,0,3,3,0,3
snowblowers,11,5,1,6,4,1,5
snowboard,9,3,2,5,3,2,5
snowboard's,11,4,2,6,2,1,3
snowboarded,11,3,1,4,4,0,4
snowboarding,12,3,1,4,3,1,4
snowboarding's,14,3,1,4,2,1,3
snowboards,10,2,2,4,5,3,8
snowbound,9,3,2,5,3,2,5
snowdrift,9,3,1,4,3,1,4
snowdrift's,11,4,1,5,3,1,4
snowdrifts,10,3,2,5,3,2,5
snowdrop,8,4,3,7,4,3,7
snowdrop's,10,5,2,7,4,2,6
snowdrops,9,4,2,6,3,2,5
snowed,6,6,4,10,6,4,10
snowfall,8,6,3,9,6,3,9
snowfall's,10,4,2,6,7,2,9
snowfalls,9,6,3,9,6,2,8
snowflake,9,4,1,5,4,1,5
snowflake's,11,5,1,6,4,1,5
snowflakes,10,3,2,5,4,2,6
snowier,7,6,3,9,6,2,8
snowiest,8,6,2,8,6,2,8
snowing,7,5,3,8,5,3,8
snowman,7,4,2,6,4,2,6
snowman's,9,4,1,5,4,2,6
snowmen,7,3,2,5,3,3,6
snowmobile,10,4,1,5,4,1,5
snowmobile's,12,3,1,4,3,1,4
snowmobiled,11,3,1,4,4,1,5
snowmobiles,11,3,1,4,3,1,4
snowmobiling,12,3,1,4,3,1,4
snowplow,8,4,3,7,4,3,7
snowplow's,10,5,2,7,4,2,6
snowplowed,10,5,1,6,4,2,6
snowplowing,11,4,0,4,4,1,5
snowplows,9,4,2,6,3,3,6
snows,5,3,6,9,3,6,9
snowshed,8,3,0,3,3,0,3
snowshoe,8,2,0,2,2,0,2
snowshoe's,10,3,1,4,4,0,4
snowshoeing,11,2,0,2,2,0,2
snowshoes,9,3,0,3,3,0,3
snowstorm,9,2,1,3,2,1,3
snowstorm's,11,1,2,3,2,2,4
snowstorms,10,3,2,5,2,2,4
snowsuit,8,4,1,5,2,1,3
snowsuit's,10,5,0,5,4,0,4
snowsuits,9,3,0,3,3,0,3
snowy,5,3,5,8,3,5,8
snub,4,4,6,10,4,6,10
snub's,6,5,7,12,5,7,12
snubbed,7,6,3,9,6,3,9
snubbing,8,6,3,9,6,3,9
snubs,5,4,5,9,4,5,9
snuck,5,4,4,8,3,5,8
snuff,5,3,5,8,4,4,8
snuff's,7,3,8,11,5,5,10
snuffbox,8,3,4,7,4,3,7
snuffbox's,10,4,3,7,4,3,7
snuffboxes,10,3,2,5,3,2,5
snuffed,7,6,4,10,6,4,10
snuffer,7,4,7,11,4,7,11
snuffer's,9,5,7,12,5,3,8
snuffers,8,4,7,11,4,4,8
snuffing,8,5,4,9,5,4,9
snuffle,7,5,4,9,5,5,10
snuffle's,9,6,2,8,6,3,9
snuffled,8,6,3,9,6,3,9
snuffles,8,5,3,8,5,4,9
snuffling,9,4,2,6,6,2,8
snuffs,6,3,7,10,4,7,11
snug,4,3,7,10,3,7,10
snug's,6,4,8,12,4,8,12
snugged,7,5,5,10,5,5,10
snugger,7,5,6,11,5,6,11
snuggest,8,5,3,8,5,3,8
snugging,8,4,1,5,4,2,6
snuggle,7,5,4,9,5,6,11
snuggle's,9,5,2,7,5,4,9
snuggled,8,6,4,10,6,3,9
snuggles,8,5,4,9,5,5,10
snuggling,9,4,1,5,4,1,5
snugly,6,5,7,12,4,7,11
snugs,5,3,6,9,3,6,9
so,2,2,9,11,2,9,11
so's,4,3,2,5,3,2,5
soak,4,2,10,12,2,10,12
soak's,6,5,8,13,5,8,13
soaked,6,5,6,11,5,6,11
soaking,7,6,6,12,6,6,12
soaking's,9,4,1,5,7,3,10
soakings,8,3,2,5,4,4,8
soaks,5,4,7,11,4,7,11
soap,4,3,5,8,3,5,8
soap's,6,5,3,8,5,3,8
soapbox,7,3,2,5,3,2,5
soapbox's,9,4,1,5,3,2,5
soapboxes,9,3,1,4,3,1,4
soaped,6,5,3,8,5,3,8
soapier,7,5,3,8,7,1,8
soapiest,8,5,3,8,5,3,8
soapiness,9,5,1,6,5,1,6
soapiness's,11,6,1,7,6,1,7
soaping,7,6,3,9,6,3,9
soaps,5,4,3,7,4,3,7
soapstone,9,2,1,3,2,1,3
soapstone's,11,5,1,6,3,0,3
soapsuds,8,3,1,4,3,1,4
soapsuds's,10,3,0,3,3,0,3
soapy,5,3,5,8,3,8,11
soar,4,4,2,6,4,2,6
soar's,6,4,9,13,4,9,13
soared,6,6,3,9,6,3,9
soaring,7,6,6,12,6,6,12
soars,5,3,8,11,3,8,11
sob,3,2,10,12,2,10,12
sob's,5,4,3,7,4,3,7
sobbed,6,5,4,9,4,7,11
sobbing,7,6,4,10,6,3,9
sober,5,5,3,8,5,3,8
sobered,7,4,0,4,4,4,8
soberer,7,3,1,4,2,2,4
soberest,8,2,0,2,2,0,2
sobering,8,5,3,8,5,0,5
soberly,7,4,2,6,3,1,4
soberness,9,2,0,2,2,0,2
soberness's,11,2,0,2,2,0,2
sobers,6,5,2,7,5,2,7
sobriety,8,3,0,3,4,1,5
sobriety's,10,4,1,5,4,0,4
sobriquet,9,4,0,4,4,0,4
sobriquet's,11,5,0,5,3,1,4
sobriquets,10,4,0,4,4,0,4
sobs,4,3,3,6,3,3,6
soccer,6,4,9,13,4,10,14
soccer's,8,5,3,8,6,3,9
sociability,11,3,0,3,6,1,7
sociability's,13,3,0,3,2,1,3
sociable,8,5,0,5,5,0,5
sociable's,10,6,1,7,5,2,7
sociables,9,5,0,5,4,0,4
sociably,8,7,1,8,4,1,5
social,6,3,4,7,4,2,6
social's,8,4,4,8,5,2,7
socialism,9,7,1,8,2,2,4
socialism's,11,8,0,8,8,0,8
socialist,9,6,2,8,3,1,4
socialist's,11,7,1,8,7,1,8
socialistic,11,2,0,2,2,0,2
socialists,10,2,1,3,2,0,2
socialite,9,8,0,8,8,0,8
socialite's,11,5,0,5,3,1,4
socialites,10,8,0,8,8,0,8
socialization,13,4,0,4,4,0,4
socialization's,15,3,0,3,4,0,4
socialize,9,7,1,8,7,1,8
socialized,10,6,0,6,4,1,5
socializes,10,7,1,8,7,1,8
socializing,11,7,1,8,6,1,7
socially,8,7,1,8,4,1,5
socials,7,4,3,7,4,3,7
societal,8,3,0,3,4,0,4
societies,9,3,0,3,3,0,3
society,7,4,1,5,3,1,4
society's,9,5,2,7,4,0,4
socioeconomic,13,2,1,3,3,0,3
sociological,12,2,1,3,2,1,3
sociologist,11,3,0,3,3,1,4
sociologist's,13,3,0,3,2,0,2
sociologists,12,2,1,3,2,1,3
sociology,9,3,1,4,3,1,4
sociology's,11,3,3,6,2,1,3
sociopath,9,3,1,4,3,1,4
sociopath's,11,4,1,5,2,1,3
sociopaths,10,2,2,4,3,1,4
sock,4,2,6,8,2,6,8
sock's,6,4,4,8,4,4,8
socked,6,4,5,9,4,6,10
socket,6,4,4,8,4,4,8
socket's,8,6,2,8,5,3,8
sockets,7,4,4,8,3,4,7
socking,7,6,5,11,6,6,12
socks,5,3,5,8,3,5,8
sod,3,2,10,12,2,10,12
sod's,5,4,4,8,4,4,8
soda,4,3,5,8,4,3,7
soda's,6,5,1,6,5,2,7
sodas,5,4,0,4,4,0,4
sodded,6,3,4,7,3,4,7
sodden,6,5,3,8,5,3,8
sodding,7,6,6,12,6,4,10
sodium,6,3,5,8,3,5,8
sodium's,8,4,4,8,4,4,8
sodomite,8,4,2,6,3,1,4
sodomite's,10,6,2,8,4,2,6
sodomites,9,4,1,5,3,1,4
sodomy,6,2,3,5,2,3,5
sodomy's,8,3,3,6,3,3,6
sods,4,3,4,7,3,4,7
sofa,4,3,7,10,4,4,8
sofa's,6,5,2,7,5,3,8
sofas,5,3,1,4,3,1,4
soft,4,4,4,8,4,4,8
softball,8,4,2,6,4,2,6
softball's,10,6,1,7,5,1,6
softballs,9,3,2,5,4,1,5
soften,6,4,2,6,4,2,6
softened,8,4,2,6,4,3,7
softener,8,5,1,6,4,2,6
softener's,10,4,0,4,3,0,3
softeners,9,3,0,3,3,0,3
softening,9,5,1,6,4,1,5
softens,7,3,2,5,4,3,7
softer,6,5,5,10,5,3,8
softest,7,3,1,4,3,1,4
softhearted,11,2,1,3,2,0,2
softie,6,6,2,8,6,3,9
softie's,8,5,3,8,5,3,8
softies,7,6,1,7,6,1,7
softly,6,5,3,8,3,3,6
softness,8,5,0,5,5,0,5
softness's,10,6,0,6,6,0,6
software,8,5,1,6,5,1,6
software's,10,5,0,5,5,0,5
softwood,8,2,3,5,2,3,5
softwood's,10,3,2,5,2,2,4
softwoods,9,2,2,4,2,2,4
softy,5,4,5,9,3,7,10
softy's,7,4,4,8,4,4,8
soggier,7,5,3,8,5,2,7
soggiest,8,6,2,8,6,2,8
soggily,7,4,4,8,3,4,7
sogginess,9,5,1,6,5,1,6
sogginess's,11,6,1,7,6,1,7
soggy,5,4,6,10,4,5,9
soil,4,4,2,6,4,2,6
soil's,6,4,5,9,4,5,9
soiled,6,6,5,11,6,5,11
soiling,7,5,3,8,5,3,8
soils,5,3,7,10,3,5,8
soirée,6,3,0,3,3,0,3
soirée's,8,6,1,7,6,1,7
soirées,7,4,2,6,4,1,5
sojourn,7,2,3,5,2,3,5
sojourn's,9,3,2,5,2,2,4
sojourned,9,5,0,5,5,0,5
sojourning,10,3,1,4,3,1,4
sojourns,8,2,3,5,2,4,6
sol,3,2,11,13,2,11,13
sol's,5,4,5,9,4,5,9
solace,6,4,3,7,4,4,8
solace's,8,5,2,7,5,2,7
solaced,7,6,1,7,6,1,7
solaces,7,3,3,6,3,2,5
solacing,8,7,2,9,7,2,9
solar,5,5,1,6,5,1,6
solaria,7,5,1,6,5,1,6
solarium,8,3,3,6,3,3,6
solarium's,10,4,1,5,3,1,4
solariums,9,3,2,5,4,1,5
sold,4,4,2,6,4,2,6
solder,6,5,7,12,5,7,12
solder's,8,7,2,9,7,4,11
soldered,8,5,1,6,5,0,5
soldering,9,7,1,8,7,1,8
solders,7,6,4,10,6,4,10
soldier,7,5,1,6,5,2,7
soldier's,9,5,1,6,5,4,9
soldiered,9,4,0,4,4,0,4
soldiering,10,5,0,5,4,0,4
soldierly,9,3,1,4,3,1,4
soldiers,8,4,1,5,4,4,8
sole,4,4,8,12,4,8,12
sole's,6,5,1,6,5,1,6
solecism,8,3,1,4,2,1,3
solecism's,10,4,1,5,4,1,5
solecisms,9,4,0,4,3,0,3
soled,5,5,3,8,5,3,8
solely,6,3,2,5,3,1,4
solemn,6,4,2,6,4,2,6
solemner,8,4,1,5,5,0,5
solemnest,9,3,1,4,3,1,4
solemnity,9,4,0,4,4,0,4
solemnity's,11,5,0,5,4,0,4
solemnize,9,3,0,3,3,0,3
solemnized,10,3,1,4,3,1,4
solemnizes,10,4,0,4,3,0,3
solemnizing,11,4,0,4,4,0,4
solemnly,8,3,2,5,4,2,6
solenoid,8,5,1,6,5,0,5
solenoid's,10,5,0,5,4,0,4
solenoids,9,3,1,4,3,1,4
soles,5,3,4,7,3,4,7
soli,4,3,3,6,3,3,6
solicit,7,2,1,3,2,1,3
solicitation,12,2,1,3,2,1,3
solicitation's,14,3,1,4,2,1,3
solicitations,13,3,0,3,2,1,3
solicited,9,4,2,6,4,2,6
soliciting,10,5,1,6,4,1,5
solicitor,9,3,1,4,2,2,4
solicitor's,11,4,1,5,2,1,3
solicitors,10,7,2,9,7,2,9
solicitous,10,6,3,9,6,3,9
solicitously,12,2,0,2,2,0,2
solicits,8,3,3,6,2,2,4
solicitude,10,3,0,3,3,0,3
solicitude's,12,5,0,5,4,0,4
solid,5,4,4,8,4,4,8
solid's,7,3,4,7,3,4,7
solidarity,10,2,2,4,3,1,4
solidarity's,12,4,1,5,3,1,4
solider,7,5,0,5,5,0,5
solidest,8,4,0,4,4,0,4
solidification,14,5,0,5,2,0,2
solidification's,16,6,0,6,2,0,2
solidified,10,3,0,3,3,0,3
solidifies,10,3,1,4,3,0,3
solidify,8,2,2,4,7,2,9
solidifying,11,2,0,2,2,1,3
solidity,8,3,1,4,6,3,9
solidity's,10,4,2,6,3,2,5
solidly,7,4,2,6,3,3,6
solidness,9,4,0,4,4,0,4
solidness's,11,5,0,5,5,0,5
solids,6,4,4,8,2,4,6
soliloquies,11,3,1,4,3,1,4
soliloquize,11,2,1,3,3,1,4
soliloquized,12,3,1,4,3,1,4
soliloquizes,12,3,1,4,3,0,3
soliloquizing,13,4,1,5,2,0,2
soliloquy,9,3,1,4,3,1,4
soliloquy's,11,4,3,7,3,1,4
soling,6,5,3,8,5,3,8
solitaire,9,4,0,4,4,0,4
solitaire's,11,5,0,5,4,0,4
solitaires,10,4,0,4,5,0,5
solitaries,10,4,0,4,3,0,3
solitary,8,4,1,5,3,1,4
solitary's,10,4,1,5,4,1,5
solitude,8,5,0,5,3,1,4
solitude's,10,5,1,6,5,1,6
solo,4,2,3,5,2,3,5
solo's,6,3,4,7,3,4,7
soloed,6,3,2,5,3,2,5
soloing,7,5,2,7,5,2,7
soloist,7,3,3,6,4,1,5
soloist's,9,4,2,6,5,1,6
soloists,8,4,2,6,3,1,4
solos,5,2,2,4,2,2,4
sols,4,3,5,8,3,5,8
solstice,8,4,1,5,4,1,5
solstice's,10,3,1,4,3,1,4
solstices,9,2,2,4,3,0,3
solubility,10,2,2,4,2,2,4
solubility's,12,3,2,5,3,2,5
soluble,7,4,1,5,6,2,8
soluble's,9,4,0,4,4,1,5
solubles,8,3,1,4,3,2,5
solution,8,4,0,4,4,1,5
solution's,10,3,2,5,2,2,4
solutions,9,2,2,4,2,2,4
solvable,8,5,1,6,4,0,4
solve,5,3,2,5,3,2,5
solved,6,4,4,8,4,4,8
solvency,8,4,1,5,3,0,3
solvency's,10,7,0,7,7,1,8
solvent,7,4,3,7,4,2,6
solvent's,9,5,1,6,5,1,6
solvents,8,5,3,8,5,3,8
solver,6,4,5,9,4,6,10
solver's,8,6,3,9,6,5,11
solvers,7,5,5,10,5,5,10
solves,6,3,4,7,3,4,7
solving,7,5,7,12,5,7,12
somber,6,5,7,12,4,7,11
somberly,8,5,1,6,3,1,4
sombre,6,3,4,7,3,4,7
sombrely,8,6,1,7,6,0,6
sombrero,8,3,1,4,3,0,3
sombrero's,10,4,0,4,3,2,5
sombreros,9,3,1,4,3,0,3
some,4,3,9,12,3,9,12
somebodies,10,3,0,3,2,1,3
somebody,8,4,2,6,3,2,5
somebody's,10,3,2,5,2,2,4
someday,7,7,1,8,4,1,5
somehow,7,3,1,4,3,1,4
someone,7,3,0,3,3,0,3
someone's,9,4,1,5,3,3,6
someones,8,2,1,3,2,1,3
someplace,9,3,0,3,3,0,3
somersault,10,3,0,3,3,0,3
somersault's,12,3,0,3,3,0,3
somersaulted,12,3,0,3,2,0,2
somersaulting,13,2,0,2,2,0,2
somersaults,11,3,1,4,3,0,3
something,9,6,1,7,6,1,7
something's,11,7,0,7,3,3,6
somethings,10,3,2,5,4,0,4
sometime,8,4,1,5,4,1,5
sometimes,9,3,1,4,3,1,4
someway,7,6,2,8,3,1,4
somewhat,8,4,2,6,3,3,6
somewhats,9,4,2,6,3,2,5
somewhere,9,3,0,3,3,0,3
somnambulism,12,1,1,2,3,0,3
somnambulism's,14,4,0,4,3,0,3
somnambulist,12,3,0,3,3,0,3
somnambulist's,14,4,0,4,3,0,3
somnambulists,13,2,0,2,2,0,2
somnolence,10,4,0,4,3,0,3
somnolence's,12,4,0,4,4,0,4
somnolent,9,4,0,4,4,1,5
son,3,3,4,7,3,4,7
son's,5,4,2,6,4,2,6
sonar,5,4,2,6,4,2,6
sonar's,7,4,2,6,5,2,7
sonars,6,4,3,7,4,2,6
sonata,6,3,1,4,3,1,4
sonata's,8,3,1,4,2,1,3
sonatas,7,2,2,4,2,2,4
song,4,3,4,7,3,4,7
song's,6,4,4,8,4,4,8
songbird,8,4,1,5,4,2,6
songbird's,10,5,2,7,4,2,6
songbirds,9,3,3,6,4,2,6
songs,5,3,6,9,3,6,9
songster,8,5,1,6,3,1,4
songster's,10,6,0,6,3,0,3
songsters,9,3,0,3,2,1,3
songwriter,10,3,1,4,3,1,4
songwriter's,12,4,0,4,4,0,4
songwriters,11,3,1,4,3,0,3
sonic,5,3,5,8,3,5,8
sonnet,6,3,2,5,3,2,5
sonnet's,8,5,3,8,6,2,8
sonnets,7,4,2,6,3,2,5
sonnies,7,3,4,7,3,3,6
sonny,5,4,2,6,4,2,6
sonny's,7,5,2,7,5,2,7
sonority,8,4,1,5,4,1,5
sonority's,10,6,2,8,4,2,6
sonorous,8,2,3,5,2,3,5
sons,4,3,6,9,3,6,9
soon,4,2,11,13,2,11,13
sooner,6,4,5,9,4,6,10
soonest,7,4,3,7,4,0,4
soot,4,2,9,11,2,9,11
soot's,6,3,2,5,2,2,4
sooth,5,4,2,6,4,2,6
sooth's,7,3,2,5,3,2,5
soothe,6,2,3,5,2,3,5
soothed,7,4,2,6,4,1,5
soothes,7,3,3,6,3,2,5
soothing,8,7,2,9,5,2,7
soothingly,10,8,2,10,9,1,10
soothsayer,10,2,0,2,2,0,2
soothsayer's,12,2,0,2,2,0,2
soothsayers,11,2,1,3,2,0,2
sootier,7,5,2,7,5,1,6
sootiest,8,4,1,5,3,1,4
sooty,5,3,3,6,3,3,6
sop,3,2,10,12,2,10,12
sop's,5,4,6,10,4,6,10
sophism,7,6,1,7,3,2,5
sophism's,9,7,0,7,7,0,7
sophist,7,5,2,7,4,1,5
sophist's,9,6,1,7,6,1,7
sophisticate,12,2,0,2,2,0,2
sophisticate's,14,2,0,2,2,0,2
sophisticated,13,4,0,4,4,0,4
sophisticates,13,2,0,2,2,0,2
sophisticating,14,4,0,4,4,0,4
sophistication,14,4,0,4,4,0,4
sophistication's,16,2,0,2,3,0,3
sophistries,11,3,1,4,3,0,3
sophistry,9,4,0,4,2,3,5
sophistry's,11,5,0,5,2,2,4
sophists,8,4,2,6,3,1,4
sophomore,9,3,2,5,4,1,5
sophomore's,11,5,1,6,4,1,5
sophomores,10,2,3,5,2,3,5
sophomoric,10,2,2,4,3,1,4
soporific,9,5,1,6,3,1,4
soporific's,11,3,3,6,2,1,3
soporifics,10,2,2,4,4,2,6
sopped,6,5,3,8,5,7,12
soppier,7,6,2,8,6,1,7
soppiest,8,6,1,7,6,1,7
sopping,7,6,2,8,6,2,8
soppy,5,4,3,7,4,3,7
soprano,7,2,4,6,2,4,6
soprano's,9,4,2,6,4,2,6
sopranos,8,3,3,6,3,3,6
sops,4,3,7,10,3,7,10
sorbet,6,4,2,6,4,2,6
sorbet's,8,5,1,6,5,1,6
sorbets,7,4,2,6,4,2,6
sorcerer,8,3,1,4,3,1,4
sorcerer's,10,4,0,4,3,0,3
sorcerers,9,3,0,3,3,0,3
sorceress,9,3,1,4,3,1,4
sorceress's,11,4,0,4,3,0,3
sorceresses,11,2,0,2,2,0,2
sorcery,7,5,0,5,5,0,5
sorcery's,9,6,1,7,4,2,6
sordid,6,3,3,6,3,3,6
sordidly,8,4,2,6,4,1,5
sordidness,10,4,0,4,4,0,4
sordidness's,12,5,0,5,4,0,4
sore,4,4,8,12,4,8,12
sore's,6,4,2,6,4,2,6
sorehead,8,3,1,4,3,0,3
sorehead's,10,4,0,4,4,0,4
soreheads,9,3,0,3,3,0,3
sorely,6,6,1,7,6,1,7
soreness,8,5,1,6,5,1,6
soreness's,10,6,1,7,6,1,7
sorer,5,4,0,4,4,0,4
sores,5,4,3,7,4,3,7
sorest,6,5,2,7,5,2,7
sorghum,7,3,3,6,3,3,6
sorghum's,9,4,2,6,3,3,6
sororities,10,4,1,5,4,0,4
sorority,8,4,3,7,3,3,6
sorority's,10,6,2,8,3,2,5
sorrel,6,3,2,5,4,2,6
sorrel's,8,5,0,5,5,0,5
sorrels,7,4,1,5,4,1,5
sorrier,7,3,1,4,3,1,4
sorriest,8,5,3,8,5,3,8
sorrow,6,2,3,5,2,3,5
sorrow's,8,3,3,6,2,3,5
sorrowed,8,4,2,6,3,0,3
sorrowful,9,2,2,4,2,2,4
sorrowfully,11,2,2,4,2,2,4
sorrowing,9,5,2,7,5,2,7
sorrows,7,2,4,6,2,4,6
sorry,5,3,7,10,4,6,10
sort,4,3,5,8,3,5,8
sort's,6,3,6,9,3,6,9
sorta,5,3,4,7,3,4,7
sorted,6,5,6,11,5,7,12
sorter,6,4,3,7,4,3,7
sorter's,8,5,0,5,5,0,5
sorters,7,4,1,5,4,1,5
sortie,6,5,3,8,5,4,9
sortie's,8,5,0,5,5,0,5
sortied,7,5,1,6,5,1,6
sortieing,9,5,0,5,5,0,5
sorties,7,5,2,7,5,2,7
sorting,7,6,3,9,6,5,11
sorts,5,3,4,7,3,4,7
sos,3,2,11,13,2,11,13
sot,3,3,10,13,3,10,13
sot's,5,4,7,11,4,7,11
sots,4,3,8,11,3,8,11
sottish,7,3,3,6,3,1,4
sou'wester,10,3,1,4,2,1,3
soubriquet,10,3,1,4,3,1,4
soubriquet's,12,4,0,4,4,0,4
soubriquets,11,3,1,4,4,0,4
soufflé,7,5,3,8,4,3,7
soufflé's,9,3,3,6,3,3,6
soufflés,8,3,3,6,2,3,5
sough,5,4,4,8,4,4,8
sough's,7,5,4,9,5,4,9
soughed,7,6,2,8,4,2,6
soughing,8,5,0,5,4,1,5
soughs,6,2,5,7,4,4,8
sought,6,2,4,6,3,3,6
soul,4,3,3,6,3,3,6
soul's,6,5,2,7,5,2,7
soulful,7,3,3,6,3,3,6
soulfully,9,3,2,5,3,2,5
soulfulness,11,4,0,4,4,0,4
soulfulness's,13,4,0,4,4,0,4
soulless,8,3,1,4,3,1,4
soulmate,8,5,1,6,5,1,6
soulmate's,10,4,1,5,4,1,5
soulmates,9,5,1,6,4,1,5
souls,5,3,4,7,3,4,7
sound,5,3,4,7,3,4,7
sound's,7,4,4,8,4,4,8
sounded,7,3,1,4,3,1,4
sounder,7,5,1,6,5,1,6
soundest,8,4,3,7,4,3,7
sounding,8,5,3,8,5,4,9
sounding's,10,5,2,7,4,2,6
soundings,9,3,3,6,4,2,6
soundless,9,3,0,3,3,0,3
soundlessly,11,4,0,4,3,0,3
soundly,7,4,4,8,3,4,7
soundness,9,3,1,4,3,1,4
soundness's,11,4,1,5,3,1,4
soundproof,10,2,2,4,2,2,4
soundproofed,12,3,0,3,3,1,4
soundproofing,13,2,1,3,3,0,3
soundproofs,11,2,2,4,2,1,3
sounds,6,3,5,8,3,4,7
soundtrack,10,2,2,4,2,2,4
soundtrack's,12,4,1,5,3,1,4
soundtracks,11,2,2,4,4,1,5
soup,4,4,5,9,4,5,9
soup's,6,5,3,8,5,3,8
souped,6,5,3,8,4,4,8
soupier,7,6,2,8,6,2,8
soupiest,8,6,1,7,6,1,7
souping,7,6,2,8,6,2,8
soups,5,2,7,9,2,7,9
soupy,5,4,3,7,4,3,7
soupçon,7,2,3,5,2,3,5
soupçon's,9,3,2,5,2,2,4
soupçons,8,2,3,5,2,3,5
sour,4,3,6,9,3,6,9
sour's,6,4,4,8,4,4,8
source,6,4,4,8,4,4,8
source's,8,5,2,7,5,2,7
sourced,7,5,3,8,5,1,6
sources,7,3,3,6,3,2,5
sourcing,8,6,3,9,5,2,7
sourdough,9,2,2,4,2,2,4
sourdough's,11,4,3,7,3,1,4
sourdoughs,10,2,2,4,2,2,4
soured,6,5,1,6,5,1,6
sourer,6,4,1,5,4,1,5
sourest,7,5,0,5,4,0,4
souring,7,6,3,9,6,5,11
sourly,6,4,4,8,2,4,6
sourness,8,4,1,5,4,1,5
sourness's,10,5,1,6,5,1,6
sourpuss,8,2,1,3,2,1,3
sourpuss's,10,2,1,3,2,1,3
sourpusses,10,3,0,3,3,0,3
sours,5,3,3,6,3,3,6
souse,5,3,2,5,2,2,4
souse's,7,3,0,3,3,0,3
soused,6,4,3,7,4,6,10
souses,6,2,2,4,2,2,4
sousing,7,2,1,3,2,1,3
south,5,5,3,8,5,3,8
south's,7,6,3,9,6,3,9
southbound,10,2,2,4,2,2,4
southeast,9,2,0,2,6,0,6
southeast's,11,5,1,6,6,1,7
southeasterly,13,5,0,5,3,0,3
southeastern,12,6,0,6,3,0,3
southeastward,13,5,0,5,3,0,3
southerlies,11,2,0,2,2,0,2
southerly,9,5,0,5,5,0,5
southerly's,11,4,0,4,4,0,4
southern,8,4,1,5,4,1,5
southern's,10,5,0,5,3,0,3
southerner,10,4,0,4,4,0,4
southerner's,12,4,0,4,3,0,3
southerners,11,3,0,3,3,0,3
southernmost,12,3,0,3,2,1,3
southerns,9,3,1,4,4,1,5
southpaw,8,4,2,6,3,3,6
southpaw's,10,5,2,7,7,2,9
southpaws,9,3,2,5,3,3,6
southward,9,3,2,5,3,2,5
southward's,11,4,1,5,4,1,5
southwards,10,2,2,4,7,2,9
southwest,9,4,0,4,6,0,6
southwest's,11,5,1,6,6,1,7
southwester,11,2,1,3,2,1,3
southwester's,13,4,0,4,2,1,3
southwesterly,13,5,0,5,3,0,3
southwestern,12,6,0,6,3,0,3
southwesters,12,3,0,3,2,1,3
southwestward,13,5,0,5,3,0,3
souvenir,8,3,1,4,3,2,5
souvenir's,10,6,1,7,6,2,8
souvenirs,9,4,1,5,3,2,5
sovereign,9,3,0,3,3,0,3
sovereign's,11,2,0,2,2,0,2
sovereigns,10,4,0,4,4,0,4
sovereignty,11,3,0,3,3,0,3
sovereignty's,13,4,0,4,3,0,3
soviet,6,5,3,8,5,3,8
soviet's,8,6,1,7,6,1,7
soviets,7,4,4,8,3,4,7
sow,3,3,11,14,3,11,14
sow's,5,4,8,12,4,8,12
sowed,5,4,4,8,4,4,8
sower,5,4,4,8,4,4,8
sower's,7,5,2,7,5,2,7
sowers,6,4,3,7,4,3,7
sowing,6,4,5,9,4,5,9
sown,4,3,3,6,3,3,6
sows,4,2,9,11,2,9,11
sox,3,2,11,13,2,12,14
soy,3,2,10,12,2,10,12
soy's,5,3,9,12,3,9,12
soya,4,3,6,9,3,5,8
soya's,6,4,3,7,4,4,8
soybean,7,3,0,3,5,2,7
soybean's,9,5,0,5,3,4,7
soybeans,8,3,2,5,5,2,7
spa,3,2,3,5,2,3,5
spa's,5,4,1,5,4,1,5
space,5,4,4,8,4,4,8
space's,7,5,3,8,5,3,8
spacecraft,10,4,1,5,4,1,5
spacecraft's,12,4,0,4,4,0,4
spacecrafts,11,4,1,5,4,0,4
spaced,6,6,2,8,6,2,8
spaceflight,11,4,0,4,3,1,4
spaceflight's,13,3,0,3,3,0,3
spaceflights,12,2,1,3,3,0,3
spaceman,8,3,2,5,3,1,4
spaceman's,10,6,1,7,6,0,6
spacemen,8,3,2,5,2,2,4
spaces,6,3,6,9,3,6,9
spaceship,9,4,0,4,4,0,4
spaceship's,11,5,0,5,4,1,5
spaceships,10,3,0,3,4,0,4
spacesuit,9,3,1,4,4,0,4
spacesuit's,11,4,1,5,3,0,3
spacesuits,10,3,0,3,4,0,4
spacewalk,9,3,2,5,3,2,5
spacewalk's,11,5,0,5,5,0,5
spacewalked,11,3,1,4,3,0,3
spacewalking,12,5,0,5,3,0,3
spacewalks,10,5,2,7,5,1,6
spacey,6,3,6,9,2,6,8
spacial,7,6,2,8,6,3,9
spacier,7,6,1,7,6,2,8
spaciest,8,6,0,6,6,0,6
spacing,7,7,3,10,7,3,10
spacing's,9,6,4,10,6,4,10
spacious,8,4,3,7,4,4,8
spaciously,10,9,0,9,9,0,9
spaciousness,12,5,0,5,2,0,2
spaciousness's,14,6,0,6,2,0,2
spacy,5,3,5,8,3,6,9
spade,5,3,6,9,3,6,9
spade's,7,6,5,11,6,5,11
spaded,6,4,3,7,4,3,7
spadeful,8,6,3,9,6,1,7
spadeful's,10,3,1,4,3,1,4
spadefuls,9,5,1,6,4,2,6
spades,6,4,2,6,4,2,6
spadework,9,4,1,5,4,1,5
spadework's,11,6,0,6,5,0,5
spading,7,7,4,11,7,4,11
spaghetti,9,3,0,3,3,0,3
spaghetti's,11,3,0,3,3,0,3
spake,5,4,4,8,4,4,8
spam,4,4,4,8,4,4,8
spam's,6,5,1,6,5,1,6
spammed,7,5,3,8,5,3,8
spammer,7,5,5,10,5,5,10
spammer's,9,7,1,8,6,2,8
spammers,8,5,4,9,5,2,7
spamming,8,6,3,9,6,5,11
spams,5,4,2,6,4,2,6
span,4,4,5,9,4,5,9
span's,6,5,2,7,5,2,7
spandex,7,3,1,4,3,1,4
spandex's,9,5,2,7,4,2,6
spangle,7,5,1,6,5,2,7
spangle's,9,5,1,6,5,4,9
spangled,8,6,3,9,6,3,9
spangles,8,5,3,8,6,4,10
spangling,9,5,1,6,4,1,5
spaniel,7,5,2,7,4,2,6
spaniel's,9,6,1,7,5,1,6
spaniels,8,3,2,5,4,2,6
spank,5,5,3,8,5,3,8
spank's,7,6,3,9,6,3,9
spanked,7,6,1,7,6,1,7
spanking,8,7,1,8,7,2,9
spanking's,10,5,2,7,5,2,7
spankings,9,2,4,6,3,2,5
spanks,6,4,5,9,4,5,9
spanned,7,6,1,7,6,1,7
spanner,7,5,5,10,5,5,10
spanner's,9,6,2,8,7,1,8
spanners,8,5,2,7,6,1,7
spanning,8,5,1,6,5,2,7
spans,5,4,3,7,4,3,7
spar,4,4,3,7,4,3,7
spar's,6,5,3,8,5,3,8
spare,5,4,6,10,4,6,10
spare's,7,5,6,11,5,6,11
spared,6,6,4,10,6,4,10
sparely,7,4,0,4,3,0,3
spareness,9,3,1,4,3,1,4
spareness's,11,4,0,4,3,0,3
sparer,6,3,1,4,3,1,4
spareribs,9,3,2,5,5,1,6
spareribs's,11,3,0,3,3,0,3
spares,6,5,3,8,5,3,8
sparest,7,4,1,5,5,1,6
sparing,7,7,5,12,7,5,12
sparingly,9,3,1,4,3,1,4
spark,5,3,6,9,3,7,10
spark's,7,4,6,10,4,6,10
sparked,7,6,2,8,6,2,8
sparking,8,7,2,9,7,3,10
sparkle,7,6,1,7,5,1,6
sparkle's,9,7,3,10,4,0,4
sparkled,8,6,3,9,5,2,7
sparkler,8,3,3,6,3,2,5
sparkler's,10,4,1,5,3,1,4
sparklers,9,3,2,5,3,1,4
sparkles,8,5,3,8,5,5,10
sparkling,9,7,2,9,7,3,10
sparks,6,5,4,9,5,4,9
sparred,7,6,2,8,6,2,8
sparring,8,7,2,9,7,3,10
sparrow,7,4,4,8,4,4,8
sparrow's,9,5,3,8,4,3,7
sparrows,8,4,4,8,3,4,7
spars,5,4,4,8,4,4,8
sparse,6,4,1,5,4,3,7
sparsely,8,2,0,2,2,0,2
sparseness,10,3,0,3,2,0,2
sparseness's,12,2,0,2,2,0,2
sparser,7,2,1,3,3,0,3
sparsest,8,2,0,2,2,0,2
sparsity,8,3,1,4,3,2,5
sparsity's,10,4,0,4,3,2,5
spartan,7,3,2,5,3,2,5
spas,4,2,3,5,2,3,5
spasm,5,2,2,4,2,1,3
spasm's,7,3,2,5,3,2,5
spasmodic,9,2,1,3,2,1,3
spasmodically,13,2,0,2,2,0,2
spasms,6,2,2,4,2,1,3
spastic,7,1,2,3,1,2,3
spastic's,9,2,1,3,2,2,4
spastics,8,2,1,3,2,1,3
spat,4,4,6,10,4,6,10
spat's,6,4,4,8,4,4,8
spate,5,4,2,6,4,2,6
spate's,7,5,3,8,5,2,7
spates,6,4,4,8,4,4,8
spatial,7,5,3,8,5,4,9
spatially,9,3,1,4,3,1,4
spats,5,4,3,7,4,3,7
spatted,7,6,1,7,6,1,7
spatter,7,6,4,10,6,4,10
spatter's,9,7,2,9,7,2,9
spattered,9,7,2,9,7,2,9
spattering,10,9,3,12,9,3,12
spatters,8,6,2,8,6,2,8
spatting,8,7,1,8,7,2,9
spatula,7,3,2,5,3,2,5
spatula's,9,4,1,5,4,1,5
spatulas,8,3,2,5,3,1,4
spawn,5,3,4,7,3,4,7
spawn's,7,5,4,9,5,4,9
spawned,7,6,1,7,6,1,7
spawning,8,6,1,7,6,2,8
spawns,6,3,5,8,3,5,8
spay,4,3,7,10,3,7,10
spayed,6,5,3,8,5,3,8
spaying,7,6,6,12,6,6,12
spays,5,3,5,8,3,5,8
speak,5,3,4,7,3,5,8
speakeasies,11,2,1,3,2,0,2
speakeasy,9,2,0,2,2,1,3
speakeasy's,11,3,2,5,2,2,4
speaker,7,5,2,7,5,2,7
speaker's,9,6,2,8,5,3,8
speakers,8,5,1,6,5,2,7
speaking,8,5,3,8,6,3,9
speaks,6,5,3,8,4,4,8
spear,5,5,3,8,5,3,8
spear's,7,5,4,9,5,4,9
speared,7,5,2,7,5,2,7
spearhead,9,3,1,4,4,0,4
spearhead's,11,4,1,5,5,0,5
spearheaded,11,3,1,4,4,0,4
spearheading,12,2,0,2,2,0,2
spearheads,10,3,1,4,3,1,4
spearing,8,8,3,11,8,3,11
spearmint,9,5,0,5,5,0,5
spearmint's,11,4,0,4,3,0,3
spears,6,4,2,6,5,2,7
spec,4,2,6,8,2,6,8
spec's,6,3,6,9,3,7,10
specced,7,3,4,7,3,3,6
speccing,8,7,3,10,7,2,9
special,7,6,2,8,3,3,6
special's,9,3,2,5,3,2,5
specialist,10,3,0,3,3,0,3
specialist's,12,4,0,4,3,0,3
specialists,11,3,0,3,3,0,3
specialization,14,3,0,3,2,0,2
specialization's,16,4,0,4,2,0,2
specializations,15,3,0,3,2,0,2
specialize,10,3,0,3,3,0,3
specialized,11,2,0,2,3,0,3
specializes,11,7,0,7,3,0,3
specializing,12,5,0,5,3,0,3
specially,9,8,0,8,4,0,4
specials,8,4,2,6,6,3,9
specialties,11,7,0,7,3,0,3
specialty,9,8,0,8,4,0,4
specialty's,11,4,0,4,6,0,6
specie,6,4,2,6,4,1,5
specie's,8,5,1,6,5,1,6
species,7,3,3,6,3,2,5
species's,9,2,0,2,2,0,2
specifiable,11,3,0,3,3,0,3
specific,8,2,1,3,4,2,6
specific's,10,4,2,6,4,2,6
specifically,12,2,1,3,3,0,3
specification,13,5,0,5,3,0,3
specification's,15,5,0,5,3,0,3
specifications,14,2,1,3,3,0,3
specifics,9,3,1,4,3,1,4
specified,9,7,0,7,7,0,7
specifier,9,6,1,7,6,1,7
specifiers,10,2,1,3,3,0,3
specifies,9,2,0,2,2,0,2
specify,7,5,3,8,4,1,5
specifying,10,5,0,5,4,0,4
specimen,8,3,0,3,3,0,3
specimen's,10,4,0,4,4,0,4
specimens,9,2,1,3,5,1,6
specious,8,3,4,7,5,4,9
speciously,10,8,1,9,8,1,9
speck,5,4,4,8,4,4,8
speck's,7,4,5,9,4,4,8
specked,7,4,4,8,3,3,6
specking,8,7,3,10,7,2,9
speckle,7,2,2,4,2,3,5
speckle's,9,3,1,4,4,2,6
speckled,8,3,2,5,4,3,7
speckles,8,2,2,4,3,1,4
speckling,9,6,1,7,5,1,6
specks,6,4,4,8,3,5,8
specs,5,3,6,9,3,6,9
specs's,7,3,2,5,2,0,2
spectacle,9,3,0,3,3,0,3
spectacle's,11,3,0,3,3,0,3
spectacles,10,4,0,4,3,1,4
spectacles's,12,2,0,2,2,0,2
spectacular,11,4,1,5,3,0,3
spectacular's,13,3,0,3,3,0,3
spectacularly,13,3,0,3,2,1,3
spectaculars,12,3,0,3,3,0,3
spectator,9,3,1,4,3,1,4
spectator's,11,4,0,4,3,0,3
spectators,10,3,1,4,3,1,4
specter,7,5,1,6,4,3,7
specter's,9,6,1,7,6,1,7
specters,8,5,1,6,5,1,6
spectra,7,4,0,4,4,0,4
spectral,8,7,2,9,3,1,4
spectroscope,12,5,0,5,6,0,6
spectroscope's,14,4,0,4,5,0,5
spectroscopes,13,2,1,3,2,1,3
spectroscopic,13,2,0,2,2,0,2
spectroscopy,12,5,0,5,6,0,6
spectroscopy's,14,4,0,4,5,0,5
spectrum,8,6,3,9,4,2,6
spectrum's,10,4,1,5,4,2,6
spectrums,9,3,2,5,3,2,5
speculate,9,3,0,3,3,0,3
speculated,10,4,0,4,3,0,3
speculates,10,4,0,4,4,0,4
speculating,11,7,0,7,10,0,10
speculation,11,7,0,7,10,0,10
speculation's,13,8,0,8,3,0,3
speculations,12,6,0,6,9,0,9
speculative,11,4,1,5,3,0,3
speculator,10,3,1,4,3,1,4
speculator's,12,6,0,6,9,0,9
speculators,11,3,1,4,6,0,6
sped,4,4,3,7,4,2,6
speech,6,3,1,4,3,1,4
speech's,8,4,0,4,3,0,3
speeches,8,3,0,3,3,0,3
speechless,10,3,0,3,3,0,3
speed,5,3,2,5,3,2,5
speed's,7,4,3,7,4,2,6
speedboat,9,4,0,4,3,1,4
speedboat's,11,5,0,5,3,0,3
speedboats,10,5,0,5,5,0,5
speeded,7,3,1,4,2,1,3
speeder,7,4,0,4,4,1,5
speeder's,9,4,0,4,4,0,4
speeders,8,3,1,4,3,2,5
speedier,8,5,1,6,4,1,5
speediest,9,4,0,4,4,0,4
speedily,8,4,1,5,4,1,5
speeding,8,6,2,8,6,1,7
speeding's,10,4,1,5,4,1,5
speedometer,11,2,1,3,2,0,2
speedometer's,13,3,0,3,2,0,2
speedometers,12,2,0,2,2,0,2
speeds,6,3,1,4,3,1,4
speedster,9,2,1,3,2,0,2
speedster's,11,4,1,5,3,0,3
speedsters,10,3,1,4,2,0,2
speedup,7,2,1,3,2,1,3
speedup's,9,3,0,3,3,0,3
speedups,8,2,1,3,3,0,3
speedway,8,3,1,4,3,1,4
speedway's,10,5,0,5,5,0,5
speedways,9,3,0,3,3,0,3
speedy,6,3,1,4,3,1,4
spell,5,4,5,9,4,3,7
spell's,7,5,4,9,5,3,8
spellbind,9,6,1,7,5,1,6
spellbinder,11,3,0,3,3,0,3
spellbinder's,13,3,1,4,3,0,3
spellbinders,12,3,0,3,3,0,3
spellbinding,12,3,0,3,3,0,3
spellbinds,10,3,2,5,2,3,5
spellbound,10,4,1,5,3,1,4
spellcheck,10,3,0,3,3,0,3
spellcheck's,12,3,0,3,3,0,3
spellchecked,12,8,0,8,8,0,8
spellchecker,12,7,1,8,7,1,8
spellchecker's,14,3,0,3,2,0,2
spellcheckers,13,3,1,4,2,0,2
spellchecking,13,4,1,5,4,0,4
spellchecks,11,2,1,3,4,0,4
spelled,7,5,3,8,5,3,8
speller,7,4,3,7,5,1,6
speller's,9,5,3,8,6,2,8
spellers,8,5,2,7,5,1,6
spelling,8,7,4,11,7,2,9
spelling's,10,8,0,8,8,0,8
spellings,9,7,1,8,7,1,8
spells,6,4,4,8,4,3,7
spelt,5,5,0,5,4,1,5
spelunker,9,3,1,4,3,1,4
spelunker's,11,3,0,3,4,0,4
spelunkers,10,3,1,4,2,1,3
spend,5,4,5,9,4,5,9
spender,7,5,2,7,5,2,7
spender's,9,6,2,8,6,2,8
spenders,8,4,3,7,4,3,7
spending,8,5,3,8,5,1,6
spending's,10,5,1,6,5,1,6
spends,6,3,5,8,2,6,8
spendthrift,11,4,0,4,3,1,4
spendthrift's,13,3,0,3,3,0,3
spendthrifts,12,2,1,3,2,1,3
spent,5,4,1,5,4,3,7
sperm,5,3,6,9,3,6,9
sperm's,7,4,4,8,3,5,8
spermatozoa,11,4,1,5,3,1,4
spermatozoon,12,3,0,3,2,1,3
spermatozoon's,14,3,0,3,3,0,3
spermicide,10,3,0,3,3,0,3
spermicide's,12,3,0,3,3,0,3
spermicides,11,3,0,3,3,0,3
sperms,6,4,2,6,3,6,9
spew,4,4,4,8,4,3,7
spew's,6,4,3,7,4,4,8
spewed,6,5,2,7,5,2,7
spewing,7,6,3,9,6,4,10
spews,5,4,5,9,4,5,9
sphere,6,3,3,6,3,3,6
sphere's,8,4,1,5,3,1,4
spheres,7,3,2,5,3,1,4
spherical,9,3,0,3,3,0,3
spheroid,8,5,1,6,5,0,5
spheroid's,10,5,0,5,4,0,4
spheroidal,10,3,1,4,4,0,4
spheroids,9,3,1,4,3,1,4
sphincter,9,5,1,6,5,1,6
sphincter's,11,6,0,6,5,1,6
sphincters,10,4,1,5,3,2,5
sphinges,8,7,0,7,7,1,8
sphinx,6,4,4,8,4,4,8
sphinx's,8,5,3,8,4,4,8
sphinxes,8,6,1,7,6,2,8
spice,5,5,2,7,5,2,7
spice's,7,6,1,7,6,1,7
spiced,6,6,3,9,6,3,9
spices,6,5,3,8,5,3,8
spicier,7,6,1,7,6,1,7
spiciest,8,6,0,6,6,0,6
spiciness,9,4,0,4,4,0,4
spiciness's,11,5,0,5,5,0,5
spicing,7,6,2,8,6,2,8
spicy,5,2,8,10,2,8,10
spider,6,4,4,8,4,4,8
spider's,8,5,3,8,5,3,8
spiders,7,5,3,8,5,3,8
spidery,7,5,2,7,5,1,6
spied,5,4,3,7,4,3,7
spiel,5,3,3,6,3,3,6
spiel's,7,4,2,6,4,2,6
spieled,7,3,2,5,4,1,5
spieling,8,6,1,7,3,0,3
spiels,6,3,2,5,3,2,5
spies,5,4,2,6,4,2,6
spiffier,8,5,2,7,5,1,6
spiffiest,9,5,0,5,5,0,5
spiffy,6,4,4,8,4,4,8
spigot,6,3,4,7,4,4,8
spigot's,8,4,4,8,5,4,9
spigots,7,4,4,8,4,4,8
spike,5,5,3,8,5,3,8
spike's,7,6,2,8,6,2,8
spiked,6,6,4,10,6,4,10
spikes,6,5,4,9,5,4,9
spikier,7,6,2,8,6,2,8
spikiest,8,6,1,7,6,1,7
spiking,7,6,3,9,6,3,9
spiky,5,3,6,9,3,6,9
spill,5,4,6,10,4,5,9
spill's,7,5,6,11,5,6,11
spillage,8,6,1,7,6,1,7
spillage's,10,7,2,9,7,2,9
spillages,9,4,1,5,5,0,5
spilled,7,6,3,9,6,4,10
spilling,8,6,2,8,6,3,9
spills,6,4,7,11,4,6,10
spillway,8,4,1,5,3,2,5
spillway's,10,5,1,6,4,1,5
spillways,9,5,3,8,5,1,6
spilt,5,3,5,8,4,3,7
spin,4,3,4,7,3,4,7
spin's,6,4,4,8,4,7,11
spinach,7,5,2,7,4,3,7
spinach's,9,4,2,6,3,3,6
spinal,6,4,1,5,4,1,5
spinal's,8,5,1,6,5,1,6
spinals,7,4,2,6,4,2,6
spindle,7,7,2,9,7,3,10
spindle's,9,8,0,8,8,3,11
spindled,8,7,0,7,7,1,8
spindles,8,7,1,8,7,1,8
spindlier,9,4,1,5,4,1,5
spindliest,10,4,0,4,4,0,4
spindling,9,7,1,8,7,1,8
spindly,7,4,2,6,4,2,6
spine,5,5,4,9,5,4,9
spine's,7,6,3,9,6,3,9
spineless,9,3,2,5,3,2,5
spines,6,5,5,10,5,5,10
spinet,6,5,2,7,5,2,7
spinet's,8,6,2,8,5,2,7
spinets,7,5,2,7,4,2,6
spinier,7,5,3,8,5,3,8
spiniest,8,5,2,7,5,2,7
spinnaker,9,4,0,4,4,0,4
spinnaker's,11,5,0,5,5,0,5
spinnakers,10,4,0,4,4,0,4
spinner,7,5,3,8,5,3,8
spinner's,9,6,2,8,6,2,8
spinners,8,5,1,6,5,2,7
spinning,8,4,2,6,4,3,7
spinoff,7,4,3,7,6,2,8
spinoff's,9,3,4,7,3,4,7
spinoffs,8,3,4,7,2,4,6
spins,5,3,3,6,3,3,6
spinster,8,3,0,3,3,0,3
spinster's,10,6,0,6,3,0,3
spinsterhood,12,3,0,3,2,0,2
spinsterhood's,14,2,0,2,2,0,2
spinsters,9,2,1,3,3,0,3
spiny,5,4,6,10,4,6,10
spiraea,7,4,1,5,4,1,5
spiraea's,9,5,1,6,5,0,5
spiraeas,8,4,0,4,4,0,4
spiral,6,4,3,7,4,3,7
spiral's,8,5,3,8,5,3,8
spiraled,8,6,1,7,6,1,7
spiraling,9,5,2,7,5,2,7
spiralled,9,4,0,4,4,0,4
spiralling,10,2,1,3,2,1,3
spirally,8,5,1,6,3,1,4
spirals,7,4,3,7,4,3,7
spire,5,5,5,10,5,5,10
spire's,7,6,4,10,6,4,10
spirea,6,4,1,5,4,1,5
spirea's,8,5,0,5,5,0,5
spireas,7,3,2,5,3,2,5
spires,6,4,3,7,4,3,7
spirit,6,3,2,5,3,2,5
spirit's,8,4,2,6,3,2,5
spirited,8,2,1,3,6,1,7
spiriting,9,2,1,3,2,1,3
spiritless,10,2,1,3,2,1,3
spirits,7,2,3,5,2,3,5
spiritual,9,2,2,4,3,1,4
spiritual's,11,4,1,5,3,2,5
spiritualism,12,2,0,2,3,0,3
spiritualism's,14,5,0,5,3,0,3
spiritualist,12,2,0,2,3,0,3
spiritualist's,14,5,0,5,3,0,3
spiritualistic,14,1,0,1,1,0,1
spiritualists,13,4,0,4,3,0,3
spirituality,12,2,1,3,2,1,3
spirituality's,14,3,1,4,2,1,3
spiritually,11,2,0,2,2,1,3
spirituals,10,2,3,5,3,2,5
spirituous,10,3,2,5,3,2,5
spit,4,4,8,12,4,8,12
spit's,6,5,7,12,5,7,12
spitball,8,4,1,5,3,1,4
spitball's,10,5,2,7,4,2,6
spitballs,9,3,3,6,3,2,5
spite,5,4,6,10,4,6,10
spite's,7,5,5,10,5,5,10
spited,6,5,5,10,5,5,10
spiteful,8,4,0,4,3,1,4
spitefuller,11,4,0,4,2,1,3
spitefullest,12,3,0,3,2,0,2
spitefully,10,2,2,4,2,2,4
spitefulness,12,6,1,7,6,1,7
spitefulness's,14,7,1,8,7,1,8
spites,6,4,6,10,4,6,10
spitfire,8,3,1,4,3,2,5
spitfire's,10,4,1,5,4,1,5
spitfires,9,3,1,4,3,2,5
spiting,7,5,4,9,5,4,9
spits,5,4,5,9,4,5,9
spitted,7,5,2,7,5,3,8
spitting,8,5,2,7,5,3,8
spittle,7,5,3,8,5,2,7
spittle's,9,5,3,8,5,3,8
spittoon,8,3,2,5,3,3,6
spittoon's,10,3,2,5,2,2,4
spittoons,9,2,2,4,2,2,4
splash,6,4,2,6,4,2,6
splash's,8,4,1,5,4,1,5
splashdown,10,3,0,3,2,1,3
splashdown's,12,4,0,4,2,1,3
splashdowns,11,2,0,2,2,2,4
splashed,8,6,1,7,6,1,7
splashes,8,3,1,4,2,2,4
splashier,9,7,0,7,7,0,7
splashiest,10,7,0,7,7,0,7
splashing,9,6,1,7,6,1,7
splashy,7,5,1,6,5,2,7
splat,5,5,3,8,5,3,8
splat's,7,6,1,7,6,3,9
splats,6,5,4,9,4,3,7
splatted,8,5,1,6,5,1,6
splatter,8,7,2,9,4,3,7
splatter's,10,8,0,8,8,0,8
splattered,10,8,0,8,8,0,8
splattering,11,6,0,6,10,0,10
splatters,9,7,1,8,7,0,7
splatting,9,6,1,7,6,1,7
splay,5,4,4,8,4,4,8
splay's,7,4,4,8,5,4,9
splayed,7,5,2,7,5,2,7
splaying,8,6,3,9,6,3,9
splays,6,4,5,9,3,5,8
spleen,6,3,3,6,3,3,6
spleen's,8,4,2,6,4,2,6
spleens,7,2,2,4,2,1,3
splendid,8,4,1,5,4,0,4
splendider,10,3,0,3,3,0,3
splendidest,11,3,0,3,3,0,3
splendidly,10,4,0,4,4,0,4
splendor,8,3,1,4,3,1,4
splendor's,10,5,1,6,3,2,5
splenetic,9,3,0,3,3,0,3
splice,6,6,2,8,5,2,7
splice's,8,6,2,8,5,2,7
spliced,7,5,2,7,5,3,8
splicer,7,6,1,7,6,1,7
splicer's,9,7,1,8,6,3,9
splicers,8,6,1,7,5,3,8
splices,7,4,3,7,4,2,6
splicing,8,5,1,6,5,2,7
spline,6,5,3,8,5,1,6
splines,7,5,3,8,5,2,7
splint,6,5,4,9,5,4,9
splint's,8,3,5,8,3,5,8
splinted,8,7,1,8,4,2,6
splinter,8,6,1,7,6,1,7
splinter's,10,7,0,7,6,0,6
splintered,10,6,0,6,4,0,4
splintering,11,4,0,4,3,0,3
splinters,9,6,1,7,5,0,5
splinting,9,7,1,8,7,1,8
splints,7,5,4,9,5,4,9
split,5,4,3,7,4,3,7
split's,7,5,3,8,5,3,8
splits,6,3,4,7,4,3,7
splitting,9,5,2,7,5,1,6
splitting's,11,4,1,5,3,2,5
splittings,10,4,3,7,3,3,6
splodge,7,6,1,7,3,3,6
splotch,7,3,3,6,3,3,6
splotch's,9,4,2,6,4,2,6
splotched,9,4,3,7,4,3,7
splotches,9,4,2,6,4,1,5
splotchier,10,4,1,5,4,1,5
splotchiest,11,3,0,3,3,0,3
splotching,10,5,2,7,5,2,7
splotchy,8,4,3,7,3,3,6
splurge,7,5,2,7,4,3,7
splurge's,9,5,1,6,6,1,7
splurged,8,5,2,7,6,1,7
splurges,8,3,2,5,3,3,6
splurging,9,5,2,7,6,3,9
splutter,8,6,3,9,5,1,6
splutter's,10,7,1,8,7,1,8
spluttered,10,7,1,8,7,1,8
spluttering,11,6,1,7,9,1,10
splutters,9,6,2,8,6,1,7
spoil,5,3,5,8,3,5,8
spoil's,7,4,4,8,4,4,8
spoilage,8,4,0,4,4,1,5
spoilage's,10,4,1,5,4,1,5
spoiled,7,5,2,7,6,2,8
spoiler,7,6,1,7,6,1,7
spoiler's,9,7,1,8,6,3,9
spoilers,8,6,1,7,5,3,8
spoiling,8,5,1,6,5,2,7
spoils,6,3,5,8,3,5,8
spoilsport,10,3,1,4,3,1,4
spoilsport's,12,3,0,3,3,0,3
spoilsports,11,3,1,4,3,0,3
spoilt,6,2,6,8,2,6,8
spoke,5,4,3,7,4,3,7
spoke's,7,6,3,9,6,3,9
spoken,6,4,5,9,4,5,9
spokes,6,4,5,9,4,5,9
spokesman,9,5,1,6,3,0,3
spokesman's,11,7,2,9,7,2,9
spokesmen,9,2,2,4,2,1,3
spokespeople,12,1,2,3,2,0,2
spokesperson,12,2,0,2,1,1,2
spokesperson's,14,2,0,2,1,1,2
spokespersons,13,1,0,1,1,0,1
spokeswoman,11,2,0,2,2,0,2
spokeswoman's,13,3,1,4,2,1,3
spokeswomen,11,3,0,3,3,0,3
spoliation,10,3,1,4,3,1,4
spoliation's,12,4,1,5,3,1,4
sponge,6,4,3,7,4,3,7
sponge's,8,5,3,8,5,3,8
sponged,7,5,4,9,5,3,8
sponger,7,6,4,10,5,5,10
sponger's,9,7,2,9,6,1,7
spongers,8,6,2,8,5,1,6
sponges,7,4,4,8,3,3,6
spongier,8,7,1,8,6,1,7
spongiest,9,6,1,7,6,1,7
sponging,8,4,0,4,4,1,5
spongy,6,4,4,8,4,5,9
sponsor,7,4,1,5,2,1,3
sponsor's,9,5,1,6,2,1,3
sponsored,9,2,1,3,2,1,3
sponsoring,10,1,2,3,2,1,3
sponsors,8,2,2,4,3,1,4
sponsorship,11,1,0,1,1,0,1
sponsorship's,13,1,0,1,1,0,1
spontaneity,11,3,0,3,3,0,3
spontaneity's,13,2,0,2,3,0,3
spontaneous,11,3,1,4,3,1,4
spontaneously,13,2,0,2,2,0,2
spoof,5,4,2,6,4,2,6
spoof's,7,5,2,7,5,2,7
spoofed,7,6,2,8,6,1,7
spoofing,8,7,4,11,7,2,9
spoofs,6,4,4,8,4,2,6
spook,5,4,3,7,4,3,7
spook's,7,5,3,8,5,3,8
spooked,7,6,3,9,6,2,8
spookier,8,5,2,7,5,1,6
spookiest,9,6,1,7,6,1,7
spooking,8,7,5,12,7,3,10
spooks,6,4,5,9,4,3,7
spooky,6,4,3,7,3,4,7
spool,5,4,4,8,4,4,8
spool's,7,5,4,9,5,4,9
spooled,7,6,4,10,6,3,9
spooling,8,7,6,13,7,4,11
spools,6,4,6,10,4,4,8
spoon,5,4,5,9,4,5,9
spoon's,7,5,5,10,5,5,10
spoonbill,9,4,1,5,4,1,5
spoonbill's,11,3,3,6,2,1,3
spoonbills,10,2,2,4,4,2,6
spooned,7,6,5,11,6,4,10
spoonerism,10,4,0,4,2,1,3
spoonerism's,12,5,0,5,2,1,3
spoonerisms,11,4,0,4,2,1,3
spoonful,8,3,3,6,3,3,6
spoonful's,10,4,2,6,4,2,6
spoonfuls,9,3,2,5,2,3,5
spooning,8,6,0,6,6,1,7
spoons,6,4,7,11,4,5,9
spoonsful,9,2,2,4,2,2,4
spoor,5,3,6,9,3,6,9
spoor's,7,4,6,10,4,6,10
spoored,7,5,6,11,5,5,10
spooring,8,6,7,13,6,5,11
spoors,6,3,8,11,3,6,9
sporadic,8,5,0,5,4,2,6
sporadically,12,5,1,6,4,1,5
spore,5,5,5,10,5,5,10
spore's,7,5,4,9,5,4,9
spored,6,6,4,10,6,4,10
spores,6,5,4,9,5,4,9
sporing,7,7,4,11,7,4,11
sporran,7,4,3,7,5,2,7
sport,5,4,5,9,4,5,9
sport's,7,5,4,9,5,4,9
sported,7,6,5,11,6,4,10
sportier,8,5,1,6,4,3,7
sportiest,9,4,1,5,5,0,5
sporting,8,7,2,9,7,4,11
sportive,8,4,1,5,3,1,4
sports,6,4,6,10,4,5,9
sportscast,10,1,0,1,1,0,1
sportscast's,12,1,0,1,1,0,1
sportscaster,12,1,0,1,1,0,1
sportscaster's,14,1,0,1,1,0,1
sportscasters,13,1,0,1,1,0,1
sportscasting,13,1,0,1,1,0,1
sportscasts,11,1,0,1,1,0,1
sportsman,9,7,2,9,7,2,9
sportsman's,11,4,1,5,2,1,3
sportsmanlike,13,2,0,2,2,0,2
sportsmanship,13,4,0,4,2,0,2
sportsmanship's,15,4,0,4,2,0,2
sportsmen,9,7,1,8,7,0,7
sportswear,10,2,0,2,2,0,2
sportswear's,12,3,0,3,3,0,3
sportswoman,11,2,1,3,1,2,3
sportswoman's,13,3,1,4,1,2,3
sportswomen,11,3,0,3,3,0,3
sporty,6,4,3,7,4,3,7
spot,4,3,7,10,3,7,10
spot's,6,4,6,10,4,6,10
spotless,8,4,1,5,4,1,5
spotlessly,10,2,0,2,2,0,2
spotlessness,12,2,0,2,2,0,2
spotlessness's,14,4,0,4,2,0,2
spotlight,9,3,1,4,3,1,4
spotlight's,11,3,1,4,3,1,4
spotlighted,11,3,0,3,4,0,4
spotlighting,12,4,1,5,4,1,5
spotlights,10,3,2,5,3,2,5
spots,5,3,6,9,3,6,9
spotted,7,5,3,8,5,2,7
spotter,7,5,5,10,4,4,8
spotter's,9,6,3,9,5,2,7
spotters,8,5,3,8,4,3,7
spottier,8,6,2,8,6,1,7
spottiest,9,5,1,6,5,1,6
spottiness,10,6,0,6,5,0,5
spottiness's,12,7,0,7,6,0,6
spotting,8,6,2,8,6,3,9
spotty,6,4,5,9,4,5,9
spouse,6,3,3,6,3,3,6
spouse's,8,3,2,5,3,2,5
spouses,7,1,2,3,3,1,4
spout,5,4,5,9,4,5,9
spout's,7,5,6,11,5,6,11
spouted,7,6,4,10,6,3,9
spouting,8,7,2,9,7,4,11
spouts,6,4,6,10,4,5,9
sprain,6,6,1,7,4,2,6
sprain's,8,4,3,7,4,3,7
sprained,8,8,1,9,6,0,6
spraining,9,7,1,8,7,1,8
sprains,7,6,2,8,3,4,7
sprang,6,5,2,7,4,3,7
sprat,5,4,2,6,4,2,6
sprat's,7,5,2,7,5,2,7
sprats,6,5,2,7,5,1,6
sprawl,6,5,4,9,5,4,9
sprawl's,8,6,3,9,6,3,9
sprawled,8,7,3,10,6,1,7
sprawling,9,8,2,10,8,2,10
sprawls,7,5,4,9,5,4,9
spray,5,3,3,6,3,3,6
spray's,7,5,2,7,5,2,7
sprayed,7,6,1,7,6,1,7
sprayer,7,5,2,7,5,2,7
sprayer's,9,5,1,6,6,1,7
sprayers,8,4,0,4,5,0,5
spraying,8,7,1,8,7,2,9
sprays,6,4,3,7,4,2,6
spread,6,5,1,6,5,1,6
spread's,8,6,1,7,6,1,7
spreader,8,4,2,6,4,1,5
spreader's,10,5,0,5,4,0,4
spreaders,9,4,0,4,4,0,4
spreading,9,8,1,9,8,1,9
spreads,7,5,2,7,5,2,7
spreadsheet,11,2,0,2,2,0,2
spreadsheet's,13,3,0,3,2,0,2
spreadsheets,12,2,0,2,2,0,2
spree,5,3,1,4,3,1,4
spree's,7,3,1,4,4,1,5
spreed,6,4,1,5,3,2,5
spreeing,8,5,2,7,2,1,3
sprees,6,3,1,4,3,1,4
sprier,6,3,3,6,3,3,6
spriest,7,6,0,6,4,2,6
sprig,5,3,4,7,3,4,7
sprig's,7,4,4,8,4,4,8
sprightlier,11,3,0,3,3,1,4
sprightliest,12,3,0,3,2,0,2
sprightliness,13,3,0,3,2,0,2
sprightliness's,15,3,0,3,2,0,2
sprightly,9,2,2,4,2,2,4
sprigs,6,3,5,8,3,4,7
spring,6,6,4,10,6,4,10
spring's,8,5,3,8,6,3,9
springboard,11,3,0,3,2,1,3
springboard's,13,2,1,3,2,1,3
springboards,12,4,2,6,4,1,5
springier,9,7,0,7,7,0,7
springiest,10,5,0,5,5,0,5
springiness,11,3,0,3,3,0,3
springiness's,13,3,0,3,3,0,3
springing,9,6,1,7,6,1,7
springs,7,6,3,9,6,3,9
springtime,10,3,0,3,3,0,3
springtime's,12,4,1,5,3,1,4
springy,7,7,1,8,7,3,10
sprinkle,8,5,1,6,5,3,8
sprinkle's,10,5,2,7,5,2,7
sprinkled,9,6,2,8,4,2,6
sprinkler,9,5,1,6,4,1,5
sprinkler's,11,6,2,8,6,2,8
sprinklers,10,5,2,7,5,2,7
sprinkles,9,5,2,7,5,3,8
sprinkling,10,3,1,4,4,2,6
sprinkling's,12,3,2,5,2,2,4
sprinklings,11,3,3,6,3,2,5
sprint,6,6,3,9,6,3,9
sprint's,8,6,2,8,7,2,9
sprinted,8,7,0,7,7,0,7
sprinter,8,5,0,5,4,0,4
sprinter's,10,5,0,5,5,0,5
sprinters,9,4,1,5,4,0,4
sprinting,9,6,2,8,6,2,8
sprints,7,5,4,9,5,4,9
sprite,6,5,1,6,5,1,6
sprite's,8,5,0,5,6,0,6
sprites,7,5,1,6,5,0,5
spritz,6,4,3,7,4,3,7
spritz's,8,6,2,8,5,3,8
spritzed,8,7,0,7,7,0,7
spritzes,8,4,1,5,4,0,4
spritzing,9,6,1,7,5,1,6
sprocket,8,4,2,6,4,1,5
sprocket's,10,4,0,4,4,0,4
sprockets,9,4,1,5,4,1,5
sprout,6,4,3,7,4,3,7
sprout's,8,5,3,8,5,4,9
sprouted,8,5,2,7,5,2,7
sprouting,9,7,3,10,6,2,8
sprouts,7,4,6,10,4,6,10
spruce,6,2,3,5,2,3,5
spruce's,8,5,1,6,4,3,7
spruced,7,4,3,7,4,3,7
sprucer,7,4,3,7,4,3,7
spruces,7,3,4,7,3,3,6
sprucest,8,4,2,6,4,2,6
sprucing,8,6,3,9,5,3,8
sprung,6,6,4,10,6,4,10
spry,4,2,5,7,2,5,7
spryer,6,2,4,6,2,4,6
spryest,7,5,1,6,3,4,7
spryly,6,1,5,6,1,5,6
spryness,8,3,3,6,3,3,6
spryness's,10,4,3,7,4,3,7
spud,4,3,8,11,3,8,11
spud's,6,5,5,10,5,5,10
spuds,5,4,8,12,4,8,12
spume,5,3,4,7,3,4,7
spume's,7,4,4,8,4,4,8
spumed,6,3,5,8,3,5,8
spumes,6,3,5,8,3,5,8
spuming,7,5,3,8,5,3,8
spumone,7,5,3,8,3,3,6
spumone's,9,4,2,6,6,3,9
spumoni,7,2,2,4,2,2,4
spumoni's,9,4,2,6,3,2,5
spun,4,3,7,10,3,7,10
spunk,5,4,6,10,4,6,10
spunk's,7,4,6,10,4,8,12
spunkier,8,6,2,8,5,5,10
spunkiest,9,5,4,9,5,4,9
spunky,6,3,7,10,4,7,11
spur,4,2,9,11,2,9,11
spur's,6,4,8,12,4,8,12
spurious,8,5,3,8,5,2,7
spuriously,10,7,0,7,7,0,7
spuriousness,12,5,0,5,2,0,2
spuriousness's,14,6,0,6,2,0,2
spurn,5,3,4,7,3,4,7
spurned,7,5,3,8,5,3,8
spurning,8,5,2,7,5,3,8
spurns,6,3,7,10,2,9,11
spurred,7,4,7,11,5,7,12
spurring,8,5,5,10,5,6,11
spurs,5,3,9,12,3,9,12
spurt,5,3,7,10,3,7,10
spurt's,7,4,5,9,4,7,11
spurted,7,5,5,10,5,7,12
spurting,8,5,3,8,6,3,9
spurts,6,3,6,9,3,8,11
sputter,7,5,4,9,5,4,9
sputter's,9,6,4,10,6,2,8
sputtered,9,6,2,8,6,2,8
sputtering,10,8,2,10,8,2,10
sputters,8,5,4,9,5,2,7
sputum,6,2,4,6,2,4,6
sputum's,8,3,4,7,2,4,6
spy,3,3,8,11,3,8,11
spy's,5,4,7,11,4,7,11
spyglass,8,2,1,3,1,2,3
spyglass's,10,2,1,3,1,2,3
spyglasses,10,3,0,3,2,1,3
spying,6,5,4,9,5,4,9
spyware,7,4,1,5,3,4,7
spyware's,9,5,1,6,4,0,4
squab,5,5,2,7,5,2,7
squab's,7,6,3,9,6,2,8
squabble,8,3,2,5,3,1,4
squabble's,10,4,2,6,4,2,6
squabbled,9,4,1,5,4,1,5
squabbles,9,3,1,4,3,1,4
squabbling,10,5,2,7,7,2,9
squabs,6,5,3,8,5,4,9
squad,5,5,3,8,5,3,8
squad's,7,6,4,10,6,3,9
squadron,8,3,2,5,3,2,5
squadron's,10,5,1,6,4,1,5
squadrons,9,3,3,6,3,1,4
squads,6,5,4,9,5,5,10
squalid,7,3,1,4,3,1,4
squalider,9,4,0,4,4,0,4
squalidest,10,4,0,4,4,0,4
squall,6,5,2,7,3,2,5
squall's,8,6,2,8,4,2,6
squalled,8,4,2,6,4,1,5
squalling,9,5,2,7,5,2,7
squalls,7,3,3,6,3,3,6
squalor,7,3,2,5,3,2,5
squalor's,9,5,1,6,3,1,4
squander,8,4,1,5,6,3,9
squandered,10,5,0,5,4,0,4
squandering,11,3,0,3,4,1,5
squanders,9,4,2,6,4,2,6
square,6,3,2,5,3,2,5
square's,8,7,0,7,7,0,7
squared,7,6,0,6,6,0,6
squarely,8,5,2,7,5,1,6
squareness,10,4,0,4,4,0,4
squareness's,12,5,0,5,5,0,5
squarer,7,3,1,4,3,1,4
squares,7,4,2,6,4,1,5
squarest,8,4,1,5,4,1,5
squaring,8,6,2,8,6,1,7
squash,6,3,3,6,3,3,6
squash's,8,2,2,4,2,2,4
squashed,8,5,2,7,5,2,7
squashes,8,6,2,8,6,2,8
squashier,9,7,1,8,7,1,8
squashiest,10,6,1,7,6,1,7
squashing,9,6,2,8,6,2,8
squashy,7,4,2,6,4,3,7
squat,5,5,4,9,5,4,9
squat's,7,5,0,5,6,4,10
squats,6,5,5,10,3,4,7
squatted,8,4,3,7,4,2,6
squatter,8,4,4,8,7,2,9
squatter's,10,4,3,7,5,2,7
squatters,9,3,4,7,3,3,6
squattest,9,3,0,3,2,0,2
squatting,9,8,4,12,8,4,12
squaw,5,4,5,9,4,5,9
squaw's,7,5,5,10,5,5,10
squawk,6,4,3,7,3,3,6
squawk's,8,5,3,8,4,3,7
squawked,8,3,5,8,3,5,8
squawking,9,7,5,12,7,5,12
squawks,7,2,4,6,2,4,6
squaws,6,4,6,10,4,6,10
squeak,6,6,1,7,6,1,7
squeak's,8,7,1,8,7,1,8
squeaked,8,3,3,6,2,2,4
squeakier,9,5,1,6,3,1,4
squeakiest,10,4,0,4,3,0,3
squeaking,9,9,1,10,9,1,10
squeaks,7,6,2,8,6,2,8
squeaky,7,4,2,6,3,1,4
squeal,6,5,2,7,5,2,7
squeal's,8,6,2,8,6,2,8
squealed,8,4,2,6,3,1,4
squealer,8,4,1,5,4,0,4
squealer's,10,5,0,5,4,0,4
squealers,9,4,0,4,4,0,4
squealing,9,8,2,10,8,2,10
squeals,7,5,3,8,5,3,8
squeamish,9,4,0,4,3,1,4
squeamishly,11,4,0,4,3,0,3
squeamishness,13,3,0,3,2,0,2
squeamishness's,15,3,0,3,2,0,2
squeegee,8,2,1,3,2,0,2
squeegee's,10,2,0,2,2,0,2
squeegeed,9,2,0,2,2,0,2
squeegeeing,11,5,0,5,2,0,2
squeegees,9,2,0,2,2,0,2
squeeze,7,2,0,2,1,0,1
squeeze's,9,6,0,6,6,0,6
squeezed,8,2,2,4,2,1,3
squeezer,8,3,1,4,3,0,3
squeezer's,10,2,0,2,2,0,2
squeezers,9,5,1,6,5,1,6
squeezes,8,2,0,2,2,0,2
squeezing,9,2,1,3,2,1,3
squelch,7,2,3,5,4,3,7
squelch's,9,2,3,5,2,3,5
squelched,9,6,0,6,3,1,4
squelches,9,5,0,5,4,1,5
squelching,10,8,0,8,7,1,8
squid,5,2,6,8,2,6,8
squid's,7,3,6,9,3,6,9
squids,6,2,6,8,3,4,7
squiggle,8,4,2,6,4,3,7
squiggle's,10,5,2,7,6,1,7
squiggled,9,4,2,6,4,2,6
squiggles,9,4,2,6,4,3,7
squiggling,10,4,1,5,3,2,5
squiggly,8,5,2,7,3,2,5
squint,6,3,5,8,3,5,8
squint's,8,5,5,10,5,5,10
squinted,8,6,2,8,4,2,6
squinter,8,5,1,6,4,1,5
squintest,9,4,0,4,3,0,3
squinting,9,5,2,7,5,2,7
squints,7,4,5,9,4,5,9
squire,6,4,1,5,4,2,6
squire's,8,6,1,7,6,1,7
squired,7,5,1,6,5,2,7
squires,7,4,2,6,4,1,5
squiring,8,5,0,5,5,1,6
squirm,6,6,3,9,6,3,9
squirm's,8,7,2,9,7,2,9
squirmed,8,8,0,8,8,0,8
squirmier,9,4,0,4,4,0,4
squirmiest,10,5,0,5,5,0,5
squirming,9,8,1,9,5,2,7
squirms,7,6,3,9,6,3,9
squirmy,7,4,1,5,4,2,6
squirrel,8,4,0,4,3,0,3
squirrel's,10,3,0,3,3,0,3
squirreled,10,3,0,3,3,1,4
squirreling,11,5,0,5,3,1,4
squirrelled,11,2,1,3,3,0,3
squirrelling,12,5,0,5,3,0,3
squirrels,9,3,1,4,3,0,3
squirt,6,5,4,9,5,4,9
squirt's,8,6,3,9,6,3,9
squirted,8,7,1,8,7,1,8
squirting,9,7,2,9,6,1,7
squirts,7,5,4,9,5,4,9
squish,6,3,2,5,3,2,5
squish's,8,4,1,5,4,1,5
squished,8,4,2,6,4,2,6
squishes,8,5,3,8,5,3,8
squishier,9,3,1,4,3,1,4
squishiest,10,3,0,3,2,0,2
squishing,9,2,1,3,2,1,3
squishy,7,1,2,3,2,3,5
sriracha,8,3,1,4,3,2,5
stab,4,4,6,10,4,6,10
stab's,6,5,3,8,5,3,8
stabbed,7,6,2,8,6,2,8
stabbing,8,7,2,9,7,3,10
stabbing's,10,8,2,10,8,1,9
stabbings,9,7,4,11,7,1,8
stability,9,5,2,7,5,2,7
stability's,11,6,1,7,6,2,8
stabilization,13,2,0,2,4,0,4
stabilization's,15,8,0,8,4,0,4
stabilize,9,3,0,3,3,0,3
stabilized,10,4,0,4,5,0,5
stabilizer,10,5,1,6,4,1,5
stabilizer's,12,3,1,4,3,1,4
stabilizers,11,5,1,6,4,0,4
stabilizes,10,3,0,3,4,0,4
stabilizing,11,5,1,6,3,1,4
stable,6,5,2,7,5,2,7
stable's,8,7,2,9,7,2,9
stabled,7,7,0,7,7,0,7
stabler,7,7,2,9,7,2,9
stables,7,5,3,8,5,2,7
stablest,8,5,1,6,5,1,6
stabling,8,8,0,8,8,1,9
stabs,5,4,0,4,4,0,4
staccati,8,3,0,3,3,1,4
staccato,8,3,2,5,3,2,5
staccato's,10,4,2,6,4,1,5
staccatos,9,2,2,4,3,1,4
stack,5,5,2,7,4,4,8
stack's,7,5,3,8,5,4,9
stacked,7,6,3,9,6,4,10
stacking,8,7,3,10,7,5,12
stacks,6,5,2,7,4,5,9
stadia,6,4,2,6,4,2,6
stadium,7,3,4,7,3,4,7
stadium's,9,5,3,8,4,4,8
stadiums,8,3,4,7,4,3,7
staff,5,4,6,10,4,5,9
staff's,7,4,6,10,5,4,9
staffed,7,6,4,10,6,3,9
staffer,7,6,3,9,6,3,9
staffer's,9,7,1,8,7,0,7
staffers,8,6,1,7,6,0,6
staffing,8,7,4,11,7,4,11
staffing's,10,7,3,10,8,2,10
staffs,6,4,4,8,4,3,7
stag,4,4,7,11,4,7,11
stag's,6,5,4,9,5,4,9
stage,5,5,0,5,5,0,5
stage's,7,6,1,7,6,0,6
stagecoach,10,4,1,5,4,1,5
stagecoach's,12,4,0,4,4,0,4
stagecoaches,12,2,0,2,2,0,2
staged,6,6,1,7,6,1,7
stagehand,9,4,0,4,3,1,4
stagehand's,11,4,1,5,4,1,5
stagehands,10,3,2,5,3,1,4
stages,6,5,2,7,5,2,7
stagflation,11,5,0,5,4,1,5
stagflation's,13,3,0,3,4,1,5
stagger,7,6,4,10,6,4,10
stagger's,9,7,2,9,7,1,8
staggered,9,7,0,7,7,0,7
staggering,10,8,0,8,8,0,8
staggeringly,12,3,0,3,3,0,3
staggers,8,6,2,8,6,1,7
staging,7,5,1,6,5,1,6
staging's,9,6,2,8,4,1,5
stagings,8,5,3,8,6,2,8
stagnant,8,4,2,6,4,2,6
stagnate,8,3,1,4,3,0,3
stagnated,9,4,1,5,4,1,5
stagnates,9,3,0,3,3,0,3
stagnating,10,4,1,5,4,1,5
stagnation,10,3,1,4,3,1,4
stagnation's,12,4,1,5,4,1,5
stags,5,4,1,5,4,1,5
staid,5,5,2,7,3,7,10
staider,7,4,2,6,4,2,6
staidest,8,4,0,4,4,0,4
staidly,7,4,2,6,3,1,4
stain,5,5,3,8,4,3,7
stain's,7,5,3,8,5,5,10
stained,7,6,5,11,6,5,11
staining,8,3,0,3,3,1,4
stainless,9,3,0,3,3,0,3
stainless's,11,4,0,4,3,0,3
stains,6,4,3,7,5,4,9
stair,5,4,4,8,4,1,5
stair's,7,5,2,7,5,1,6
staircase,9,3,0,3,2,0,2
staircase's,11,3,0,3,2,0,2
staircases,10,3,0,3,2,0,2
stairs,6,4,5,9,4,5,9
stairway,8,4,1,5,3,1,4
stairway's,10,4,1,5,2,2,4
stairways,9,3,3,6,2,3,5
stairwell,9,4,0,4,3,0,3
stairwell's,11,4,0,4,3,0,3
stairwells,10,3,0,3,3,0,3
stake,5,5,1,6,5,1,6
stake's,7,6,2,8,6,1,7
staked,6,6,2,8,6,2,8
stakeout,8,4,3,7,3,1,4
stakeout's,10,3,0,3,4,0,4
stakeouts,9,4,2,6,3,2,5
stakes,6,5,3,8,5,3,8
staking,7,7,1,8,7,1,8
stalactite,10,4,0,4,5,0,5
stalactite's,12,3,0,3,3,0,3
stalactites,11,3,0,3,3,0,3
stalagmite,10,4,0,4,5,0,5
stalagmite's,12,3,0,3,3,0,3
stalagmites,11,3,0,3,3,0,3
stale,5,5,2,7,5,2,7
staled,6,6,3,9,6,3,9
stalemate,9,3,0,3,3,0,3
stalemate's,11,4,0,4,4,0,4
stalemated,10,3,0,3,4,0,4
stalemates,10,2,1,3,3,0,3
stalemating,11,5,0,5,3,0,3
staleness,9,3,0,3,3,0,3
staleness's,11,3,1,4,2,1,3
staler,6,5,1,6,5,1,6
stales,6,5,4,9,5,4,9
stalest,7,3,0,3,3,0,3
staling,7,7,2,9,7,2,9
stalk,5,5,3,8,4,4,8
stalk's,7,5,4,9,5,3,8
stalked,7,6,0,6,6,0,6
stalker,7,6,2,8,6,2,8
stalker's,9,7,0,7,7,2,9
stalkers,8,6,0,6,6,2,8
stalking,8,7,0,7,7,1,8
stalking's,10,8,1,9,8,3,11
stalkings,9,7,3,10,7,2,9
stalks,6,4,3,7,4,2,6
stall,5,4,7,11,4,4,8
stall's,7,5,4,9,5,3,8
stalled,7,6,0,6,6,0,6
stalling,8,7,0,7,7,1,8
stallion,8,6,1,7,5,2,7
stallion's,10,7,2,9,7,2,9
stallions,9,6,4,10,6,2,8
stalls,6,4,6,10,4,2,6
stalwart,8,3,3,6,3,3,6
stalwart's,10,5,2,7,4,1,5
stalwarts,9,3,4,7,3,1,4
stamen,6,5,2,7,5,2,7
stamen's,8,5,2,7,5,2,7
stamens,7,3,2,5,4,2,6
stamina,7,4,2,6,4,2,6
stamina's,9,3,2,5,3,2,5
stammer,7,5,5,10,5,5,10
stammer's,9,6,3,9,6,3,9
stammered,9,6,1,7,6,1,7
stammerer,9,5,1,6,4,0,4
stammerer's,11,5,1,6,4,0,4
stammerers,10,4,1,5,4,0,4
stammering,10,8,0,8,7,0,7
stammers,8,5,3,8,5,3,8
stamp,5,4,3,7,4,6,10
stamp's,7,5,5,10,5,6,11
stamped,7,5,6,11,5,6,11
stampede,8,3,2,5,3,1,4
stampede's,10,2,1,3,2,1,3
stampeded,9,3,1,4,3,1,4
stampedes,9,2,0,2,2,0,2
stampeding,10,5,1,6,7,0,7
stamping,8,6,5,11,6,6,12
stamps,6,3,7,10,4,6,10
stance,6,6,3,9,6,2,8
stance's,8,6,1,7,6,1,7
stances,7,5,3,8,5,2,7
stanch,6,6,2,8,6,1,7
stanched,8,5,3,8,5,2,7
stancher,8,4,4,8,4,3,7
stanches,8,7,2,9,7,1,8
stanchest,9,4,1,5,4,1,5
stanching,9,5,1,6,4,1,5
stanchion,9,3,1,4,3,1,4
stanchion's,11,4,1,5,3,1,4
stanchions,10,2,3,5,3,1,4
stand,5,3,8,11,5,3,8
stand's,7,5,3,8,5,5,10
standard,8,3,3,6,4,2,6
standard's,10,5,1,6,5,1,6
standardization,15,3,0,3,2,0,2
standardization's,17,2,0,2,2,0,2
standardize,11,4,0,4,4,0,4
standardized,12,3,0,3,3,0,3
standardizes,12,4,0,4,4,0,4
standardizing,13,3,0,3,3,0,3
standards,9,4,3,7,3,1,4
standby,7,3,5,8,4,4,8
standby's,9,4,3,7,5,2,7
standbys,8,3,4,7,2,5,7
standing,8,6,0,6,6,1,7
standing's,10,6,1,7,6,1,7
standings,9,4,3,7,4,1,5
standoff,8,5,2,7,4,2,6
standoff's,10,7,1,8,5,1,6
standoffish,11,2,0,2,2,0,2
standoffs,9,5,2,7,6,1,7
standout,8,5,2,7,3,2,5
standout's,10,6,1,7,4,1,5
standouts,9,5,2,7,4,1,5
standpoint,10,3,1,4,3,1,4
standpoint's,12,4,1,5,3,1,4
standpoints,11,3,2,5,3,1,4
stands,6,4,3,7,3,7,10
standstill,10,2,1,3,2,1,3
standstill's,12,2,0,2,2,0,2
standstills,11,2,1,3,2,0,2
stank,5,4,4,8,4,4,8
stanza,6,3,3,6,3,3,6
stanza's,8,4,2,6,3,2,5
stanzas,7,2,2,4,2,2,4
staph,5,4,3,7,4,6,10
staph's,7,5,5,10,5,6,11
staphylococci,13,2,0,2,2,0,2
staphylococcus,14,2,1,3,2,2,4
staphylococcus's,16,1,0,1,1,0,1
staple,6,3,4,7,3,4,7
staple's,8,6,3,9,6,3,9
stapled,7,6,1,7,6,1,7
stapler,7,6,3,9,6,3,9
stapler's,9,7,0,7,7,2,9
staplers,8,6,0,6,6,2,8
staples,7,6,2,8,6,1,7
stapling,8,8,1,9,8,2,10
star,4,3,4,7,3,4,7
star's,6,5,5,10,5,5,10
starboard,9,3,2,5,3,2,5
starboard's,11,4,1,5,3,1,4
starch,6,5,3,8,5,2,7
starch's,8,6,1,7,4,1,5
starched,8,5,2,7,6,1,7
starches,8,6,3,9,6,2,8
starchier,9,5,0,5,5,0,5
starchiest,10,4,0,4,4,0,4
starching,9,6,2,8,6,2,8
starchy,7,6,3,9,6,3,9
stardom,7,4,3,7,4,4,8
stardom's,9,5,2,7,4,3,7
stare,5,5,3,8,5,3,8
stare's,7,6,3,9,6,2,8
stared,6,5,5,10,5,5,10
stares,6,4,4,8,4,4,8
starfish,8,5,2,7,5,2,7
starfish's,10,6,1,7,6,1,7
starfishes,10,2,1,3,5,1,6
stargazer,9,5,0,5,4,0,4
stargazer's,11,4,0,4,3,0,3
stargazers,10,3,0,3,3,0,3
staring,7,7,3,10,7,3,10
stark,5,5,1,6,4,1,5
starker,7,5,1,6,5,1,6
starkest,8,4,2,6,4,2,6
starkly,7,5,4,9,5,4,9
starkness,9,6,1,7,6,1,7
starkness's,11,7,1,8,7,1,8
starless,8,4,1,5,4,1,5
starlet,7,5,1,6,5,1,6
starlet's,9,6,0,6,6,0,6
starlets,8,5,1,6,5,0,5
starlight,9,7,1,8,7,1,8
starlight's,11,8,1,9,3,2,5
starling,8,7,2,9,7,3,10
starling's,10,8,1,9,8,3,11
starlings,9,7,3,10,7,2,9
starlit,7,3,1,4,3,1,4
starred,7,6,1,7,6,1,7
starrier,8,4,1,5,3,0,3
starriest,9,4,2,6,5,0,5
starring,8,7,1,8,7,2,9
starry,6,4,3,7,3,5,8
stars,5,4,2,6,4,2,6
start,5,3,1,4,3,1,4
start's,7,4,1,5,4,1,5
started,7,5,0,5,5,0,5
starter,7,5,1,6,5,1,6
starter's,9,4,1,5,4,1,5
starters,8,3,1,4,3,1,4
starting,8,5,0,5,6,1,7
startle,7,5,3,8,6,0,6
startled,8,5,5,10,4,2,6
startles,8,5,5,10,3,1,4
startling,9,7,3,10,8,2,10
startlingly,11,4,1,5,3,1,4
starts,6,3,2,5,3,2,5
startup,7,3,4,7,3,3,6
startup's,9,4,3,7,3,3,6
startups,8,3,4,7,3,4,7
starvation,10,5,1,6,4,1,5
starvation's,12,4,1,5,4,1,5
starve,6,4,3,7,4,4,8
starved,7,6,1,7,6,1,7
starves,7,4,4,8,4,3,7
starving,8,7,1,8,7,2,9
starvings,9,6,5,11,6,3,9
stash,5,4,2,6,4,2,6
stash's,7,5,3,8,5,3,8
stashed,7,6,2,8,6,2,8
stashes,7,5,2,7,5,2,7
stashing,8,7,2,9,7,3,10
state,5,4,0,4,4,0,4
state's,7,5,1,6,5,0,5
stated,6,5,1,6,5,1,6
statehood,9,6,1,7,6,1,7
statehood's,11,7,0,7,7,0,7
statehouse,10,3,0,3,3,0,3
statehouse's,12,4,0,4,3,0,3
statehouses,11,3,0,3,3,0,3
stateless,9,4,1,5,4,1,5
statelier,9,6,2,8,7,1,8
stateliest,10,4,0,4,3,0,3
stateliness,11,6,1,7,7,0,7
stateliness's,13,7,1,8,8,0,8
stately,7,4,1,5,3,1,4
statement,9,3,0,3,3,0,3
statement's,11,2,0,2,2,0,2
statements,10,2,1,3,2,1,3
stater,6,4,4,8,5,2,7
stateroom,9,5,2,7,5,2,7
stateroom's,11,6,1,7,6,1,7
staterooms,10,3,0,3,4,0,4
states,6,4,2,6,4,2,6
stateside,9,2,1,3,2,0,2
statesman,9,5,1,6,3,0,3
statesman's,11,3,1,4,2,0,2
statesmanlike,13,2,0,2,2,0,2
statesmanship,13,4,0,4,2,0,2
statesmanship's,15,4,0,4,2,0,2
statesmen,9,3,1,4,3,0,3
statewide,9,4,0,4,4,0,4
static,6,4,4,8,3,4,7
static's,8,5,3,8,5,2,7
statically,10,6,1,7,3,1,4
stating,7,6,1,7,6,1,7
station,7,4,1,5,4,1,5
station's,9,5,2,7,4,1,5
stationary,10,2,2,4,3,1,4
stationed,9,5,2,7,5,2,7
stationer,9,4,1,5,4,1,5
stationer's,11,5,0,5,6,0,6
stationers,10,5,0,5,5,0,5
stationery,10,3,0,3,3,0,3
stationery's,12,4,0,4,4,0,4
stationing,10,4,1,5,4,1,5
stations,8,3,5,8,4,3,7
statistic,9,4,0,4,3,1,4
statistic's,11,3,0,3,2,0,2
statistical,11,2,1,3,2,1,3
statistically,13,2,0,2,2,0,2
statistician,12,2,0,2,2,1,3
statistician's,14,2,0,2,2,0,2
statisticians,13,2,0,2,2,0,2
statistics,10,3,0,3,2,1,3
stats,5,3,0,3,3,0,3
statuary,8,3,2,5,3,2,5
statuary's,10,5,2,7,4,1,5
statue,6,4,4,8,3,5,8
statue's,8,5,1,6,5,1,6
statues,7,4,2,6,4,1,5
statuesque,10,2,1,3,2,1,3
statuette,9,3,0,3,3,0,3
statuette's,11,3,0,3,3,0,3
statuettes,10,2,1,3,3,0,3
stature,7,4,1,5,3,2,5
stature's,9,5,1,6,4,0,4
statures,8,3,3,6,3,1,4
status,6,3,2,5,3,2,5
status's,8,3,3,6,2,1,3
statuses,8,4,0,4,4,0,4
statute,7,2,5,7,3,2,5
statute's,9,4,2,6,4,2,6
statutes,8,3,3,6,3,1,4
statutory,9,3,2,5,3,2,5
staunch,7,3,4,7,3,4,7
staunched,9,4,2,6,4,2,6
stauncher,9,5,0,5,5,0,5
staunches,9,4,0,4,4,0,4
staunchest,10,4,0,4,3,1,4
staunching,10,5,1,6,5,1,6
staunchly,9,2,3,5,2,3,5
stave,5,4,4,8,4,4,8
stave's,7,5,4,9,5,3,8
staved,6,6,4,10,6,4,10
staves,6,4,5,9,4,5,9
staving,7,7,4,11,7,4,11
stay,4,3,8,11,3,8,11
stay's,6,4,6,10,4,6,10
stayed,6,5,5,10,5,5,10
staying,7,6,5,11,6,5,11
stays,5,3,3,6,3,3,6
stead,5,5,1,6,5,2,7
stead's,7,6,0,6,6,1,7
steadfast,9,3,1,4,3,0,3
steadfastly,11,2,1,3,2,1,3
steadfastness,13,3,0,3,2,0,2
steadfastness's,15,3,0,3,2,0,2
steadied,8,3,2,5,4,1,5
steadier,8,7,1,8,7,0,7
steadies,8,4,0,4,2,2,4
steadiest,9,6,0,6,6,0,6
steadily,8,6,1,7,3,1,4
steadiness,10,5,1,6,5,1,6
steadiness's,12,6,1,7,6,1,7
steads,6,5,0,5,5,0,5
steady,6,6,1,7,6,1,7
steady's,8,5,1,6,5,2,7
steadying,9,5,0,5,5,0,5
steak,5,5,2,7,5,3,8
steak's,7,6,1,7,6,2,8
steakhouse,10,2,0,2,2,0,2
steakhouse's,12,3,0,3,2,0,2
steakhouses,11,2,0,2,2,0,2
steaks,6,5,1,6,5,1,6
steal,5,5,3,8,3,1,4
steal's,7,6,2,8,4,1,5
stealing,8,8,1,9,7,1,8
steals,6,5,2,7,5,2,7
stealth,7,3,0,3,3,0,3
stealth's,9,4,0,4,4,0,4
stealthier,10,4,0,4,3,0,3
stealthiest,11,2,0,2,2,0,2
stealthily,10,3,1,4,3,1,4
stealthy,8,3,1,4,4,1,5
steam,5,4,4,8,4,4,8
steam's,7,5,3,8,5,3,8
steamboat,9,4,1,5,3,1,4
steamboat's,11,4,0,4,3,0,3
steamboats,10,3,1,4,3,1,4
steamed,7,5,2,7,5,2,7
steamer,7,4,1,5,4,3,7
steamer's,9,5,1,6,5,1,6
steamers,8,4,0,4,4,0,4
steamier,8,6,2,8,6,1,7
steamiest,9,5,1,6,5,1,6
steaming,8,7,2,9,7,2,9
steamroll,9,5,1,6,3,1,4
steamrolled,11,6,1,7,4,0,4
steamroller,11,6,1,7,4,0,4
steamroller's,13,3,0,3,4,0,4
steamrollered,13,3,0,3,2,1,3
steamrollering,14,3,0,3,4,0,4
steamrollers,12,5,0,5,4,0,4
steamrolling,12,5,0,5,3,0,3
steamrolls,10,4,1,5,4,1,5
steams,6,4,3,7,4,3,7
steamship,9,3,0,3,3,0,3
steamship's,11,4,0,4,3,0,3
steamships,10,3,0,3,3,0,3
steamy,6,5,2,7,5,2,7
steed,5,4,0,4,4,0,4
steed's,7,5,1,6,5,0,5
steeds,6,4,0,4,4,0,4
steel,5,4,1,5,4,1,5
steel's,7,5,2,7,5,1,6
steeled,7,4,1,5,4,2,6
steelier,8,4,2,6,5,0,5
steeliest,9,3,0,3,3,0,3
steeling,8,7,1,8,7,0,7
steels,6,4,1,5,4,1,5
steely,6,4,0,4,4,0,4
steep,5,4,2,6,4,2,6
steep's,7,5,3,8,5,2,7
steeped,7,3,3,6,3,3,6
steeper,7,5,1,6,5,1,6
steepest,8,3,0,3,3,0,3
steeping,8,7,2,9,7,1,8
steeple,7,3,0,3,3,1,4
steeple's,9,4,0,4,3,0,3
steeplechase,12,2,0,2,2,1,3
steeplechase's,14,3,0,3,1,1,2
steeplechases,13,2,0,2,2,0,2
steeplejack,11,2,1,3,2,0,2
steeplejack's,13,3,0,3,2,0,2
steeplejacks,12,3,0,3,3,0,3
steeples,8,3,0,3,3,0,3
steeply,7,5,0,5,4,0,4
steepness,9,4,0,4,3,1,4
steepness's,11,5,0,5,5,0,5
steeps,6,4,2,6,4,2,6
steer,5,3,3,6,3,3,6
steer's,7,4,4,8,4,3,7
steerage,8,2,1,3,2,0,2
steerage's,10,2,0,2,2,0,2
steered,7,4,2,6,4,2,6
steering,8,6,3,9,6,2,8
steering's,10,6,1,7,3,1,4
steers,6,3,3,6,3,3,6
stein,5,5,0,5,5,2,7
stein's,7,6,2,8,6,2,8
steins,6,5,2,7,5,2,7
stellar,7,4,1,5,4,2,6
stem,4,4,3,7,4,2,6
stem's,6,5,1,6,5,1,6
stemmed,7,5,2,7,5,2,7
stemming,8,7,2,9,6,4,10
stems,5,2,7,9,2,7,9
stench,6,4,0,4,4,0,4
stench's,8,5,0,5,5,0,5
stenches,8,3,1,4,4,0,4
stencil,7,4,0,4,4,0,4
stencil's,9,4,2,6,5,1,6
stenciled,9,3,0,3,3,0,3
stenciling,10,3,0,3,3,0,3
stencilled,10,3,0,3,4,0,4
stencilling,11,3,0,3,3,0,3
stencils,8,4,2,6,3,3,6
stenographer,12,3,0,3,4,0,4
stenographer's,14,4,0,4,4,0,4
stenographers,13,3,0,3,3,0,3
stenographic,12,3,0,3,3,0,3
stenography,11,3,1,4,3,1,4
stenography's,13,3,0,3,3,0,3
stent,5,3,0,3,3,2,5
stent's,7,5,2,7,4,2,6
stentorian,10,3,0,3,3,0,3
stents,6,3,0,3,3,0,3
step,4,3,4,7,3,3,6
step's,6,5,2,7,5,2,7
stepbrother,11,4,1,5,2,1,3
stepbrother's,13,2,1,3,4,0,4
stepbrothers,12,5,0,5,4,0,4
stepchild,9,3,1,4,3,1,4
stepchild's,11,5,0,5,3,1,4
stepchildren,12,4,0,4,4,0,4
stepchildren's,14,5,0,5,4,0,4
stepdad,7,5,2,7,4,1,5
stepdad's,9,6,1,7,5,0,5
stepdads,8,4,1,5,4,1,5
stepdaughter,12,4,0,4,3,0,3
stepdaughter's,14,5,0,5,3,0,3
stepdaughters,13,2,0,2,3,0,3
stepfather,10,7,1,8,7,0,7
stepfather's,12,8,0,8,8,0,8
stepfathers,11,7,0,7,7,0,7
stepladder,10,4,0,4,3,1,4
stepladder's,12,4,0,4,4,0,4
stepladders,11,5,1,6,3,1,4
stepmom,7,4,3,7,3,3,6
stepmom's,9,5,1,6,4,2,6
stepmoms,8,3,3,6,4,2,6
stepmother,10,6,2,8,6,1,7
stepmother's,12,7,1,8,7,1,8
stepmothers,11,6,1,7,6,1,7
stepparent,10,3,0,3,3,0,3
stepparent's,12,3,0,3,3,0,3
stepparents,11,3,0,3,3,0,3
steppe,6,3,2,5,3,1,4
steppe's,8,4,1,5,4,1,5
stepped,7,4,3,7,4,3,7
steppes,7,3,3,6,3,2,5
stepping,8,6,3,9,6,2,8
steppingstone,13,1,0,1,1,0,1
steppingstone's,15,1,0,1,1,0,1
steppingstones,14,2,0,2,2,0,2
steps,5,3,6,9,3,6,9
stepsister,10,1,0,1,1,0,1
stepsister's,12,1,0,1,1,0,1
stepsisters,11,1,0,1,1,0,1
stepson,7,4,1,5,3,0,3
stepson's,9,5,1,6,5,1,6
stepsons,8,4,2,6,4,2,6
stereo,6,3,2,5,3,2,5
stereo's,8,4,1,5,4,1,5
stereophonic,12,3,0,3,3,0,3
stereos,7,2,3,5,2,3,5
stereoscope,11,2,0,2,2,0,2
stereoscope's,13,3,0,3,2,0,2
stereoscopes,12,2,0,2,2,0,2
stereotype,10,2,0,2,2,0,2
stereotype's,12,2,0,2,2,0,2
stereotyped,11,2,1,3,2,0,2
stereotypes,11,2,0,2,2,0,2
stereotypical,13,3,0,3,2,0,2
stereotyping,12,3,0,3,3,0,3
sterile,7,3,0,3,3,2,5
sterility,9,3,0,3,3,0,3
sterility's,11,4,0,4,3,0,3
sterilization,13,3,0,3,4,0,4
sterilization's,15,8,0,8,4,0,4
sterilize,9,4,0,4,4,0,4
sterilized,10,5,0,5,5,0,5
sterilizer,10,5,0,5,5,0,5
sterilizer's,12,4,0,4,4,0,4
sterilizers,11,3,1,4,4,0,4
sterilizes,10,4,0,4,4,0,4
sterilizing,11,5,1,6,4,0,4
sterling,8,7,1,8,8,0,8
sterling's,10,6,0,6,6,0,6
stern,5,4,1,5,4,3,7
stern's,7,5,3,8,5,3,8
sterna,6,4,2,6,4,1,5
sterner,7,3,0,3,2,1,3
sternest,8,3,0,3,3,0,3
sternly,7,6,0,6,6,0,6
sternness,9,2,0,2,2,0,2
sternness's,11,2,0,2,2,0,2
sterns,6,4,3,7,4,3,7
sternum,7,5,1,6,5,1,6
sternum's,9,6,1,7,5,1,6
sternums,8,4,2,6,4,2,6
steroid,7,4,1,5,5,1,6
steroid's,9,5,2,7,6,0,6
steroids,8,5,1,6,5,1,6
stethoscope,11,2,0,2,2,0,2
stethoscope's,13,3,0,3,2,0,2
stethoscopes,12,2,0,2,2,0,2
stevedore,9,2,0,2,2,0,2
stevedore's,11,2,0,2,2,0,2
stevedores,10,2,0,2,2,0,2
stew,4,3,5,8,3,4,7
stew's,6,4,3,7,4,3,7
steward,7,4,1,5,5,1,6
steward's,9,5,1,6,6,0,6
stewarded,9,3,1,4,3,1,4
stewardess,10,3,0,3,3,0,3
stewardess's,12,3,0,3,3,0,3
stewardesses,12,2,0,2,2,0,2
stewarding,10,3,1,4,4,0,4
stewards,8,5,1,6,5,1,6
stewardship,11,5,0,5,4,0,4
stewardship's,13,3,0,3,3,0,3
stewed,6,4,3,7,4,3,7
stewing,7,4,0,4,4,0,4
stews,5,3,6,9,3,6,9
stick,5,5,3,8,5,4,9
stick's,7,6,3,9,6,3,9
sticker,7,7,1,8,7,1,8
sticker's,9,7,4,11,8,1,9
stickers,8,6,3,9,7,1,8
stickier,8,5,1,6,6,0,6
stickies,8,4,1,5,4,1,5
stickiest,9,5,0,5,5,0,5
stickiness,10,5,0,5,5,0,5
stickiness's,12,6,0,6,6,0,6
sticking,8,6,1,7,5,4,9
stickleback,11,3,0,3,3,0,3
stickleback's,13,3,0,3,3,0,3
sticklebacks,12,3,0,3,3,0,3
stickler,8,4,1,5,6,0,6
stickler's,10,7,1,8,7,1,8
sticklers,9,6,2,8,6,1,7
stickpin,8,2,0,2,2,1,3
stickpin's,10,3,3,6,3,3,6
stickpins,9,2,4,6,2,3,5
sticks,6,5,4,9,5,3,8
stickup,7,6,2,8,5,3,8
stickup's,9,7,3,10,6,4,10
stickups,8,6,4,10,5,4,9
sticky,6,4,3,7,4,3,7
sticky's,8,5,4,9,5,4,9
sties,5,4,1,5,4,1,5
stiff,5,4,4,8,4,5,9
stiff's,7,5,4,9,5,4,9
stiffed,7,6,2,8,6,3,9
stiffen,7,4,3,7,4,3,7
stiffened,9,4,2,6,5,1,6
stiffener,9,4,0,4,4,0,4
stiffener's,11,5,0,5,4,0,4
stiffeners,10,3,0,3,3,0,3
stiffening,10,5,0,5,4,0,4
stiffens,8,4,2,6,5,3,8
stiffer,7,6,2,8,6,2,8
stiffest,8,5,0,5,5,0,5
stiffing,8,6,2,8,6,2,8
stiffly,7,5,1,6,5,1,6
stiffness,9,6,0,6,5,1,6
stiffness's,11,7,0,7,6,1,7
stiffs,6,4,5,9,4,4,8
stifle,6,4,1,5,4,2,6
stifled,7,6,1,7,6,2,8
stifles,7,3,3,6,3,2,5
stifling,8,6,1,7,6,2,8
stiflings,9,6,5,11,5,4,9
stigma,6,3,1,4,3,1,4
stigma's,8,4,1,5,3,1,4
stigmas,7,2,2,4,2,2,4
stigmata,8,3,1,4,3,2,5
stigmatize,10,3,0,3,3,0,3
stigmatized,11,2,0,2,4,0,4
stigmatizes,11,5,0,5,4,0,4
stigmatizing,12,2,1,3,2,1,3
stile,5,4,4,8,4,4,8
stile's,7,5,3,8,5,3,8
stiles,6,4,5,9,4,5,9
stiletto,8,4,0,4,3,0,3
stiletto's,10,4,0,4,4,1,5
stilettoes,10,3,0,3,3,0,3
stilettos,9,3,2,5,3,2,5
still,5,4,5,9,4,6,10
still's,7,5,5,10,5,5,10
stillbirth,10,3,1,4,3,1,4
stillbirth's,12,3,2,5,3,2,5
stillbirths,11,3,3,6,3,2,5
stillborn,9,2,2,4,3,1,4
stilled,7,6,4,10,6,5,11
stiller,7,6,3,9,6,3,9
stillest,8,4,1,5,4,1,5
stilling,8,6,0,6,6,1,7
stillness,9,5,1,6,5,0,5
stillness's,11,6,1,7,6,0,6
stills,6,4,6,10,4,5,9
stilt,5,4,3,7,4,3,7
stilt's,7,5,3,8,5,3,8
stilted,7,5,1,6,5,2,7
stilts,6,4,3,7,4,3,7
stimulant,9,3,2,5,3,1,4
stimulant's,11,4,1,5,3,2,5
stimulants,10,3,3,6,4,1,5
stimulate,9,8,0,8,8,0,8
stimulated,10,9,0,9,9,0,9
stimulates,10,8,0,8,8,0,8
stimulating,11,9,0,9,9,1,10
stimulation,11,9,0,9,9,1,10
stimulation's,13,10,0,10,10,1,11
stimuli,7,2,1,3,2,1,3
stimulus,8,3,4,7,3,3,6
stimulus's,10,2,1,3,4,0,4
sting,5,3,6,9,3,6,9
sting's,7,4,6,10,4,6,10
stinger,7,5,4,9,5,4,9
stinger's,9,8,1,9,6,2,8
stingers,8,7,1,8,5,2,7
stingier,8,5,1,6,5,1,6
stingiest,9,4,1,5,4,1,5
stingily,8,3,1,4,3,1,4
stinginess,10,4,0,4,4,0,4
stinginess's,12,4,0,4,4,0,4
stinging,8,5,1,6,5,2,7
stingray,8,3,2,5,3,2,5
stingray's,10,4,2,6,4,2,6
stingrays,9,4,4,8,3,2,5
stings,6,3,7,10,4,6,10
stingy,6,4,5,9,4,3,7
stink,5,4,4,8,4,5,9
stink's,7,5,4,9,5,4,9
stinker,7,6,2,8,6,2,8
stinker's,9,7,2,9,7,2,9
stinkers,8,6,2,8,6,2,8
stinking,8,5,1,6,5,1,6
stinks,6,4,5,9,4,4,8
stint,5,3,4,7,3,4,7
stint's,7,4,4,8,4,4,8
stinted,7,5,2,7,5,3,8
stinting,8,4,1,5,5,1,6
stints,6,3,4,7,3,4,7
stipend,7,4,2,6,5,1,6
stipend's,9,5,0,5,4,0,4
stipends,8,4,2,6,3,1,4
stipple,7,5,3,8,4,1,5
stipple's,9,5,2,7,5,3,8
stippled,8,6,1,7,6,3,9
stipples,8,4,2,6,4,2,6
stippling,9,5,2,7,5,2,7
stipulate,9,7,1,8,7,1,8
stipulated,10,8,1,9,8,1,9
stipulates,10,7,1,8,7,1,8
stipulating,11,8,1,9,8,2,10
stipulation,11,8,1,9,8,2,10
stipulation's,13,9,1,10,9,2,11
stipulations,12,4,2,6,2,1,3
stir,4,3,3,6,3,3,6
stir's,6,4,3,7,3,7,10
stirred,7,5,3,8,5,4,9
stirrer,7,3,1,4,3,1,4
stirrer's,9,4,0,4,3,0,3
stirrers,8,3,0,3,3,0,3
stirring,8,5,3,8,6,3,9
stirrings,9,5,6,11,5,4,9
stirrup,7,5,3,8,6,2,8
stirrup's,9,6,4,10,7,3,10
stirrups,8,5,5,10,6,3,9
stirs,5,3,2,5,3,2,5
stitch,6,5,3,8,5,3,8
stitch's,8,6,2,8,6,2,8
stitched,8,7,0,7,4,2,6
stitches,8,6,0,6,6,0,6
stitching,9,7,1,8,7,1,8
stitching's,11,3,1,4,3,2,5
stoat,5,2,5,7,2,5,7
stoat's,7,4,0,4,3,5,8
stoats,6,2,5,7,3,3,6
stochastic,10,4,0,4,3,0,3
stock,5,4,2,6,4,2,6
stock's,7,5,2,7,5,2,7
stockade,8,6,1,7,5,2,7
stockade's,10,7,2,9,6,3,9
stockaded,9,3,1,4,3,1,4
stockades,9,6,0,6,5,2,7
stockading,10,5,1,6,5,1,6
stockbroker,11,3,1,4,3,1,4
stockbroker's,13,5,0,5,3,0,3
stockbrokers,12,5,0,5,4,0,4
stocked,7,6,3,9,5,3,8
stockholder,11,3,1,4,4,0,4
stockholder's,13,5,0,5,4,0,4
stockholders,12,5,0,5,4,0,4
stockier,8,7,2,9,7,0,7
stockiest,9,6,1,7,6,2,8
stockiness,10,7,0,7,7,0,7
stockiness's,12,8,0,8,8,0,8
stocking,8,7,3,10,7,3,10
stocking's,10,8,3,11,4,2,6
stockings,9,4,3,7,3,4,7
stockpile,9,3,2,5,4,2,6
stockpile's,11,3,2,5,2,2,4
stockpiled,10,4,1,5,5,0,5
stockpiles,10,4,1,5,3,1,4
stockpiling,11,5,0,5,4,2,6
stockroom,9,3,2,5,4,2,6
stockroom's,11,5,1,6,4,1,5
stockrooms,10,3,2,5,4,2,6
stocks,6,4,3,7,4,2,6
stocky,6,5,3,8,5,3,8
stockyard,9,3,2,5,3,2,5
stockyard's,11,4,1,5,3,1,4
stockyards,10,3,2,5,3,3,6
stodgier,8,6,3,9,6,1,7
stodgiest,9,6,2,8,5,3,8
stodginess,10,7,1,8,7,1,8
stodginess's,12,8,1,9,8,1,9
stodgy,6,5,4,9,5,4,9
stoic,5,4,2,6,4,2,6
stoic's,7,5,2,7,5,2,7
stoical,7,3,3,6,3,2,5
stoically,9,3,1,4,3,1,4
stoicism,8,3,1,4,3,1,4
stoicism's,10,3,1,4,3,0,3
stoics,6,4,3,7,4,2,6
stoke,5,5,3,8,5,3,8
stoked,6,5,5,10,5,5,10
stoker,6,5,4,9,5,4,9
stoker's,8,6,3,9,7,3,10
stokers,7,5,5,10,5,5,10
stokes,6,5,4,9,5,4,9
stoking,7,6,6,12,6,6,12
stole,5,5,4,9,5,4,9
stole's,7,6,4,10,6,4,10
stolen,6,4,3,7,4,3,7
stoles,6,5,5,10,5,5,10
stolid,6,5,2,7,5,2,7
stolider,8,7,0,7,7,0,7
stolidest,9,6,0,6,6,0,6
stolidity,9,5,2,7,5,2,7
stolidity's,11,6,1,7,3,1,4
stolidly,8,5,1,6,3,1,4
stomach,7,4,2,6,4,2,6
stomach's,9,4,3,7,5,1,6
stomachache,11,3,1,4,4,0,4
stomachache's,13,3,0,3,3,0,3
stomachaches,12,4,0,4,3,1,4
stomached,9,5,3,8,4,3,7
stomaching,10,5,2,7,5,2,7
stomachs,8,2,4,6,2,5,7
stomp,5,4,4,8,4,4,8
stomp's,7,4,4,8,4,4,8
stomped,7,6,2,8,6,1,7
stomping,8,7,2,9,7,2,9
stomps,6,4,4,8,4,3,7
stone,5,5,1,6,5,1,6
stone's,7,6,2,8,6,2,8
stoned,6,4,6,10,4,6,10
stoner,6,4,5,9,4,5,9
stoner's,8,5,4,9,6,4,10
stoners,7,4,6,10,4,6,10
stones,6,5,6,11,5,6,11
stonewall,9,4,0,4,4,0,4
stonewalled,11,3,1,4,3,0,3
stonewalling,12,4,0,4,4,0,4
stonewalls,10,4,0,4,3,1,4
stoneware,9,3,0,3,3,0,3
stoneware's,11,6,0,6,5,1,6
stonework,9,4,0,4,4,0,4
stonework's,11,4,1,5,3,1,4
stoney,6,4,2,6,4,2,6
stonier,7,5,4,9,5,3,8
stoniest,8,4,0,4,4,0,4
stonily,7,3,1,4,3,1,4
stoning,7,3,1,4,3,1,4
stony,5,3,5,8,3,5,8
stood,5,4,3,7,4,3,7
stooge,6,3,3,6,3,3,6
stooge's,8,4,4,8,4,4,8
stooges,7,3,4,7,3,3,6
stool,5,3,4,7,3,4,7
stool's,7,4,3,7,4,3,7
stools,6,4,3,7,3,3,6
stoop,5,4,5,9,4,5,9
stoop's,7,5,5,10,5,5,10
stooped,7,6,4,10,6,3,9
stooping,8,6,2,8,7,3,10
stoops,6,3,4,7,4,5,9
stop,4,4,4,8,4,4,8
stop's,6,4,2,6,4,4,8
stopcock,8,2,4,6,2,4,6
stopcock's,10,3,3,6,2,3,5
stopcocks,9,2,3,5,3,3,6
stopgap,7,3,3,6,3,3,6
stopgap's,9,3,3,6,4,3,7
stopgaps,8,3,3,6,3,2,5
stoplight,9,6,2,8,6,2,8
stoplight's,11,7,2,9,3,1,4
stoplights,10,3,2,5,3,2,5
stopover,8,4,3,7,4,2,6
stopover's,10,5,1,6,5,1,6
stopovers,9,4,4,8,4,1,5
stoppable,9,4,0,4,3,1,4
stoppage,8,5,2,7,6,1,7
stoppage's,10,6,3,9,7,2,9
stoppages,9,5,1,6,6,1,7
stopped,7,6,2,8,6,1,7
stopper,7,5,5,10,4,3,7
stopper's,9,6,3,9,5,2,7
stoppered,9,5,1,6,5,1,6
stoppering,10,7,1,8,6,1,7
stoppers,8,5,3,8,4,2,6
stopping,8,7,2,9,7,2,9
stops,5,4,2,6,4,2,6
stopwatch,9,3,2,5,3,2,5
stopwatch's,11,3,1,4,3,1,4
stopwatches,11,4,1,5,3,1,4
storage,7,3,1,4,3,0,3
storage's,9,4,1,5,4,0,4
store,5,5,5,10,5,5,10
store's,7,6,5,11,6,5,11
stored,6,5,5,10,5,5,10
storefront,10,4,1,5,4,1,5
storefront's,12,4,0,4,3,1,4
storefronts,11,2,2,4,3,1,4
storehouse,10,5,1,6,5,1,6
storehouse's,12,6,1,7,6,1,7
storehouses,11,5,1,6,5,1,6
storekeeper,11,2,1,3,2,0,2
storekeeper's,13,3,0,3,2,0,2
storekeepers,12,2,0,2,2,0,2
storeroom,9,3,1,4,3,1,4
storeroom's,11,4,1,5,3,1,4
storerooms,10,3,0,3,3,1,4
stores,6,4,5,9,4,5,9
storey,6,3,2,5,3,2,5
storey's,8,4,1,5,4,1,5
storeys,7,4,1,5,4,1,5
storied,7,6,1,7,7,2,9
stories,7,5,1,6,5,1,6
storing,7,6,5,11,6,5,11
stork,5,5,3,8,5,3,8
stork's,7,6,3,9,6,3,9
storks,6,3,5,8,3,5,8
storm,5,5,4,9,5,4,9
storm's,7,6,4,10,6,4,10
stormed,7,5,4,9,6,3,9
stormier,8,6,1,7,5,0,5
stormiest,9,5,3,8,6,0,6
stormily,8,7,2,9,7,2,9
storminess,10,6,2,8,6,2,8
storminess's,12,7,2,9,7,2,9
storming,8,6,4,10,6,4,10
storms,6,4,4,8,4,3,7
stormy,6,4,5,9,4,5,9
story,5,4,5,9,4,5,9
story's,7,5,5,10,5,5,10
storybook,9,3,2,5,4,2,6
storybook's,11,5,1,6,4,1,5
storybooks,10,3,2,5,4,2,6
storyteller,11,2,1,3,3,0,3
storyteller's,13,3,0,3,2,0,2
storytellers,12,3,0,3,3,0,3
stout,5,3,2,5,3,2,5
stout's,7,4,2,6,4,2,6
stouter,7,4,3,7,4,2,6
stoutest,8,3,0,3,3,0,3
stoutly,7,5,3,8,3,3,6
stoutness,9,4,2,6,4,2,6
stoutness's,11,5,2,7,5,2,7
stove,5,4,6,10,4,6,10
stove's,7,5,6,11,5,6,11
stovepipe,9,4,2,6,5,1,6
stovepipe's,11,5,1,6,6,0,6
stovepipes,10,3,1,4,3,0,3
stoves,6,4,7,11,4,7,11
stow,4,3,5,8,3,5,8
stowaway,8,2,2,4,2,2,4
stowaway's,10,3,2,5,2,2,4
stowaways,9,3,4,7,3,1,4
stowed,6,5,5,10,5,5,10
stowing,7,6,5,11,6,5,11
stows,5,3,3,6,3,3,6
straddle,8,6,3,9,6,2,8
straddle's,10,7,1,8,7,1,8
straddled,9,4,0,4,4,0,4
straddles,9,6,1,7,6,2,8
straddling,10,6,2,8,5,3,8
strafe,6,4,3,7,4,3,7
strafe's,8,5,2,7,5,2,7
strafed,7,7,0,7,7,0,7
strafes,7,4,3,7,4,2,6
strafing,8,8,0,8,8,1,9
straggle,8,7,2,9,7,1,8
straggled,9,8,1,9,8,1,9
straggler,9,7,1,8,4,1,5
straggler's,11,8,0,8,7,0,7
stragglers,10,7,0,7,6,0,6
straggles,9,7,0,7,7,1,8
stragglier,10,5,2,7,7,2,9
straggliest,11,4,0,4,3,0,3
straggling,10,8,1,9,8,1,9
straggly,8,3,3,6,3,3,6
straight,8,3,1,4,3,2,5
straight's,10,3,2,5,2,2,4
straightaway,12,2,1,3,2,1,3
straightaway's,14,3,1,4,2,1,3
straightaways,13,3,0,3,3,1,4
straightedge,12,2,0,2,2,0,2
straightedge's,14,3,0,3,2,0,2
straightedges,13,3,0,3,2,0,2
straighten,10,3,1,4,3,1,4
straightened,12,2,0,2,2,0,2
straightening,13,3,0,3,2,0,2
straightens,11,3,1,4,4,0,4
straighter,10,5,1,6,4,1,5
straightest,11,2,0,2,2,0,2
straightforward,15,2,0,2,2,1,3
straightforwardly,17,1,0,1,1,0,1
straightjacket,14,2,1,3,3,0,3
straightjacket's,16,3,1,4,2,0,2
straightjacketed,16,2,0,2,2,0,2
straightjacketing,17,1,0,1,1,0,1
straightjackets,15,2,1,3,2,0,2
straightness,12,4,0,4,4,0,4
straightness's,14,4,0,4,4,0,4
straights,9,2,3,5,4,1,5
strain,6,5,2,7,5,1,6
strain's,8,6,1,7,6,1,7
strained,8,7,2,9,6,1,7
strainer,8,4,1,5,5,0,5
strainer's,10,6,0,6,6,0,6
strainers,9,5,1,6,5,0,5
straining,9,6,2,8,6,2,8
strains,7,5,3,8,5,2,7
strait,6,4,2,6,4,1,5
strait's,8,5,1,6,5,1,6
straiten,8,4,1,5,4,1,5
straitened,10,3,0,3,4,0,4
straitening,11,3,0,3,3,0,3
straitens,9,4,1,5,4,1,5
straitjacket,12,3,1,4,3,0,3
straitjacket's,14,4,0,4,3,0,3
straitjacketed,14,2,1,3,3,0,3
straitjacketing,15,2,0,2,3,0,3
straitjackets,13,2,0,2,3,0,3
straits,7,3,4,7,4,2,6
strand,6,4,3,7,5,1,6
strand's,8,6,1,7,6,1,7
stranded,8,4,2,6,4,1,5
stranding,9,3,1,4,3,1,4
strands,7,4,2,6,5,2,7
strange,7,6,2,8,5,1,6
strangely,9,4,0,4,4,0,4
strangeness,11,2,0,2,2,0,2
strangeness's,13,2,0,2,2,0,2
stranger,8,7,2,9,7,0,7
stranger's,10,8,0,8,5,2,7
strangers,9,7,1,8,4,2,6
strangest,9,7,1,8,7,1,8
strangle,8,7,2,9,7,1,8
strangled,9,8,1,9,5,1,6
stranglehold,12,3,0,3,3,0,3
stranglehold's,14,3,0,3,2,0,2
strangleholds,13,3,0,3,3,0,3
strangler,9,7,1,8,4,1,5
strangler's,11,8,0,8,7,0,7
stranglers,10,7,0,7,6,0,6
strangles,9,7,0,7,7,1,8
strangling,10,4,1,5,4,1,5
strangulate,11,3,1,4,3,0,3
strangulated,12,4,0,4,3,0,3
strangulates,12,3,0,3,3,1,4
strangulating,13,3,0,3,3,0,3
strangulation,13,3,0,3,3,0,3
strangulation's,15,2,0,2,3,0,3
strap,5,5,1,6,5,1,6
strap's,7,6,1,7,6,1,7
strapless,9,4,1,5,4,1,5
strapless's,11,3,1,4,2,1,3
straplesses,11,2,0,2,2,0,2
strapped,8,5,4,9,7,0,7
strapping,9,6,4,10,8,2,10
strapping's,11,5,2,7,3,2,5
straps,6,4,3,7,4,2,6
strata,6,3,1,4,3,1,4
stratagem,9,3,1,4,3,1,4
stratagem's,11,4,0,4,3,0,3
stratagems,10,3,1,4,3,1,4
strategic,9,3,0,3,3,0,3
strategically,13,2,0,2,4,0,4
strategies,10,4,0,4,3,0,3
strategist,10,4,0,4,3,0,3
strategist's,12,5,0,5,3,0,3
strategists,11,4,0,4,3,0,3
strategy,8,4,1,5,4,0,4
strategy's,10,4,1,5,3,0,3
stratification,14,7,0,7,4,0,4
stratification's,16,8,0,8,4,0,4
stratified,10,4,0,4,7,0,7
stratifies,10,4,0,4,6,0,6
stratify,8,6,2,8,6,2,8
stratifying,11,8,0,8,8,1,9
stratosphere,12,2,0,2,2,0,2
stratosphere's,14,1,0,1,1,0,1
stratospheres,13,1,1,2,2,0,2
stratum,7,3,3,6,3,3,6
stratum's,9,4,2,6,4,1,5
stratums,8,3,2,5,3,2,5
straw,5,5,2,7,5,2,7
straw's,7,6,2,8,6,2,8
strawberries,12,2,0,2,2,0,2
strawberry,10,2,1,3,3,0,3
strawberry's,12,3,1,4,3,0,3
strawed,7,7,1,8,7,1,8
strawing,8,8,1,9,8,2,10
straws,6,5,3,8,5,2,7
stray,5,4,3,7,4,3,7
stray's,7,5,3,8,5,3,8
strayed,7,6,2,8,6,2,8
straying,8,7,2,9,7,3,10
strays,6,4,4,8,4,3,7
streak,6,4,2,6,4,2,6
streak's,8,5,2,7,5,2,7
streaked,8,5,2,7,5,1,6
streakier,9,5,1,6,4,0,4
streakiest,10,4,0,4,3,0,3
streaking,9,7,2,9,7,2,9
streaks,7,4,3,7,4,3,7
streaky,7,4,0,4,4,0,4
stream,6,5,1,6,5,1,6
stream's,8,6,1,7,6,1,7
streamed,8,6,2,8,6,1,7
streamer,8,3,2,5,3,2,5
streamer's,10,4,1,5,3,1,4
streamers,9,3,1,4,3,1,4
streaming,9,8,1,9,8,1,9
streamline,10,3,0,3,3,0,3
streamlined,11,4,0,4,3,0,3
streamlines,11,2,0,2,2,0,2
streamlining,12,4,0,4,4,0,4
streams,7,5,2,7,5,2,7
street,6,3,2,5,4,0,4
street's,8,3,1,4,4,0,4
streetcar,9,3,0,3,3,0,3
streetcar's,11,3,0,3,3,0,3
streetcars,10,3,0,3,3,0,3
streetlight,11,3,0,3,2,0,2
streetlight's,13,2,0,2,2,0,2
streetlights,12,3,0,3,3,0,3
streets,7,3,2,5,4,1,5
streetwalker,12,3,0,3,3,0,3
streetwalker's,14,4,0,4,3,0,3
streetwalkers,13,3,0,3,3,0,3
streetwise,10,2,0,2,2,0,2
strength,8,4,1,5,4,1,5
strength's,10,5,1,6,3,2,5
strengthen,10,4,0,4,4,0,4
strengthened,12,2,0,2,2,0,2
strengthening,13,2,1,3,3,0,3
strengthens,11,3,0,3,3,0,3
strengths,9,4,0,4,4,0,4
strenuous,9,4,0,4,4,0,4
strenuously,11,1,1,2,1,1,2
strenuousness,13,2,0,2,2,0,2
strenuousness's,15,2,0,2,2,0,2
strep,5,3,3,6,3,3,6
strep's,7,4,4,8,4,3,7
streptococcal,13,3,0,3,3,1,4
streptococci,12,6,0,6,5,0,5
streptococcus,13,3,0,3,3,0,3
streptococcus's,15,2,0,2,2,0,2
streptomycin,12,6,0,6,5,0,5
streptomycin's,14,4,0,4,3,0,3
stress,6,2,0,2,2,0,2
stress's,8,2,0,2,2,0,2
stressed,8,2,0,2,2,0,2
stresses,8,2,0,2,2,0,2
stressful,9,1,1,2,5,0,5
stressing,9,4,1,5,4,1,5
stretch,7,4,0,4,5,2,7
stretch's,9,4,0,4,4,0,4
stretched,9,5,1,6,3,0,3
stretcher,9,4,1,5,4,0,4
stretcher's,11,4,0,4,3,0,3
stretchers,10,3,0,3,3,0,3
stretches,9,4,1,5,5,0,5
stretchier,10,3,0,3,3,0,3
stretchiest,11,2,0,2,2,0,2
stretching,10,7,1,8,8,0,8
stretchy,8,4,1,5,4,1,5
strew,5,4,2,6,4,2,6
strewed,7,5,1,6,5,1,6
strewing,8,6,1,7,7,1,8
strewn,6,4,3,7,4,4,8
strews,6,4,3,7,4,3,7
striated,8,6,1,7,5,1,6
stricken,8,4,1,5,4,1,5
strict,6,4,4,8,5,3,8
stricter,8,5,0,5,4,0,4
strictest,9,3,0,3,2,0,2
strictly,8,4,3,7,2,3,5
strictness,10,5,1,6,5,1,6
strictness's,12,6,1,7,5,1,6
stricture,9,4,1,5,5,1,6
stricture's,11,7,1,8,5,0,5
strictures,10,4,1,5,5,0,5
stridden,8,5,0,5,4,0,4
stride,6,6,1,7,6,1,7
stride's,8,7,0,7,7,0,7
strident,8,3,0,3,4,0,4
stridently,10,3,0,3,3,0,3
strides,7,6,1,7,6,0,6
striding,8,7,0,7,7,1,8
strife,6,6,2,8,6,2,8
strife's,8,7,1,8,7,1,8
strike,6,6,3,9,6,3,9
strike's,8,7,2,9,7,2,9
strikeout,9,3,0,3,3,0,3
strikeout's,11,3,0,3,3,0,3
strikeouts,10,3,2,5,3,0,3
striker,7,4,2,6,4,2,6
striker's,9,5,1,6,5,1,6
strikers,8,3,1,4,3,1,4
strikes,7,6,2,8,6,1,7
striking,8,7,1,8,7,2,9
strikingly,10,2,1,3,2,1,3
strikings,9,2,4,6,2,3,5
string,6,5,5,10,5,5,10
string's,8,5,3,8,4,4,8
stringed,8,6,1,7,6,1,7
stringency,10,3,0,3,2,1,3
stringency's,12,3,0,3,3,1,4
stringent,9,3,0,3,4,0,4
stringently,11,3,0,3,3,0,3
stringer,8,6,0,6,7,1,8
stringer's,10,7,1,8,6,1,7
stringers,9,6,2,8,5,1,6
stringier,9,6,1,7,6,1,7
stringiest,10,3,1,4,4,0,4
stringing,9,6,2,8,6,2,8
strings,7,3,5,8,3,5,8
stringy,7,6,2,8,6,4,10
strip,5,4,4,8,4,4,8
strip's,7,5,4,9,5,4,9
stripe,6,6,4,10,6,4,10
stripe's,8,6,3,9,6,3,9
striped,7,5,2,7,5,3,8
stripes,7,6,3,9,6,2,8
striping,8,7,2,9,7,3,10
stripling,9,7,1,8,6,1,7
stripling's,11,5,2,7,3,2,5
striplings,10,4,3,7,3,3,6
stripped,8,6,0,6,7,1,8
stripper,8,5,1,6,5,1,6
stripper's,10,6,1,7,7,0,7
strippers,9,5,2,7,6,0,6
stripping,9,6,1,7,6,1,7
strips,6,3,4,7,4,4,8
stript,6,5,3,8,4,4,8
striptease,10,2,0,2,2,0,2
striptease's,12,3,0,3,2,0,2
stripteased,11,2,0,2,2,0,2
stripteases,11,2,0,2,2,0,2
stripteasing,12,2,0,2,2,0,2
strive,6,5,5,10,5,5,10
strived,7,6,2,8,6,3,9
striven,7,6,2,8,6,3,9
strives,7,5,4,9,5,3,8
striving,8,6,3,9,6,4,10
strobe,6,6,2,8,6,2,8
strobe's,8,7,1,8,7,2,9
strobes,7,6,3,9,6,2,8
strode,6,6,3,9,6,3,9
stroke,6,6,4,10,6,4,10
stroke's,8,6,2,8,6,3,9
stroked,7,4,2,6,4,1,5
strokes,7,5,4,9,5,3,8
stroking,8,6,2,8,5,2,7
stroll,6,4,4,8,4,4,8
stroll's,8,5,4,9,5,4,9
strolled,8,6,2,8,6,2,8
stroller,8,4,3,7,4,2,6
stroller's,10,5,2,7,6,1,7
strollers,9,4,3,7,5,1,6
strolling,9,7,2,9,7,2,9
strolls,7,4,5,9,4,5,9
strong,6,5,3,8,5,3,8
strongbox,9,2,2,4,2,2,4
strongbox's,11,4,1,5,7,1,8
strongboxes,11,3,0,3,3,0,3
stronger,8,6,3,9,6,2,8
strongest,9,6,2,8,6,2,8
stronghold,10,4,2,6,2,3,5
stronghold's,12,3,2,5,2,3,5
strongholds,11,2,2,4,6,2,8
strongly,8,4,3,7,3,3,6
strontium,9,4,1,5,4,1,5
strontium's,11,3,1,4,3,1,4
strop,5,3,4,7,3,4,7
strop's,7,4,4,8,4,4,8
strophe,7,4,3,7,3,2,5
strophe's,9,4,3,7,5,0,5
strophes,8,3,3,6,4,2,6
stropped,8,4,4,8,6,2,8
stropping,9,5,4,9,7,3,10
strops,6,3,3,6,3,4,7
strove,6,5,5,10,5,5,10
struck,6,4,5,9,4,5,9
structural,10,2,3,5,2,3,5
structuralist,13,1,0,1,1,0,1
structurally,12,1,2,3,1,2,3
structure,9,3,1,4,5,1,6
structure's,11,7,1,8,5,0,5
structured,10,4,2,6,4,0,4
structures,10,3,2,5,3,2,5
structuring,11,5,1,6,5,1,6
strudel,7,4,0,4,4,0,4
strudel's,9,4,1,5,3,1,4
strudels,8,4,2,6,4,3,7
struggle,8,2,3,5,2,3,5
struggle's,10,6,2,8,6,2,8
struggled,9,5,2,7,7,2,9
struggles,9,4,4,8,2,4,6
struggling,10,7,2,9,7,2,9
strum,5,4,5,9,4,4,8
strum's,7,5,5,10,5,4,9
strummed,8,6,2,8,5,3,8
strumming,9,7,2,9,6,3,9
strumpet,8,4,2,6,4,1,5
strumpet's,10,4,0,4,4,0,4
strumpets,9,4,1,5,4,1,5
strums,6,3,5,8,4,4,8
strung,6,5,5,10,5,5,10
strut,5,4,5,9,4,4,8
strut's,7,5,5,10,5,4,9
struts,6,3,4,7,4,4,8
strutted,8,6,2,8,5,1,6
strutting,9,7,2,9,6,2,8
strychnine,10,4,0,4,4,1,5
strychnine's,12,4,0,4,3,1,4
stub,4,4,4,8,4,4,8
stub's,6,3,9,12,3,9,12
stubbed,7,6,5,11,5,8,13
stubbier,8,7,2,9,7,4,11
stubbiest,9,6,0,6,6,1,7
stubbing,8,7,4,11,7,4,11
stubble,7,6,1,7,6,4,10
stubble's,9,7,1,8,6,2,8
stubbly,7,2,4,6,2,4,6
stubborn,8,5,3,8,4,3,7
stubborner,10,3,1,4,3,1,4
stubbornest,11,4,0,4,3,0,3
stubbornly,10,3,2,5,3,2,5
stubbornness,12,2,0,2,3,0,3
stubbornness's,14,2,0,2,3,0,3
stubby,6,5,5,10,5,8,13
stubs,5,4,5,9,4,5,9
stucco,6,2,3,5,2,3,5
stucco's,8,3,3,6,4,3,7
stuccoed,8,5,3,8,5,2,7
stuccoes,8,3,2,5,4,1,5
stuccoing,9,5,3,8,5,3,8
stuccos,7,2,4,6,2,4,6
stuck,5,4,6,10,4,7,11
stud,4,4,5,9,4,5,9
stud's,6,4,6,10,4,6,10
studded,7,4,1,5,4,1,5
studding,8,7,3,10,7,3,10
student,7,3,1,4,3,1,4
student's,9,5,0,5,4,0,4
students,8,3,1,4,3,1,4
studentship,11,5,0,5,4,0,4
studentships,12,2,1,3,3,0,3
studied,7,4,1,5,4,1,5
studies,7,5,2,7,5,2,7
studio,6,4,2,6,4,2,6
studio's,8,6,2,8,5,2,7
studios,7,5,3,8,5,3,8
studious,8,4,4,8,4,3,7
studiously,10,6,1,7,6,1,7
studs,5,4,6,10,4,6,10
study,5,4,7,11,4,8,12
study's,7,5,4,9,5,6,11
studying,8,7,3,10,7,3,10
stuff,5,4,8,12,3,7,10
stuff's,7,5,5,10,4,6,10
stuffed,7,6,6,12,5,6,11
stuffier,8,6,3,9,6,5,11
stuffiest,9,6,1,7,6,2,8
stuffily,8,5,3,8,5,3,8
stuffiness,10,7,2,9,7,1,8
stuffiness's,12,8,2,10,8,1,9
stuffing,8,7,5,12,7,5,12
stuffing's,10,5,3,8,3,3,6
stuffings,9,4,4,8,3,3,6
stuffs,6,4,5,9,3,8,11
stuffy,6,5,6,11,4,9,13
stultification,14,7,0,7,4,0,4
stultification's,16,8,0,8,4,0,4
stultified,10,5,1,6,6,1,7
stultifies,10,4,1,5,5,1,6
stultify,8,5,3,8,5,3,8
stultifying,11,7,1,8,7,2,9
stumble,7,6,1,7,6,4,10
stumble's,9,7,1,8,6,2,8
stumbled,8,6,2,8,5,4,9
stumbler,8,6,2,8,6,2,8
stumbler's,10,7,0,7,7,1,8
stumblers,9,6,1,7,6,1,7
stumbles,8,5,2,7,3,3,6
stumbling,9,7,2,9,7,2,9
stump,5,3,9,12,3,9,12
stump's,7,4,6,10,4,7,11
stumped,7,5,7,12,5,6,11
stumpier,8,6,1,7,6,2,8
stumpiest,9,6,2,8,5,3,8
stumping,8,6,6,12,6,6,12
stumps,6,3,6,9,3,7,10
stumpy,6,5,7,12,4,4,8
stun,4,3,6,9,3,6,9
stung,5,5,4,9,5,4,9
stunk,5,4,5,9,4,5,9
stunned,7,5,4,9,5,4,9
stunning,8,5,2,7,5,3,8
stunningly,10,3,1,4,3,1,4
stuns,5,3,7,10,3,7,10
stunt,5,4,4,8,4,4,8
stunt's,7,4,4,8,4,6,10
stunted,7,6,3,9,6,3,9
stunting,8,6,1,7,6,2,8
stunts,6,3,4,7,3,7,10
stupefaction,12,4,0,4,4,0,4
stupefaction's,14,4,0,4,3,0,3
stupefied,9,4,1,5,4,1,5
stupefies,9,3,1,4,4,0,4
stupefy,7,4,1,5,4,2,6
stupefying,10,6,0,6,6,0,6
stupendous,10,4,0,4,4,1,5
stupendously,12,4,0,4,2,0,2
stupid,6,4,3,7,4,3,7
stupid's,8,6,2,8,5,2,7
stupider,8,6,1,7,6,1,7
stupidest,9,5,1,6,5,1,6
stupidities,11,3,0,3,3,0,3
stupidity,9,4,3,7,4,3,7
stupidity's,11,5,2,7,5,3,8
stupidly,8,5,1,6,4,1,5
stupids,7,5,3,8,5,3,8
stupor,6,3,3,6,3,3,6
stupor's,8,5,3,8,3,3,6
stupors,7,4,4,8,3,6,9
sturdier,8,5,2,7,5,2,7
sturdiest,9,5,3,8,5,1,6
sturdily,8,6,3,9,6,3,9
sturdiness,10,6,3,9,6,2,8
sturdiness's,12,7,3,10,7,2,9
sturdy,6,4,8,12,4,6,10
sturgeon,8,3,2,5,4,1,5
sturgeon's,10,6,1,7,3,0,3
sturgeons,9,4,1,5,3,1,4
stutter,7,5,3,8,4,2,6
stutter's,9,6,3,9,5,0,5
stuttered,9,5,0,5,5,0,5
stutterer,9,3,1,4,4,0,4
stutterer's,11,4,1,5,4,0,4
stutterers,10,3,1,4,4,0,4
stuttering,10,7,0,7,6,0,6
stutters,8,5,3,8,4,0,4
sty,3,2,9,11,2,9,11
sty's,5,3,8,11,3,8,11
stye,4,3,5,8,3,5,8
stye's,6,4,4,8,4,4,8
styes,5,3,3,6,3,3,6
style,5,3,4,7,3,4,7
style's,7,4,4,8,4,4,8
styled,6,3,5,8,3,5,8
styles,6,2,6,8,2,6,8
styli,5,2,4,6,2,4,6
styling,7,4,4,8,4,4,8
stylish,7,4,2,6,3,1,4
stylishly,9,3,1,4,3,1,4
stylishness,11,3,0,3,2,0,2
stylishness's,13,3,0,3,2,0,2
stylist,7,3,2,5,3,1,4
stylist's,9,4,2,6,4,1,5
stylistic,9,4,0,4,3,1,4
stylistically,13,4,0,4,4,0,4
stylists,8,3,2,5,2,1,3
stylize,7,5,1,6,5,3,8
stylized,8,4,2,6,4,2,6
stylizes,8,5,1,6,5,1,6
stylizing,9,5,3,8,5,3,8
stylus,6,3,5,8,2,4,6
stylus's,8,3,3,6,2,1,3
styluses,8,4,0,4,4,0,4
stymie,6,4,3,7,4,3,7
stymie's,8,5,3,8,5,3,8
stymied,7,5,2,7,4,3,7
stymieing,9,3,0,3,3,0,3
stymies,7,4,3,7,4,3,7
stymying,8,5,4,9,5,4,9
styptic,7,3,2,5,3,3,6
styptic's,9,4,3,7,3,3,6
styptics,8,2,4,6,2,4,6
suave,5,4,5,9,4,5,9
suavely,7,5,3,8,3,3,6
suaver,6,5,4,9,4,4,8
suavest,7,4,1,5,4,2,6
suavity,7,4,4,8,4,4,8
suavity's,9,5,3,8,3,3,6
sub,3,3,10,13,3,10,13
sub's,5,4,4,8,4,4,8
subatomic,9,2,2,4,3,1,4
subbasement,11,2,0,2,2,0,2
subbasement's,13,3,0,3,2,1,3
subbasements,12,4,0,4,3,0,3
subbed,6,5,5,10,5,5,10
subbing,7,6,4,10,6,3,9
subclass,8,1,2,3,2,1,3
subcommittee,12,2,0,2,2,0,2
subcommittee's,14,3,0,3,2,0,2
subcommittees,13,4,0,4,2,0,2
subcompact,10,2,2,4,2,2,4
subcompact's,12,4,1,5,3,1,4
subcompacts,11,3,2,5,3,1,4
subconscious,12,2,1,3,2,1,3
subconscious's,14,1,0,1,1,0,1
subconsciously,14,1,0,1,1,0,1
subcontinent,12,3,0,3,3,0,3
subcontinent's,14,4,0,4,3,0,3
subcontinents,13,2,0,2,2,1,3
subcontract,11,2,2,4,2,2,4
subcontract's,13,2,0,2,2,2,4
subcontracted,13,6,0,6,3,1,4
subcontracting,14,2,0,2,3,0,3
subcontractor,13,6,0,6,2,2,4
subcontractor's,15,3,0,3,2,1,3
subcontractors,14,2,1,3,2,2,4
subcontracts,12,3,2,5,4,1,5
subculture,10,3,1,4,2,2,4
subculture's,12,5,0,5,4,0,4
subcultures,11,4,0,4,4,0,4
subcutaneous,12,5,0,5,4,0,4
subdivide,9,3,1,4,3,2,5
subdivided,10,3,0,3,3,0,3
subdivides,10,3,1,4,3,1,4
subdividing,11,5,1,6,2,2,4
subdivision,11,2,0,2,2,0,2
subdivision's,13,3,1,4,2,0,2
subdivisions,12,2,1,3,2,0,2
subdue,6,2,4,6,2,4,6
subdued,7,4,0,4,4,0,4
subdues,7,3,4,7,3,3,6
subduing,8,5,3,8,5,3,8
subgroup,8,3,3,6,3,3,6
subgroup's,10,4,3,7,4,4,8
subgroups,9,3,5,8,3,3,6
subhead,7,4,2,6,4,2,6
subhead's,9,6,2,8,4,3,7
subheading,10,7,1,8,6,1,7
subheading's,12,4,1,5,3,0,3
subheadings,11,3,1,4,3,0,3
subheads,8,4,2,6,4,2,6
subhuman,8,3,2,5,3,2,5
subhuman's,10,4,2,6,3,3,6
subhumans,9,3,4,7,3,2,5
subject,7,6,1,7,3,2,5
subject's,9,5,3,8,6,1,7
subjected,9,6,1,7,7,1,8
subjecting,10,9,0,9,9,0,9
subjection,10,3,0,3,3,0,3
subjection's,12,4,0,4,3,1,4
subjective,10,2,1,3,2,1,3
subjectively,12,4,0,4,5,0,5
subjectivity,12,3,0,3,2,1,3
subjectivity's,14,4,0,4,3,0,3
subjects,8,6,1,7,6,1,7
subjoin,7,3,3,6,3,2,5
subjoined,9,4,2,6,4,2,6
subjoining,10,3,1,4,3,1,4
subjoins,8,4,4,8,3,2,5
subjugate,9,6,0,6,5,1,6
subjugated,10,7,0,7,6,1,7
subjugates,10,6,0,6,5,3,8
subjugating,11,5,0,5,4,1,5
subjugation,11,8,0,8,7,2,9
subjugation's,13,9,0,9,8,2,10
subjunctive,11,3,0,3,3,0,3
subjunctive's,13,4,0,4,3,0,3
subjunctives,12,3,0,3,4,0,4
sublease,8,5,0,5,5,0,5
sublease's,10,6,0,6,6,1,7
subleased,9,6,0,6,6,0,6
subleases,9,5,0,5,5,0,5
subleasing,10,8,0,8,8,0,8
sublet,6,3,5,8,3,5,8
sublet's,8,4,4,8,4,4,8
sublets,7,3,5,8,2,5,7
subletting,10,8,0,8,6,0,6
sublimate,9,5,1,6,5,2,7
sublimated,10,7,0,7,6,1,7
sublimates,10,5,1,6,6,0,6
sublimating,11,3,0,3,3,1,4
sublimation,11,3,0,3,3,1,4
sublimation's,13,6,0,6,3,1,4
sublime,7,4,1,5,4,3,7
sublimed,8,6,1,7,5,1,6
sublimely,9,3,1,4,3,1,4
sublimer,8,4,1,5,4,1,5
sublimes,8,4,1,5,4,1,5
sublimest,9,4,0,4,4,0,4
subliminal,10,2,1,3,2,1,3
subliminally,12,2,1,3,2,1,3
subliming,9,6,2,8,5,3,8
sublimity,9,4,2,6,3,2,5
sublimity's,11,3,2,5,3,2,5
submarine,9,5,0,5,5,0,5
submarine's,11,5,0,5,3,0,3
submarines,10,5,0,5,4,0,4
submerge,8,2,2,4,2,1,3
submerged,9,5,2,7,5,2,7
submergence,11,2,1,3,2,0,2
submergence's,13,3,1,4,2,0,2
submerges,9,4,1,5,2,2,4
submerging,10,4,0,4,5,0,5
submerse,8,4,1,5,4,1,5
submersed,9,5,1,6,5,1,6
submerses,9,4,1,5,4,1,5
submersible,11,2,1,3,2,0,2
submersible's,13,3,0,3,2,0,2
submersibles,12,2,0,2,2,0,2
submersing,10,7,1,8,7,1,8
submersion,10,9,0,9,9,0,9
submersion's,12,10,0,10,10,0,10
submission,10,6,0,6,6,0,6
submission's,12,6,0,6,2,0,2
submissions,11,5,0,5,1,1,2
submissive,10,5,1,6,5,1,6
submit,6,5,2,7,5,2,7
submits,7,5,3,8,4,3,7
submitted,9,6,2,8,5,2,7
submitter,9,4,2,6,5,1,6
submitting,10,6,1,7,4,1,5
subnormal,9,3,2,5,3,2,5
suborbital,10,4,1,5,3,1,4
subordinate,11,3,0,3,4,0,4
subordinate's,13,4,0,4,4,0,4
subordinated,12,3,0,3,3,0,3
subordinates,12,5,0,5,3,0,3
subordinating,13,4,0,4,3,0,3
subordination,13,4,0,4,3,0,3
subordination's,15,2,0,2,3,0,3
suborn,6,3,3,6,3,3,6
subornation,11,3,0,3,3,1,4
subornation's,13,3,0,3,3,1,4
suborned,8,5,2,7,5,0,5
suborning,9,4,1,5,4,1,5
suborns,7,3,4,7,3,4,7
subplot,7,2,4,6,2,4,6
subplot's,9,4,2,6,5,2,7
subplots,8,4,3,7,3,3,6
subpoena,8,2,3,5,3,2,5
subpoena's,10,4,0,4,3,1,4
subpoenaed,10,2,1,3,2,1,3
subpoenaing,11,6,0,6,3,0,3
subpoenas,9,3,1,4,2,3,5
subprime,8,6,1,7,6,2,8
subprogram,10,3,2,5,3,2,5
subprograms,11,4,2,6,3,1,4
subroutine,10,6,0,6,4,1,5
subroutine's,12,5,0,5,4,0,4
subroutines,11,4,0,4,4,0,4
subs,4,3,4,7,3,4,7
subscribe,9,4,0,4,3,1,4
subscribed,10,4,0,4,3,0,3
subscriber,10,4,1,5,5,0,5
subscriber's,12,2,0,2,2,0,2
subscribers,11,4,2,6,5,1,6
subscribes,10,4,0,4,3,0,3
subscribing,11,2,0,2,2,0,2
subscript,9,3,1,4,3,1,4
subscript's,11,3,1,4,2,0,2
subscription,12,3,0,3,3,0,3
subscription's,14,4,0,4,3,0,3
subscriptions,13,2,1,3,2,0,2
subscripts,10,2,1,3,1,2,3
subsection,10,2,0,2,2,0,2
subsection's,12,5,0,5,3,0,3
subsections,11,2,0,2,2,0,2
subsequent,10,2,0,2,2,0,2
subsequently,12,2,0,2,2,0,2
subservience,12,3,0,3,3,0,3
subservience's,14,4,0,4,3,0,3
subservient,11,2,0,2,2,0,2
subset,6,5,2,7,5,2,7
subset's,8,6,0,6,6,0,6
subsets,7,5,0,5,5,0,5
subside,7,3,0,3,3,2,5
subsided,8,3,0,3,3,0,3
subsidence,10,2,0,2,2,0,2
subsidence's,12,2,0,2,2,0,2
subsides,8,3,0,3,3,0,3
subsidiaries,12,2,0,2,2,0,2
subsidiary,10,3,1,4,3,1,4
subsidiary's,12,2,0,2,2,0,2
subsidies,9,2,2,4,3,0,3
subsiding,9,2,1,3,2,1,3
subsidization,13,4,0,4,3,0,3
subsidization's,15,3,0,3,3,0,3
subsidize,9,4,1,5,3,1,4
subsidized,10,2,1,3,2,1,3
subsidizes,10,5,0,5,5,0,5
subsidizing,11,3,0,3,3,0,3
subsidy,7,4,1,5,4,1,5
subsidy's,9,5,1,6,5,1,6
subsist,7,1,0,1,1,1,2
subsisted,9,6,0,6,6,0,6
subsistence,11,1,0,1,1,0,1
subsistence's,13,1,0,1,1,0,1
subsisting,10,1,0,1,1,0,1
subsists,8,2,1,3,2,1,3
subsoil,7,4,1,5,4,1,5
subsoil's,9,5,1,6,5,1,6
subsonic,8,3,0,3,3,1,4
subspace,8,2,2,4,3,2,5
substance,9,5,0,5,5,0,5
substance's,11,3,0,3,4,0,4
substances,10,4,1,5,4,1,5
substandard,11,2,1,3,2,1,3
substantial,11,7,0,7,4,0,4
substantially,13,5,0,5,3,0,3
substantiate,12,3,0,3,3,0,3
substantiated,13,5,0,5,3,0,3
substantiates,13,3,0,3,3,0,3
substantiating,14,2,0,2,4,0,4
substantiation,14,2,0,2,4,0,4
substantiation's,16,1,0,1,1,0,1
substantiations,15,2,0,2,2,0,2
substantive,11,7,0,7,4,0,4
substantive's,13,3,0,3,3,0,3
substantives,12,2,0,2,2,0,2
substation,10,3,1,4,3,1,4
substation's,12,5,0,5,3,0,3
substations,11,3,1,4,2,0,2
substitute,10,2,0,2,2,0,2
substitute's,12,2,0,2,2,0,2
substituted,11,2,0,2,2,0,2
substitutes,11,2,0,2,2,0,2
substituting,12,3,0,3,6,0,6
substitution,12,3,0,3,6,0,6
substitution's,14,2,1,3,2,0,2
substitutions,13,2,1,3,2,0,2
substrata,9,1,2,3,1,2,3
substrate,9,5,0,5,3,0,3
substratum,10,2,1,3,2,1,3
substratum's,12,4,1,5,2,1,3
substratums,11,2,1,3,2,0,2
substructure,12,2,0,2,2,0,2
substructure's,14,3,0,3,2,0,2
substructures,13,3,0,3,2,1,3
subsume,7,3,0,3,3,4,7
subsumed,8,2,1,3,3,0,3
subsumes,8,3,0,3,3,0,3
subsuming,9,3,1,4,3,1,4
subsystem,9,5,1,6,5,1,6
subsystem's,11,1,0,1,1,0,1
subsystems,10,1,0,1,1,0,1
subteen,7,4,1,5,4,1,5
subteen's,9,5,1,6,5,1,6
subteens,8,4,1,5,4,1,5
subterfuge,10,4,0,4,4,0,4
subterfuge's,12,4,0,4,4,0,4
subterfuges,11,2,0,2,2,0,2
subterranean,12,4,0,4,5,0,5
subtitle,8,3,0,3,3,2,5
subtitle's,10,5,1,6,5,1,6
subtitled,9,6,2,8,5,2,7
subtitles,9,3,1,4,3,2,5
subtitling,10,6,1,7,4,1,5
subtle,6,4,3,7,4,3,7
subtler,7,6,3,9,5,2,7
subtlest,8,3,1,4,4,0,4
subtleties,10,3,1,4,3,0,3
subtlety,8,3,2,5,3,2,5
subtlety's,10,4,2,6,3,1,4
subtly,6,5,4,9,4,5,9
subtotal,8,3,2,5,3,2,5
subtotal's,10,4,2,6,3,2,5
subtotaled,10,5,0,5,4,0,4
subtotaling,11,6,0,6,5,1,6
subtotalled,11,3,1,4,4,0,4
subtotalling,12,4,1,5,3,1,4
subtotals,9,3,2,5,3,2,5
subtract,8,3,3,6,3,3,6
subtracted,10,6,0,6,4,0,4
subtracting,11,6,1,7,5,1,6
subtraction,11,5,0,5,4,1,5
subtraction's,13,2,0,2,4,1,5
subtractions,12,4,2,6,3,1,4
subtracts,9,3,4,7,3,3,6
subtrahend,10,3,0,3,3,0,3
subtrahend's,12,4,0,4,4,0,4
subtrahends,11,3,1,4,3,0,3
subtropical,11,3,1,4,3,1,4
suburb,6,2,4,6,2,4,6
suburb's,8,3,4,7,2,4,6
suburban,8,3,2,5,3,2,5
suburban's,10,4,2,6,3,3,6
suburbanite,11,3,0,3,4,0,4
suburbanite's,13,4,0,4,4,0,4
suburbanites,12,5,0,5,4,0,4
suburbans,9,3,4,7,3,2,5
suburbia,8,3,1,4,3,1,4
suburbia's,10,4,1,5,3,2,5
suburbs,7,2,5,7,2,5,7
subversion,10,8,1,9,8,1,9
subversion's,12,9,1,10,9,1,10
subversive,10,2,1,3,2,1,3
subversive's,12,2,0,2,2,0,2
subversives,11,1,1,2,2,0,2
subvert,7,5,2,7,3,1,4
subverted,9,4,2,6,6,2,8
subverting,10,8,1,9,8,1,9
subverts,8,5,2,7,5,2,7
subway,6,3,3,6,4,4,8
subway's,8,4,3,7,5,4,9
subways,7,3,4,7,3,4,7
succeed,7,2,1,3,2,1,3
succeeded,9,2,0,2,2,0,2
succeeding,10,2,0,2,2,0,2
succeeds,8,2,1,3,2,1,3
success,7,2,1,3,2,1,3
success's,9,3,1,4,3,1,4
successes,9,2,0,2,2,0,2
successful,10,2,0,2,2,0,2
successfully,12,4,0,4,3,0,3
succession,10,4,0,4,5,0,5
succession's,12,6,0,6,2,0,2
successions,11,5,0,5,5,0,5
successive,10,4,0,4,5,0,5
successively,12,4,0,4,3,0,3
successor,9,3,0,3,3,0,3
successor's,11,2,0,2,5,0,5
successors,10,3,0,3,1,1,2
succinct,8,3,2,5,4,3,7
succincter,10,3,2,5,4,1,5
succinctest,11,2,0,2,2,0,2
succinctly,10,3,1,4,2,2,4
succinctness,12,3,0,3,3,0,3
succinctness's,14,3,0,3,3,0,3
succor,6,4,4,8,4,4,8
succor's,8,5,3,8,4,4,8
succored,8,4,2,6,4,0,4
succoring,9,5,2,7,5,2,7
succors,7,4,4,8,3,4,7
succotash,9,2,2,4,2,0,2
succotash's,11,4,1,5,2,1,3
succulence,10,4,0,4,3,0,3
succulence's,12,4,0,4,4,0,4
succulent,9,5,0,5,4,1,5
succulent's,11,3,1,4,3,0,3
succulents,10,3,1,4,3,1,4
succumb,7,3,4,7,3,4,7
succumbed,9,4,3,7,4,3,7
succumbing,10,5,2,7,5,3,8
succumbs,8,3,5,8,3,4,7
such,4,4,5,9,4,5,9
suchlike,8,3,3,6,4,3,7
suck,4,3,6,9,3,6,9
suck's,6,5,4,9,5,4,9
sucked,6,6,4,10,4,9,13
sucker,6,5,7,12,4,9,13
sucker's,8,6,4,10,5,5,10
suckered,8,6,1,7,5,3,8
suckering,9,8,0,8,7,2,9
suckers,7,5,4,9,5,6,11
sucking,7,7,3,10,7,4,11
suckle,6,5,6,11,4,7,11
suckled,7,4,3,7,4,3,7
suckles,7,3,4,7,3,3,6
suckling,8,6,3,9,6,3,9
suckling's,10,5,3,8,3,3,6
sucklings,9,4,4,8,2,4,6
sucks,5,4,5,9,4,5,9
sucrose,7,5,0,5,4,3,7
sucrose's,9,2,2,4,2,2,4
suction,7,3,2,5,3,2,5
suction's,9,4,2,6,3,3,6
suctioned,9,6,2,8,5,2,7
suctioning,10,4,1,5,4,1,5
suctions,8,4,3,7,4,2,6
sudden,6,4,4,8,4,4,8
suddenly,8,4,2,6,4,0,4
suddenness,10,5,0,5,5,0,5
suddenness's,12,6,0,6,5,0,5
suds,4,3,5,8,3,5,8
suds's,6,2,3,5,2,3,5
sudsier,7,2,1,3,2,1,3
sudsiest,8,4,0,4,2,0,2
sudsy,5,2,1,3,1,3,4
sue,3,3,3,6,3,3,6
sued,4,3,4,7,3,3,6
suede,5,3,2,5,3,2,5
suede's,7,4,3,7,4,2,6
sues,4,2,2,4,2,1,3
suet,4,3,3,6,3,2,5
suet's,6,3,0,3,3,0,3
suffer,6,4,9,13,4,9,13
sufferance,10,5,0,5,4,1,5
sufferance's,12,6,0,6,4,1,5
suffered,8,6,2,8,6,1,7
sufferer,8,3,1,4,4,1,5
sufferer's,10,4,0,4,3,0,3
sufferers,9,3,0,3,3,0,3
suffering,9,8,1,9,8,0,8
suffering's,11,5,1,6,3,2,5
sufferings,10,3,2,5,3,2,5
suffers,7,5,5,10,5,4,9
suffice,7,3,3,6,3,4,7
sufficed,8,7,0,7,7,3,10
suffices,8,6,1,7,6,1,7
sufficiency,11,3,0,3,2,1,3
sufficiency's,13,2,2,4,3,0,3
sufficient,10,3,0,3,3,0,3
sufficiently,12,3,0,3,3,0,3
sufficing,9,7,1,8,7,1,8
suffix,6,2,4,6,2,4,6
suffix's,8,5,2,7,3,3,6
suffixed,8,6,1,7,6,4,10
suffixes,8,5,2,7,5,2,7
suffixing,9,6,2,8,6,2,8
suffocate,9,7,0,7,6,0,6
suffocated,10,6,1,7,7,0,7
suffocates,10,7,0,7,7,1,8
suffocating,11,7,0,7,6,1,7
suffocation,11,4,0,4,5,1,6
suffocation's,13,4,0,4,4,1,5
suffragan,9,2,3,5,2,3,5
suffragan's,11,3,3,6,2,3,5
suffragans,10,2,4,6,2,2,4
suffrage,8,3,2,5,3,2,5
suffrage's,10,5,0,5,5,0,5
suffragette,11,2,1,3,2,0,2
suffragette's,13,4,0,4,2,0,2
suffragettes,12,2,0,2,2,0,2
suffragist,10,2,1,3,2,1,3
suffragist's,12,3,1,4,2,1,3
suffragists,11,2,1,3,2,1,3
suffuse,7,3,0,3,3,4,7
suffused,8,3,1,4,2,1,3
suffuses,8,3,0,3,3,0,3
suffusing,9,4,0,4,5,1,6
suffusion,9,4,0,4,5,1,6
suffusion's,11,6,0,6,4,1,5
sugar,5,3,3,6,3,3,6
sugar's,7,4,3,7,4,3,7
sugarcane,9,3,0,3,3,0,3
sugarcane's,11,4,0,4,4,0,4
sugarcoat,9,3,2,5,3,2,5
sugarcoated,11,3,1,4,5,0,5
sugarcoating,12,4,1,5,3,1,4
sugarcoats,10,2,2,4,3,1,4
sugared,7,6,0,6,6,0,6
sugarier,8,5,1,6,5,0,5
sugariest,9,5,0,5,5,0,5
sugaring,8,5,0,5,4,1,5
sugarless,9,3,2,5,3,2,5
sugars,6,3,4,7,3,3,6
sugary,6,4,1,5,4,1,5
suggest,7,3,4,7,4,3,7
suggested,9,3,2,5,6,0,6
suggester,9,4,2,6,5,1,6
suggestible,11,2,0,2,2,0,2
suggesting,10,3,1,4,3,0,3
suggestion,10,4,0,4,3,0,3
suggestion's,12,4,0,4,4,0,4
suggestions,11,4,1,5,4,0,4
suggestive,10,2,0,2,2,0,2
suggestively,12,3,0,3,2,0,2
suggests,8,2,1,3,2,1,3
suicidal,8,3,0,3,3,1,4
suicide,7,3,3,6,3,2,5
suicide's,9,4,3,7,3,4,7
suicides,8,3,0,3,3,0,3
suing,5,5,6,11,5,6,11
suit,4,3,9,12,3,9,12
suit's,6,4,8,12,4,8,12
suitability,11,2,0,2,2,1,3
suitability's,13,2,0,2,2,1,3
suitable,8,4,0,4,5,0,5
suitably,8,5,1,6,3,1,4
suitcase,8,4,1,5,4,2,6
suitcase's,10,5,1,6,2,0,2
suitcases,9,4,1,5,4,0,4
suite,5,4,6,10,4,6,10
suite's,7,4,5,9,4,5,9
suited,6,4,6,10,4,6,10
suites,6,4,7,11,4,7,11
suiting,7,5,4,9,5,4,9
suiting's,9,3,3,6,2,3,5
suitor,6,3,4,7,4,4,8
suitor's,8,4,4,8,5,4,9
suitors,7,3,3,6,3,3,6
suits,5,3,6,9,3,6,9
sukiyaki,8,2,0,2,2,1,3
sukiyaki's,10,4,2,6,4,2,6
sulfate,7,4,0,4,6,0,6
sulfate's,9,5,0,5,5,1,6
sulfates,8,4,1,5,4,2,6
sulfide,7,3,2,5,4,2,6
sulfide's,9,5,1,6,4,2,6
sulfides,8,4,1,5,4,1,5
sulfur,6,2,4,6,2,4,6
sulfur's,8,3,4,7,3,6,9
sulfured,8,5,2,7,4,0,4
sulfuric,8,3,2,5,3,2,5
sulfuring,9,5,2,7,5,2,7
sulfurous,9,3,2,5,3,2,5
sulfurs,7,2,5,7,2,5,7
sulk,4,3,7,10,3,7,10
sulk's,6,4,5,9,4,5,9
sulked,6,5,5,10,4,6,10
sulkier,7,6,3,9,5,4,9
sulkies,7,5,3,8,4,0,4
sulkiest,8,6,2,8,6,2,8
sulkily,7,4,4,8,3,4,7
sulkiness,9,6,2,8,6,2,8
sulkiness's,11,7,2,9,7,2,9
sulking,7,6,4,10,6,5,11
sulks,5,3,6,9,3,6,9
sulky,5,4,4,8,3,4,7
sulky's,7,3,4,7,3,4,7
sullen,6,3,5,8,4,4,8
sullener,8,4,2,6,5,1,6
sullenest,9,3,0,3,4,0,4
sullenly,8,4,1,5,3,0,3
sullenness,10,4,1,5,4,1,5
sullenness's,12,5,1,6,4,1,5
sullied,7,4,2,6,5,2,7
sullies,7,5,3,8,4,1,5
sully,5,4,4,8,3,4,7
sullying,8,6,3,9,6,3,9
sulphur,7,2,4,6,2,4,6
sulphur's,9,3,4,7,2,4,6
sulphured,9,4,0,4,4,0,4
sulphuring,10,5,3,8,5,3,8
sulphurous,10,3,2,5,3,2,5
sulphurs,8,2,5,7,2,4,6
sultan,6,4,2,6,5,2,7
sultan's,8,5,2,7,5,2,7
sultana,7,2,2,4,2,2,4
sultana's,9,3,1,4,3,1,4
sultanas,8,2,2,4,2,1,3
sultanate,9,3,0,3,3,0,3
sultanate's,11,4,0,4,3,1,4
sultanates,10,3,0,3,3,1,4
sultans,7,4,3,7,4,3,7
sultrier,8,4,2,6,4,1,5
sultriest,9,4,0,4,3,0,3
sultry,6,4,4,8,4,4,8
sum,3,3,10,13,3,10,13
sum's,5,4,5,9,4,5,9
sumac,5,3,3,6,3,3,6
sumac's,7,4,3,7,4,3,7
sumach,6,3,2,5,3,3,6
sumach's,8,4,2,6,4,3,7
summaries,9,3,1,4,5,1,6
summarily,9,3,2,5,4,2,6
summarize,9,5,0,5,5,0,5
summarized,10,6,0,6,6,1,7
summarizes,10,5,0,5,4,0,4
summarizing,11,4,1,5,5,1,6
summary,7,3,2,5,3,2,5
summary's,9,4,3,7,4,1,5
summation,9,6,1,7,4,1,5
summation's,11,5,1,6,4,1,5
summations,10,3,2,5,4,1,5
summed,6,5,6,11,5,6,11
summer,6,5,4,9,5,4,9
summer's,8,6,3,9,5,2,7
summered,8,5,3,8,6,2,8
summerhouse,11,2,1,3,2,1,3
summerhouse's,13,3,0,3,2,0,2
summerhouses,12,2,0,2,2,0,2
summering,9,7,2,9,8,1,9
summers,7,5,3,8,5,3,8
summertime,10,4,1,5,5,0,5
summertime's,12,5,1,6,5,0,5
summery,7,4,3,7,5,1,6
summing,7,6,5,11,6,5,11
summit,6,5,2,7,5,2,7
summit's,8,4,3,7,4,2,6
summitry,8,3,1,4,4,4,8
summitry's,10,4,3,7,3,3,6
summits,7,5,3,8,4,3,7
summon,6,3,5,8,3,5,8
summoned,8,6,4,10,5,4,9
summoner,8,4,3,7,4,1,5
summoner's,10,5,1,6,5,1,6
summoners,9,5,2,7,4,1,5
summoning,9,6,1,7,5,1,6
summons,7,3,5,8,3,5,8
summons's,9,2,2,4,2,2,4
summonsed,9,5,0,5,5,0,5
summonses,9,3,1,4,3,1,4
summonsing,10,3,0,3,3,0,3
sumo,4,2,6,8,2,6,8
sumo's,6,3,3,6,3,4,7
sump,4,3,8,11,3,8,11
sump's,6,4,7,11,4,7,11
sumps,5,3,6,9,3,6,9
sumptuous,9,3,2,5,3,2,5
sums,4,3,6,9,3,6,9
sun,3,3,11,14,3,11,14
sun's,5,4,6,10,4,6,10
sunbathe,8,4,1,5,3,1,4
sunbathed,9,5,1,6,5,1,6
sunbather,9,4,1,5,4,1,5
sunbather's,11,6,0,6,5,1,6
sunbathers,10,4,1,5,4,1,5
sunbathes,9,4,0,4,4,2,6
sunbathing,10,3,1,4,3,1,4
sunbathing's,12,4,1,5,3,1,4
sunbeam,7,6,1,7,5,2,7
sunbeam's,9,7,0,7,5,1,6
sunbeams,8,4,1,5,5,2,7
sunblock,8,3,3,6,3,3,6
sunblock's,10,4,2,6,4,2,6
sunblocks,9,3,3,6,5,2,7
sunbonnet,9,2,3,5,3,3,6
sunbonnet's,11,3,2,5,3,1,4
sunbonnets,10,2,2,4,2,2,4
sunburn,7,3,4,7,2,5,7
sunburn's,9,3,4,7,2,4,6
sunburned,9,5,0,5,5,0,5
sunburning,10,3,1,4,3,1,4
sunburns,8,3,5,8,4,5,9
sunburnt,8,2,4,6,2,4,6
sundae,6,3,2,5,3,2,5
sundae's,8,4,1,5,4,1,5
sundaes,7,3,2,5,3,1,4
sunder,6,4,7,11,4,7,11
sundered,8,4,2,6,4,1,5
sundering,9,3,0,3,3,0,3
sunders,7,5,6,11,4,7,11
sundial,7,3,1,4,3,1,4
sundial's,9,5,1,6,3,1,4
sundials,8,2,4,6,3,2,5
sundown,7,4,4,8,4,4,8
sundown's,9,5,3,8,5,3,8
sundowns,8,4,4,8,3,5,8
sundries,8,5,1,6,4,2,6
sundries's,10,3,1,4,3,0,3
sundry,6,3,5,8,3,5,8
sunfish,7,4,1,5,3,3,6
sunfish's,9,5,0,5,5,0,5
sunfishes,9,1,1,2,1,1,2
sunflower,9,3,2,5,3,2,5
sunflower's,11,5,1,6,4,2,6
sunflowers,10,3,2,5,4,1,5
sung,4,4,4,8,4,4,8
sunglasses,10,2,1,3,3,0,3
sunglasses's,12,1,0,1,1,0,1
sunk,4,3,5,8,3,5,8
sunken,6,3,2,5,3,2,5
sunlamp,7,3,2,5,3,2,5
sunlamp's,9,4,2,6,4,1,5
sunlamps,8,3,3,6,3,3,6
sunless,7,3,0,3,3,0,3
sunlight,8,6,2,8,6,2,8
sunlight's,10,7,4,11,7,4,11
sunlit,6,4,3,7,4,3,7
sunned,6,5,7,12,5,7,12
sunnier,7,5,4,9,6,3,9
sunniest,8,5,3,8,5,3,8
sunning,7,3,1,4,3,1,4
sunny,5,3,5,8,2,5,7
sunrise,7,4,1,5,5,2,7
sunrise's,9,5,2,7,5,2,7
sunrises,8,4,0,4,4,0,4
sunroof,7,2,3,5,2,3,5
sunroof's,9,3,2,5,2,2,4
sunroofs,8,2,3,5,2,3,5
suns,4,3,7,10,3,7,10
sunscreen,9,2,0,2,2,0,2
sunscreen's,11,2,0,2,2,1,3
sunscreens,10,2,0,2,2,0,2
sunset,6,4,3,7,4,3,7
sunset's,8,5,1,6,5,1,6
sunsets,7,4,1,5,4,1,5
sunshine,8,4,0,4,3,0,3
sunshine's,10,4,0,4,3,0,3
sunspot,7,2,2,4,2,2,4
sunspot's,9,3,2,5,3,2,5
sunspots,8,1,2,3,1,2,3
sunstroke,9,3,1,4,5,0,5
sunstroke's,11,3,0,3,4,0,4
suntan,6,3,1,4,3,1,4
suntan's,8,4,1,5,4,1,5
suntanned,9,5,1,6,5,1,6
suntanning,10,3,1,4,3,1,4
suntans,7,3,2,5,3,2,5
sunup,5,2,4,6,2,4,6
sunup's,7,3,4,7,3,4,7
sup,3,3,10,13,3,10,13
sup's,5,3,7,10,3,7,10
super,5,3,4,7,3,4,7
super's,7,4,3,7,4,3,7
superabundance,14,2,0,2,2,1,3
superabundance's,16,3,0,3,2,1,3
superabundances,15,2,0,2,2,1,3
superabundant,13,2,0,2,3,1,4
superannuate,12,2,0,2,2,0,2
superannuated,13,3,0,3,3,1,4
superannuates,13,3,0,3,2,0,2
superannuating,14,2,0,2,3,0,3
superb,6,3,1,4,4,3,7
superber,8,3,1,4,3,0,3
superbest,9,4,0,4,4,0,4
superbly,8,5,2,7,5,2,7
supercharge,11,2,1,3,3,0,3
supercharged,12,7,0,7,3,0,3
supercharger,12,7,0,7,3,0,3
supercharger's,14,3,0,3,2,0,2
superchargers,13,2,1,3,3,0,3
supercharges,12,5,0,5,3,0,3
supercharging,13,4,0,4,4,0,4
supercilious,12,3,0,3,3,0,3
supercomputer,13,2,2,4,3,1,4
supercomputer's,15,2,1,3,2,1,3
supercomputers,14,2,1,3,2,0,2
superconductivity,17,2,0,2,2,0,2
superconductivity's,19,1,0,1,1,0,1
superconductor,14,2,0,2,2,1,3
superconductor's,16,3,0,3,2,1,3
superconductors,15,2,0,2,2,1,3
superego,8,3,1,4,3,1,4
superego's,10,3,0,3,3,0,3
superegos,9,3,0,3,3,0,3
superficial,11,3,1,4,4,0,4
superficiality,14,2,1,3,2,0,2
superficiality's,16,3,1,4,2,0,2
superficially,13,5,0,5,2,0,2
superfluity,11,3,1,4,3,1,4
superfluity's,13,4,0,4,4,0,4
superfluous,11,2,1,3,2,1,3
superhighway,12,3,0,3,3,0,3
superhighway's,14,4,0,4,2,1,3
superhighways,13,2,1,3,4,0,4
superhuman,10,3,0,3,3,1,4
superimpose,11,2,1,3,2,1,3
superimposed,12,2,0,2,1,1,2
superimposes,12,2,0,2,2,0,2
superimposing,13,1,0,1,1,0,1
superintend,11,3,0,3,2,0,2
superintended,13,2,1,3,2,0,2
superintendence,15,7,0,7,3,0,3
superintendence's,17,6,0,6,2,0,2
superintendency,15,7,0,7,3,0,3
superintendency's,17,6,0,6,2,0,2
superintendent,14,5,0,5,2,0,2
superintendent's,16,3,0,3,2,0,2
superintendents,15,2,0,2,2,0,2
superintending,14,5,0,5,2,0,2
superintends,12,6,0,6,6,0,6
superior,8,3,1,4,4,0,4
superior's,10,6,0,6,4,0,4
superiority,11,2,1,3,3,0,3
superiority's,13,3,0,3,3,0,3
superiors,9,3,0,3,3,0,3
superlative,11,4,1,5,3,0,3
superlative's,13,3,1,4,3,0,3
superlatively,13,2,0,2,3,0,3
superlatives,12,5,0,5,3,0,3
superman,8,6,1,7,6,1,7
superman's,10,5,1,6,6,1,7
supermarket,11,6,1,7,3,0,3
supermarket's,13,3,0,3,3,0,3
supermarkets,12,3,0,3,3,0,3
supermen,8,3,1,4,3,0,3
supermodel,10,3,0,3,3,0,3
supermodel's,12,6,0,6,5,1,6
supermodels,11,5,0,5,4,0,4
supernatural,12,3,0,3,3,0,3
supernaturals,13,4,0,4,3,0,3
supernova,9,6,2,8,3,1,4
supernova's,11,7,2,9,4,1,5
supernovae,10,3,0,3,3,0,3
supernovas,10,3,1,4,6,1,7
supernumeraries,15,6,0,6,2,0,2
supernumerary,13,3,0,3,2,1,3
supernumerary's,15,6,0,6,2,1,3
superpower,10,3,0,3,3,0,3
superpower's,12,3,0,3,3,0,3
superpowers,11,3,0,3,3,0,3
supers,6,3,4,7,3,4,7
superscript,11,3,0,3,3,0,3
superscript's,13,3,0,3,2,0,2
superscripts,12,4,0,4,3,0,3
supersede,9,2,1,3,2,0,2
superseded,10,2,0,2,2,0,2
supersedes,10,1,2,3,2,0,2
superseding,11,2,0,2,2,0,2
supersize,9,4,0,4,2,0,2
supersized,10,2,0,2,2,0,2
supersizes,10,3,0,3,2,0,2
supersizing,11,3,0,3,3,0,3
supersonic,10,3,0,3,3,0,3
superstar,9,2,1,3,3,0,3
superstar's,11,4,1,5,3,0,3
superstars,10,3,1,4,2,0,2
superstition,12,2,0,2,2,0,2
superstition's,14,2,0,2,2,0,2
superstitions,13,5,0,5,4,0,4
superstitious,13,5,0,5,4,0,4
superstitiously,15,1,0,1,1,0,1
superstructure,14,3,0,3,2,1,3
superstructure's,16,2,0,2,2,1,3
superstructures,15,2,0,2,2,0,2
supertanker,11,6,1,7,3,0,3
supertanker's,13,3,0,3,3,0,3
supertankers,12,3,0,3,3,0,3
supervene,9,3,0,3,3,0,3
supervened,10,2,0,2,2,0,2
supervenes,10,2,0,2,2,0,2
supervening,11,5,0,5,2,0,2
supervise,9,2,0,2,2,1,3
supervised,10,5,0,5,3,0,3
supervises,10,2,0,2,3,0,3
supervising,11,3,0,3,8,0,8
supervision,11,3,0,3,8,0,8
supervision's,13,3,0,3,2,0,2
supervisions,12,2,0,2,2,0,2
supervisor,10,5,0,5,3,0,3
supervisor's,12,2,0,2,2,0,2
supervisors,11,3,1,4,3,1,4
supervisory,11,4,0,4,3,0,3
supine,6,3,3,6,5,1,6
supped,6,4,8,12,5,8,13
supper,6,4,8,12,5,8,13
supper's,8,5,5,10,6,4,10
suppers,7,4,7,11,5,5,10
supping,7,6,6,12,6,6,12
supplant,8,5,2,7,4,2,6
supplanted,10,5,1,6,6,0,6
supplanting,11,6,0,6,4,1,5
supplants,9,5,4,9,4,2,6
supple,6,4,7,11,5,6,11
supplement,10,2,0,2,2,0,2
supplement's,12,2,0,2,2,0,2
supplemental,12,2,0,2,2,0,2
supplementary,13,3,0,3,2,1,3
supplemented,12,2,0,2,2,0,2
supplementing,13,2,1,3,4,0,4
supplements,11,2,1,3,2,1,3
suppleness,10,4,1,5,4,1,5
suppleness's,12,5,1,6,5,1,6
suppler,7,5,4,9,4,4,8
supplest,8,4,2,6,4,2,6
suppliant,9,3,1,4,3,1,4
suppliant's,11,5,1,6,3,2,5
suppliants,10,3,3,6,4,1,5
supplicant,10,3,1,4,3,1,4
supplicant's,12,4,1,5,3,1,4
supplicants,11,2,3,5,3,2,5
supplicate,10,3,0,3,3,0,3
supplicated,11,3,0,3,5,0,5
supplicates,11,5,0,5,4,0,4
supplicating,12,4,1,5,4,1,5
supplication,12,3,1,4,3,1,4
supplication's,14,4,1,5,3,1,4
supplications,13,3,0,3,3,1,4
supplied,8,3,2,5,4,1,5
supplier,8,5,1,6,5,2,7
supplier's,10,6,0,6,6,0,6
suppliers,9,5,1,6,5,0,5
supplies,8,4,2,6,5,1,6
supply,6,4,5,9,5,4,9
supply's,8,3,4,7,2,4,6
supplying,9,5,1,6,5,1,6
support,7,3,5,8,3,5,8
support's,9,4,4,8,4,4,8
supportable,11,3,1,4,3,0,3
supported,9,5,0,5,5,0,5
supporter,9,3,0,3,3,0,3
supporter's,11,4,0,4,3,0,3
supporters,10,3,0,3,3,0,3
supporting,10,5,3,8,5,2,7
supportive,10,6,0,6,3,2,5
supports,8,4,3,7,4,3,7
suppose,7,3,1,4,5,2,7
supposed,8,3,1,4,2,1,3
supposedly,10,2,0,2,2,0,2
supposes,8,3,1,4,3,1,4
supposing,9,4,0,4,3,1,4
supposition,11,5,1,6,2,1,3
supposition's,13,4,0,4,2,0,2
suppositions,12,2,0,2,2,0,2
suppositories,13,7,0,7,2,0,2
suppository,11,5,1,6,2,1,3
suppository's,13,7,0,7,2,1,3
suppress,8,2,2,4,2,2,4
suppressed,10,2,0,2,2,0,2
suppresses,10,2,1,3,3,0,3
suppressing,11,3,0,3,7,0,7
suppression,11,2,0,2,7,0,7
suppression's,13,1,0,1,1,0,1
suppurate,9,5,1,6,6,0,6
suppurated,10,6,1,7,7,0,7
suppurates,10,5,1,6,6,2,8
suppurating,11,7,0,7,5,2,7
suppuration,11,7,1,8,8,1,9
suppuration's,13,8,1,9,9,1,10
supranational,13,2,0,2,3,0,3
supremacist,11,4,0,4,3,0,3
supremacist's,13,2,1,3,1,1,2
supremacists,12,2,0,2,2,0,2
supremacy,9,3,2,5,3,2,5
supremacy's,11,5,0,5,4,0,4
supreme,7,3,1,4,3,2,5
supremely,9,2,1,3,3,1,4
sups,4,2,8,10,2,8,10
surcease,8,3,1,4,3,1,4
surcease's,10,5,1,6,5,2,7
surceased,9,4,1,5,4,1,5
surceases,9,3,1,4,3,1,4
surceasing,10,6,1,7,6,1,7
surcharge,9,3,1,4,4,0,4
surcharge's,11,5,0,5,3,0,3
surcharged,10,6,0,6,3,3,6
surcharges,10,4,0,4,3,1,4
surcharging,11,4,0,4,4,1,5
sure,4,3,5,8,3,5,8
surefire,8,3,2,5,3,2,5
surefooted,10,4,0,4,4,0,4
surely,6,5,2,7,5,2,7
sureness,8,4,2,6,4,2,6
sureness's,10,5,2,7,5,2,7
surer,5,3,1,4,3,1,4
surest,6,4,3,7,4,3,7
sureties,8,4,1,5,4,1,5
surety,6,4,3,7,4,3,7
surety's,8,4,2,6,4,2,6
surf,4,2,9,11,2,9,11
surf's,6,3,8,11,3,8,11
surface,7,6,2,8,5,1,6
surface's,9,5,1,6,7,1,8
surfaced,8,7,2,9,5,2,7
surfaces,8,3,2,5,3,3,6
surfacing,9,8,2,10,6,3,9
surfboard,9,3,2,5,3,2,5
surfboard's,11,5,2,7,4,1,5
surfboarded,11,3,1,4,4,0,4
surfboarding,12,4,1,5,3,1,4
surfboards,10,4,2,6,3,2,5
surfed,6,6,2,8,6,2,8
surfeit,7,5,2,7,3,1,4
surfeit's,9,4,3,7,5,2,7
surfeited,9,4,2,6,4,2,6
surfeiting,10,5,0,5,4,0,4
surfeits,8,5,2,7,4,2,6
surfer,6,4,4,8,4,4,8
surfer's,8,4,1,5,4,1,5
surfers,7,3,2,5,3,2,5
surfing,7,5,7,12,5,7,12
surfing's,9,3,4,7,3,4,7
surfs,5,2,7,9,2,7,9
surge,5,4,4,8,4,4,8
surge's,7,5,4,9,5,4,9
surged,6,5,3,8,5,3,8
surgeon,7,4,3,7,5,0,5
surgeon's,9,5,0,5,5,1,6
surgeons,8,4,3,7,2,4,6
surgeries,9,4,1,5,4,0,4
surgery,7,4,1,5,4,1,5
surgery's,9,5,2,7,5,2,7
surges,6,3,1,4,3,1,4
surgical,8,7,2,9,6,2,8
surgically,10,6,1,7,3,1,4
surging,7,4,2,6,4,2,6
surlier,7,4,1,5,4,1,5
surliest,8,6,2,8,6,2,8
surliness,9,6,2,8,6,2,8
surliness's,11,7,2,9,7,2,9
surly,5,4,4,8,3,4,7
surmise,7,4,0,4,5,2,7
surmise's,9,4,2,6,5,2,7
surmised,8,3,0,3,3,0,3
surmises,8,4,0,4,4,0,4
surmising,9,2,0,2,2,1,3
surmount,8,5,3,8,4,3,7
surmountable,12,3,0,3,2,1,3
surmounted,10,4,2,6,5,0,5
surmounting,11,7,0,7,5,1,6
surmounts,9,5,2,7,4,2,6
surname,7,5,3,8,3,3,6
surname's,9,5,2,7,6,2,8
surnames,8,2,4,6,2,4,6
surpass,7,3,1,4,3,1,4
surpassed,9,3,0,3,2,1,3
surpasses,9,2,0,2,2,0,2
surpassing,10,3,1,4,3,1,4
surplice,8,4,1,5,6,2,8
surplice's,10,5,0,5,5,1,6
surplices,9,3,2,5,3,2,5
surplus,7,2,5,7,2,5,7
surplus's,9,2,2,4,2,2,4
surplused,9,4,0,4,4,0,4
surpluses,9,3,1,4,3,0,3
surplusing,10,5,0,5,5,0,5
surplussed,10,2,0,2,2,0,2
surplussing,11,3,0,3,2,0,2
surprise,8,2,1,3,3,0,3
surprise's,10,3,2,5,3,2,5
surprised,9,4,1,5,4,1,5
surprises,9,4,1,5,4,0,4
surprising,10,2,0,2,2,0,2
surprisingly,12,2,0,2,2,0,2
surprisings,11,3,0,3,1,1,2
surreal,7,4,2,6,3,0,3
surrealism,10,8,0,8,8,0,8
surrealism's,12,9,0,9,9,0,9
surrealist,10,7,1,8,7,1,8
surrealist's,12,8,1,9,8,1,9
surrealistic,12,3,0,3,3,0,3
surrealists,11,3,0,3,3,0,3
surrender,9,4,0,4,4,0,4
surrender's,11,3,1,4,3,0,3
surrendered,11,2,1,3,2,0,2
surrendering,12,2,0,2,2,0,2
surrenders,10,3,1,4,3,1,4
surreptitious,13,3,0,3,3,0,3
surreptitiously,15,3,0,3,2,0,2
surrey,6,4,2,6,3,3,6
surrey's,8,4,1,5,4,1,5
surreys,7,3,2,5,3,2,5
surrogate,9,6,1,7,6,1,7
surrogate's,11,5,0,5,3,0,3
surrogates,10,6,1,7,6,2,8
surround,8,5,3,8,4,3,7
surrounded,10,3,0,3,3,0,3
surrounding,11,7,0,7,5,1,6
surrounding's,13,2,1,3,3,1,4
surroundings,12,3,2,5,3,2,5
surroundings's,14,2,0,2,2,0,2
surrounds,9,5,2,7,4,2,6
surtax,6,3,3,6,3,5,8
surtax's,8,4,3,7,4,5,9
surtaxed,8,6,3,9,5,1,6
surtaxes,8,3,3,6,3,2,5
surtaxing,9,7,3,10,6,2,8
surveillance,12,2,0,2,2,0,2
surveillance's,14,3,0,3,2,0,2
survey,6,3,3,6,3,3,6
survey's,8,4,2,6,4,2,6
surveyed,8,3,1,4,4,1,5
surveying,9,6,0,6,6,0,6
surveyor,8,3,1,4,3,2,5
surveyor's,10,3,1,4,3,1,4
surveyors,9,3,1,4,3,2,5
surveys,7,3,3,6,3,3,6
survival,8,6,3,9,7,1,8
survival's,10,6,1,7,4,1,5
survivals,9,3,3,6,3,1,4
survive,7,3,4,7,4,3,7
survived,8,5,2,7,5,3,8
survives,8,4,2,6,4,2,6
surviving,9,5,3,8,6,2,8
survivor,8,3,2,5,4,4,8
survivor's,10,4,2,6,4,2,6
survivors,9,3,2,5,3,2,5
susceptibility,14,2,0,2,2,0,2
susceptibility's,16,1,0,1,1,0,1
susceptible,11,3,0,3,3,0,3
sushi,5,3,1,4,3,1,4
sushi's,7,4,1,5,1,2,3
suspect,7,1,1,2,5,0,5
suspect's,9,3,0,3,3,1,4
suspected,9,2,1,3,3,1,4
suspecting,10,2,0,2,2,0,2
suspects,8,3,0,3,3,0,3
suspend,7,3,0,3,4,1,5
suspended,9,6,0,6,3,1,4
suspender,9,6,0,6,3,1,4
suspender's,11,3,0,3,1,2,3
suspenders,10,4,0,4,1,1,2
suspending,10,1,1,2,2,0,2
suspends,8,2,1,3,2,1,3
suspense,8,1,0,1,1,0,1
suspense's,10,1,0,1,1,0,1
suspenseful,11,1,0,1,1,0,1
suspension,10,1,0,1,1,0,1
suspension's,12,1,0,1,1,0,1
suspensions,11,1,0,1,1,0,1
suspicion,9,2,1,3,1,2,3
suspicion's,11,3,1,4,2,1,3
suspicions,10,4,0,4,3,0,3
suspicious,10,3,0,3,3,0,3
suspiciously,12,1,0,1,1,0,1
sustain,7,2,0,2,2,1,3
sustainable,11,2,0,2,2,0,2
sustained,9,2,0,2,2,0,2
sustaining,10,3,0,3,2,0,2
sustains,8,3,1,4,2,1,3
sustenance,10,2,1,3,2,0,2
sustenance's,12,3,0,3,2,0,2
suture,6,4,4,8,4,4,8
suture's,8,5,0,5,5,0,5
sutured,7,4,3,7,4,3,7
sutures,7,3,4,7,3,3,6
suturing,8,5,0,5,5,3,8
svelte,6,3,1,4,3,2,5
svelter,7,6,2,8,6,2,8
sveltest,8,3,0,3,3,0,3
swab,4,4,3,7,4,3,7
swab's,6,5,3,8,5,6,11
swabbed,7,6,4,10,5,6,11
swabbing,8,6,5,11,6,6,12
swabs,5,4,6,10,4,6,10
swaddle,7,4,4,8,4,4,8
swaddled,8,3,1,4,3,1,4
swaddles,8,4,6,10,4,5,9
swaddling,9,6,4,10,6,3,9
swag,4,4,4,8,4,4,8
swag's,6,5,4,9,5,7,12
swagged,7,6,5,11,5,5,10
swagger,7,4,7,11,4,7,11
swagger's,9,5,5,10,4,6,10
swaggered,9,4,4,8,5,3,8
swaggerer,9,4,2,6,5,1,6
swaggering,10,7,1,8,7,1,8
swaggers,8,4,4,8,3,6,9
swagging,8,5,1,6,5,2,7
swags,5,4,7,11,4,7,11
swain,5,4,5,9,4,5,9
swain's,7,4,4,8,4,4,8
swains,6,4,5,9,4,6,10
swallow,7,3,5,8,5,2,7
swallow's,9,4,4,8,6,2,8
swallowed,9,6,2,8,7,1,8
swallowing,10,7,2,9,8,1,9
swallows,8,4,4,8,5,3,8
swallowtail,11,3,0,3,3,1,4
swallowtail's,13,3,1,4,2,1,3
swallowtails,12,2,2,4,3,1,4
swam,4,4,5,9,4,5,9
swami,5,4,8,12,4,7,11
swami's,7,4,5,9,4,6,10
swamis,6,5,4,9,5,5,10
swamp,5,4,6,10,3,7,10
swamp's,7,5,5,10,5,6,11
swamped,7,5,3,8,5,3,8
swampier,8,5,5,10,5,4,9
swampiest,9,6,2,8,6,2,8
swamping,8,6,3,9,6,2,8
swamps,6,4,5,9,4,6,10
swampy,6,3,5,8,4,3,7
swan,4,4,6,10,4,6,10
swan's,6,5,5,10,5,8,13
swank,5,4,4,8,4,4,8
swank's,7,5,4,9,5,4,9
swanked,7,6,6,12,5,6,11
swanker,7,5,5,10,5,4,9
swankest,8,4,4,8,4,4,8
swankier,8,6,2,8,6,3,9
swankiest,9,6,1,7,6,1,7
swanking,8,6,2,8,6,3,9
swanks,6,3,6,9,3,6,9
swanky,6,4,4,8,4,4,8
swans,5,4,8,12,4,8,12
swap,4,4,7,11,4,7,11
swap's,6,4,4,8,4,4,8
swapped,7,5,3,8,5,3,8
swapping,8,6,3,9,6,4,10
swaps,5,3,4,7,3,4,7
sward,5,5,5,10,5,6,11
sward's,7,6,4,10,6,4,10
swards,6,3,6,9,3,7,10
swarm,5,4,6,10,4,7,11
swarm's,7,5,5,10,5,5,10
swarmed,7,5,7,12,5,4,9
swarming,8,6,3,9,6,2,8
swarms,6,4,4,8,4,5,9
swarthier,9,4,0,4,5,0,5
swarthiest,10,4,0,4,4,0,4
swarthy,7,5,4,9,5,4,9
swash,5,3,3,6,3,3,6
swash's,7,4,4,8,4,4,8
swashbuckler,12,2,0,2,2,0,2
swashbuckler's,14,3,0,3,2,0,2
swashbucklers,13,3,0,3,2,1,3
swashbuckling,13,2,0,2,2,0,2
swashbuckling's,15,2,0,2,2,0,2
swashed,7,5,3,8,5,3,8
swashes,7,4,3,7,4,3,7
swashing,8,6,3,9,6,4,10
swastika,8,3,2,5,2,2,4
swastika's,10,2,1,3,2,1,3
swastikas,9,2,0,2,1,2,3
swat,4,4,8,12,4,8,12
swat's,6,4,4,8,4,4,8
swatch,6,5,3,8,5,2,7
swatch's,8,6,2,8,6,2,8
swatches,8,6,3,9,6,2,8
swath,5,3,1,4,3,1,4
swath's,7,4,1,5,4,1,5
swathe,6,4,4,8,3,5,8
swathe's,8,5,1,6,5,1,6
swathed,7,5,0,5,5,0,5
swathes,7,4,2,6,4,1,5
swathing,8,6,3,9,7,2,9
swaths,6,3,2,5,3,2,5
swats,5,3,4,7,3,4,7
swatted,7,5,2,7,5,2,7
swatter,7,5,5,10,5,5,10
swatter's,9,6,3,9,6,3,9
swattered,9,6,3,9,6,3,9
swattering,10,8,4,12,8,4,12
swatters,8,5,3,8,5,3,8
swatting,8,6,2,8,6,3,9
sway,4,3,9,12,3,9,12
sway's,6,4,6,10,4,9,13
swaybacked,10,4,0,4,4,2,6
swayed,6,4,6,10,4,6,10
swaying,7,5,7,12,5,7,12
sways,5,3,9,12,3,9,12
swear,5,4,4,8,4,4,8
swearer,7,4,1,5,4,1,5
swearer's,9,5,1,6,5,1,6
swearers,8,4,1,5,4,1,5
swearing,8,7,4,11,7,4,11
swears,6,4,5,9,4,5,9
swearword,9,5,1,6,2,2,4
swearword's,11,4,1,5,2,2,4
swearwords,10,3,2,5,4,1,5
sweat,5,3,3,6,4,2,6
sweat's,7,4,2,6,5,1,6
sweater,7,4,2,6,4,2,6
sweater's,9,5,2,7,5,2,7
sweaters,8,4,2,6,4,2,6
sweatier,8,6,1,7,6,0,6
sweatiest,9,3,0,3,4,0,4
sweating,8,7,1,8,7,2,9
sweatpants,10,3,1,4,3,1,4
sweatpants's,12,2,0,2,2,0,2
sweats,6,3,2,5,3,2,5
sweats's,8,4,1,5,4,1,5
sweatshirt,10,2,0,2,2,0,2
sweatshirt's,12,2,0,2,2,0,2
sweatshirts,11,2,1,3,2,0,2
sweatshop,9,2,1,3,3,0,3
sweatshop's,11,4,1,5,3,0,3
sweatshops,10,2,1,3,3,0,3
sweaty,6,5,1,6,5,1,6
sweep,5,3,3,6,3,3,6
sweep's,7,4,4,8,4,3,7
sweeper,7,4,2,6,4,2,6
sweeper's,9,5,1,6,5,1,6
sweepers,8,4,2,6,3,2,5
sweeping,8,6,3,9,6,2,8
sweeping's,10,4,1,5,5,2,7
sweepings,9,4,1,5,4,1,5
sweepings's,11,2,0,2,2,0,2
sweeps,6,3,2,5,3,2,5
sweepstake,10,2,0,2,2,0,2
sweepstake's,12,3,0,3,3,0,3
sweepstakes,11,3,1,4,3,0,3
sweepstakes's,13,1,0,1,1,0,1
sweet,5,4,0,4,4,0,4
sweet's,7,5,1,6,5,0,5
sweetbread,10,4,1,5,4,1,5
sweetbread's,12,5,1,6,5,1,6
sweetbreads,11,4,1,5,4,1,5
sweetbriar,10,3,0,3,3,0,3
sweetbriar's,12,2,0,2,2,0,2
sweetbriars,11,2,1,3,4,0,4
sweetbrier,10,2,0,2,2,0,2
sweetbrier's,12,2,0,2,2,0,2
sweetbriers,11,2,0,2,2,0,2
sweeten,7,4,2,6,4,2,6
sweetened,9,6,0,6,6,0,6
sweetener,9,5,1,6,5,1,6
sweetener's,11,2,0,2,2,0,2
sweeteners,10,2,0,2,2,0,2
sweetening,10,2,0,2,2,0,2
sweetening's,12,2,0,2,2,0,2
sweetens,8,2,2,4,3,1,4
sweeter,7,3,2,5,3,2,5
sweetest,8,3,0,3,3,0,3
sweetheart,10,2,0,2,2,0,2
sweetheart's,12,3,0,3,3,0,3
sweethearts,11,4,0,4,3,0,3
sweetie,7,3,0,3,2,1,3
sweetie's,9,4,0,4,3,0,3
sweeties,8,2,1,3,2,1,3
sweetish,8,3,0,3,3,0,3
sweetly,7,5,0,5,4,0,4
sweetmeat,9,3,0,3,3,0,3
sweetmeat's,11,4,0,4,3,0,3
sweetmeats,10,2,0,2,2,0,2
sweetness,9,4,0,4,3,1,4
sweetness's,11,5,0,5,5,0,5
sweets,6,3,2,5,3,2,5
swell,5,3,6,9,3,4,7
swell's,7,4,5,9,4,4,8
swelled,7,4,4,8,4,4,8
sweller,7,4,3,7,4,2,6
swellest,8,3,0,3,3,0,3
swellhead,9,3,1,4,4,0,4
swellhead's,11,4,1,5,5,0,5
swellheaded,11,3,1,4,4,0,4
swellheads,10,2,1,3,2,1,3
swelling,8,6,5,11,6,3,9
swelling's,10,7,1,8,7,1,8
swellings,9,6,2,8,6,2,8
swells,6,3,7,10,3,4,7
swelter,7,5,3,8,5,3,8
swelter's,9,6,2,8,6,2,8
sweltered,9,6,1,7,6,1,7
sweltering,10,8,1,9,8,1,9
swelters,8,5,2,7,5,2,7
swept,5,4,1,5,3,3,6
swerve,6,3,2,5,3,2,5
swerve's,8,4,1,5,3,1,4
swerved,7,3,1,4,3,3,6
swerves,7,3,2,5,3,1,4
swerving,8,5,5,10,5,5,10
swift,5,5,3,8,5,4,9
swift's,7,6,3,9,6,3,9
swifter,7,6,2,8,6,2,8
swiftest,8,3,2,5,3,2,5
swiftly,7,5,2,7,5,2,7
swiftness,9,5,0,5,5,1,6
swiftness's,11,6,0,6,6,1,7
swifts,6,3,6,9,3,5,8
swig,4,2,8,10,2,8,10
swig's,6,3,8,11,3,9,12
swigged,7,4,6,10,4,8,12
swigging,8,4,0,4,4,1,5
swigs,5,2,8,10,4,6,10
swill,5,3,7,10,3,7,10
swill's,7,4,7,11,4,7,11
swilled,7,5,5,10,5,6,11
swilling,8,5,3,8,5,4,9
swills,6,3,8,11,3,7,10
swim,4,3,8,11,3,8,11
swim's,6,4,7,11,4,8,12
swimmer,7,5,5,10,5,5,10
swimmer's,9,5,5,10,6,4,10
swimmers,8,4,5,9,5,4,9
swimming,8,4,4,8,5,5,10
swimming's,10,5,5,10,5,5,10
swims,5,3,6,9,3,7,10
swimsuit,8,2,2,4,2,1,3
swimsuit's,10,3,1,4,2,3,5
swimsuits,9,1,2,3,1,2,3
swindle,7,6,3,9,6,4,10
swindle's,9,7,1,8,7,4,11
swindled,8,6,1,7,6,2,8
swindler,8,4,0,4,5,1,6
swindler's,10,6,2,8,6,2,8
swindlers,9,5,3,8,5,2,7
swindles,8,6,2,8,6,2,8
swindling,9,6,2,8,6,2,8
swine,5,4,6,10,4,6,10
swine's,7,5,5,10,5,5,10
swines,6,4,6,10,4,6,10
swing,5,4,7,11,4,7,11
swing's,7,4,6,10,4,8,12
swinger,7,5,2,7,5,2,7
swinger's,9,6,2,8,5,3,8
swingers,8,5,2,7,4,4,8
swinging,8,4,2,6,4,3,7
swings,6,3,7,10,2,9,11
swinish,7,2,1,3,2,1,3
swipe,5,4,3,7,4,3,7
swipe's,7,5,2,7,5,2,7
swiped,6,5,4,9,5,4,9
swipes,6,4,4,8,4,4,8
swiping,7,5,2,7,5,2,7
swirl,5,3,4,7,3,3,6
swirl's,7,4,4,8,4,4,8
swirled,7,5,2,7,5,3,8
swirling,8,5,2,7,5,2,7
swirls,6,3,5,8,3,4,7
swirly,6,3,6,9,3,7,10
swish,5,2,2,4,2,2,4
swish's,7,3,3,6,3,3,6
swished,7,4,2,6,4,2,6
swisher,7,3,1,4,3,1,4
swishes,7,3,2,5,3,2,5
swishest,8,4,0,4,2,0,2
swishing,8,2,0,2,2,1,3
switch,6,5,4,9,5,4,9
switch's,8,6,3,9,6,3,9
switchable,10,3,0,3,3,0,3
switchback,10,4,1,5,2,3,5
switchback's,12,4,1,5,3,1,4
switchbacks,11,2,3,5,2,3,5
switchblade,11,7,0,7,3,0,3
switchblade's,13,7,0,7,3,0,3
switchblades,12,3,0,3,3,0,3
switchboard,11,3,1,4,2,1,3
switchboard's,13,8,0,8,2,1,3
switchboards,12,4,2,6,4,1,5
switched,8,7,1,8,6,3,9
switcher,8,4,1,5,4,1,5
switches,8,6,1,7,6,1,7
switching,9,7,1,8,7,1,8
swivel,6,4,5,9,4,5,9
swivel's,8,6,3,9,6,3,9
swiveled,8,6,1,7,6,2,8
swiveling,9,6,1,7,6,1,7
swivelled,9,6,1,7,6,1,7
swivelling,10,5,0,5,4,0,4
swivels,7,5,4,9,4,5,9
swollen,7,4,2,6,3,4,7
swoon,5,2,5,7,2,5,7
swoon's,7,3,4,7,3,4,7
swooned,7,5,3,8,5,2,7
swooning,8,5,1,6,5,2,7
swoons,6,2,5,7,2,4,6
swoop,5,3,6,9,3,6,9
swoop's,7,4,6,10,4,6,10
swooped,7,5,5,10,5,4,9
swooping,8,6,5,11,6,4,10
swoops,6,3,7,10,3,6,9
swop,4,3,5,8,3,5,8
swop's,6,4,3,7,4,3,7
swopped,7,5,6,11,5,4,9
swopping,8,6,7,13,6,6,12
swops,5,3,3,6,3,3,6
sword,5,5,4,9,5,4,9
sword's,7,3,5,8,3,5,8
swordfish,9,5,1,6,3,2,5
swordfish's,11,4,1,5,9,1,10
swordfishes,11,3,1,4,8,2,10
swordplay,9,2,3,5,2,3,5
swordplay's,11,3,2,5,2,2,4
swords,6,2,6,8,2,6,8
swordsman,9,6,3,9,6,3,9
swordsman's,11,6,3,9,6,3,9
swordsmen,9,6,2,8,6,1,7
swore,5,4,6,10,4,6,10
sworn,5,4,5,9,4,5,9
swum,4,3,7,10,3,7,10
swung,5,4,7,11,4,7,11
sybarite,8,5,2,7,4,0,4
sybarite's,10,5,0,5,6,1,7
sybarites,9,4,0,4,4,0,4
sybaritic,9,4,2,6,2,2,4
sycamore,8,4,1,5,4,0,4
sycamore's,10,5,0,5,5,0,5
sycamores,9,4,0,4,4,0,4
sycophant,9,3,2,5,3,2,5
sycophant's,11,5,1,6,3,1,4
sycophantic,11,3,0,3,3,1,4
sycophants,10,2,2,4,3,2,5
syllabi,7,3,1,4,3,1,4
syllabic,8,4,1,5,5,1,6
syllabication,13,5,0,5,3,0,3
syllabication's,15,6,0,6,3,0,3
syllabification,15,2,0,2,2,0,2
syllabification's,17,5,0,5,2,0,2
syllabified,11,3,1,4,4,1,5
syllabifies,11,3,1,4,3,1,4
syllabify,9,3,2,5,4,2,6
syllabifying,12,2,1,3,2,1,3
syllable,8,5,1,6,4,0,4
syllable's,10,4,1,5,4,1,5
syllables,9,5,0,5,4,0,4
syllabus,8,3,2,5,3,4,7
syllabus's,10,3,3,6,2,3,5
syllabuses,10,3,0,3,2,1,3
syllogism,9,5,1,6,4,2,6
syllogism's,11,4,0,4,3,0,3
syllogisms,10,2,1,3,2,1,3
syllogistic,11,7,0,7,4,0,4
sylph,5,4,5,9,4,5,9
sylph's,7,5,5,10,5,5,10
sylphs,6,4,7,11,4,5,9
sylvan,6,5,2,7,4,3,7
symbioses,9,3,0,3,3,1,4
symbiosis,9,3,1,4,3,1,4
symbiosis's,11,4,0,4,3,0,3
symbiotic,9,2,1,3,2,1,3
symbol,6,4,4,8,4,4,8
symbol's,8,5,5,10,5,4,9
symbolic,8,3,2,5,3,2,5
symbolically,12,4,1,5,3,1,4
symbolism,9,5,1,6,4,2,6
symbolism's,11,4,0,4,3,0,3
symbolization,13,5,0,5,3,0,3
symbolization's,15,3,0,3,3,0,3
symbolize,9,3,2,5,4,2,6
symbolized,10,5,1,6,6,1,7
symbolizes,10,4,1,5,4,0,4
symbolizing,11,5,0,5,5,1,6
symbols,7,3,5,8,3,5,8
symmetric,9,3,2,5,2,3,5
symmetrical,11,6,0,6,5,0,5
symmetrically,13,6,0,6,6,0,6
symmetricly,11,6,0,6,5,0,5
symmetries,10,3,0,3,3,0,3
symmetry,8,3,1,4,3,2,5
symmetry's,10,3,2,5,2,3,5
sympathetic,11,4,0,4,3,0,3
sympathetically,15,2,0,2,2,1,3
sympathies,10,4,0,4,4,1,5
sympathies's,12,2,0,2,2,0,2
sympathize,10,4,0,4,4,0,4
sympathized,11,11,0,11,4,0,4
sympathizer,11,10,1,11,4,1,5
sympathizer's,13,3,0,3,4,0,4
sympathizers,12,3,0,3,3,0,3
sympathizes,11,5,0,5,4,0,4
sympathizing,12,3,1,4,3,1,4
sympathy,8,3,2,5,3,2,5
sympathy's,10,3,2,5,4,1,5
symphonic,9,3,1,4,2,2,4
symphonies,10,4,1,5,4,0,4
symphony,8,2,4,6,2,4,6
symphony's,10,5,2,7,3,5,8
symposia,8,2,0,2,2,0,2
symposium,9,3,0,3,3,1,4
symposium's,11,4,0,4,4,1,5
symposiums,10,3,0,3,2,1,3
symptom,7,3,3,6,3,3,6
symptom's,9,4,2,6,2,5,7
symptomatic,11,3,0,3,3,1,4
symptoms,8,2,4,6,2,4,6
synagog,7,3,3,6,3,3,6
synagog's,9,4,2,6,3,2,5
synagogs,8,2,3,5,2,3,5
synagogue,9,3,0,3,3,0,3
synagogue's,11,4,0,4,3,1,4
synagogues,10,3,1,4,3,1,4
synapse,7,2,1,3,4,1,5
synapse's,9,3,1,4,3,1,4
synapses,8,6,1,7,6,1,7
sync,4,2,5,7,2,5,7
sync's,6,3,5,8,2,6,8
synced,6,4,5,9,4,5,9
synch,5,3,6,9,3,6,9
synch's,7,4,6,10,4,6,10
synched,7,4,4,8,4,4,8
synches,7,3,5,8,3,4,7
synching,8,4,0,4,3,1,4
synchronization,15,3,0,3,2,0,2
synchronization's,17,2,0,2,2,0,2
synchronizations,16,1,1,2,2,0,2
synchronize,11,3,0,3,3,1,4
synchronized,12,4,0,4,3,1,4
synchronizes,12,3,1,4,4,0,4
synchronizing,13,2,1,3,3,0,3
synchronous,11,2,2,4,2,1,3
synchronously,13,2,0,2,2,0,2
synchs,6,3,8,11,3,6,9
syncing,7,4,2,6,4,2,6
syncopate,9,5,1,6,7,1,8
syncopated,10,6,1,7,5,1,6
syncopates,10,5,1,6,5,2,7
syncopating,11,4,0,4,4,1,5
syncopation,11,3,0,3,3,1,4
syncopation's,13,4,0,4,4,1,5
syncs,5,1,6,7,1,6,7
syndicate,9,5,1,6,7,1,8
syndicate's,11,5,1,6,4,1,5
syndicated,10,5,0,5,4,0,4
syndicates,10,5,1,6,5,1,6
syndicating,11,3,0,3,3,1,4
syndication,11,3,0,3,3,1,4
syndication's,13,4,0,4,3,1,4
syndrome,8,3,2,5,4,2,6
syndrome's,10,4,1,5,5,2,7
syndromes,9,3,2,5,4,2,6
synergism,9,4,0,4,2,2,4
synergism's,11,4,1,5,3,1,4
synergistic,11,6,1,7,3,1,4
synergy,7,4,2,6,2,3,5
synergy's,9,4,2,6,5,1,6
synod,5,3,2,5,3,2,5
synod's,7,4,2,6,4,2,6
synods,6,2,5,7,2,5,7
synonym,7,2,4,6,2,4,6
synonym's,9,3,3,6,3,3,6
synonymous,10,2,2,4,2,2,4
synonyms,8,3,4,7,2,5,7
synopses,8,5,2,7,5,2,7
synopsis,8,2,2,4,2,3,5
synopsis's,10,1,0,1,1,0,1
syntactic,9,4,1,5,3,1,4
syntactical,11,3,1,4,3,1,4
syntactically,13,3,0,3,4,0,4
syntax,6,4,2,6,4,2,6
syntax's,8,5,2,7,5,2,7
syntheses,9,2,0,2,2,0,2
synthesis,9,2,1,3,2,1,3
synthesis's,11,4,0,4,3,0,3
synthesize,10,3,0,3,3,0,3
synthesized,11,9,0,9,9,0,9
synthesizer,11,8,1,9,8,1,9
synthesizer's,13,3,0,3,2,0,2
synthesizers,12,2,0,2,2,0,2
synthesizes,11,3,0,3,2,0,2
synthesizing,12,1,1,2,1,1,2
synthetic,9,3,0,3,3,0,3
synthetic's,11,3,0,3,3,0,3
synthetically,13,6,0,6,6,0,6
synthetics,10,3,2,5,4,0,4
syphilis,8,2,4,6,2,2,4
syphilis's,10,2,1,3,2,0,2
syphilitic,10,2,1,3,2,1,3
syphilitic's,12,4,2,6,2,2,4
syphilitics,11,2,3,5,2,2,4
syphon,6,3,5,8,3,5,8
syphon's,8,4,6,10,4,5,9
syphoned,8,5,5,10,4,5,9
syphoning,9,5,2,7,4,2,6
syphons,7,2,6,8,3,6,9
syringe,7,5,3,8,3,2,5
syringe's,9,5,2,7,4,3,7
syringed,8,5,3,8,5,4,9
syringes,8,3,2,5,4,2,6
syringing,9,5,3,8,5,3,8
syrup,5,3,7,10,3,7,10
syrup's,7,4,7,11,4,7,11
syrups,6,3,8,11,3,7,10
syrupy,6,3,6,9,3,6,9
system,6,2,2,4,2,2,4
system's,8,4,1,5,4,1,5
systematic,10,2,0,2,2,1,3
systematically,14,2,0,2,2,0,2
systematize,11,3,0,3,3,0,3
systematized,12,2,0,2,2,0,2
systematizes,12,2,0,2,2,0,2
systematizing,13,1,0,1,1,0,1
systemic,8,6,0,6,6,0,6
systemic's,10,1,1,2,2,0,2
systemics,9,3,0,3,3,1,4
systems,7,3,2,5,2,1,3
systolic,8,5,1,6,5,1,6
séance,6,5,4,9,5,3,8
séance's,8,4,2,6,4,2,6
séances,7,4,3,7,4,2,6
t,1,1,19,20,1,19,20
tab,3,3,5,8,3,4,7
tab's,5,5,4,9,5,4,9
tabbed,6,5,3,8,5,2,7
tabbies,7,6,4,10,6,4,10
tabbing,7,6,4,10,6,4,10
tabby,5,4,5,9,4,5,9
tabby's,7,6,4,10,5,4,9
tabernacle,10,3,1,4,3,1,4
tabernacle's,12,5,1,6,4,0,4
tabernacles,11,4,1,5,3,1,4
table,5,4,6,10,4,5,9
table's,7,6,5,11,6,5,11
tableau,7,3,3,6,3,3,6
tableau's,9,5,0,5,5,1,6
tableaus,8,4,1,5,4,1,5
tableaux,8,3,3,6,2,1,3
tablecloth,10,2,3,5,2,3,5
tablecloth's,12,4,2,6,3,2,5
tablecloths,11,3,2,5,3,2,5
tabled,6,5,5,10,5,5,10
tableland,9,3,2,5,3,2,5
tableland's,11,4,1,5,4,0,4
tablelands,10,3,2,5,4,0,4
tables,6,5,5,10,5,6,11
tablespoon,10,3,0,3,3,0,3
tablespoon's,12,4,0,4,3,0,3
tablespoonful,13,2,1,3,2,1,3
tablespoonful's,15,2,0,2,3,0,3
tablespoonfuls,14,2,0,2,2,0,2
tablespoons,11,4,0,4,4,0,4
tablespoonsful,14,1,0,1,1,0,1
tablet,6,4,3,7,4,3,7
tablet's,8,6,1,7,6,1,7
tablets,7,5,2,7,5,2,7
tableware,9,3,1,4,3,1,4
tableware's,11,4,0,4,4,0,4
tabling,7,6,4,10,6,4,10
tabloid,7,4,3,7,4,4,8
tabloid's,9,6,3,9,6,3,9
tabloids,8,5,2,7,5,2,7
taboo,5,2,5,7,2,5,7
taboo's,7,4,5,9,5,4,9
tabooed,7,4,5,9,4,4,8
tabooing,8,5,5,10,5,5,10
taboos,6,4,3,7,4,3,7
tabs,4,4,1,5,4,2,6
tabu,4,3,7,10,3,7,10
tabu's,6,4,6,10,4,6,10
tabued,6,5,3,8,5,2,7
tabuing,7,6,4,10,6,4,10
tabular,7,3,3,6,3,3,6
tabulate,8,2,4,6,4,1,5
tabulated,9,5,1,6,3,3,6
tabulates,9,4,2,6,4,1,5
tabulating,10,5,2,7,5,2,7
tabulation,10,3,2,5,5,2,7
tabulation's,12,4,1,5,4,1,5
tabulator,9,2,3,5,2,3,5
tabulator's,11,3,1,4,4,2,6
tabulators,10,3,2,5,4,2,6
tabus,5,4,6,10,4,6,10
tachometer,10,3,1,4,3,1,4
tachometer's,12,5,0,5,4,0,4
tachometers,11,4,0,4,4,0,4
tacit,5,3,6,9,3,6,9
tacitly,7,4,3,7,5,3,8
tacitness,9,4,1,5,4,1,5
tacitness's,11,5,1,6,5,1,6
taciturn,8,3,3,6,2,3,5
taciturnity,11,2,1,3,3,2,5
taciturnity's,13,2,0,2,3,1,4
tack,4,4,6,10,4,6,10
tack's,6,6,9,15,6,5,11
tacked,6,6,2,8,6,3,9
tackier,7,5,4,9,5,3,8
tackiest,8,5,2,7,5,2,7
tackiness,9,8,2,10,7,2,9
tackiness's,11,9,2,11,8,2,10
tacking,7,6,6,12,6,6,12
tackle,6,5,4,9,5,3,8
tackle's,8,7,2,9,6,4,10
tackled,7,5,3,8,7,5,12
tackler,7,5,5,10,4,5,9
tackler's,9,7,2,9,6,4,10
tacklers,8,6,3,9,5,4,9
tackles,7,6,6,12,5,4,9
tackling,8,6,4,10,6,4,10
tacks,5,5,6,11,5,6,11
tacky,5,4,6,10,3,8,11
taco,4,3,7,10,3,7,10
taco's,6,5,5,10,5,6,11
tacos,5,4,7,11,4,7,11
tact,4,3,6,9,3,6,9
tact's,6,5,5,10,4,5,9
tactful,7,4,4,8,3,3,6
tactfully,9,5,5,10,6,4,10
tactic,6,2,5,7,2,5,7
tactic's,8,5,3,8,4,4,8
tactical,8,4,3,7,3,3,6
tactically,10,4,3,7,5,2,7
tactician,9,4,2,6,4,2,6
tactician's,11,6,1,7,6,1,7
tacticians,10,5,1,6,4,1,5
tactics,7,3,5,8,3,5,8
tactile,7,4,2,6,5,0,5
tactless,8,4,2,6,4,2,6
tactlessly,10,4,2,6,4,2,6
tactlessness,12,4,1,5,4,1,5
tactlessness's,14,5,1,6,5,1,6
tad,3,3,3,6,3,2,5
tad's,5,5,2,7,5,2,7
tadpole,7,4,3,7,4,2,6
tadpole's,9,6,2,8,6,2,8
tadpoles,8,5,1,6,5,1,6
tads,4,4,2,6,4,3,7
taffeta,7,2,3,5,2,3,5
taffeta's,9,4,2,6,4,2,6
taffies,7,6,5,11,6,5,11
taffy,5,4,7,11,4,6,10
taffy's,7,6,5,11,5,5,10
tag,3,3,6,9,3,5,8
tag's,5,5,5,10,5,5,10
tagged,6,5,5,10,5,5,10
tagging,7,5,6,11,5,6,11
tags,4,4,3,7,4,4,8
tail,4,4,11,15,4,11,15
tail's,6,6,10,16,6,10,16
tailcoat,8,2,3,5,2,3,5
tailcoat's,10,4,2,6,3,3,6
tailcoats,9,4,2,6,3,2,5
tailed,6,6,8,14,6,8,14
tailgate,8,3,1,4,4,1,5
tailgate's,10,5,1,6,5,1,6
tailgated,9,5,1,6,3,2,5
tailgates,9,5,0,5,4,1,5
tailgating,10,3,2,5,1,3,4
tailing,7,6,8,14,6,8,14
tailless,8,3,1,4,3,1,4
taillight,9,3,2,5,3,2,5
taillight's,11,3,2,5,3,2,5
taillights,10,3,3,6,3,3,6
tailor,6,5,5,10,5,5,10
tailor's,8,7,2,9,7,4,11
tailored,8,6,1,7,5,1,6
tailoring,9,4,2,6,4,2,6
tailoring's,11,6,1,7,4,1,5
tailors,7,5,2,7,5,2,7
tailpipe,8,4,1,5,4,1,5
tailpipe's,10,4,1,5,4,2,6
tailpipes,9,3,1,4,3,1,4
tails,5,5,10,15,5,10,15
tailspin,8,3,1,4,3,1,4
tailspin's,10,3,1,4,3,1,4
tailspins,9,3,0,3,3,0,3
tailwind,8,2,3,5,2,3,5
tailwind's,10,6,2,8,5,2,7
tailwinds,9,4,3,7,4,3,7
taint,5,3,4,7,3,4,7
taint's,7,6,2,8,6,2,8
tainted,7,6,3,9,6,3,9
tainting,8,4,2,6,4,2,6
taints,6,5,3,8,4,3,7
take,4,4,4,8,4,2,6
take's,6,5,11,16,5,11,16
takeaways,9,3,0,3,3,0,3
taken,5,5,6,11,5,6,11
takeoff,7,4,2,6,4,2,6
takeoff's,9,6,1,7,5,0,5
takeoffs,8,5,1,6,5,1,6
takeout,7,4,2,6,4,2,6
takeout's,9,6,1,7,5,0,5
takeouts,8,5,1,6,5,1,6
takeover,8,3,2,5,3,3,6
takeover's,10,5,1,6,4,2,6
takeovers,9,4,2,6,3,0,3
taker,5,5,2,7,5,3,8
taker's,7,6,3,9,6,6,12
takers,6,6,2,8,6,2,8
takes,5,5,0,5,5,0,5
taking,6,6,4,10,6,4,10
taking's,8,7,5,12,7,4,11
takings,7,6,5,11,6,5,11
takings's,9,4,2,6,5,1,6
talc,4,3,5,8,3,5,8
talc's,6,5,4,9,5,4,9
tale,4,4,9,13,4,9,13
tale's,6,6,8,14,6,8,14
talent,6,4,2,6,3,1,4
talent's,8,5,0,5,5,0,5
talented,8,3,1,4,3,1,4
talents,7,4,1,5,4,1,5
tales,5,5,1,6,5,1,6
talisman,8,4,2,6,4,1,5
talisman's,10,5,1,6,5,1,6
talismans,9,3,1,4,5,0,5
talk,4,4,4,8,4,4,8
talk's,6,6,3,9,6,3,9
talkative,9,2,2,4,2,2,4
talkativeness,13,3,0,3,2,0,2
talkativeness's,15,3,0,3,2,0,2
talked,6,6,4,10,6,4,10
talker,6,5,2,7,5,2,7
talker's,8,6,1,7,6,1,7
talkers,7,7,0,7,6,2,8
talking,7,7,4,11,7,5,12
talks,5,5,5,10,5,4,9
tall,4,2,10,12,2,10,12
taller,6,5,2,7,5,2,7
tallest,7,4,1,5,5,1,6
tallied,7,4,4,8,4,4,8
tallies,7,5,6,11,5,6,11
tallness,8,5,2,7,4,2,6
tallness's,10,6,2,8,5,2,7
tallow,6,4,8,12,4,8,12
tallow's,8,6,5,11,6,5,11
tally,5,3,8,11,4,7,11
tally's,7,5,6,11,4,6,10
tallyho,7,2,3,5,3,3,6
tallyho's,9,4,2,6,4,2,6
tallyhoed,9,4,1,5,4,2,6
tallyhoing,10,5,2,7,5,3,8
tallyhos,8,3,2,5,3,2,5
tallying,8,6,4,10,6,4,10
talon,5,4,6,10,4,6,10
talon's,7,6,5,11,6,5,11
talons,6,5,5,10,5,5,10
tam,3,3,8,11,3,8,11
tam's,5,5,6,11,5,6,11
tamable,7,6,2,8,6,1,7
tamale,6,4,2,6,4,2,6
tamale's,8,5,1,6,6,4,10
tamales,7,4,1,5,3,4,7
tamarind,8,3,4,7,3,4,7
tamarind's,10,5,1,6,4,1,5
tamarinds,9,2,4,6,6,2,8
tambourine,10,3,1,4,3,1,4
tambourine's,12,5,0,5,4,0,4
tambourines,11,4,0,4,4,0,4
tame,4,4,5,9,4,3,7
tameable,8,2,1,3,2,1,3
tamed,5,4,8,12,4,8,12
tamely,6,5,3,8,4,1,5
tameness,8,5,2,7,5,2,7
tameness's,10,6,2,8,6,2,8
tamer,5,5,3,8,4,4,8
tamer's,7,6,7,13,6,3,9
tamers,6,6,3,9,6,3,9
tames,5,5,2,7,5,2,7
tamest,6,4,0,4,4,0,4
taming,6,6,5,11,6,5,11
tamp,4,3,6,9,3,6,9
tamped,6,5,4,9,5,4,9
tamper,6,4,3,7,4,3,7
tampered,8,6,1,7,6,1,7
tampering,9,7,1,8,7,1,8
tampers,7,6,1,7,5,3,8
tamping,7,6,5,11,6,5,11
tampon,6,4,3,7,4,3,7
tampon's,8,6,2,8,6,2,8
tampons,7,4,4,8,5,4,9
tamps,5,4,7,11,4,7,11
tams,4,4,4,8,4,5,9
tan,3,3,7,10,3,6,9
tan's,5,5,7,12,5,7,12
tanager,7,5,4,9,5,4,9
tanager's,9,6,4,10,6,1,7
tanagers,8,6,4,10,6,2,8
tandem,6,4,3,7,4,3,7
tandem's,8,5,3,8,5,3,8
tandems,7,4,2,6,4,2,6
tang,4,3,12,15,3,11,14
tang's,6,5,10,15,5,10,15
tangelo,7,3,2,5,3,2,5
tangelo's,9,5,1,6,5,1,6
tangelos,8,4,1,5,4,1,5
tangent,7,3,2,5,3,2,5
tangent's,9,5,1,6,5,1,6
tangential,10,3,1,4,3,1,4
tangents,8,4,1,5,4,1,5
tangerine,9,4,1,5,4,1,5
tangerine's,11,5,0,5,5,0,5
tangerines,10,5,1,6,5,1,6
tangibility,11,2,1,3,2,2,4
tangibility's,13,4,0,4,3,1,4
tangible,8,5,1,6,6,3,9
tangible's,10,7,0,7,8,3,11
tangibles,9,4,1,5,7,2,9
tangibly,8,5,3,8,4,3,7
tangier,7,6,4,10,6,5,11
tangiest,8,6,0,6,6,1,7
tangle,6,6,5,11,4,4,8
tangle's,8,6,3,9,8,4,12
tangled,7,7,4,11,7,4,11
tangles,7,7,5,12,7,5,12
tangling,8,6,5,11,6,5,11
tango,5,4,4,8,4,4,8
tango's,7,6,3,9,6,3,9
tangoed,7,5,3,8,6,3,9
tangoing,8,4,3,7,4,3,7
tangos,6,4,3,7,4,3,7
tangs,5,4,9,13,4,8,12
tangy,5,4,6,10,4,6,10
tank,4,3,8,11,3,9,12
tank's,6,5,7,12,5,7,12
tankard,7,4,6,10,4,5,9
tankard's,9,6,4,10,5,3,8
tankards,8,4,3,7,3,3,6
tanked,6,6,3,9,6,4,10
tanker,6,5,1,6,5,1,6
tanker's,8,7,0,7,7,0,7
tankers,7,6,1,7,6,1,7
tankful,7,3,4,7,4,4,8
tankful's,9,7,3,10,6,2,8
tankfuls,8,6,5,11,4,4,8
tanking,7,5,2,7,5,2,7
tanks,5,4,7,11,4,8,12
tanned,6,5,6,11,5,6,11
tanner,6,5,1,6,5,1,6
tanner's,8,7,0,7,7,0,7
tanneries,9,5,0,5,5,0,5
tanners,7,5,2,7,6,1,7
tannery,7,5,3,8,3,1,4
tannery's,9,6,0,6,5,0,5
tannest,7,4,0,4,4,2,6
tannin,6,2,3,5,2,3,5
tannin's,8,5,2,7,4,2,6
tanning,7,5,7,12,5,7,12
tans,4,4,5,9,4,6,10
tansy,5,3,3,6,3,3,6
tansy's,7,4,3,7,4,3,7
tantalize,9,7,1,8,5,1,6
tantalized,10,4,1,5,4,1,5
tantalizes,10,8,0,8,6,0,6
tantalizing,11,7,1,8,4,2,6
tantalizingly,13,2,1,3,2,1,3
tantamount,10,2,3,5,1,3,4
tantrum,7,3,5,8,4,4,8
tantrum's,9,5,3,8,6,2,8
tantrums,8,4,5,9,4,4,8
tap,3,3,7,10,3,7,10
tap's,5,5,8,13,5,8,13
tape,4,3,6,9,3,4,7
tape's,6,5,7,12,5,5,10
taped,5,5,5,10,5,5,10
taper,5,4,4,8,4,3,7
taper's,7,6,2,8,6,1,7
tapered,7,5,2,7,5,1,6
tapering,8,7,2,9,7,2,9
tapers,6,5,4,9,5,4,9
tapes,5,5,3,8,5,3,8
tapestries,10,3,0,3,3,0,3
tapestry,8,4,1,5,4,1,5
tapestry's,10,4,1,5,4,1,5
tapeworm,8,5,2,7,4,4,8
tapeworm's,10,5,1,6,4,1,5
tapeworms,9,4,2,6,4,1,5
taping,6,6,6,12,6,6,12
tapioca,7,3,3,6,3,3,6
tapioca's,9,5,2,7,4,2,6
tapir,5,3,7,10,3,7,10
tapir's,7,5,4,9,5,4,9
tapirs,6,5,3,8,5,3,8
tapped,6,5,4,9,5,4,9
tapping,7,6,5,11,6,5,11
taproom,7,5,3,8,4,4,8
taproom's,9,7,2,9,6,2,8
taprooms,8,6,2,8,5,2,7
taproot,7,5,3,8,4,4,8
taproot's,9,7,2,9,6,2,8
taproots,8,6,2,8,5,2,7
taps,4,4,6,10,4,7,11
tar,3,3,8,11,3,7,10
tar's,5,5,9,14,5,9,14
tarantula,9,1,3,4,1,3,4
tarantula's,11,3,1,4,3,1,4
tarantulae,10,2,1,3,2,2,4
tarantulas,10,2,1,3,2,1,3
tardier,7,5,2,7,5,2,7
tardiest,8,6,1,7,6,0,6
tardily,7,6,5,11,6,4,10
tardiness,9,7,2,9,6,3,9
tardiness's,11,8,2,10,7,3,10
tardy,5,4,3,7,4,3,7
tare,4,3,10,13,3,9,12
tare's,6,5,7,12,5,7,12
tared,5,4,8,12,4,8,12
tares,5,5,4,9,5,4,9
target,6,4,4,8,4,3,7
target's,8,6,2,8,6,1,7
targeted,8,4,4,8,5,1,6
targeting,9,4,2,6,4,2,6
targets,7,5,1,6,5,1,6
tariff,6,3,5,8,4,6,10
tariff's,8,5,4,9,5,3,8
tariffs,7,3,6,9,4,4,8
taring,6,5,10,15,5,10,15
tarmac,6,3,4,7,3,4,7
tarmac's,8,5,3,8,5,3,8
tarmacked,9,4,1,5,4,3,7
tarmacking,10,5,2,7,5,2,7
tarmacs,7,4,4,8,4,4,8
tarnish,7,7,2,9,7,4,11
tarnish's,9,6,1,7,6,3,9
tarnished,9,9,1,10,9,1,10
tarnishes,9,8,2,10,8,1,9
tarnishing,10,8,1,9,8,2,10
taro,4,4,3,7,4,3,7
taro's,6,6,2,8,6,2,8
taros,5,5,2,7,5,3,8
tarot,5,3,6,9,4,5,9
tarot's,7,5,4,9,6,2,8
tarots,6,4,4,8,5,3,8
tarp,4,3,4,7,3,4,7
tarp's,6,5,3,8,5,3,8
tarpaulin,9,3,2,5,3,2,5
tarpaulin's,11,4,1,5,4,2,6
tarpaulins,10,4,1,5,4,1,5
tarpon,6,5,2,7,5,2,7
tarpon's,8,7,1,8,7,1,8
tarpons,7,6,3,9,6,3,9
tarps,5,4,3,7,4,4,8
tarragon,8,2,3,5,3,3,6
tarragon's,10,4,1,5,4,1,5
tarragons,9,3,2,5,3,2,5
tarred,6,5,4,9,5,4,9
tarried,7,5,5,10,5,5,10
tarrier,7,4,3,7,4,3,7
tarries,7,5,6,11,5,6,11
tarriest,8,6,1,7,6,0,6
tarring,7,6,7,13,6,7,13
tarry,5,3,9,12,3,9,12
tarrying,8,6,7,13,6,7,13
tars,4,3,6,9,3,7,10
tart,4,3,3,6,3,3,6
tart's,6,5,2,7,5,2,7
tartan,6,4,3,7,3,3,6
tartan's,8,6,2,8,5,2,7
tartans,7,4,2,6,4,2,6
tartar,6,2,4,6,2,4,6
tartar's,8,4,3,7,4,3,7
tartars,7,3,3,6,3,3,6
tarter,6,3,7,10,4,1,5
tartest,7,4,0,4,5,0,5
tartly,6,5,4,9,5,3,8
tartness,8,6,2,8,6,3,9
tartness's,10,7,2,9,7,3,10
tarts,5,4,2,6,4,3,7
taser,5,4,4,8,4,5,9
taser's,7,4,2,6,4,3,7
tasered,7,2,2,4,5,1,6
tasering,8,4,0,4,4,0,4
tasers,6,4,2,6,3,4,7
task,4,3,1,4,3,2,5
task's,6,5,2,7,5,2,7
tasked,6,5,4,9,5,5,10
tasking,7,5,0,5,6,1,7
taskmaster,10,4,0,4,2,1,3
taskmaster's,12,5,0,5,3,0,3
taskmasters,11,3,0,3,3,1,4
tasks,5,4,1,5,4,1,5
tassel,6,4,3,7,4,3,7
tassel's,8,5,1,6,5,1,6
tasseled,8,3,0,3,3,0,3
tasseling,9,5,0,5,3,0,3
tasselled,9,3,2,5,3,0,3
tasselling,10,5,0,5,3,0,3
tassels,7,4,3,7,4,3,7
taste,5,4,0,4,4,0,4
taste's,7,5,0,5,5,0,5
tasted,6,4,2,6,4,2,6
tasteful,8,3,0,3,3,0,3
tastefully,10,3,1,4,4,1,5
tasteless,9,2,0,2,2,0,2
tastelessly,11,2,0,2,2,0,2
tastelessness,13,1,0,1,1,0,1
tastelessness's,15,1,0,1,1,0,1
taster,6,5,1,6,5,1,6
taster's,8,5,0,5,5,0,5
tasters,7,4,1,5,4,1,5
tastes,6,4,3,7,4,3,7
tastier,7,6,2,8,6,1,7
tastiest,8,3,0,3,3,0,3
tastiness,9,5,1,6,5,1,6
tastiness's,11,6,1,7,6,1,7
tasting,7,6,0,6,6,1,7
tasty,5,4,2,6,3,2,5
tat,3,2,3,5,2,2,4
tats,4,3,1,4,3,2,5
tatted,6,4,2,6,4,2,6
tatter,6,4,1,5,4,1,5
tatter's,8,6,0,6,6,0,6
tattered,8,5,1,6,5,1,6
tattering,9,7,1,8,7,1,8
tatters,7,5,0,5,5,0,5
tatting,7,5,4,9,5,4,9
tatting's,9,7,5,12,7,2,9
tattle,6,4,8,12,4,3,7
tattle's,8,6,2,8,6,4,10
tattled,7,5,3,8,4,4,8
tattler,7,5,5,10,4,5,9
tattler's,9,7,2,9,6,3,9
tattlers,8,6,3,9,5,3,8
tattles,7,5,7,12,5,4,9
tattletale,10,2,1,3,2,1,3
tattletale's,12,4,0,4,3,0,3
tattletales,11,2,2,4,3,0,3
tattling,8,6,6,12,5,4,9
tattoo,6,2,5,7,2,5,7
tattoo's,8,4,3,7,4,4,8
tattooed,8,4,1,5,4,5,9
tattooing,9,4,2,6,4,2,6
tattooist,9,3,1,4,3,1,4
tattooist's,11,4,0,4,3,1,4
tattooists,10,3,0,3,3,1,4
tattoos,7,3,3,6,4,2,6
tatty,5,3,4,7,3,4,7
taught,6,2,5,7,2,5,7
taunt,5,2,5,7,2,5,7
taunt's,7,5,3,8,5,3,8
taunted,7,5,4,9,5,4,9
taunting,8,5,3,8,5,3,8
taunts,6,4,4,8,4,4,8
taupe,5,3,6,9,3,6,9
taupe's,7,5,6,11,5,6,11
taut,4,2,7,9,2,7,9
tauter,6,4,2,6,4,2,6
tautest,7,3,1,4,4,1,5
tautly,6,3,6,9,3,6,9
tautness,8,5,3,8,5,3,8
tautness's,10,6,3,9,6,3,9
tautological,12,6,2,8,5,2,7
tautologies,11,7,0,7,5,0,5
tautology,9,5,3,8,3,3,6
tautology's,11,8,1,9,4,1,5
tavern,6,5,4,9,3,2,5
tavern's,8,5,0,5,5,0,5
taverns,7,3,2,5,6,3,9
tawdrier,8,3,1,4,5,1,6
tawdriest,9,5,0,5,5,0,5
tawdriness,10,5,1,6,5,0,5
tawdriness's,12,6,1,7,6,1,7
tawdry,6,3,4,7,3,4,7
tawnier,7,5,1,6,5,2,7
tawniest,8,6,0,6,6,1,7
tawny,5,3,3,6,3,3,6
tawny's,7,5,2,7,5,2,7
tax,3,2,9,11,2,8,10
tax's,5,4,10,14,4,10,14
taxable,7,5,3,8,5,2,7
taxation,8,4,2,6,4,2,6
taxation's,10,5,1,6,4,1,5
taxed,5,4,6,10,4,6,10
taxes,5,4,5,9,4,5,9
taxi,4,2,8,10,2,8,10
taxi's,6,5,6,11,5,5,10
taxicab,7,3,4,7,3,3,6
taxicab's,9,4,4,8,4,3,7
taxicabs,8,3,2,5,3,2,5
taxidermist,11,3,0,3,4,0,4
taxidermist's,13,5,0,5,4,0,4
taxidermists,12,2,1,3,2,1,3
taxidermy,9,3,1,4,4,1,5
taxidermy's,11,6,0,6,5,0,5
taxied,6,4,7,11,4,7,11
taxies,6,4,5,9,4,6,10
taxiing,7,1,2,3,4,2,6
taxing,6,5,7,12,5,7,12
taxis,5,3,8,11,3,8,11
taxonomic,9,2,2,4,2,2,4
taxonomies,10,4,0,4,4,0,4
taxonomy,8,2,3,5,2,3,5
taxonomy's,10,4,1,5,3,1,4
taxpayer,8,3,4,7,3,3,6
taxpayer's,10,5,3,8,5,2,7
taxpayers,9,4,3,7,4,3,7
taxying,7,5,7,12,5,7,12
tea,3,3,3,6,3,3,6
tea's,5,4,4,8,4,5,9
teabag,6,3,4,7,3,4,7
teach,5,4,5,9,2,6,8
teachable,9,6,2,8,2,2,4
teacher,7,3,2,5,3,2,5
teacher's,9,6,0,6,7,0,7
teachers,8,4,1,5,4,2,6
teaches,7,5,3,8,3,4,7
teaching,8,5,5,10,5,4,9
teaching's,10,7,2,9,7,2,9
teachings,9,6,2,8,6,2,8
teacup,6,3,4,7,3,4,7
teacup's,8,5,3,8,5,3,8
teacups,7,3,5,8,3,5,8
teak,4,4,2,6,4,4,8
teak's,6,6,4,10,6,3,9
teakettle,9,3,1,4,3,2,5
teakettle's,11,4,0,4,3,0,3
teakettles,10,3,1,4,3,1,4
teaks,5,5,3,8,5,2,7
teal,4,4,7,11,4,7,11
teal's,6,6,5,11,6,5,11
tealight,8,5,1,6,3,2,5
tealight's,10,5,1,6,4,2,6
tealights,9,4,1,5,4,1,5
teals,5,5,6,11,5,3,8
team,4,4,3,7,3,5,8
team's,6,5,5,10,5,4,9
teamed,6,4,2,6,5,0,5
teaming,7,6,3,9,6,3,9
teammate,8,2,1,3,2,1,3
teammate's,10,4,0,4,4,0,4
teammates,9,3,1,4,3,1,4
teams,5,4,4,8,4,4,8
teamster,8,3,0,3,3,0,3
teamster's,10,3,0,3,3,0,3
teamsters,9,2,1,3,3,0,3
teamwork,8,4,3,7,4,3,7
teamwork's,10,6,0,6,5,2,7
teapot,6,2,4,6,2,4,6
teapot's,8,4,3,7,4,3,7
teapots,7,3,5,8,3,5,8
tear,4,4,9,13,4,9,13
tear's,6,6,6,12,6,6,12
teardrop,8,4,2,6,4,2,6
teardrop's,10,6,0,6,6,0,6
teardrops,9,5,2,7,4,2,6
teared,6,4,4,8,5,1,6
tearful,7,6,3,9,4,3,7
tearfully,9,7,2,9,4,2,6
teargas,7,4,1,5,4,1,5
teargas's,9,4,1,5,4,1,5
teargases,9,3,0,3,3,0,3
teargassed,10,3,0,3,3,0,3
teargasses,10,3,0,3,3,0,3
teargassing,11,3,0,3,3,0,3
tearier,7,5,2,7,5,2,7
teariest,8,3,0,3,3,0,3
tearing,7,7,5,12,7,5,12
tearjerker,10,2,1,3,2,1,3
tearjerker's,12,3,0,3,3,0,3
tearjerkers,11,3,1,4,3,0,3
tearoom,7,3,2,5,4,4,8
tearoom's,9,5,1,6,6,2,8
tearooms,8,5,3,8,5,3,8
tears,5,5,8,13,5,8,13
teary,5,5,3,8,5,3,8
teas,4,3,4,7,3,6,9
tease,5,3,3,6,3,3,6
tease's,7,4,2,6,4,3,7
teased,6,5,3,8,4,2,6
teasel,6,5,2,7,5,3,8
teasel's,8,6,1,7,6,2,8
teasels,7,5,2,7,5,2,7
teaser,6,5,1,6,5,2,7
teaser's,8,4,2,6,4,2,6
teasers,7,3,3,6,3,2,5
teases,6,3,4,7,3,4,7
teasing,7,6,2,8,6,2,8
teaspoon,8,3,1,4,3,1,4
teaspoon's,10,4,1,5,4,1,5
teaspoonful,11,2,0,2,2,1,3
teaspoonful's,13,2,0,2,2,0,2
teaspoonfuls,12,3,0,3,3,0,3
teaspoons,9,3,0,3,3,0,3
teaspoonsful,12,3,0,3,2,0,2
teat,4,3,2,5,3,4,7
teat's,6,5,4,9,5,3,8
teatime,7,2,4,6,4,2,6
teats,5,4,3,7,4,2,6
teazel,6,2,4,6,2,4,6
teazel's,8,4,2,6,4,2,6
teazels,7,3,3,6,3,3,6
teazle,6,3,2,5,4,1,5
teazle's,8,5,2,7,6,1,7
teazles,7,5,1,6,5,2,7
technical,9,3,1,4,3,1,4
technicalities,14,6,0,6,3,0,3
technicality,12,2,1,3,2,1,3
technicality's,14,6,0,6,3,1,4
technically,11,3,2,5,4,1,5
technician,10,3,1,4,3,1,4
technician's,12,6,0,6,4,0,4
technicians,11,4,0,4,4,0,4
technique,9,3,2,5,2,4,6
technique's,11,5,1,6,4,2,6
techniques,10,3,2,5,4,0,4
techno,6,3,4,7,3,4,7
technocracy,11,2,2,4,2,3,5
technocracy's,13,5,0,5,4,1,5
technocrat,10,2,2,4,2,2,4
technocrat's,12,6,0,6,3,1,4
technocrats,11,3,1,4,4,1,5
technological,13,2,2,4,3,1,4
technologically,15,4,1,5,3,1,4
technologies,12,3,1,4,3,1,4
technologist,12,4,0,4,3,0,3
technologist's,14,4,0,4,5,0,5
technologists,13,6,0,6,6,0,6
technology,10,1,3,4,1,3,4
technology's,12,3,2,5,3,2,5
techs,5,4,5,9,4,5,9
tectonics,9,5,2,7,6,1,7
tectonics's,11,6,1,7,7,0,7
tedious,7,5,4,9,5,4,9
tediously,9,8,0,8,8,0,8
tediousness,11,7,0,7,6,0,6
tediousness's,13,8,0,8,7,0,7
tedium,6,2,5,7,2,5,7
tedium's,8,4,4,8,4,4,8
tee,3,2,9,11,2,9,11
tee's,5,4,4,8,4,4,8
teed,4,3,8,11,3,7,10
teeing,6,5,2,7,5,2,7
teem,4,3,6,9,3,5,8
teemed,6,3,4,7,3,4,7
teeming,7,5,5,10,5,5,10
teems,5,4,5,9,4,5,9
teen,4,2,7,9,2,6,8
teen's,6,4,4,8,4,4,8
teenage,7,3,3,6,3,1,4
teenaged,8,3,2,5,6,2,8
teenager,8,2,2,4,5,3,8
teenager's,10,2,0,2,2,0,2
teenagers,9,2,1,3,2,1,3
teenier,7,4,1,5,4,3,7
teeniest,8,3,0,3,3,0,3
teens,5,3,6,9,3,6,9
teensier,8,2,0,2,2,0,2
teensiest,9,2,0,2,2,0,2
teensy,6,2,0,2,2,0,2
teeny,5,3,5,8,3,5,8
teepee,6,2,0,2,2,0,2
teepee's,8,4,0,4,3,0,3
teepees,7,3,0,3,2,0,2
tees,4,3,7,10,3,6,9
teeter,6,2,5,7,3,4,7
teeter's,8,4,4,8,5,2,7
teetered,8,2,1,3,2,1,3
teetering,9,2,1,3,2,1,3
teeters,7,3,4,7,4,2,6
teeth,5,2,3,5,2,3,5
teethe,6,2,0,2,2,0,2
teethed,7,3,2,5,3,2,5
teethes,7,3,1,4,3,2,5
teething,8,5,1,6,2,1,3
teetotal,8,2,2,4,2,1,3
teetotaler,10,2,1,3,2,1,3
teetotaler's,12,3,0,3,3,0,3
teetotalers,11,2,0,2,2,0,2
teetotaller,11,2,2,4,2,1,3
teetotaller's,13,2,0,2,2,0,2
teetotallers,12,2,0,2,2,0,2
telecast,8,2,1,3,3,0,3
telecast's,10,4,1,5,4,0,4
telecasted,10,7,1,8,7,0,7
telecaster,10,6,2,8,6,1,7
telecaster's,12,5,1,6,2,0,2
telecasters,11,2,0,2,2,0,2
telecasting,11,3,0,3,2,0,2
telecasts,9,3,0,3,3,0,3
telecommunication,17,2,0,2,2,0,2
telecommunication's,19,2,0,2,2,0,2
telecommunications,18,2,0,2,3,0,3
telecommunications's,20,1,0,1,1,0,1
telecommute,11,2,2,4,2,1,3
telecommuted,12,8,2,10,8,2,10
telecommuter,12,7,3,10,7,3,10
telecommuter's,14,3,0,3,4,1,5
telecommuters,13,3,0,3,3,0,3
telecommutes,12,3,0,3,3,0,3
telecommuting,13,4,2,6,3,1,4
telecommuting's,15,4,0,4,4,0,4
teleconference,14,1,2,3,1,2,3
teleconference's,16,2,0,2,2,1,3
teleconferenced,15,1,2,3,1,2,3
teleconferences,15,3,0,3,2,1,3
teleconferencing,16,1,1,2,2,1,3
telegram,8,3,1,4,3,1,4
telegram's,10,4,0,4,8,0,8
telegrams,9,4,0,4,4,0,4
telegraph,9,2,2,4,3,2,5
telegraph's,11,4,0,4,5,0,5
telegraphed,11,6,2,8,3,1,4
telegrapher,11,6,2,8,1,2,3
telegrapher's,13,3,0,3,2,0,2
telegraphers,12,3,0,3,3,0,3
telegraphic,11,8,1,9,2,1,3
telegraphing,12,5,1,6,5,1,6
telegraphs,10,5,1,6,7,1,8
telegraphy,10,2,2,4,2,2,4
telegraphy's,12,3,0,3,3,1,4
telekinesis,11,2,0,2,2,0,2
telekinesis's,13,3,0,3,2,0,2
telemarketing,13,4,1,5,2,2,4
telemarketing's,15,4,0,4,3,1,4
telemeter,9,1,1,2,1,1,2
telemeter's,11,2,0,2,2,0,2
telemeters,10,2,0,2,2,0,2
telemetries,11,3,0,3,3,0,3
telemetry,9,2,1,3,2,1,3
telemetry's,11,3,0,3,3,0,3
telepathic,10,2,2,4,1,3,4
telepathically,14,4,1,5,3,1,4
telepathy,9,2,2,4,2,3,5
telepathy's,11,3,0,3,3,0,3
telephone,9,2,2,4,2,1,3
telephone's,11,4,0,4,3,0,3
telephoned,10,3,1,4,3,1,4
telephones,10,3,0,3,3,0,3
telephonic,10,2,1,3,2,1,3
telephoning,11,4,1,5,3,1,4
telephony,9,4,2,6,4,2,6
telephony's,11,4,0,4,5,0,5
telephoto,9,2,2,4,2,3,5
telephoto's,11,3,0,3,3,0,3
telephotos,10,3,1,4,3,2,5
telescope,9,2,0,2,2,0,2
telescope's,11,2,0,2,2,0,2
telescoped,10,3,0,3,3,0,3
telescopes,10,2,0,2,2,0,2
telescopic,10,4,0,4,4,0,4
telescoping,11,3,0,3,3,0,3
telethon,8,4,2,6,4,2,6
telethon's,10,6,1,7,5,1,6
telethons,9,5,1,6,4,1,5
teletype,8,2,2,4,2,1,3
teletypes,9,3,1,4,3,1,4
teletypewriter,14,2,1,3,2,1,3
teletypewriter's,16,4,1,5,3,0,3
teletypewriters,15,2,0,2,3,1,4
televangelist,13,3,0,3,3,1,4
televangelist's,15,4,0,4,3,1,4
televangelists,14,3,0,3,3,1,4
televise,8,2,1,3,2,1,3
televised,9,3,2,5,2,1,3
televises,9,2,1,3,2,1,3
televising,10,4,1,5,7,0,7
television,10,3,0,3,7,0,7
television's,12,4,0,4,3,0,3
televisions,11,3,0,3,2,1,3
telex,5,2,6,8,2,6,8
telex's,7,4,4,8,4,4,8
telexed,7,3,2,5,3,1,4
telexes,7,4,0,4,3,3,6
telexing,8,6,2,8,5,2,7
tell,4,3,5,8,3,4,7
teller,6,4,0,4,4,1,5
teller's,8,6,1,7,6,0,6
tellers,7,5,0,5,5,0,5
telling,7,6,4,10,6,4,10
tellingly,9,3,2,5,3,2,5
tells,5,4,10,14,4,9,13
telltale,8,3,1,4,3,1,4
telltale's,10,5,0,5,5,0,5
telltales,9,4,1,5,4,1,5
temblor,7,3,3,6,5,3,8
temblor's,9,5,2,7,5,1,6
temblors,8,3,2,5,4,1,5
temerity,8,4,1,5,4,1,5
temerity's,10,5,1,6,6,0,6
temp,4,2,6,8,2,5,7
temp's,6,4,5,9,5,7,12
temped,6,4,2,6,4,1,5
temper,6,4,2,6,3,3,6
temper's,8,5,2,7,5,2,7
tempera,7,3,1,4,3,1,4
tempera's,9,5,0,5,4,2,6
temperament,11,1,2,3,2,1,3
temperament's,13,3,0,3,2,0,2
temperamental,13,1,2,3,1,2,3
temperamentally,15,1,2,3,1,2,3
temperaments,12,3,0,3,3,0,3
temperance,10,2,1,3,2,1,3
temperance's,12,4,0,4,4,0,4
temperas,8,4,1,5,4,1,5
temperate,9,3,1,4,3,1,4
temperature,11,2,2,4,2,1,3
temperature's,13,5,0,5,3,0,3
temperatures,12,2,0,2,2,0,2
tempered,8,4,1,5,4,1,5
tempering,9,6,1,7,4,1,5
tempers,7,5,1,6,5,1,6
tempest,7,3,0,3,3,0,3
tempest's,9,4,1,5,3,0,3
tempests,8,3,1,4,3,1,4
tempestuous,11,2,1,3,2,1,3
tempestuously,13,3,0,3,3,0,3
tempestuousness,15,2,0,2,2,0,2
tempestuousness's,17,3,1,4,1,1,2
tempi,5,2,5,7,5,5,10
temping,7,6,3,9,6,3,9
template,8,3,1,4,3,1,4
template's,10,5,1,6,5,1,6
templates,9,4,1,5,4,1,5
temple,6,3,4,7,3,2,5
temple's,8,5,2,7,5,2,7
temples,7,4,2,6,4,3,7
tempo,5,2,7,9,4,6,10
tempo's,7,4,5,9,4,4,8
temporal,8,3,2,5,3,2,5
temporally,10,4,2,6,4,2,6
temporaries,11,4,0,4,4,0,4
temporarily,11,2,2,4,4,1,5
temporary,9,3,2,5,2,2,4
temporary's,11,4,1,5,3,1,4
temporize,9,5,2,7,2,3,5
temporized,10,3,1,4,3,1,4
temporizes,10,4,0,4,5,1,6
temporizing,11,7,1,8,5,1,6
tempos,6,3,6,9,5,6,11
temps,5,3,6,9,3,6,9
tempt,5,2,8,10,2,4,6
temptation,10,5,1,6,5,1,6
temptation's,12,5,0,5,4,0,4
temptations,11,7,0,7,4,0,4
tempted,7,2,5,7,3,4,7
tempter,7,3,2,5,3,2,5
tempter's,9,4,4,8,5,2,7
tempters,8,4,1,5,4,2,6
tempting,8,5,5,10,5,4,9
temptingly,10,6,2,8,7,1,8
temptress,9,3,1,4,3,1,4
temptress's,11,4,2,6,3,2,5
temptresses,11,3,1,4,3,1,4
tempts,6,3,5,8,5,6,11
tempura,7,3,2,5,2,4,6
tempura's,9,5,1,6,4,3,7
ten,3,3,11,14,2,3,5
ten's,5,5,9,14,5,9,14
tenability,10,3,1,4,3,1,4
tenability's,12,7,0,7,4,0,4
tenable,7,3,2,5,5,1,6
tenacious,9,5,1,6,5,1,6
tenaciously,11,9,0,9,6,0,6
tenacity,8,5,1,6,4,1,5
tenacity's,10,6,0,6,5,0,5
tenancies,9,3,2,5,4,1,5
tenancy,7,3,4,7,2,1,3
tenancy's,9,5,0,5,4,1,5
tenant,6,2,2,4,2,2,4
tenant's,8,4,1,5,4,0,4
tenanted,8,3,4,7,3,4,7
tenanting,9,3,1,4,3,1,4
tenants,7,3,2,5,3,2,5
tend,4,3,3,6,3,3,6
tended,6,4,4,8,4,3,7
tendencies,10,3,1,4,3,1,4
tendency,8,2,3,5,2,3,5
tendency's,10,6,1,7,4,2,6
tendentious,11,4,0,4,4,0,4
tendentiously,13,7,0,7,5,0,5
tendentiousness,15,2,0,2,2,0,2
tendentiousness's,17,2,0,2,3,0,3
tender,6,3,3,6,5,6,11
tender's,8,7,5,12,7,5,12
tendered,8,3,1,4,3,1,4
tenderer,8,2,1,3,2,1,3
tenderest,9,2,0,2,2,0,2
tenderfeet,10,1,1,2,1,1,2
tenderfoot,10,4,1,5,3,1,4
tenderfoot's,12,5,0,5,3,0,3
tenderfoots,11,5,0,5,4,0,4
tenderhearted,13,1,2,3,1,2,3
tendering,9,6,1,7,4,1,5
tenderize,9,4,2,6,3,1,4
tenderized,10,2,1,3,2,1,3
tenderizer,10,2,1,3,2,1,3
tenderizer's,12,3,0,3,3,0,3
tenderizers,11,3,1,4,2,2,4
tenderizes,10,3,0,3,3,0,3
tenderizing,11,3,2,5,3,1,4
tenderloin,10,2,1,3,2,1,3
tenderloin's,12,3,0,3,3,0,3
tenderloins,11,3,0,3,3,0,3
tenderly,8,2,2,4,3,1,4
tenderness,10,3,0,3,3,0,3
tenderness's,12,3,0,3,3,0,3
tenders,7,4,2,6,4,2,6
tending,7,6,7,13,6,7,13
tendinitis,10,5,1,6,3,1,4
tendinitis's,12,2,0,2,2,0,2
tendon,6,4,2,6,4,2,6
tendon's,8,6,1,7,6,0,6
tendonitis,10,5,1,6,3,1,4
tendonitis's,12,3,0,3,3,0,3
tendons,7,5,3,8,5,3,8
tendril,7,5,3,8,4,1,5
tendril's,9,7,2,9,7,2,9
tendrils,8,5,1,6,5,1,6
tends,5,5,8,13,5,8,13
tenement,8,2,1,3,2,2,4
tenement's,10,4,0,4,3,1,4
tenements,9,3,1,4,3,1,4
tenet,5,3,4,7,3,4,7
tenet's,7,5,2,7,5,2,7
tenets,6,3,4,7,3,3,6
tenfold,7,5,5,10,5,3,8
tennis,6,3,5,8,4,3,7
tennis's,8,4,3,7,5,1,6
tenon,5,4,5,9,4,3,7
tenon's,7,6,3,9,6,2,8
tenoned,7,3,3,6,3,2,5
tenoning,8,3,1,4,3,1,4
tenons,6,4,3,7,3,2,5
tenor,5,3,4,7,2,3,5
tenor's,7,5,3,8,4,2,6
tenors,6,5,3,8,3,3,6
tenpin,6,3,3,6,3,3,6
tenpin's,8,5,2,7,5,1,6
tenpins,7,4,4,8,4,4,8
tenpins's,9,5,1,6,5,1,6
tens,4,4,8,12,4,7,11
tense,5,3,3,6,3,3,6
tense's,7,4,2,6,3,3,6
tensed,6,4,4,8,3,2,5
tensely,7,5,2,7,5,2,7
tenseness,9,3,1,4,3,1,4
tenseness's,11,4,1,5,4,1,5
tenser,6,4,2,6,4,3,7
tenses,6,3,5,8,3,5,8
tensest,7,4,0,4,4,0,4
tensile,7,4,2,6,4,2,6
tensing,7,3,0,3,3,0,3
tension,7,5,1,6,5,1,6
tension's,9,6,1,7,6,1,7
tensions,8,5,1,6,5,1,6
tensor,6,5,1,6,5,1,6
tensors,7,5,2,7,5,2,7
tent,4,3,3,6,3,3,6
tent's,6,5,1,6,5,3,8
tentacle,8,3,2,5,3,2,5
tentacle's,10,5,1,6,6,0,6
tentacles,9,4,1,5,4,1,5
tentative,9,3,1,4,3,2,5
tentatively,11,2,1,3,1,2,3
tented,6,4,2,6,4,0,4
tenth,5,3,7,10,3,4,7
tenth's,7,5,3,8,5,3,8
tenths,6,3,5,8,4,3,7
tenting,7,5,2,7,5,2,7
tents,5,4,3,7,4,4,8
tenuous,7,4,3,7,4,3,7
tenuously,9,5,1,6,4,0,4
tenuousness,11,2,0,2,3,0,3
tenuousness's,13,2,0,2,3,0,3
tenure,6,3,4,7,3,2,5
tenure's,8,4,3,7,5,0,5
tenured,7,3,2,5,4,1,5
tenures,7,3,2,5,3,2,5
tenuring,8,5,2,7,5,3,8
tepee,5,2,1,3,2,1,3
tepee's,7,4,0,4,4,0,4
tepees,6,3,0,3,3,0,3
tepid,5,3,5,8,3,4,7
tequila,7,3,4,7,3,3,6
tequila's,9,5,1,6,5,2,7
tequilas,8,4,3,7,4,3,7
terabit,7,4,1,5,4,3,7
terabit's,9,5,0,5,7,0,7
terabits,8,5,2,7,5,2,7
terabyte,8,3,1,4,3,1,4
terabyte's,10,5,0,5,5,0,5
terabytes,9,4,1,5,4,1,5
tercentenaries,14,5,0,5,3,0,3
tercentenary,12,1,2,3,1,2,3
tercentenary's,14,5,0,5,2,1,3
term,4,3,8,11,3,9,12
term's,6,5,7,12,5,7,12
termagant,9,2,2,4,3,2,5
termagant's,11,3,1,4,4,1,5
termagants,10,3,1,4,4,0,4
termed,6,4,2,6,4,1,5
terminable,10,5,1,6,6,1,7
terminal,8,7,3,10,7,3,10
terminal's,10,9,2,11,9,2,11
terminally,10,4,2,6,3,2,5
terminals,9,4,1,5,4,1,5
terminate,9,3,1,4,4,1,5
terminated,10,4,1,5,4,1,5
terminates,10,6,0,6,4,0,4
terminating,11,4,1,5,4,1,5
termination,11,4,1,5,4,1,5
termination's,13,5,0,5,4,0,4
terminations,12,5,0,5,5,0,5
terminator,10,3,2,5,3,2,5
terminators,11,5,0,5,4,0,4
terming,7,6,4,10,6,4,10
termini,7,3,2,5,3,2,5
terminological,14,2,1,3,2,1,3
terminologies,13,3,0,3,3,0,3
terminology,11,3,1,4,3,1,4
terminology's,13,4,1,5,4,0,4
terminus,8,5,1,6,5,1,6
terminus's,10,5,1,6,5,1,6
terminuses,10,3,1,4,3,1,4
termite,7,4,2,6,4,0,4
termite's,9,6,1,7,6,0,6
termites,8,4,1,5,4,1,5
termly,6,3,5,8,4,4,8
terms,5,4,7,11,4,7,11
tern,4,3,7,10,3,6,9
tern's,6,5,5,10,5,6,11
terns,5,4,3,7,4,4,8
terrace,7,2,2,4,2,1,3
terrace's,9,4,2,6,4,1,5
terraced,8,3,1,4,3,1,4
terraces,8,3,1,4,3,1,4
terracing,9,5,1,6,5,1,6
terrain,7,4,1,5,4,1,5
terrain's,9,6,0,6,5,0,5
terrains,8,4,1,5,4,1,5
terrapin,8,4,2,6,3,2,5
terrapin's,10,6,0,6,4,0,4
terrapins,9,4,2,6,4,2,6
terraria,8,3,1,4,3,2,5
terrarium,9,4,2,6,3,2,5
terrarium's,11,5,1,6,5,1,6
terrariums,10,3,1,4,4,0,4
terrestrial,11,2,0,2,2,0,2
terrestrial's,13,2,0,2,2,0,2
terrestrials,12,3,0,3,3,0,3
terrible,8,3,2,5,3,2,5
terribly,8,5,1,6,3,1,4
terrier,7,3,4,7,3,4,7
terrier's,9,5,1,6,5,1,6
terriers,8,3,1,4,3,1,4
terrific,8,2,2,4,3,1,4
terrifically,12,4,2,6,2,1,3
terrified,9,3,1,4,3,1,4
terrifies,9,5,0,5,4,0,4
terrify,7,3,5,8,3,5,8
terrifying,10,5,1,6,4,1,5
terrifyingly,12,3,1,4,3,1,4
territorial,11,2,2,4,3,1,4
territorial's,13,2,0,2,4,0,4
territorials,12,4,0,4,4,0,4
territories,11,3,0,3,3,0,3
territory,9,2,3,5,3,1,4
territory's,11,5,1,6,4,0,4
terror,6,2,1,3,2,1,3
terror's,8,4,0,4,4,1,5
terrorism,9,5,1,6,5,0,5
terrorism's,11,5,0,5,5,0,5
terrorist,9,5,1,6,5,0,5
terrorist's,11,5,0,5,5,0,5
terrorists,10,4,0,4,4,0,4
terrorize,9,5,2,7,2,1,3
terrorized,10,3,1,4,3,1,4
terrorizes,10,3,0,3,4,1,5
terrorizing,11,4,1,5,4,1,5
terrors,7,3,1,4,3,1,4
terry,5,4,3,7,4,2,6
terry's,7,6,2,8,6,1,7
terse,5,4,1,5,4,1,5
tersely,7,4,1,5,4,1,5
terseness,9,3,0,3,3,0,3
terseness's,11,3,0,3,3,0,3
terser,6,3,3,6,3,3,6
tersest,7,3,1,4,3,1,4
tertiary,8,3,2,5,3,1,4
test,4,3,1,4,3,0,3
test's,6,4,0,4,4,0,4
testable,8,5,0,5,5,0,5
testament,9,3,0,3,3,0,3
testament's,11,2,0,2,2,0,2
testamentary,12,2,1,3,2,1,3
testaments,10,2,1,3,2,1,3
testate,7,3,1,4,2,2,4
testates,8,3,1,4,3,0,3
tested,6,4,3,7,4,1,5
tester,6,3,0,3,3,1,4
tester's,8,5,0,5,4,0,4
testers,7,4,0,4,3,0,3
testes,6,2,3,5,3,2,5
testicle,8,4,1,5,4,1,5
testicle's,10,3,0,3,3,0,3
testicles,9,4,0,4,4,0,4
testier,7,4,2,6,5,1,6
testiest,8,3,0,3,3,0,3
testified,9,4,0,4,4,0,4
testifies,9,4,0,4,4,0,4
testify,7,6,1,7,6,0,6
testifying,10,5,0,5,4,0,4
testily,7,5,2,7,5,1,6
testimonial,11,3,0,3,3,0,3
testimonial's,13,3,0,3,3,0,3
testimonials,12,3,0,3,3,0,3
testimonies,11,3,0,3,3,0,3
testimony,9,3,0,3,3,0,3
testimony's,11,3,0,3,3,0,3
testiness,9,2,0,2,2,0,2
testiness's,11,3,0,3,4,0,4
testing,7,5,1,6,4,1,5
testis,6,3,2,5,3,1,4
testis's,8,3,0,3,3,0,3
testosterone,12,2,0,2,2,0,2
testosterone's,14,1,0,1,1,0,1
tests,5,3,0,3,3,0,3
testy,5,3,3,6,3,1,4
tetanus,7,3,4,7,3,4,7
tetanus's,9,5,2,7,4,2,6
tether,6,3,0,3,3,1,4
tether's,8,5,1,6,5,2,7
tethered,8,4,1,5,4,1,5
tethering,9,6,1,7,4,1,5
tethers,7,4,0,4,4,0,4
tetrahedra,10,2,1,3,2,1,3
tetrahedron,11,2,2,4,2,1,3
tetrahedron's,13,3,0,3,3,0,3
tetrahedrons,12,3,1,4,3,1,4
text,4,2,6,8,2,5,7
text's,6,4,5,9,4,7,11
textbook,8,2,4,6,2,4,6
textbook's,10,4,3,7,3,3,6
textbooks,9,3,3,6,3,4,7
texted,6,3,4,7,3,2,5
textile,7,3,4,7,3,3,6
textile's,9,5,2,7,5,2,7
textiles,8,5,1,6,5,1,6
texting,7,5,3,8,5,3,8
texts,5,3,5,8,3,5,8
textual,7,3,4,7,3,4,7
textually,9,2,3,5,1,4,5
textural,8,3,2,5,3,2,5
texture,7,3,1,4,4,0,4
texture's,9,5,1,6,5,0,5
textured,8,4,1,5,4,1,5
textures,8,4,0,4,4,0,4
texturing,9,6,1,7,6,1,7
thalami,7,2,3,5,3,3,6
thalamus,8,3,3,6,3,2,5
thalamus's,10,3,2,5,2,2,4
thallium,8,3,3,6,3,3,6
thallium's,10,5,4,9,5,2,7
than,4,4,6,10,4,6,10
thank,5,4,5,9,4,4,8
thanked,7,6,3,9,6,3,9
thankful,8,5,4,9,1,5,6
thankfully,10,5,4,9,3,3,6
thankfulness,12,7,0,7,7,0,7
thankfulness's,14,8,0,8,8,0,8
thanking,8,5,5,10,5,5,10
thankless,9,5,0,5,5,0,5
thanklessly,11,5,0,5,4,0,4
thanks,6,4,5,9,5,7,12
thanksgiving,12,2,1,3,2,1,3
thanksgiving's,14,2,1,3,2,0,2
thanksgivings,13,2,1,3,2,1,3
that,4,3,4,7,2,4,6
that's,6,5,3,8,4,3,7
thatch,6,2,5,7,3,4,7
thatch's,8,4,4,8,4,4,8
thatched,8,5,2,7,3,4,7
thatcher,8,4,3,7,3,3,6
thatches,8,5,2,7,4,2,6
thatching,9,5,4,9,5,3,8
thatching's,11,6,2,8,3,2,5
thaw,4,3,7,10,3,7,10
thaw's,6,5,5,10,5,5,10
thawed,6,4,5,9,4,5,9
thawing,7,5,6,11,5,6,11
thaws,5,4,5,9,4,3,7
the,3,2,7,9,2,7,9
theater,7,3,4,7,3,3,6
theater's,9,6,1,7,6,1,7
theaters,8,4,2,6,4,2,6
theatre,7,3,1,4,3,0,3
theatre's,9,3,0,3,3,0,3
theatres,8,3,0,3,3,0,3
theatrical,10,3,1,4,3,1,4
theatrically,12,6,1,7,4,1,5
thee,4,3,3,6,3,2,5
thees,5,4,1,5,4,1,5
theft,5,3,5,8,3,5,8
theft's,7,5,4,9,5,4,9
thefts,6,3,5,8,3,3,6
their,5,2,2,4,2,3,5
theirs,6,3,3,6,4,3,7
theism,6,3,1,4,3,1,4
theism's,8,5,1,6,4,0,4
theist,6,3,1,4,3,1,4
theist's,8,4,1,5,4,0,4
theistic,8,2,2,4,2,2,4
theists,7,3,1,4,3,1,4
them,4,4,7,11,4,7,11
thematic,8,4,2,6,3,2,5
thematically,12,4,1,5,4,1,5
theme,5,1,5,6,1,5,6
theme's,7,3,4,7,3,4,7
themes,6,4,2,6,4,2,6
themselves,10,2,0,2,2,0,2
then,4,4,7,11,4,6,10
then's,6,6,4,10,6,4,10
thence,6,5,3,8,3,2,5
thenceforth,11,1,2,3,2,1,3
thenceforward,13,1,2,3,1,2,3
theocracies,11,3,0,3,3,0,3
theocracy,9,5,1,6,3,1,4
theocracy's,11,7,0,7,4,0,4
theocratic,10,3,1,4,3,1,4
theologian,10,4,1,5,4,1,5
theologian's,12,5,0,5,4,1,5
theologians,11,5,1,6,4,1,5
theological,11,2,1,3,2,1,3
theologies,10,3,0,3,3,0,3
theology,8,3,4,7,4,3,7
theology's,10,2,3,5,2,3,5
theorem,7,2,2,4,2,1,3
theorem's,9,3,0,3,3,0,3
theorems,8,3,0,3,3,0,3
theoretic,9,2,1,3,2,1,3
theoretical,11,2,1,3,2,1,3
theoretically,13,6,1,7,4,1,5
theoretician,12,2,1,3,2,1,3
theoretician's,14,3,0,3,3,0,3
theoreticians,13,2,0,2,3,0,3
theories,8,3,0,3,3,0,3
theorist,8,4,1,5,4,1,5
theorist's,10,5,0,5,4,1,5
theorists,9,3,2,5,3,2,5
theorize,8,2,1,3,2,1,3
theorized,9,3,1,4,4,1,5
theorizes,9,3,0,3,3,0,3
theorizing,10,3,1,4,3,1,4
theory,6,4,1,5,4,1,5
theory's,8,5,0,5,5,0,5
theosophy,9,3,0,3,3,0,3
theosophy's,11,3,0,3,3,0,3
therapeutic,11,2,1,3,1,1,2
therapeutically,15,2,1,3,3,1,4
therapeutics,12,3,0,3,2,1,3
therapeutics's,14,5,0,5,2,1,3
therapies,9,3,1,4,3,1,4
therapist,9,3,0,3,3,0,3
therapist's,11,5,0,5,3,0,3
therapists,10,4,0,4,3,1,4
therapy,7,3,2,5,3,2,5
therapy's,9,5,1,6,6,2,8
there,5,4,1,5,4,1,5
there's,7,6,0,6,6,0,6
thereabout,10,3,1,4,3,1,4
thereabouts,11,5,0,5,4,0,4
thereafter,10,2,1,3,2,1,3
thereby,7,5,2,7,5,2,7
therefore,9,6,1,7,6,1,7
therefrom,9,2,1,3,2,1,3
therein,7,6,1,7,6,1,7
thereof,7,4,3,7,4,3,7
thereon,7,5,2,7,5,2,7
thereto,7,4,1,5,4,1,5
thereupon,9,8,1,9,8,1,9
therewith,9,3,1,4,3,1,4
thermal,7,3,3,6,3,3,6
thermal's,9,5,2,7,6,2,8
thermally,9,5,2,7,3,1,4
thermals,8,4,2,6,5,2,7
thermionic,10,2,1,3,2,1,3
thermodynamic,13,2,1,3,2,1,3
thermodynamics,14,3,0,3,3,0,3
thermodynamics's,16,2,0,2,3,0,3
thermometer,11,2,2,4,2,1,3
thermometer's,13,2,0,2,2,0,2
thermometers,12,2,0,2,2,0,2
thermonuclear,13,1,2,3,1,2,3
thermoplastic,13,4,0,4,2,0,2
thermoplastic's,15,2,0,2,2,0,2
thermoplastics,14,2,0,2,2,0,2
thermos,7,4,2,6,4,1,5
thermos's,9,4,2,6,3,2,5
thermoses,9,4,0,4,4,0,4
thermostat,10,2,1,3,2,1,3
thermostat's,12,4,1,5,3,0,3
thermostatic,12,2,0,2,2,0,2
thermostats,11,3,0,3,3,0,3
thesauri,8,4,0,4,5,0,5
thesaurus,9,4,0,4,3,0,3
thesaurus's,11,3,0,3,2,0,2
thesauruses,11,3,0,3,2,1,3
these,5,2,1,3,2,1,3
theses,6,2,0,2,2,0,2
thesis,6,3,0,3,3,0,3
thesis's,8,3,0,3,2,0,2
thespian,8,4,0,4,5,0,5
thespian's,10,4,0,4,3,0,3
thespians,9,4,0,4,3,0,3
theta,5,2,4,6,3,3,6
they,4,3,8,11,3,8,11
they'd,6,2,5,7,2,5,7
they'll,7,2,3,5,2,3,5
they're,7,3,1,4,3,0,3
they've,7,2,2,4,1,4,5
thiamin,7,3,2,5,2,2,4
thiamin's,9,3,1,4,3,1,4
thiamine,8,3,1,4,3,1,4
thiamine's,10,6,0,6,4,0,4
thick,5,3,6,9,3,6,9
thick's,7,5,5,10,5,5,10
thicken,7,4,4,8,3,4,7
thickened,9,6,3,9,5,2,7
thickener,9,2,2,4,3,1,4
thickener's,11,3,0,3,3,0,3
thickeners,10,4,0,4,4,0,4
thickening,10,6,2,8,6,2,8
thickening's,12,3,1,4,4,2,6
thickenings,11,3,1,4,4,2,6
thickens,8,6,4,10,4,3,7
thicker,7,7,2,9,5,2,7
thickest,8,6,0,6,5,1,6
thicket,7,2,5,7,2,4,6
thicket's,9,5,3,8,3,3,6
thickets,8,3,3,6,3,2,5
thickly,7,4,4,8,4,4,8
thickness,9,6,1,7,6,1,7
thickness's,11,7,1,8,7,1,8
thicknesses,11,3,0,3,3,0,3
thickset,8,2,2,4,2,2,4
thief,5,4,6,10,4,6,10
thief's,7,6,4,10,6,4,10
thieve,6,2,4,6,2,4,6
thieved,7,4,3,7,3,3,6
thievery,8,2,2,4,2,3,5
thievery's,10,4,1,5,4,2,6
thieves,7,3,2,5,3,5,8
thieving,8,5,1,6,5,1,6
thievish,8,4,0,4,4,0,4
thigh,5,3,6,9,3,6,9
thigh's,7,4,5,9,4,5,9
thighbone,9,3,2,5,2,3,5
thighbone's,11,5,1,6,3,2,5
thighbones,10,4,1,5,4,0,4
thighs,6,3,6,9,3,6,9
thimble,7,4,4,8,4,3,7
thimble's,9,6,3,9,6,3,9
thimbleful,10,2,2,4,2,3,5
thimbleful's,12,4,1,5,3,1,4
thimblefuls,11,4,1,5,3,2,5
thimbles,8,5,2,7,5,2,7
thin,4,2,7,9,4,5,9
thine,5,5,5,10,5,5,10
thing,5,5,7,12,5,7,12
thing's,7,4,7,11,4,7,11
thingamajig,11,1,1,2,1,2,3
thingamajig's,13,2,1,3,4,1,5
thingamajigs,12,3,1,4,2,1,3
things,6,6,7,13,6,8,14
think,5,4,8,12,4,8,12
thinker,7,6,3,9,6,1,7
thinker's,9,7,1,8,8,1,9
thinkers,8,5,3,8,5,2,7
thinking,8,4,2,6,4,2,6
thinking's,10,6,3,9,4,3,7
thinks,6,5,8,13,5,9,14
thinly,6,4,4,8,4,4,8
thinned,7,6,3,9,6,3,9
thinner,7,5,3,8,6,1,7
thinner's,9,7,1,8,6,1,7
thinners,8,4,2,6,4,1,5
thinness,8,4,1,5,4,1,5
thinness's,10,5,1,6,5,1,6
thinnest,8,5,1,6,6,0,6
thinning,8,4,3,7,4,3,7
thins,5,5,3,8,5,3,8
third,5,3,6,9,3,6,9
third's,7,5,5,10,5,5,10
thirdly,7,4,3,7,4,3,7
thirds,6,5,5,10,4,6,10
thirst,6,3,1,4,3,1,4
thirst's,8,4,0,4,3,1,4
thirsted,8,4,0,4,4,0,4
thirstier,9,3,0,3,3,0,3
thirstiest,10,2,0,2,3,0,3
thirstily,9,6,1,7,6,1,7
thirsting,9,5,2,7,5,2,7
thirsts,7,3,2,5,3,2,5
thirsty,7,2,3,5,2,3,5
thirteen,8,4,2,6,3,2,5
thirteen's,10,6,1,7,5,1,6
thirteens,9,5,1,6,4,2,6
thirteenth,10,3,1,4,2,1,3
thirteenth's,12,4,0,4,3,0,3
thirteenths,11,4,0,4,3,0,3
thirties,8,4,0,4,4,1,5
thirtieth,9,2,3,5,3,2,5
thirtieth's,11,4,2,6,4,1,5
thirtieths,10,3,2,5,3,2,5
thirty,6,2,3,5,2,3,5
thirty's,8,6,4,10,6,4,10
this,4,2,5,7,2,5,7
thistle,7,4,1,5,4,1,5
thistle's,9,5,1,6,5,2,7
thistledown,11,2,0,2,3,0,3
thistledown's,13,2,0,2,2,0,2
thistles,8,4,0,4,4,0,4
thither,7,4,2,6,4,1,5
tho,3,3,3,6,3,3,6
thong,5,3,6,9,3,8,11
thong's,7,5,5,10,5,5,10
thongs,6,4,6,10,3,6,9
thoraces,8,7,1,8,7,1,8
thoracic,8,3,2,5,3,2,5
thorax,6,4,3,7,3,3,6
thorax's,8,6,2,8,6,2,8
thoraxes,8,6,2,8,6,2,8
thorium,7,3,5,8,3,5,8
thorium's,9,5,2,7,5,2,7
thorn,5,4,5,9,4,5,9
thorn's,7,6,4,10,6,4,10
thornier,8,4,2,6,4,1,5
thorniest,9,5,0,5,5,0,5
thorns,6,5,4,9,5,4,9
thorny,6,2,6,8,2,6,8
thorough,8,3,4,7,1,5,6
thoroughbred,12,3,2,5,3,2,5
thoroughbred's,14,6,0,6,3,1,4
thoroughbreds,13,5,0,5,3,1,4
thorougher,10,3,2,5,3,2,5
thoroughest,11,2,1,3,4,1,5
thoroughfare,12,2,2,4,2,2,4
thoroughfare's,14,5,0,5,3,1,4
thoroughfares,13,5,0,5,3,1,4
thoroughgoing,13,3,1,4,2,1,3
thoroughly,10,2,3,5,2,4,6
thoroughness,12,4,1,5,4,0,4
thoroughness's,14,5,1,6,4,0,4
those,5,5,1,6,5,1,6
thou,4,3,7,10,3,7,10
thou's,6,4,6,10,4,6,10
though,6,1,7,8,2,6,8
thought,7,4,4,8,4,4,8
thought's,9,6,3,9,6,3,9
thoughtful,10,3,3,6,2,4,6
thoughtfully,12,1,4,5,1,4,5
thoughtfulness,14,4,0,4,3,0,3
thoughtfulness's,16,4,0,4,3,0,3
thoughtless,11,2,1,3,2,1,3
thoughtlessly,13,2,0,2,2,0,2
thoughtlessness,15,1,0,1,1,0,1
thoughtlessness's,17,3,1,4,1,1,2
thoughts,8,5,3,8,5,3,8
thous,5,3,7,10,3,7,10
thousand,8,3,2,5,3,2,5
thousand's,10,3,1,4,3,1,4
thousands,9,3,2,5,5,2,7
thousandth,10,2,2,4,2,2,4
thousandth's,12,2,2,4,2,2,4
thousandths,11,3,2,5,2,2,4
thraldom,8,2,3,5,2,4,6
thraldom's,10,3,2,5,3,2,5
thrall,6,3,3,6,3,4,7
thrall's,8,5,2,7,5,3,8
thralldom,9,2,3,5,2,3,5
thralldom's,11,5,1,6,4,1,5
thralled,8,6,2,8,7,2,9
thralling,9,7,3,10,7,3,10
thralls,7,4,2,6,5,3,8
thrash,6,3,3,6,3,3,6
thrash's,8,4,2,6,4,2,6
thrashed,8,4,0,4,4,0,4
thrasher,8,4,0,4,4,0,4
thrasher's,10,5,0,5,4,0,4
thrashers,9,4,1,5,4,0,4
thrashes,8,6,1,7,6,0,6
thrashing,9,5,1,6,5,1,6
thrashing's,11,4,1,5,4,1,5
thrashings,10,4,1,5,4,1,5
thread,6,4,2,6,4,3,7
thread's,8,6,0,6,6,1,7
threadbare,10,2,1,3,2,1,3
threaded,8,2,2,4,2,2,4
threading,9,5,1,6,5,2,7
threads,7,4,1,5,5,2,7
threat,6,4,2,6,4,3,7
threat's,8,6,0,6,6,1,7
threaten,8,4,2,6,3,2,5
threatened,10,2,1,3,2,1,3
threatening,11,4,1,5,2,1,3
threateningly,13,2,1,3,2,1,3
threatens,9,3,1,4,3,0,3
threats,7,4,1,5,5,2,7
three,5,3,2,5,3,2,5
three's,7,5,1,6,5,1,6
threefold,9,1,2,3,2,2,4
threes,6,3,2,5,3,2,5
threescore,10,2,1,3,2,0,2
threescore's,12,2,0,2,2,0,2
threescores,11,2,0,2,2,0,2
threesome,9,2,0,2,2,0,2
threesome's,11,2,0,2,2,0,2
threesomes,10,2,0,2,2,0,2
threnodies,10,5,0,5,4,0,4
threnody,8,3,1,4,3,2,5
threnody's,10,5,2,7,4,2,6
thresh,6,3,0,3,3,0,3
thresh's,8,4,1,5,3,1,4
threshed,8,4,0,4,5,0,5
thresher,8,4,0,4,5,0,5
thresher's,10,3,0,3,4,0,4
threshers,9,3,1,4,4,1,5
threshes,8,2,1,3,2,0,2
threshing,9,6,0,6,6,0,6
threshold,9,5,1,6,5,1,6
threshold's,11,3,0,3,3,0,3
thresholds,10,3,1,4,3,1,4
threw,5,2,5,7,2,5,7
thrice,6,6,4,10,6,2,8
thrift,6,4,6,10,2,5,7
thrift's,8,6,4,10,4,3,7
thriftier,9,3,3,6,3,3,6
thriftiest,10,3,0,3,3,0,3
thriftily,9,2,3,5,2,3,5
thriftiness,11,7,0,7,4,0,4
thriftiness's,13,8,0,8,5,0,5
thrifts,7,4,5,9,3,5,8
thrifty,7,1,5,6,1,5,6
thrill,6,4,6,10,2,5,7
thrill's,8,6,4,10,4,4,8
thrilled,8,3,4,7,6,3,9
thriller,8,3,2,5,3,1,4
thriller's,10,5,0,5,5,0,5
thrillers,9,3,3,6,4,2,6
thrilling,9,3,4,7,3,4,7
thrills,7,4,5,9,3,5,8
thrive,6,5,5,10,5,3,8
thrived,7,4,3,7,4,3,7
thriven,7,4,3,7,4,3,7
thrives,7,3,4,7,3,4,7
thriving,8,4,3,7,4,3,7
throat,6,3,3,6,3,3,6
throat's,8,5,2,7,6,1,7
throatier,9,4,2,6,4,2,6
throatiest,10,3,0,3,3,0,3
throatily,9,4,3,7,3,3,6
throatiness,11,7,0,7,5,0,5
throatiness's,13,8,0,8,6,0,6
throats,7,4,3,7,4,2,6
throaty,7,2,3,5,3,2,5
throb,5,5,5,10,5,4,9
throb's,7,7,4,11,7,3,10
throbbed,8,4,3,7,7,2,9
throbbing,9,5,3,8,5,3,8
throbs,6,6,6,12,6,4,10
throe,5,3,3,6,3,3,6
throe's,7,5,0,5,5,0,5
throes,6,6,1,7,6,1,7
thromboses,10,3,2,5,3,0,3
thrombosis,10,3,0,3,3,1,4
thrombosis's,12,4,0,4,3,0,3
throne,6,5,3,8,5,3,8
throne's,8,6,5,11,7,4,11
thrones,7,5,5,10,5,3,8
throng,6,5,5,10,5,5,10
throng's,8,4,3,7,3,3,6
thronged,8,4,2,6,6,3,9
thronging,9,4,2,6,3,3,6
throngs,7,3,4,7,3,4,7
throttle,8,4,3,7,3,3,6
throttle's,10,4,2,6,3,2,5
throttled,9,4,3,7,4,2,6
throttles,9,5,2,7,4,2,6
throttling,10,4,3,7,4,3,7
through,7,2,4,6,2,4,6
throughout,10,2,3,5,1,4,5
throughput,10,1,4,5,1,4,5
throughway,10,2,3,5,2,3,5
throughway's,12,3,2,5,3,2,5
throughways,11,4,1,5,3,2,5
throve,6,4,3,7,4,3,7
throw,5,4,6,10,4,5,9
throw's,7,6,5,11,6,4,10
throwaway,9,2,3,5,2,3,5
throwaway's,11,4,1,5,4,1,5
throwaways,10,3,2,5,3,2,5
throwback,9,2,3,5,2,3,5
throwback's,11,4,1,5,3,1,4
throwbacks,10,4,2,6,3,2,5
thrower,7,3,4,7,3,4,7
thrower's,9,5,1,6,5,1,6
throwers,8,4,1,5,4,0,4
throwing,8,6,5,11,6,5,11
thrown,6,5,5,10,5,5,10
throws,6,5,7,12,5,5,10
thru,4,1,4,5,1,4,5
thrum,5,1,5,6,1,5,6
thrum's,7,3,4,7,2,4,6
thrummed,8,3,4,7,4,3,7
thrumming,9,4,4,8,4,4,8
thrums,6,2,5,7,2,5,7
thrush,6,3,4,7,3,4,7
thrush's,8,4,3,7,2,4,6
thrushes,8,5,2,7,5,1,6
thrust,6,3,4,7,3,4,7
thrust's,8,4,3,7,2,4,6
thrusting,9,5,2,7,5,2,7
thrusts,7,2,3,5,2,3,5
thruway,7,3,4,7,3,4,7
thruway's,9,4,3,7,4,3,7
thruways,8,3,3,6,3,3,6
thud,4,4,8,12,4,8,12
thud's,6,6,7,13,6,7,13
thudded,7,2,3,5,2,3,5
thudding,8,7,6,13,7,6,13
thuds,5,2,8,10,2,8,10
thug,4,3,9,12,3,9,12
thug's,6,5,8,13,5,8,13
thugs,5,4,5,9,4,5,9
thumb,5,5,8,13,5,8,13
thumb's,7,7,7,14,7,6,13
thumbed,7,7,4,11,7,5,12
thumbing,8,6,7,13,8,7,15
thumbnail,9,3,2,5,3,2,5
thumbnail's,11,4,2,6,4,2,6
thumbnails,10,3,3,6,3,2,5
thumbs,6,6,8,14,6,8,14
thumbscrew,10,2,2,4,2,1,3
thumbscrew's,12,3,0,3,3,0,3
thumbscrews,11,2,1,3,2,1,3
thumbtack,9,2,4,6,2,4,6
thumbtack's,11,6,3,9,3,5,8
thumbtacks,10,3,4,7,4,3,7
thump,5,4,9,13,4,9,13
thump's,7,6,8,14,6,7,13
thumped,7,6,5,11,6,6,12
thumping,8,6,5,11,7,8,15
thumps,6,5,9,14,5,9,14
thunder,7,3,5,8,3,5,8
thunder's,9,5,4,9,7,2,9
thunderbolt,11,4,2,6,3,1,4
thunderbolt's,13,3,0,3,3,1,4
thunderbolts,12,4,1,5,4,1,5
thunderclap,11,4,2,6,4,1,5
thunderclap's,13,7,0,7,4,1,5
thunderclaps,12,6,0,6,3,1,4
thundercloud,12,2,2,4,2,2,4
thundercloud's,14,3,0,3,3,1,4
thunderclouds,13,5,0,5,3,1,4
thundered,9,5,4,9,5,4,9
thunderhead,11,2,2,4,2,1,3
thunderhead's,13,3,0,3,3,0,3
thunderheads,12,4,0,4,4,0,4
thundering,10,7,4,11,7,4,11
thunderous,10,6,1,7,5,1,6
thunderously,12,3,0,3,3,0,3
thunders,8,6,4,10,6,3,9
thundershower,13,3,0,3,3,0,3
thundershower's,15,3,0,3,2,0,2
thundershowers,14,2,0,2,2,0,2
thunderstorm,12,2,0,2,2,0,2
thunderstorm's,14,2,0,2,2,0,2
thunderstorms,13,3,0,3,3,0,3
thunderstruck,13,3,0,3,3,0,3
thus,4,2,6,8,2,6,8
thwack,6,2,7,9,1,7,8
thwack's,8,4,5,9,4,4,8
thwacked,8,5,3,8,4,5,9
thwacking,9,6,4,10,6,4,10
thwacks,7,5,5,10,4,4,8
thwart,6,2,5,7,3,5,8
thwart's,8,4,4,8,5,3,8
thwarted,8,5,2,7,4,2,6
thwarting,9,5,3,8,5,3,8
thwarts,7,3,4,7,4,3,7
thy,3,3,8,11,3,8,11
thyme,5,4,7,11,2,7,9
thyme's,7,3,6,9,3,6,9
thymi,5,1,5,6,1,5,6
thymus,6,3,5,8,3,5,8
thymus's,8,5,3,8,3,4,7
thymuses,8,4,2,6,4,2,6
thyroid,7,3,3,6,3,3,6
thyroid's,9,6,2,8,6,2,8
thyroids,8,3,4,7,3,5,8
thyself,7,4,0,4,4,0,4
ti,2,2,3,5,2,3,5
ti's,4,4,4,8,4,4,8
tiara,5,2,3,5,2,6,8
tiara's,7,4,2,6,4,5,9
tiaras,6,3,3,6,3,3,6
tibia,5,2,3,5,2,3,5
tibia's,7,4,2,6,3,4,7
tibiae,6,3,1,4,3,2,5
tibias,6,3,3,6,3,3,6
tic,3,3,4,7,3,4,7
tic's,5,5,4,9,5,4,9
tick,4,3,7,10,3,7,10
tick's,6,5,5,10,5,6,11
ticked,6,6,9,15,6,9,15
ticker,6,5,1,6,6,0,6
ticker's,8,8,2,10,8,2,10
tickers,7,7,2,9,7,0,7
ticket,6,2,5,7,2,5,7
ticket's,8,4,3,7,4,3,7
ticketed,8,4,2,6,4,2,6
ticketing,9,5,2,7,5,3,8
tickets,7,3,3,6,3,3,6
ticking,7,5,5,10,5,6,11
ticking's,9,6,4,10,6,4,10
tickle,6,5,5,10,5,6,11
tickle's,8,6,4,10,8,5,13
tickled,7,7,6,13,6,6,12
tickles,7,5,4,9,7,3,10
tickling,8,4,6,10,4,4,8
ticklish,8,3,1,4,3,1,4
ticks,5,5,10,15,3,7,10
tics,4,4,5,9,4,5,9
tidal,5,3,6,9,3,6,9
tidbit,6,2,4,6,2,3,5
tidbit's,8,4,4,8,4,4,8
tidbits,7,3,5,8,3,4,7
tiddlywinks,11,2,3,5,2,3,5
tiddlywinks's,13,5,0,5,3,0,3
tide,4,4,5,9,4,5,9
tide's,6,6,2,8,6,8,14
tided,5,3,4,7,3,4,7
tides,5,5,3,8,5,3,8
tidewater,9,3,2,5,4,1,5
tidewater's,11,5,1,6,4,1,5
tidewaters,10,4,2,6,3,2,5
tidied,6,3,2,5,3,2,5
tidier,6,4,1,5,4,1,5
tidies,6,4,2,6,4,1,5
tidiest,7,3,2,5,5,0,5
tidily,6,2,4,6,2,4,6
tidiness,8,4,2,6,4,2,6
tidiness's,10,5,2,7,5,2,7
tiding,6,4,8,12,4,8,12
tidings,7,6,5,11,6,4,10
tidings's,9,5,2,7,5,2,7
tidy,4,3,8,11,2,8,10
tidy's,6,5,6,11,4,7,11
tidying,7,5,6,11,4,7,11
tie,3,3,7,10,3,7,10
tie's,5,4,5,9,4,5,9
tiebreaker,10,2,1,3,3,1,4
tiebreaker's,12,5,0,5,4,0,4
tiebreakers,11,3,0,3,4,0,4
tied,4,4,7,11,4,5,9
tieing,6,4,5,9,4,5,9
tier,4,3,5,8,3,5,8
tier's,6,5,3,8,5,3,8
tiers,5,4,5,9,4,5,9
ties,4,4,6,10,4,5,9
tiff,4,2,9,11,3,6,9
tiff's,6,4,7,11,5,5,10
tiffed,6,4,8,12,4,8,12
tiffing,7,4,7,11,5,5,10
tiffs,5,3,8,11,4,6,10
tiger,5,5,7,12,5,8,13
tiger's,7,7,3,10,7,3,10
tigers,6,4,9,13,4,10,14
tight,5,3,5,8,3,5,8
tighten,7,3,4,7,3,3,6
tightened,9,5,2,7,4,2,6
tightening,10,4,1,5,5,1,6
tightens,8,5,3,8,3,2,5
tighter,7,4,2,6,4,2,6
tightest,8,3,0,3,3,0,3
tightfisted,11,4,0,4,4,0,4
tightly,7,4,4,8,3,4,7
tightness,9,5,0,5,5,0,5
tightness's,11,6,0,6,6,0,6
tightrope,9,3,2,5,3,2,5
tightrope's,11,5,1,6,4,2,6
tightropes,10,4,1,5,4,0,4
tights,6,3,4,7,3,4,7
tights's,8,3,3,6,2,3,5
tightwad,8,3,2,5,3,2,5
tightwad's,10,5,1,6,4,2,6
tightwads,9,4,2,6,4,2,6
tigress,7,4,2,6,4,3,7
tigress's,9,5,2,7,4,3,7
tigresses,9,5,1,6,4,2,6
tike,4,3,10,13,3,10,13
tike's,6,6,3,9,5,10,15
tikes,5,5,4,9,5,4,9
tilde,5,4,4,8,4,4,8
tilde's,7,6,2,8,6,2,8
tildes,6,4,2,6,4,2,6
tile,4,4,8,12,4,8,12
tile's,6,6,4,10,6,9,15
tiled,5,5,6,11,5,6,11
tiles,5,4,7,11,4,7,11
tiling,6,5,7,12,5,7,12
tiling's,8,6,5,11,6,5,11
till,4,2,15,17,2,15,17
till's,6,4,14,18,4,14,18
tillable,8,3,1,4,3,1,4
tillage,7,3,2,5,3,1,4
tillage's,9,8,3,11,8,3,11
tilled,6,5,9,14,5,9,14
tiller,6,5,2,7,5,1,6
tiller's,8,7,3,10,7,3,10
tillers,7,6,3,9,6,1,7
tilling,7,5,7,12,5,8,13
tills,5,4,13,17,4,13,17
tilt,4,3,4,7,3,4,7
tilt's,6,5,3,8,5,3,8
tilted,6,5,4,9,5,4,9
tilting,7,5,2,7,5,3,8
tilts,5,4,4,8,4,4,8
timber,6,5,3,8,5,3,8
timber's,8,7,4,11,7,5,12
timbered,8,5,2,7,5,2,7
timbering,9,6,2,8,6,1,7
timberland,10,5,1,6,8,2,10
timberland's,12,10,1,11,10,1,11
timberline,10,3,1,4,3,1,4
timberline's,12,5,0,5,5,0,5
timberlines,11,5,0,5,5,0,5
timbers,7,6,4,10,5,3,8
timbre,6,4,1,5,4,1,5
timbre's,8,6,1,7,5,2,7
timbres,7,5,1,6,5,1,6
time,4,3,8,11,3,8,11
time's,6,6,5,11,5,6,11
timed,5,4,9,13,4,5,9
timekeeper,10,5,2,7,5,2,7
timekeeper's,12,7,1,8,7,1,8
timekeepers,11,6,1,7,6,1,7
timeless,8,4,3,7,5,3,8
timelessness,12,5,2,7,4,2,6
timelessness's,14,6,2,8,5,2,7
timelier,8,4,3,7,4,2,6
timeliest,9,3,0,3,3,0,3
timeline,8,4,3,7,3,3,6
timeline's,10,6,2,8,4,2,6
timelines,9,5,1,6,4,1,5
timeliness,10,5,0,5,5,0,5
timeliness's,12,6,0,6,5,0,5
timely,6,4,6,10,5,5,10
timepiece,9,1,2,3,1,2,3
timepiece's,11,2,1,3,3,0,3
timepieces,10,3,0,3,3,0,3
timer,5,4,8,12,4,9,13
timer's,7,6,4,10,6,4,10
timers,6,5,4,9,5,5,10
times,5,5,5,10,5,5,10
timescale,9,3,0,3,3,0,3
timescales,10,3,0,3,3,0,3
timestamp,9,3,0,3,3,0,3
timestamp's,11,3,0,3,3,0,3
timestamps,10,3,1,4,3,1,4
timetable,9,2,1,3,2,1,3
timetable's,11,5,1,6,4,2,6
timetabled,10,3,2,5,3,2,5
timetables,10,4,0,4,3,0,3
timetabling,11,5,1,6,5,1,6
timeworn,8,3,2,5,3,2,5
timezone,8,2,2,4,2,2,4
timid,5,2,5,7,2,5,7
timider,7,5,1,6,4,2,6
timidest,8,4,0,4,4,0,4
timidity,8,3,3,6,2,3,5
timidity's,10,4,3,7,3,3,6
timidly,7,5,3,8,4,5,9
timing,6,4,7,11,4,7,11
timing's,8,6,7,13,6,7,13
timings,7,5,6,11,5,5,10
timorous,8,4,3,7,3,4,7
timorously,10,8,1,9,8,0,8
timpani,7,2,2,4,3,4,7
timpani's,9,4,4,8,4,4,8
timpanist,9,3,1,4,3,1,4
timpanist's,11,4,0,4,3,1,4
timpanists,10,3,0,3,3,1,4
tin,3,3,5,8,3,5,8
tin's,5,5,5,10,5,5,10
tincture,8,3,3,6,3,3,6
tincture's,10,5,2,7,4,2,6
tinctured,9,3,2,5,4,2,6
tinctures,9,4,1,5,4,1,5
tincturing,10,2,2,4,3,2,5
tinder,6,5,6,11,4,4,8
tinder's,8,7,5,12,6,6,12
tinderbox,9,3,1,4,3,1,4
tinderbox's,11,6,0,6,4,0,4
tinderboxes,11,5,0,5,5,0,5
tine,4,4,9,13,4,9,13
tine's,6,6,6,12,6,6,12
tines,5,5,7,12,5,7,12
tinfoil,7,3,4,7,3,4,7
tinfoil's,9,5,2,7,5,2,7
ting,4,4,6,10,4,6,10
tinge,5,4,7,11,4,7,11
tinge's,7,6,7,13,6,7,13
tinged,6,6,7,13,6,7,13
tingeing,8,4,3,7,4,4,8
tinges,6,5,5,10,5,4,9
tinging,7,4,7,11,4,8,12
tingle,6,5,3,8,5,4,9
tingle's,8,7,3,10,6,4,10
tingled,7,6,6,12,6,5,11
tingles,7,6,2,8,6,2,8
tingling,8,4,5,9,4,5,9
tingling's,10,6,4,10,6,4,10
tinglings,9,3,4,7,3,3,6
tingly,6,5,5,10,5,4,9
tings,5,4,7,11,4,7,11
tinier,6,4,2,6,4,2,6
tiniest,7,5,0,5,4,1,5
tinker,6,5,5,10,5,1,6
tinker's,8,7,3,10,7,3,10
tinkered,8,6,2,8,6,2,8
tinkering,9,6,2,8,6,2,8
tinkers,7,6,3,9,6,1,7
tinkle,6,5,2,7,5,4,9
tinkle's,8,7,2,9,7,6,13
tinkled,7,6,7,13,5,6,11
tinkles,7,5,4,9,6,4,10
tinkling,8,4,3,7,4,3,7
tinned,6,4,7,11,4,7,11
tinnier,7,4,1,5,4,1,5
tinniest,8,4,0,4,4,0,4
tinning,7,4,5,9,4,6,10
tinny,5,4,6,10,3,8,11
tins,4,3,6,9,3,6,9
tinsel,6,4,3,7,4,3,7
tinsel's,8,4,3,7,5,2,7
tinseled,8,4,1,5,3,1,4
tinseling,9,3,1,4,3,1,4
tinselled,9,4,1,5,4,0,4
tinselling,10,5,0,5,4,0,4
tinsels,7,4,2,6,4,2,6
tinsmith,8,3,1,4,3,1,4
tinsmith's,10,4,2,6,3,1,4
tinsmiths,9,2,2,4,3,2,5
tint,4,3,8,11,3,6,9
tint's,6,5,7,12,5,7,12
tinted,6,5,5,10,5,5,10
tinting,7,4,4,8,4,5,9
tintinnabulation,16,1,1,2,1,1,2
tintinnabulation's,18,2,0,2,2,0,2
tintinnabulations,17,1,0,1,1,0,1
tints,5,4,7,11,4,7,11
tiny,4,3,8,11,3,7,10
tip,3,2,6,8,2,6,8
tip's,5,4,6,10,4,6,10
tipi,4,1,6,7,1,6,7
tipi's,6,3,6,9,3,6,9
tipis,5,2,5,7,2,5,7
tipped,6,5,7,12,5,7,12
tipper,6,4,4,8,5,2,7
tipper's,8,6,6,12,7,4,11
tippers,7,5,5,10,6,2,8
tipping,7,5,6,11,5,7,12
tipple,6,4,3,7,4,4,8
tipple's,8,6,3,9,6,6,12
tippled,7,5,5,10,6,4,10
tippler,7,4,5,9,4,5,9
tippler's,9,6,5,11,7,3,10
tipplers,8,5,5,10,6,3,9
tipples,7,5,4,9,5,4,9
tippling,8,5,4,9,5,4,9
tips,4,4,8,12,4,8,12
tipsier,7,4,0,4,4,0,4
tipsiest,8,2,0,2,2,0,2
tipsily,7,2,3,5,2,3,5
tipster,7,5,0,5,5,0,5
tipster's,9,6,0,6,6,0,6
tipsters,8,5,0,5,5,0,5
tipsy,5,2,3,5,2,3,5
tiptoe,6,3,1,4,3,1,4
tiptoe's,8,5,1,6,5,3,8
tiptoed,7,4,3,7,4,3,7
tiptoeing,9,3,2,5,2,2,4
tiptoes,7,4,1,5,4,1,5
tiptop,6,2,7,9,2,5,7
tiptop's,8,4,6,10,4,7,11
tiptops,7,3,6,9,3,6,9
tirade,6,4,1,5,4,1,5
tirade's,8,6,1,7,6,1,7
tirades,7,5,1,6,5,1,6
tire,4,4,8,12,4,8,12
tire's,6,5,7,12,6,6,12
tired,5,5,7,12,5,8,13
tireder,7,2,1,3,3,1,4
tiredest,8,3,0,3,3,0,3
tiredness,9,4,0,4,4,0,4
tiredness's,11,5,0,5,5,0,5
tireless,8,6,1,7,6,1,7
tirelessly,10,5,1,6,5,1,6
tirelessness,12,5,1,6,5,1,6
tirelessness's,14,6,1,7,6,1,7
tires,5,4,6,10,4,6,10
tiresome,8,3,0,3,3,0,3
tiresomely,10,4,0,4,4,0,4
tiresomeness,12,3,0,3,3,0,3
tiresomeness's,14,4,0,4,3,0,3
tiring,6,5,7,12,5,7,12
tiro,4,3,4,7,3,4,7
tiro's,6,5,4,9,5,4,9
tiros,5,4,4,8,4,4,8
tissue,6,3,2,5,3,2,5
tissue's,8,5,1,6,4,0,4
tissues,7,3,0,3,3,0,3
tit,3,2,3,5,2,3,5
tit's,5,4,3,7,4,3,7
titan,5,4,4,8,4,4,8
titan's,7,6,3,9,6,3,9
titanic,7,3,2,5,3,2,5
titanium,8,2,2,4,2,2,4
titanium's,10,4,1,5,4,1,5
titans,6,4,6,10,3,6,9
titbit,6,2,4,6,2,3,5
titbit's,8,4,4,8,4,4,8
titbits,7,3,5,8,3,4,7
tithe,5,2,8,10,3,6,9
tithe's,7,5,6,11,6,5,11
tithed,6,3,11,14,3,11,14
tithes,6,4,6,10,5,5,10
tithing,7,4,5,9,4,5,9
titillate,9,3,1,4,3,1,4
titillated,10,4,1,5,4,1,5
titillates,10,4,0,4,4,0,4
titillating,11,3,1,4,5,2,7
titillation,11,2,1,3,5,2,7
titillation's,13,2,0,2,2,1,3
title,5,3,5,8,4,4,8
title's,7,5,4,9,5,5,10
titled,6,4,5,9,5,4,9
titles,6,4,5,9,4,6,10
titling,7,4,5,9,5,3,8
titmice,7,3,2,5,3,2,5
titmouse,8,3,1,4,3,1,4
titmouse's,10,4,0,4,3,1,4
tits,4,3,4,7,3,4,7
titter,6,4,1,5,4,0,4
titter's,8,6,2,8,6,2,8
tittered,8,5,2,7,5,2,7
tittering,9,6,2,8,6,1,7
titters,7,5,2,7,5,1,6
tittle,6,4,7,11,4,6,10
tittle's,8,5,6,11,5,5,10
tittles,7,4,6,10,5,3,8
titular,7,4,3,7,3,3,6
tizzies,7,4,3,7,4,4,8
tizzy,5,3,7,10,3,7,10
tizzy's,7,5,9,14,5,7,12
to,2,2,10,12,2,10,12
toad,4,3,5,8,2,5,7
toad's,6,5,4,9,4,4,8
toadied,7,2,3,5,2,3,5
toadies,7,5,2,7,5,2,7
toads,5,3,5,8,3,5,8
toadstool,9,2,2,4,2,2,4
toadstool's,11,3,1,4,3,2,5
toadstools,10,3,1,4,3,1,4
toady,5,2,7,9,2,7,9
toady's,7,4,6,10,4,6,10
toadying,8,4,6,10,5,5,10
toast,5,3,2,5,3,2,5
toast's,7,4,1,5,4,1,5
toasted,7,5,1,6,5,1,6
toaster,7,4,1,5,4,1,5
toaster's,9,5,1,6,5,1,6
toasters,8,4,1,5,4,1,5
toastier,8,4,1,5,4,1,5
toastiest,9,5,0,5,5,0,5
toasting,8,5,2,7,5,2,7
toastmaster,11,2,0,2,2,0,2
toastmaster's,13,3,0,3,2,0,2
toastmasters,12,2,0,2,2,0,2
toasts,6,3,3,6,3,3,6
toasty,6,2,3,5,4,1,5
tobacco,7,2,4,6,3,3,6
tobacco's,9,4,3,7,5,2,7
tobaccoes,9,4,1,5,4,1,5
tobacconist,11,3,0,3,3,0,3
tobacconist's,13,4,0,4,3,0,3
tobacconists,12,3,0,3,3,0,3
tobaccos,8,3,3,6,3,3,6
toboggan,8,2,4,6,2,4,6
toboggan's,10,4,3,7,3,3,6
tobogganed,10,4,1,5,4,1,5
tobogganing,11,3,1,4,3,2,5
toboggans,9,4,2,6,3,3,6
tocsin,6,4,2,6,4,3,7
tocsin's,8,5,1,6,5,2,7
tocsins,7,4,3,7,4,3,7
today,5,4,4,8,4,4,8
today's,7,5,5,10,6,3,9
toddies,7,5,1,6,5,1,6
toddle,6,5,3,8,4,4,8
toddle's,8,5,7,12,5,6,11
toddled,7,4,4,8,4,4,8
toddler,7,4,3,7,4,3,7
toddler's,9,7,4,11,6,2,8
toddlers,8,5,5,10,5,3,8
toddles,7,6,4,10,5,4,9
toddling,8,7,5,12,6,5,11
toddy,5,3,6,9,3,5,8
toddy's,7,6,5,11,6,7,13
toe,3,3,3,6,3,3,6
toe's,5,5,9,14,5,9,14
toed,4,3,6,9,3,5,8
toehold,7,2,4,6,2,4,6
toehold's,9,4,3,7,4,3,7
toeholds,8,4,3,7,4,2,6
toeing,6,5,5,10,5,5,10
toenail,7,3,2,5,3,2,5
toenail's,9,5,1,6,5,1,6
toenails,8,5,2,7,4,1,5
toes,4,4,7,11,4,6,10
toffee,6,3,2,5,3,2,5
toffee's,8,5,2,7,5,1,6
toffees,7,5,0,5,4,1,5
toffies,7,5,2,7,5,6,11
toffy,5,3,8,11,3,8,11
toffy's,7,5,6,11,5,8,13
tofu,4,2,9,11,2,9,11
tofu's,6,4,8,12,4,8,12
tog,3,3,4,7,3,4,7
tog's,5,5,4,9,5,4,9
toga,4,2,9,11,4,5,9
toga's,6,6,4,10,6,4,10
togae,5,2,3,5,2,3,5
togas,5,4,2,6,4,2,6
together,8,3,4,7,3,3,6
togetherness,12,3,0,3,3,0,3
togetherness's,14,3,0,3,3,0,3
toggle,6,5,4,9,4,5,9
toggle's,8,6,5,11,5,6,11
toggled,7,5,6,11,5,4,9
toggles,7,6,5,11,5,5,10
toggling,8,5,4,9,5,4,9
togs,4,4,3,7,4,3,7
togs's,6,3,5,8,3,5,8
toil,4,3,8,11,3,8,11
toil's,6,5,7,12,5,6,11
toiled,6,5,6,11,5,6,11
toiler,6,5,2,7,5,2,7
toiler's,8,7,3,10,7,5,12
toilers,7,5,3,8,5,0,5
toilet,6,3,4,7,3,4,7
toilet's,8,5,2,7,5,2,7
toileted,8,4,2,6,4,2,6
toileting,9,4,2,6,4,2,6
toiletries,10,3,0,3,3,0,3
toiletry,8,4,1,5,2,3,5
toiletry's,10,4,0,4,3,2,5
toilets,7,4,3,7,4,3,7
toilette,8,2,3,5,2,2,4
toilette's,10,4,1,5,4,1,5
toiling,7,5,7,12,5,7,12
toils,5,4,8,12,4,8,12
toilsome,8,3,0,3,3,0,3
toke,4,4,5,9,4,5,9
toke's,6,6,8,14,6,4,10
toked,5,5,5,10,5,4,9
token,5,3,6,9,3,6,9
token's,7,5,5,10,5,5,10
tokenism,8,4,0,4,4,0,4
tokenism's,10,4,0,4,3,0,3
tokens,6,4,6,10,4,7,11
tokes,5,5,10,15,5,4,9
toking,6,6,9,15,6,6,12
told,4,3,4,7,3,3,6
tolerable,9,3,1,4,4,1,5
tolerably,9,3,2,5,3,2,5
tolerance,9,3,1,4,4,1,5
tolerance's,11,8,0,8,6,0,6
tolerances,10,5,1,6,4,0,4
tolerant,8,5,2,7,5,2,7
tolerantly,10,2,2,4,2,2,4
tolerate,8,4,1,5,3,1,4
tolerated,9,4,1,5,4,1,5
tolerates,9,4,0,4,4,1,5
tolerating,10,6,2,8,6,1,7
toleration,10,6,1,7,6,1,7
toleration's,12,7,0,7,6,0,6
toll,4,2,8,10,2,8,10
toll's,6,4,7,11,4,7,11
tollbooth,9,1,4,5,1,4,5
tollbooth's,11,2,2,4,2,2,4
tollbooths,10,2,3,5,2,3,5
tolled,6,4,3,7,4,3,7
tollgate,8,4,1,5,4,1,5
tollgate's,10,6,1,7,6,1,7
tollgates,9,5,1,6,5,1,6
tolling,7,5,6,11,5,6,11
tolls,5,3,8,11,3,8,11
tom,3,3,1,4,3,1,4
tom's,5,5,2,7,5,2,7
tomahawk,8,2,3,5,2,3,5
tomahawk's,10,4,1,5,4,1,5
tomahawked,10,3,2,5,2,2,4
tomahawking,11,4,1,5,5,2,7
tomahawks,9,3,2,5,2,3,5
tomato,6,2,5,7,3,5,8
tomato's,8,4,3,7,5,1,6
tomatoes,8,5,1,6,5,1,6
tomb,4,3,7,10,3,7,10
tomb's,6,5,6,11,5,6,11
tombed,6,5,5,10,5,4,9
tombing,7,6,7,13,6,6,12
tomboy,6,3,5,8,2,7,9
tomboy's,8,5,3,8,4,5,9
tomboys,7,3,5,8,4,4,8
tombs,5,3,7,10,3,7,10
tombstone,9,3,3,6,3,2,5
tombstone's,11,5,0,5,5,0,5
tombstones,10,4,1,5,4,0,4
tomcat,6,4,3,7,4,5,9
tomcat's,8,6,2,8,6,4,10
tomcats,7,4,3,7,4,3,7
tome,4,3,6,9,3,6,9
tome's,6,5,8,13,6,5,11
tomes,5,4,8,12,5,5,10
tomfooleries,12,3,0,3,2,1,3
tomfoolery,10,2,2,4,2,1,3
tomfoolery's,12,4,1,5,3,0,3
tomorrow,8,1,4,5,1,4,5
tomorrow's,10,2,2,4,2,2,4
tomorrows,9,3,2,5,3,2,5
toms,4,4,4,8,4,4,8
ton,3,3,5,8,3,5,8
ton's,5,5,5,10,5,5,10
tonal,5,5,2,7,5,2,7
tonalities,10,5,0,5,4,0,4
tonality,8,4,2,6,4,2,6
tonality's,10,4,1,5,4,1,5
tone,4,4,9,13,4,9,13
tone's,6,6,8,14,5,6,11
toned,5,5,6,11,5,5,10
toneless,8,5,1,6,5,1,6
toner,5,4,8,12,4,8,12
tones,5,5,8,13,4,6,10
tong,4,3,10,13,3,10,13
tong's,6,5,8,13,5,8,13
tongs,5,4,7,11,4,6,10
tongue,6,4,4,8,4,4,8
tongue's,8,6,4,10,6,5,11
tongued,7,5,3,8,6,3,9
tongues,7,5,5,10,5,5,10
tonguing,8,4,3,7,4,3,7
tonic,5,3,4,7,4,4,8
tonic's,7,6,3,9,6,2,8
tonics,6,5,4,9,6,4,10
tonier,6,5,2,7,5,2,7
toniest,7,5,0,5,4,0,4
tonight,7,2,4,6,2,4,6
tonight's,9,4,3,7,4,2,6
toning,6,5,5,10,5,5,10
tonnage,7,4,1,5,4,0,4
tonnage's,9,7,0,7,7,0,7
tonnages,8,6,1,7,6,2,8
tonne,5,3,8,11,3,6,9
tonne's,7,5,7,12,5,5,10
tonnes,6,5,5,10,4,6,10
tons,4,4,5,9,4,5,9
tonsil,6,4,2,6,4,4,8
tonsil's,8,5,2,7,5,4,9
tonsillectomies,15,6,0,6,2,0,2
tonsillectomy,13,4,0,4,3,0,3
tonsillectomy's,15,6,0,6,3,0,3
tonsillitis,11,2,2,4,3,1,4
tonsillitis's,13,2,0,2,2,0,2
tonsils,7,4,4,8,4,4,8
tonsorial,9,4,1,5,3,2,5
tonsure,7,4,0,4,4,3,7
tonsure's,9,5,0,5,3,1,4
tonsured,8,5,0,5,5,0,5
tonsures,8,5,0,5,4,1,5
tonsuring,9,6,2,8,6,2,8
tony,4,4,6,10,4,6,10
too,3,2,5,7,2,5,7
took,4,3,3,6,3,3,6
tool,4,2,4,6,2,4,6
tool's,6,5,6,11,4,4,8
toolbar,7,3,4,7,3,3,6
toolbar's,9,5,2,7,4,2,6
toolbars,8,4,1,5,4,1,5
toolbox,7,1,5,6,2,5,7
toolbox's,9,3,3,6,3,3,6
toolboxes,9,4,2,6,4,2,6
tooled,6,4,5,9,4,5,9
tooling,7,5,3,8,5,3,8
toolkit,7,2,4,6,3,3,6
tools,5,3,4,7,3,4,7
toot,4,2,3,5,2,3,5
toot's,6,4,6,10,4,4,8
tooted,6,4,5,9,4,5,9
tooth,5,3,4,7,3,4,7
tooth's,7,5,3,8,5,3,8
toothache,9,3,2,5,3,3,6
toothache's,11,5,1,6,4,1,5
toothaches,10,4,1,5,4,1,5
toothbrush,10,2,0,2,2,0,2
toothbrush's,12,3,1,4,2,2,4
toothbrushes,12,1,2,3,2,1,3
toothed,7,4,3,7,4,3,7
toothier,8,3,5,8,4,3,7
toothiest,9,3,0,3,3,0,3
toothless,9,4,1,5,4,1,5
toothpaste,10,2,1,3,2,0,2
toothpaste's,12,2,2,4,3,0,3
toothpastes,11,3,1,4,3,0,3
toothpick,9,4,4,8,3,4,7
toothpick's,11,4,2,6,3,2,5
toothpicks,10,4,2,6,3,4,7
toothsome,9,3,0,3,3,0,3
toothy,6,2,6,8,2,5,7
tooting,7,5,3,8,5,3,8
toots,5,3,4,7,3,4,7
top,3,3,6,9,3,6,9
top's,5,5,6,11,5,6,11
topaz,5,3,7,10,3,7,10
topaz's,7,5,5,10,5,6,11
topazes,7,4,2,6,4,1,5
topcoat,7,3,3,6,3,2,5
topcoat's,9,5,2,7,4,1,5
topcoats,8,4,1,5,4,1,5
topic,5,5,6,11,5,5,10
topic's,7,5,7,12,5,6,11
topical,7,5,2,7,4,2,6
topically,9,6,2,8,6,2,8
topics,6,3,6,9,5,5,10
topknot,7,2,5,7,3,4,7
topknot's,9,4,3,7,5,2,7
topknots,8,3,3,6,3,2,5
topless,7,4,4,8,4,4,8
topmast,7,4,2,6,3,2,5
topmast's,9,5,2,7,4,3,7
topmasts,8,4,2,6,3,1,4
topmost,7,3,3,6,3,3,6
topographer,11,5,2,7,5,1,6
topographer's,13,6,0,6,4,0,4
topographers,12,5,1,6,4,1,5
topographic,11,5,1,6,3,2,5
topographical,13,5,1,6,2,2,4
topographies,12,4,0,4,4,0,4
topography,10,3,3,6,3,3,6
topography's,12,4,1,5,4,2,6
topological,11,3,2,5,2,2,4
topologically,13,5,1,6,3,1,4
topology,8,4,6,10,4,6,10
topped,6,4,9,13,4,8,12
topping,7,5,9,14,5,8,13
topping's,9,7,4,11,7,3,10
toppings,8,6,5,11,6,4,10
topple,6,5,5,10,5,5,10
toppled,7,5,6,11,5,5,10
topples,7,5,6,11,5,6,11
toppling,8,6,6,12,5,5,10
tops,4,4,6,10,4,6,10
topsail,7,4,2,6,4,2,6
topsail's,9,6,1,7,4,1,5
topsails,8,4,3,7,3,3,6
topside,7,3,2,5,4,3,7
topside's,9,4,1,5,4,1,5
topsides,8,4,1,5,4,0,4
topsoil,7,3,2,5,3,2,5
topsoil's,9,6,1,7,4,1,5
toque,5,2,8,10,2,8,10
toque's,7,4,7,11,4,7,11
toques,6,5,4,9,5,4,9
tor,3,3,7,10,3,7,10
tor's,5,5,7,12,5,7,12
torch,5,3,7,10,5,5,10
torch's,7,6,6,12,7,4,11
torched,7,5,4,9,5,4,9
torches,7,7,3,10,7,3,10
torching,8,7,4,11,7,4,11
torchlight,10,4,3,7,3,3,6
torchlight's,12,3,2,5,3,2,5
tore,4,4,9,13,4,9,13
toreador,8,3,2,5,3,2,5
toreador's,10,4,0,4,3,0,3
toreadors,9,4,0,4,4,0,4
torment,7,5,2,7,3,2,5
torment's,9,5,1,6,5,1,6
tormented,9,5,2,7,4,3,7
tormenter,9,4,1,5,3,1,4
tormenter's,11,5,0,5,4,0,4
tormenters,10,5,1,6,4,0,4
tormenting,10,6,1,7,4,1,5
tormentor,9,3,1,4,3,1,4
tormentor's,11,4,0,4,5,0,5
tormentors,10,3,0,3,3,1,4
torments,8,5,1,6,5,1,6
torn,4,4,10,14,4,10,14
tornado,7,3,3,6,3,2,5
tornado's,9,5,1,6,5,2,7
tornadoes,9,5,1,6,5,1,6
tornados,8,5,2,7,5,2,7
torpedo,7,3,2,5,3,2,5
torpedo's,9,5,1,6,5,1,6
torpedoed,9,3,1,4,3,1,4
torpedoes,9,3,2,5,3,2,5
torpedoing,10,5,2,7,5,3,8
torpedos,8,3,2,5,3,2,5
torpid,6,4,4,8,4,5,9
torpidity,9,6,3,9,6,3,9
torpidity's,11,6,2,8,4,3,7
torpor,6,2,6,8,2,5,7
torpor's,8,4,4,8,4,3,7
torque,6,4,5,9,3,5,8
torque's,8,6,5,11,6,3,9
torqued,7,4,3,7,4,3,7
torques,7,5,6,11,5,6,11
torquing,8,6,5,11,6,5,11
torrent,7,3,1,4,3,1,4
torrent's,9,5,1,6,5,0,5
torrential,10,5,1,6,3,1,4
torrents,8,5,1,6,5,1,6
torrid,6,4,4,8,4,5,9
tors,4,4,7,11,4,7,11
torsi,5,3,4,7,3,4,7
torsion,7,3,1,4,3,1,4
torsion's,9,4,2,6,4,1,5
torso,5,3,2,5,3,2,5
torso's,7,4,2,6,4,2,6
torsos,6,2,2,4,2,2,4
tort,4,3,6,9,3,7,10
tort's,6,5,5,10,5,6,11
torte,5,3,7,10,4,3,7
torte's,7,5,4,9,6,1,7
tortes,6,5,1,6,5,1,6
tortilla,8,3,3,6,3,3,6
tortilla's,10,5,2,7,5,2,7
tortillas,9,3,1,4,3,1,4
tortoise,8,5,2,7,3,2,5
tortoise's,10,4,0,4,4,2,6
tortoises,9,5,2,7,3,2,5
tortoiseshell,13,1,0,1,1,0,1
tortoiseshell's,15,1,0,1,1,0,1
tortoiseshells,14,1,0,1,1,0,1
torts,5,4,6,10,4,6,10
tortuous,8,3,3,6,3,2,5
tortuously,10,5,0,5,3,0,3
torture,7,4,4,8,4,3,7
torture's,9,6,2,8,6,3,9
tortured,8,4,3,7,3,1,4
torturer,8,2,2,4,2,1,3
torturer's,10,3,0,3,3,0,3
torturers,9,3,1,4,3,1,4
tortures,8,4,3,7,4,3,7
torturing,9,5,3,8,4,4,8
torus,5,4,6,10,4,6,10
toss,4,2,6,8,2,6,8
toss's,6,3,7,10,3,7,10
tossed,6,4,4,8,4,6,10
tosses,6,3,8,11,3,8,11
tossing,7,5,3,8,5,3,8
tossup,6,3,3,6,3,3,6
tossup's,8,4,3,7,4,3,7
tossups,7,3,2,5,3,2,5
tost,4,3,2,5,3,2,5
tot,3,2,1,3,2,1,3
tot's,5,4,2,6,4,2,6
total,5,3,6,9,4,5,9
total's,7,5,4,9,6,3,9
totaled,7,4,3,7,4,4,8
totaling,8,5,2,7,5,4,9
totalitarian,12,3,1,4,3,1,4
totalitarian's,14,2,0,2,4,0,4
totalitarianism,15,2,0,2,4,0,4
totalitarianism's,17,2,0,2,3,0,3
totalitarians,13,2,0,2,4,1,5
totalities,10,5,0,5,4,0,4
totality,8,4,3,7,3,3,6
totality's,10,4,1,5,4,1,5
totalled,8,3,4,7,4,5,9
totalling,9,5,3,8,5,2,7
totally,7,5,4,9,5,3,8
totals,6,5,5,10,5,4,9
tote,4,3,5,8,3,5,8
tote's,6,4,11,15,5,4,9
toted,5,4,5,9,4,4,8
totem,5,2,5,7,2,5,7
totem's,7,4,3,7,4,3,7
totemic,7,5,3,8,6,2,8
totems,6,3,7,10,4,4,8
totes,5,4,11,15,4,4,8
toting,6,5,9,14,5,6,11
tots,4,3,3,6,3,3,6
totted,6,4,9,13,4,8,12
totter,6,4,5,9,4,3,7
totter's,8,6,4,10,6,4,10
tottered,8,4,3,7,4,3,7
tottering,9,6,2,8,6,2,8
totters,7,5,4,9,4,2,6
totting,7,5,8,13,5,7,12
toucan,6,3,5,8,3,5,8
toucan's,8,5,4,9,5,4,9
toucans,7,5,3,8,5,3,8
touch,5,5,7,12,4,6,10
touch's,7,6,6,12,6,5,11
touchdown,9,2,4,6,2,4,6
touchdown's,11,4,2,6,4,2,6
touchdowns,10,3,3,6,3,4,7
touched,7,5,4,9,4,4,8
touches,7,6,4,10,6,4,10
touchier,8,5,4,9,5,3,8
touchiest,9,4,1,5,4,1,5
touching,8,8,6,14,8,6,14
touchingly,10,6,2,8,5,2,7
touchings,9,6,3,9,6,2,8
touchstone,10,3,0,3,4,0,4
touchstone's,12,5,0,5,3,0,3
touchstones,11,3,0,3,3,1,4
touchy,6,4,5,9,4,7,11
touché,6,3,5,8,4,5,9
tough,5,4,9,13,4,9,13
tough's,7,6,8,14,6,8,14
toughen,7,4,4,8,4,4,8
toughened,9,3,4,7,5,2,7
toughening,10,7,2,9,7,2,9
toughens,8,4,4,8,4,2,6
tougher,7,5,5,10,5,5,10
toughest,8,3,1,4,3,1,4
toughly,7,4,5,9,6,5,11
toughness,9,7,2,9,7,2,9
toughness's,11,8,2,10,8,2,10
toughs,6,5,7,12,5,7,12
toupee,6,2,2,4,2,2,4
toupee's,8,4,2,6,5,1,6
toupees,7,4,1,5,4,1,5
tour,4,4,7,11,4,8,12
tour's,6,5,4,9,5,5,10
toured,6,5,3,8,3,3,6
touring,7,6,5,11,5,6,11
tourism,7,5,2,7,4,2,6
tourism's,9,5,0,5,6,1,7
tourist,7,3,2,5,3,2,5
tourist's,9,4,0,4,4,1,5
tourists,8,3,3,6,4,2,6
tourmaline,10,4,1,5,4,1,5
tourmaline's,12,5,0,5,4,0,4
tournament,10,2,1,3,2,1,3
tournament's,12,4,0,4,3,0,3
tournaments,11,3,1,4,4,0,4
tourney,7,6,3,9,3,2,5
tourney's,9,5,0,5,5,0,5
tourneys,8,7,2,9,6,1,7
tourniquet,10,2,2,4,3,2,5
tourniquet's,12,3,0,3,3,0,3
tourniquets,11,3,1,4,4,2,6
tours,5,5,7,12,5,7,12
tousle,6,4,6,10,4,6,10
tousled,7,4,1,5,4,1,5
tousles,7,2,4,6,3,2,5
tousling,8,6,1,7,6,1,7
tout,4,2,7,9,2,7,9
tout's,6,4,6,10,4,6,10
touted,6,4,9,13,4,8,12
touting,7,5,8,13,5,7,12
touts,5,3,7,10,3,7,10
tow,3,3,8,11,3,8,11
tow's,5,5,8,13,5,8,13
toward,6,4,2,6,4,3,7
towards,7,6,3,9,3,4,7
towed,5,5,7,12,5,7,12
towel,5,5,5,10,5,5,10
towel's,7,7,4,11,7,4,11
toweled,7,3,4,7,3,2,5
toweling,8,6,3,9,6,3,9
toweling's,10,8,2,10,8,2,10
towelings,9,7,3,10,7,2,9
towelled,8,3,1,4,3,1,4
towelling,9,7,4,11,7,3,10
towelling's,11,4,2,6,4,2,6
towellings,10,4,2,6,6,1,7
towels,6,6,4,10,6,4,10
tower,5,4,8,12,4,8,12
tower's,7,6,8,14,6,8,14
towered,7,5,5,10,5,4,9
towering,8,7,5,12,7,5,12
towers,6,5,6,11,5,6,11
towhead,7,3,3,6,3,3,6
towhead's,9,6,1,7,6,2,8
towheaded,9,4,2,6,4,3,7
towheads,8,4,1,5,4,1,5
towing,6,6,9,15,6,8,14
town,4,3,8,11,3,8,11
town's,6,5,7,12,5,7,12
townhouse,9,6,1,7,6,1,7
townhouse's,11,7,2,9,7,1,8
townhouses,10,6,2,8,6,1,7
towns,5,4,7,11,4,7,11
townsfolk,9,3,3,6,2,3,5
townsfolk's,11,4,2,6,2,4,6
township,8,5,4,9,5,4,9
township's,10,3,2,5,3,2,5
townships,9,4,2,6,5,3,8
townsman,8,5,2,7,4,2,6
townsman's,10,4,1,5,3,1,4
townsmen,8,3,2,5,3,2,5
townspeople,11,2,0,2,2,0,2
townspeople's,13,4,0,4,2,0,2
towpath,7,2,6,8,1,7,8
towpath's,9,5,4,9,4,5,9
towpaths,8,4,4,8,4,4,8
tows,4,4,8,12,4,8,12
toxemia,7,5,2,7,5,3,8
toxemia's,9,6,1,7,6,1,7
toxic,5,4,7,11,4,6,10
toxicity,8,2,3,5,2,3,5
toxicity's,10,6,2,8,4,2,6
toxicologist,12,4,0,4,3,0,3
toxicologist's,14,4,0,4,3,0,3
toxicologists,13,3,0,3,3,0,3
toxicology,10,2,2,4,2,3,5
toxicology's,12,6,3,9,2,2,4
toxin,5,3,6,9,3,6,9
toxin's,7,5,5,10,6,4,10
toxins,6,4,6,10,4,7,11
toy,3,2,9,11,2,9,11
toy's,5,4,9,13,4,9,13
toyed,5,4,7,11,4,6,10
toying,6,5,9,14,5,7,12
toys,4,3,9,12,3,9,12
trace,5,4,3,7,4,3,7
trace's,7,6,2,8,6,2,8
traceable,9,2,1,3,2,1,3
traced,6,5,2,7,5,2,7
tracer,6,5,0,5,5,0,5
tracer's,8,7,0,7,7,0,7
traceries,9,5,1,6,5,1,6
tracers,7,6,0,6,6,0,6
tracery,7,4,3,7,4,3,7
tracery's,9,6,2,8,6,2,8
traces,6,5,3,8,5,3,8
trachea,7,4,2,6,4,2,6
trachea's,9,6,0,6,5,0,5
tracheae,8,2,2,4,2,2,4
tracheas,8,5,1,6,5,1,6
tracheotomies,13,7,0,7,3,0,3
tracheotomy,11,3,2,5,2,2,4
tracheotomy's,13,7,0,7,4,0,4
tracing,7,6,3,9,6,3,9
tracing's,9,8,1,9,8,2,10
tracings,8,6,2,8,7,1,8
track,5,4,5,9,4,4,8
track's,7,6,3,9,6,3,9
tracked,7,6,3,9,6,3,9
tracker,7,4,3,7,4,4,8
tracker's,9,7,1,8,7,2,9
trackers,8,6,2,8,6,2,8
tracking,8,7,5,12,7,5,12
tracks,6,5,4,9,5,3,8
tract,5,4,3,7,4,2,6
tract's,7,6,1,7,6,1,7
tractable,9,3,1,4,4,1,5
traction,8,5,2,7,5,2,7
traction's,10,5,1,6,5,1,6
tractor,7,3,5,8,3,5,8
tractor's,9,5,4,9,7,1,8
tractors,8,3,4,7,6,1,7
tracts,6,5,3,8,5,2,7
trade,5,4,3,7,4,3,7
trade's,7,6,2,8,6,2,8
traded,6,4,1,5,4,1,5
trademark,9,3,2,5,4,2,6
trademark's,11,6,0,6,5,1,6
trademarked,11,2,2,4,2,1,3
trademarking,12,4,1,5,5,1,6
trademarks,10,5,0,5,5,0,5
trader,6,4,1,5,4,1,5
trader's,8,6,1,7,6,1,7
traders,7,5,1,6,5,1,6
trades,6,5,1,6,5,1,6
tradesman,9,3,0,3,3,0,3
tradesman's,11,3,0,3,4,0,4
tradesmen,9,7,0,7,7,0,7
trading,7,6,5,11,6,4,10
tradition,9,4,2,6,4,2,6
tradition's,11,4,2,6,4,1,5
traditional,11,2,1,3,2,2,4
traditionalist,14,2,0,2,2,0,2
traditionalist's,16,3,0,3,2,0,2
traditionalists,15,2,0,2,2,0,2
traditionally,13,3,1,4,2,1,3
traditions,10,5,2,7,4,1,5
traduce,7,3,3,6,3,2,5
traduced,8,3,2,5,5,2,7
traduces,8,5,2,7,5,2,7
traducing,9,5,4,9,6,3,9
traffic,7,5,2,7,4,2,6
traffic's,9,5,2,7,3,4,7
trafficked,10,5,1,6,3,1,4
trafficker,10,5,2,7,5,1,6
trafficker's,12,4,0,4,4,0,4
traffickers,11,4,1,5,4,0,4
trafficking,11,4,1,5,2,3,5
traffics,8,4,3,7,6,2,8
tragedian,9,3,1,4,3,1,4
tragedian's,11,5,0,5,4,0,4
tragedians,10,4,0,4,3,1,4
tragedies,9,4,0,4,4,0,4
tragedy,7,4,1,5,3,2,5
tragedy's,9,6,0,6,5,1,6
tragic,6,3,5,8,3,5,8
tragically,10,3,2,5,3,2,5
tragicomedies,13,3,0,3,3,0,3
tragicomedy,11,4,1,5,3,2,5
tragicomedy's,13,3,0,3,3,1,4
trail,5,5,4,9,5,3,8
trail's,7,7,2,9,7,2,9
trailblazer,11,3,1,4,3,1,4
trailblazer's,13,4,0,4,4,0,4
trailblazers,12,4,1,5,4,0,4
trailed,7,7,1,8,7,4,11
trailer,7,5,3,8,5,3,8
trailer's,9,8,0,8,8,0,8
trailers,8,7,1,8,7,0,7
trailing,8,5,3,8,5,3,8
trails,6,5,3,8,6,2,8
train,5,4,5,9,4,4,8
train's,7,6,3,9,6,3,9
trained,7,6,2,8,6,5,11
trainee,7,4,1,5,3,1,4
trainee's,9,6,0,6,5,1,6
trainees,8,5,0,5,4,1,5
trainer,7,5,2,7,5,2,7
trainer's,9,7,1,8,7,1,8
trainers,8,6,2,8,6,1,7
training,8,5,4,9,5,4,9
training's,10,4,2,6,3,2,5
trains,6,5,5,10,5,3,8
traipse,7,3,1,4,3,1,4
traipse's,9,4,0,4,3,1,4
traipsed,8,5,1,6,4,1,5
traipses,8,4,1,5,4,1,5
traipsing,9,3,1,4,3,1,4
trait,5,3,4,7,3,3,6
trait's,7,5,2,7,5,2,7
traitor,7,3,2,5,2,3,5
traitor's,9,5,1,6,6,2,8
traitorous,10,3,2,5,3,1,4
traitors,8,3,2,5,5,2,7
traits,6,4,4,8,4,3,7
trajectories,12,3,0,3,3,0,3
trajectory,10,2,2,4,2,2,4
trajectory's,12,4,1,5,3,1,4
tram,4,3,7,10,3,7,10
tram's,6,5,9,14,5,9,14
trammed,7,6,4,10,6,3,9
trammel,7,4,2,6,4,2,6
trammel's,9,6,0,6,5,0,5
trammeled,9,4,1,5,4,1,5
trammeling,10,6,1,7,5,1,6
trammelled,10,3,1,4,4,1,5
trammelling,11,7,1,8,6,1,7
trammels,8,5,1,6,5,1,6
tramming,8,7,5,12,6,6,12
tramp,5,3,5,8,4,4,8
tramp's,7,6,3,9,6,3,9
tramped,7,7,2,9,6,3,9
tramping,8,7,5,12,6,5,11
trample,7,5,3,8,5,1,6
trample's,9,7,2,9,7,1,8
trampled,8,6,1,7,4,2,6
tramples,8,6,3,9,6,2,8
trampling,9,7,3,10,5,4,9
trampoline,10,6,1,7,4,1,5
trampoline's,12,5,0,5,4,0,4
trampolines,11,6,0,6,5,0,5
tramps,6,5,5,10,5,4,9
trams,5,4,6,10,4,6,10
trance,6,5,3,8,5,3,8
trance's,8,7,4,11,7,3,10
trances,7,6,4,10,6,3,9
tranquil,8,3,2,5,3,2,5
tranquiler,10,5,2,7,4,2,6
tranquilest,11,3,0,3,2,0,2
tranquility,11,3,1,4,2,2,4
tranquility's,13,4,0,4,3,1,4
tranquilize,11,3,1,4,2,1,3
tranquilized,12,9,1,10,3,1,4
tranquilizer,12,9,1,10,3,1,4
tranquilizer's,14,6,0,6,2,0,2
tranquilizers,13,5,0,5,3,0,3
tranquilizes,12,4,0,4,4,0,4
tranquilizing,13,2,1,3,2,1,3
tranquiller,11,3,1,4,5,1,6
tranquillest,12,3,0,3,2,1,3
tranquillity,12,5,1,6,4,1,5
tranquillity's,14,3,0,3,5,0,5
tranquillize,12,5,1,6,4,1,5
tranquillized,13,9,1,10,3,1,4
tranquillizer,13,9,1,10,3,1,4
tranquillizer's,15,3,0,3,2,0,2
tranquillizers,14,5,0,5,5,0,5
tranquillizes,13,5,0,5,3,0,3
tranquillizing,14,1,1,2,1,1,2
tranquilly,10,3,2,5,3,2,5
transact,8,4,2,6,2,3,5
transacted,10,4,0,4,3,0,3
transacting,11,7,1,8,5,1,6
transaction,11,7,1,8,5,1,6
transaction's,13,7,0,7,3,1,4
transactions,12,7,1,8,3,1,4
transacts,9,4,2,6,3,0,3
transatlantic,13,3,0,3,2,0,2
transceiver,11,6,0,6,3,0,3
transceiver's,13,4,0,4,3,0,3
transceivers,12,4,0,4,3,0,3
transcend,9,3,0,3,4,1,5
transcended,11,4,0,4,3,0,3
transcendence,13,2,0,2,2,1,3
transcendence's,15,3,0,3,2,0,2
transcendent,12,2,1,3,2,1,3
transcendental,14,2,0,2,2,1,3
transcendentalism,17,6,0,6,2,0,2
transcendentalism's,19,7,0,7,4,0,4
transcendentalist,17,6,0,6,2,0,2
transcendentalist's,19,7,0,7,4,0,4
transcendentalists,18,1,0,1,1,0,1
transcendentally,16,3,0,3,1,1,2
transcending,12,3,0,3,3,0,3
transcends,10,4,1,5,5,0,5
transcontinental,16,3,0,3,2,0,2
transcribe,10,5,0,5,4,0,4
transcribed,11,4,0,4,3,0,3
transcribes,11,5,0,5,4,0,4
transcribing,12,3,0,3,3,0,3
transcript,10,3,1,4,5,1,6
transcript's,12,5,1,6,5,1,6
transcription,13,5,0,5,2,1,3
transcription's,15,3,0,3,4,0,4
transcriptions,14,2,0,2,2,1,3
transcripts,11,3,2,5,5,1,6
transducer,10,3,0,3,5,0,5
transducer's,12,4,0,4,3,0,3
transducers,11,3,1,4,3,1,4
transept,8,3,1,4,3,1,4
transept's,10,4,1,5,3,1,4
transepts,9,2,2,4,6,0,6
transfer,8,3,1,4,3,1,4
transfer's,10,4,0,4,3,0,3
transferable,12,3,1,4,4,1,5
transferal,10,3,0,3,3,0,3
transferal's,12,3,0,3,3,0,3
transferals,11,2,1,3,3,0,3
transference,12,2,1,3,2,1,3
transference's,14,5,0,5,2,1,3
transferred,11,6,0,6,3,0,3
transferring,12,6,0,6,4,0,4
transfers,9,4,1,5,4,0,4
transfiguration,15,5,0,5,3,0,3
transfiguration's,17,5,0,5,3,0,3
transfigure,11,3,0,3,3,0,3
transfigured,12,3,0,3,3,0,3
transfigures,12,3,0,3,3,0,3
transfiguring,13,3,0,3,3,0,3
transfinite,11,3,0,3,3,0,3
transfix,8,5,1,6,4,1,5
transfixed,10,7,0,7,5,0,5
transfixes,10,6,0,6,5,1,6
transfixing,11,6,1,7,4,1,5
transfixt,9,2,3,5,5,1,6
transform,9,4,2,6,4,2,6
transform's,11,5,1,6,3,2,5
transformation,14,3,0,3,4,0,4
transformation's,16,3,0,3,3,0,3
transformations,15,2,0,2,2,0,2
transformed,11,7,0,7,4,0,4
transformer,11,6,0,6,4,0,4
transformer's,13,5,0,5,4,0,4
transformers,12,5,0,5,4,0,4
transforming,12,6,0,6,5,0,5
transforms,10,5,1,6,5,1,6
transfuse,9,7,0,7,7,0,7
transfused,10,8,0,8,8,0,8
transfuses,10,7,0,7,3,0,3
transfusing,11,8,0,8,8,0,8
transfusion,11,3,0,3,3,0,3
transfusion's,13,2,0,2,2,0,2
transfusions,12,2,0,2,2,0,2
transgress,10,2,0,2,3,1,4
transgressed,12,5,0,5,2,0,2
transgresses,12,2,0,2,2,0,2
transgressing,13,2,0,2,3,0,3
transgression,13,2,0,2,3,0,3
transgression's,15,1,0,1,1,0,1
transgressions,14,2,0,2,2,0,2
transgressor,12,5,0,5,2,0,2
transgressor's,14,2,0,2,2,0,2
transgressors,13,1,0,1,1,0,1
transience,10,2,0,2,2,0,2
transience's,12,4,0,4,3,0,3
transiency,10,3,0,3,3,0,3
transiency's,12,3,0,3,3,0,3
transient,9,3,0,3,4,1,5
transient's,11,4,1,5,3,0,3
transients,10,4,1,5,5,0,5
transistor,10,2,0,2,2,0,2
transistor's,12,2,0,2,2,0,2
transistors,11,2,1,3,1,1,2
transit,7,4,1,5,3,1,4
transit's,9,3,1,4,3,0,3
transited,9,4,0,4,4,0,4
transiting,10,4,2,6,5,1,6
transition,10,3,1,4,3,1,4
transition's,12,3,1,4,3,1,4
transitional,12,7,0,7,5,0,5
transitioned,12,7,0,7,5,0,5
transitioning,13,2,0,2,2,0,2
transitions,11,2,2,4,2,1,3
transitive,10,4,0,4,4,0,4
transitive's,12,5,0,5,3,0,3
transitively,12,3,0,3,4,0,4
transitives,11,4,0,4,4,0,4
transitory,10,3,1,4,3,1,4
transits,8,3,3,6,3,2,5
transitted,10,6,0,6,4,0,4
transitting,11,3,1,4,3,1,4
translate,9,3,0,3,3,0,3
translated,10,4,0,4,3,0,3
translates,10,3,0,3,3,2,5
translating,11,7,1,8,5,1,6
translation,11,7,1,8,5,1,6
translation's,13,7,0,7,4,1,5
translations,12,7,1,8,3,1,4
translator,10,2,2,4,2,2,4
translator's,12,2,2,4,2,2,4
translators,11,3,2,5,2,3,5
transliterate,13,3,0,3,3,0,3
transliterated,14,2,0,2,2,0,2
transliterates,14,2,0,2,2,0,2
transliterating,15,3,0,3,6,0,6
transliteration,15,5,0,5,6,0,6
transliteration's,17,5,0,5,3,0,3
transliterations,16,2,0,2,2,0,2
translucence,12,2,1,3,2,1,3
translucence's,14,5,0,5,2,1,3
translucent,11,5,0,5,3,0,3
transmigrate,12,3,0,3,3,0,3
transmigrated,13,3,0,3,3,0,3
transmigrates,13,3,1,4,2,1,3
transmigrating,14,4,0,4,6,0,6
transmigration,14,4,0,4,6,0,6
transmigration's,16,3,0,3,3,0,3
transmissible,13,1,0,1,1,0,1
transmission,12,1,0,1,1,0,1
transmission's,14,1,0,1,1,0,1
transmissions,13,1,0,1,1,0,1
transmit,8,5,1,6,4,1,5
transmits,9,4,0,4,5,1,6
transmittable,13,3,0,3,3,0,3
transmittal,11,2,1,3,2,1,3
transmittal's,13,6,0,6,2,1,3
transmitted,11,4,0,4,3,0,3
transmitter,11,5,0,5,4,0,4
transmitter's,13,6,0,6,4,0,4
transmitters,12,5,0,5,4,0,4
transmitting,12,3,0,3,3,0,3
transmutation,13,4,0,4,3,0,3
transmutation's,15,5,0,5,3,0,3
transmutations,14,2,0,2,3,0,3
transmute,9,5,0,5,4,0,4
transmuted,10,6,0,6,4,0,4
transmutes,10,5,0,5,3,2,5
transmuting,11,7,1,8,3,1,4
transnational,13,2,0,2,2,0,2
transnational's,15,2,0,2,2,0,2
transnationals,14,2,0,2,3,0,3
transoceanic,12,3,0,3,3,0,3
transom,7,4,1,5,2,2,4
transom's,9,2,2,4,4,0,4
transoms,8,2,3,5,3,3,6
transparencies,14,7,0,7,2,0,2
transparency,12,3,1,4,3,1,4
transparency's,14,7,0,7,3,1,4
transparent,11,5,0,5,3,0,3
transparently,13,4,0,4,2,1,3
transpiration,13,5,0,5,3,0,3
transpiration's,15,5,0,5,4,0,4
transpire,9,5,0,5,4,0,4
transpired,10,7,0,7,5,0,5
transpires,10,6,0,6,5,1,6
transpiring,11,6,1,7,4,1,5
transplant,10,2,2,4,2,2,4
transplant's,12,2,2,4,2,2,4
transplantation,15,2,0,2,2,0,2
transplantation's,17,3,0,3,2,0,2
transplanted,12,3,1,4,3,1,4
transplanting,13,2,0,2,3,0,3
transplants,11,4,2,6,2,2,4
transponder,11,5,0,5,4,0,4
transponder's,13,5,0,5,4,0,4
transponders,12,4,0,4,4,0,4
transport,9,2,2,4,4,2,6
transport's,11,3,1,4,3,2,5
transportable,13,3,0,3,2,1,3
transportation,14,2,0,2,4,0,4
transportation's,16,2,0,2,2,0,2
transported,11,7,0,7,4,0,4
transporter,11,6,0,6,4,0,4
transporter's,13,3,0,3,4,0,4
transporters,12,5,0,5,4,0,4
transporting,12,5,0,5,5,0,5
transports,10,5,1,6,5,1,6
transpose,9,6,1,7,6,1,7
transposed,10,7,1,8,7,1,8
transposes,10,6,1,7,2,1,3
transposing,11,7,1,8,7,1,8
transposition,13,2,0,2,3,0,3
transposition's,15,2,0,2,2,0,2
transpositions,14,2,0,2,2,0,2
transsexual,11,1,1,2,2,0,2
transsexual's,13,3,0,3,1,1,2
transsexuals,12,2,0,2,2,0,2
transship,9,2,0,2,2,0,2
transshipment,13,2,0,2,2,0,2
transshipment's,15,2,0,2,2,0,2
transshipped,12,2,0,2,2,0,2
transshipping,13,2,0,2,2,0,2
transships,10,2,0,2,2,0,2
transubstantiation,18,1,0,1,1,0,1
transubstantiation's,20,1,0,1,1,0,1
transverse,10,2,0,2,2,0,2
transverse's,12,1,0,1,1,0,1
transversely,12,2,0,2,2,0,2
transverses,11,2,0,2,1,1,2
transvestism,12,1,0,1,1,0,1
transvestism's,14,1,0,1,1,0,1
transvestite,12,2,0,2,2,0,2
transvestite's,14,2,0,2,2,0,2
transvestites,13,2,0,2,2,0,2
trap,4,3,8,11,3,8,11
trap's,6,6,6,12,6,6,12
trapdoor,8,3,3,6,3,3,6
trapdoor's,10,5,1,6,4,1,5
trapdoors,9,4,2,6,4,1,5
trapeze,7,1,4,5,1,4,5
trapeze's,9,4,0,4,5,0,5
trapezes,8,4,1,5,3,2,5
trapezoid,9,3,2,5,2,2,4
trapezoid's,11,5,0,5,4,1,5
trapezoidal,11,3,1,4,2,2,4
trapezoids,10,7,0,7,4,1,5
trappable,9,4,2,6,4,1,5
trapped,7,5,2,7,6,5,11
trapper,7,5,5,10,5,5,10
trapper's,9,7,2,9,7,1,8
trappers,8,6,3,9,6,1,7
trapping,8,6,6,12,7,5,12
trappings,9,8,3,11,8,2,10
trappings's,11,7,1,8,7,1,8
traps,5,5,4,9,5,4,9
trapshooting,12,5,0,5,4,0,4
trapshooting's,14,2,0,2,3,0,3
trash,5,4,3,7,4,3,7
trash's,7,4,1,5,4,1,5
trashcan,8,2,2,4,2,2,4
trashcan's,10,3,1,4,4,2,6
trashcans,9,2,2,4,2,2,4
trashed,7,5,0,5,5,0,5
trashes,7,4,5,9,4,4,8
trashier,8,5,0,5,5,0,5
trashiest,9,2,0,2,2,0,2
trashing,8,5,2,7,5,2,7
trashy,6,2,3,5,4,1,5
trauma,6,3,4,7,3,4,7
trauma's,8,5,3,8,5,3,8
traumas,7,4,3,7,4,2,6
traumata,8,1,3,4,1,3,4
traumatic,9,4,2,6,3,2,5
traumatize,10,3,1,4,3,1,4
traumatized,11,3,1,4,3,1,4
traumatizes,11,4,0,4,4,0,4
traumatizing,12,4,1,5,4,1,5
travail,7,2,2,4,2,3,5
travail's,9,5,2,7,5,3,8
travailed,9,4,1,5,4,1,5
travailing,10,4,2,6,3,2,5
travails,8,3,2,5,3,2,5
travel,6,5,4,9,5,4,9
travel's,8,7,1,8,6,1,7
traveled,8,6,2,8,5,2,7
traveler,8,4,3,7,4,3,7
traveler's,10,6,1,7,6,1,7
travelers,9,5,1,6,5,1,6
traveling,9,8,1,9,8,1,9
travelings,10,5,1,6,8,0,8
travelled,9,6,2,8,5,2,7
traveller,9,2,2,4,3,2,5
traveller's,11,4,1,5,5,1,6
travellers,10,5,2,7,4,1,5
travelling,10,5,2,7,8,2,10
travelog,8,4,1,5,3,1,4
travelog's,10,6,1,7,8,0,8
travelogs,9,4,1,5,4,1,5
travelogue,10,4,2,6,3,2,5
travelogue's,12,5,1,6,5,1,6
travelogues,11,4,0,4,4,0,4
travels,7,6,1,7,6,1,7
traverse,8,2,1,3,2,1,3
traverse's,10,5,1,6,3,0,3
traversed,9,3,1,4,4,0,4
traverses,9,3,1,4,3,1,4
traversing,10,5,0,5,3,0,3
travestied,10,2,2,4,2,1,3
travesties,10,3,1,4,3,0,3
travesty,8,3,0,3,3,0,3
travesty's,10,3,0,3,3,0,3
travestying,11,5,1,6,3,1,4
trawl,5,4,5,9,3,5,8
trawl's,7,5,4,9,5,4,9
trawled,7,5,5,10,5,6,11
trawler,7,4,6,10,3,8,11
trawler's,9,6,3,9,6,3,9
trawlers,8,5,4,9,5,3,8
trawling,8,7,5,12,6,4,10
trawls,6,4,6,10,4,5,9
tray,4,3,7,10,3,7,10
tray's,6,5,6,11,5,6,11
trays,5,4,7,11,4,7,11
treacheries,11,2,0,2,2,0,2
treacherous,11,8,0,8,8,0,8
treacherously,13,5,1,6,3,1,4
treachery,9,2,2,4,2,1,3
treachery's,11,7,1,8,7,1,8
treacle,7,6,1,7,6,0,6
treacle's,9,8,0,8,8,0,8
tread,5,4,3,7,4,3,7
tread's,7,6,1,7,6,1,7
treading,8,7,2,9,7,2,9
treadle,7,5,2,7,5,1,6
treadle's,9,7,1,8,7,1,8
treadled,8,3,1,4,3,1,4
treadles,8,6,0,6,6,0,6
treadling,9,6,2,8,6,2,8
treadmill,9,2,3,5,3,3,6
treadmill's,11,5,1,6,4,2,6
treadmills,10,4,1,5,4,1,5
treads,6,5,2,7,5,2,7
treason,7,5,1,6,5,1,6
treason's,9,6,2,8,4,1,5
treasonable,11,3,0,3,4,0,4
treasonous,10,4,0,4,3,0,3
treasure,8,3,0,3,3,0,3
treasure's,10,3,0,3,3,0,3
treasured,9,3,0,3,3,0,3
treasurer,9,3,0,3,3,0,3
treasurer's,11,3,0,3,3,0,3
treasurers,10,3,0,3,3,0,3
treasures,9,3,1,4,4,0,4
treasuries,10,3,0,3,3,0,3
treasuring,10,4,0,4,3,0,3
treasury,8,3,1,4,4,0,4
treasury's,10,4,0,4,3,0,3
treat,5,4,4,8,4,4,8
treat's,7,6,2,8,6,2,8
treatable,9,4,1,5,4,1,5
treated,7,4,4,8,4,0,4
treaties,8,4,0,4,4,0,4
treating,8,6,4,10,7,3,10
treatise,8,3,0,3,2,1,3
treatise's,10,4,0,4,2,1,3
treatises,9,4,0,4,4,0,4
treatment,9,3,1,4,2,1,3
treatment's,11,3,0,3,3,0,3
treatments,10,5,0,5,4,0,4
treats,6,5,3,8,5,3,8
treaty,6,4,4,8,3,1,4
treaty's,8,5,0,5,5,0,5
treble,6,2,3,5,2,3,5
treble's,8,5,1,6,5,1,6
trebled,7,5,2,7,4,1,5
trebles,7,3,3,6,3,3,6
trebling,8,7,2,9,6,3,9
tree,4,2,3,5,2,2,4
tree's,6,3,4,7,3,4,7
treed,5,3,5,8,3,5,8
treeing,7,3,2,5,3,2,5
treeless,8,2,0,2,2,0,2
trees,5,3,2,5,3,2,5
treetop,7,3,2,5,3,2,5
treetop's,9,4,1,5,4,1,5
treetops,8,3,3,6,4,0,4
trefoil,7,4,2,6,4,2,6
trefoil's,9,6,1,7,6,1,7
trefoils,8,5,2,7,5,2,7
trek,4,3,4,7,3,4,7
trek's,6,5,2,7,5,2,7
trekked,7,4,3,7,5,0,5
trekking,8,6,3,9,7,2,9
treks,5,4,2,6,4,3,7
trellis,7,4,1,5,4,1,5
trellis's,9,4,1,5,5,1,6
trellised,9,3,2,5,3,0,3
trellises,9,4,0,4,4,0,4
trellising,10,6,0,6,3,0,3
tremble,7,4,2,6,4,1,5
tremble's,9,6,1,7,6,1,7
trembled,8,4,2,6,4,2,6
trembles,8,5,1,6,5,1,6
trembling,9,6,3,9,6,2,8
tremendous,10,5,0,5,4,0,4
tremendously,12,6,0,6,5,1,6
tremolo,7,4,2,6,4,2,6
tremolo's,9,6,1,7,6,1,7
tremolos,8,4,2,6,3,3,6
tremor,6,4,2,6,4,2,6
tremor's,8,6,1,7,6,1,7
tremors,7,3,1,4,3,1,4
tremulous,9,3,2,5,6,3,9
tremulously,11,7,1,8,7,1,8
trench,6,6,4,10,5,1,6
trench's,8,7,0,7,7,0,7
trenchant,9,5,2,7,5,2,7
trenchantly,11,3,2,5,3,2,5
trenched,8,6,2,8,6,2,8
trenches,8,6,1,7,4,2,6
trenching,9,8,2,10,8,2,10
trend,5,3,2,5,3,3,6
trend's,7,6,1,7,5,2,7
trended,7,4,3,7,3,1,4
trendier,8,3,3,6,3,3,6
trendies,8,5,2,7,5,1,6
trendiest,9,3,0,3,3,0,3
trending,8,6,3,9,6,3,9
trends,6,3,4,7,4,3,7
trendy,6,4,4,8,4,2,6
trendy's,8,6,1,7,6,1,7
trepidation,11,3,1,4,4,1,5
trepidation's,13,8,0,8,4,0,4
trespass,8,1,0,1,1,0,1
trespass's,10,3,0,3,2,0,2
trespassed,10,5,0,5,3,0,3
trespasser,10,5,0,5,3,0,3
trespasser's,12,1,0,1,1,0,1
trespassers,11,1,0,1,1,0,1
trespasses,10,3,0,3,2,0,2
trespassing,11,1,0,1,1,0,1
tress,5,3,5,8,3,5,8
tress's,7,4,3,7,4,3,7
tresses,7,3,2,5,3,2,5
trestle,7,4,1,5,3,0,3
trestle's,9,5,0,5,5,0,5
trestles,8,4,1,5,4,1,5
triad,5,5,3,8,5,3,8
triad's,7,7,2,9,7,2,9
triads,6,6,3,9,6,3,9
triage,6,4,2,6,4,3,7
triage's,8,6,2,8,5,2,7
trial,5,4,4,8,4,4,8
trial's,7,6,3,9,6,3,9
trialed,7,7,1,8,4,2,6
trialing,8,7,2,9,7,3,10
trials,6,5,4,9,5,4,9
triangle,8,3,1,4,3,1,4
triangle's,10,5,1,6,4,0,4
triangles,9,5,0,5,4,1,5
triangular,10,2,2,4,2,2,4
triangulation,13,2,1,3,2,1,3
triangulation's,15,3,0,3,3,0,3
triathlon,9,2,2,4,2,2,4
triathlon's,11,5,1,6,4,1,5
triathlons,10,4,1,5,4,1,5
tribal,6,5,4,9,5,4,9
tribalism,9,3,1,4,3,1,4
tribalism's,11,4,0,4,3,1,4
tribe,5,4,4,8,4,4,8
tribe's,7,6,2,8,6,2,8
tribes,6,5,3,8,5,2,7
tribesman,9,5,0,5,4,0,4
tribesman's,11,5,0,5,4,0,4
tribesmen,9,6,1,7,6,1,7
tribulation,11,4,1,5,3,2,5
tribulation's,13,8,0,8,3,1,4
tribulations,12,4,1,5,3,1,4
tribunal,8,4,2,6,4,2,6
tribunal's,10,6,1,7,5,2,7
tribunals,9,4,3,7,4,3,7
tribune,7,4,3,7,3,3,6
tribune's,9,6,2,8,6,2,8
tribunes,8,4,1,5,4,1,5
tributaries,11,4,0,4,4,0,4
tributary,9,2,3,5,2,3,5
tributary's,11,4,1,5,3,1,4
tribute,7,4,3,7,3,3,6
tribute's,9,6,2,8,6,2,8
tributes,8,4,1,5,4,1,5
trice,5,5,5,10,5,5,10
trice's,7,6,3,9,6,3,9
triceps,7,4,2,6,4,2,6
triceps's,9,5,0,5,5,0,5
tricepses,9,3,0,3,3,1,4
triceratops,11,3,2,5,3,1,4
triceratops's,13,5,0,5,5,0,5
triceratopses,13,5,0,5,5,0,5
trick,5,4,7,11,4,7,11
trick's,7,6,6,12,6,6,12
tricked,7,6,2,8,5,6,11
trickery,8,5,1,6,3,3,6
trickery's,10,6,3,9,6,2,8
trickier,8,4,3,7,4,1,5
trickiest,9,5,0,5,4,1,5
trickiness,10,5,0,5,4,1,5
trickiness's,12,6,0,6,5,1,6
tricking,8,6,3,9,6,5,11
trickle,7,6,3,9,6,1,7
trickle's,9,8,2,10,8,2,10
trickled,8,7,4,11,7,2,9
trickles,8,7,1,8,7,1,8
trickling,9,7,3,10,7,4,11
tricks,6,5,6,11,5,7,12
trickster,9,4,0,4,4,0,4
trickster's,11,5,0,5,5,0,5
tricksters,10,3,0,3,4,0,4
tricky,6,4,4,8,3,5,8
tricolor,8,2,3,5,2,3,5
tricolor's,10,3,2,5,3,2,5
tricolors,9,5,2,7,4,2,6
tricycle,8,6,2,8,6,2,8
tricycle's,10,8,0,8,8,2,10
tricycles,9,4,1,5,7,0,7
trident,7,3,1,4,3,1,4
trident's,9,5,1,6,5,0,5
tridents,8,5,1,6,5,1,6
tried,5,4,6,10,4,6,10
triennial,9,2,1,3,2,1,3
triennial's,11,4,0,4,4,0,4
triennials,10,4,1,5,4,0,4
tries,5,4,5,9,4,5,9
trifecta,8,3,1,4,3,1,4
trifecta's,10,5,0,5,5,0,5
trifectas,9,4,1,5,4,1,5
trifle,6,4,4,8,4,4,8
trifle's,8,6,4,10,6,4,10
trifled,7,7,2,9,6,4,10
trifler,7,5,1,6,4,3,7
trifler's,9,7,1,8,6,3,9
triflers,8,6,2,8,5,3,8
trifles,7,7,1,8,7,2,9
trifling,8,7,3,10,6,4,10
trifocals,9,4,1,5,4,1,5
trifocals's,11,5,0,5,3,1,4
trig,4,3,6,9,3,6,9
trig's,6,5,5,10,5,5,10
trigger,7,5,2,7,5,1,6
trigger's,9,7,2,9,7,1,8
triggered,9,4,1,5,2,2,4
triggering,10,3,1,4,4,1,5
triggers,8,6,3,9,6,1,7
triglyceride,12,2,1,3,2,1,3
triglyceride's,14,3,0,3,3,0,3
triglycerides,13,3,0,3,3,0,3
trigonometric,13,4,1,5,2,1,3
trigonometry,12,2,1,3,2,1,3
trigonometry's,14,4,0,4,3,0,3
trike,5,4,6,10,4,6,10
trike's,7,6,6,12,6,6,12
trikes,6,5,4,9,5,4,9
trilateral,10,4,1,5,4,1,5
trilaterals,11,4,1,5,4,1,5
trill,5,3,7,10,3,7,10
trill's,7,5,6,11,5,6,11
trilled,7,6,1,7,6,4,10
trilling,8,6,2,8,5,4,9
trillion,8,3,2,5,3,2,5
trillion's,10,5,2,7,5,2,7
trillions,9,3,2,5,3,2,5
trillionth,10,4,3,7,5,2,7
trillionth's,12,3,2,5,7,1,8
trillionths,11,3,2,5,3,2,5
trills,6,4,9,13,4,7,11
trilogies,9,5,0,5,5,0,5
trilogy,7,2,4,6,2,4,6
trilogy's,9,5,2,7,5,2,7
trim,4,4,5,9,4,5,9
trim's,6,6,4,10,6,4,10
trimaran,8,2,2,4,2,2,4
trimaran's,10,4,1,5,4,1,5
trimarans,9,3,2,5,3,1,4
trimester,9,3,0,3,3,0,3
trimester's,11,3,0,3,4,0,4
trimesters,10,3,0,3,4,0,4
trimly,6,6,3,9,6,3,9
trimmed,7,6,3,9,6,5,11
trimmer,7,4,3,7,5,2,7
trimmer's,9,6,3,9,7,2,9
trimmers,8,5,4,9,6,2,8
trimmest,8,4,1,5,4,1,5
trimming,8,6,4,10,5,6,11
trimming's,10,5,5,10,5,5,10
trimmings,9,4,5,9,4,5,9
trimmings's,11,5,0,5,3,0,3
trimness,8,6,2,8,6,2,8
trimness's,10,7,2,9,7,2,9
trims,5,5,4,9,5,4,9
trinities,9,4,0,4,4,0,4
trinity,7,2,2,4,2,3,5
trinity's,9,3,3,6,3,3,6
trinket,7,5,2,7,5,2,7
trinket's,9,7,0,7,7,0,7
trinkets,8,6,1,7,6,1,7
trio,4,2,3,5,2,3,5
trio's,6,4,3,7,4,3,7
trios,5,3,2,5,3,2,5
trip,4,3,6,9,3,6,9
trip's,6,5,5,10,5,5,10
tripartite,10,4,1,5,3,1,4
tripe,5,4,4,8,4,4,8
tripe's,7,6,2,8,6,2,8
triple,6,4,1,5,4,0,4
triple's,8,6,1,7,7,3,10
tripled,7,6,3,9,5,3,8
triples,7,6,2,8,6,3,9
triplet,7,4,3,7,4,3,7
triplet's,9,6,1,7,6,1,7
triplets,8,5,2,7,5,2,7
triplicate,10,3,1,4,3,1,4
triplicate's,12,5,0,5,4,0,4
triplicated,11,2,1,3,3,1,4
triplicates,11,3,0,3,3,0,3
triplicating,12,2,1,3,2,1,3
tripling,8,6,4,10,5,2,7
triply,6,5,4,9,5,4,9
tripod,6,2,5,7,2,5,7
tripod's,8,5,2,7,4,3,7
tripods,7,5,3,8,5,2,7
tripos,6,3,4,7,3,4,7
tripped,7,5,4,9,5,4,9
tripping,8,5,5,10,5,3,8
trips,5,4,5,9,4,5,9
triptych,8,3,3,6,3,3,6
triptych's,10,3,3,6,3,3,6
triptychs,9,3,4,7,4,3,7
trisect,7,2,2,4,2,2,4
trisected,9,4,0,4,2,2,4
trisecting,10,6,0,6,5,0,5
trisects,8,2,2,4,2,2,4
trite,5,4,5,9,4,5,9
tritely,7,3,1,4,3,1,4
triteness,9,4,2,6,4,1,5
triteness's,11,5,2,7,5,1,6
triter,6,4,2,6,4,2,6
tritest,7,4,0,4,3,1,4
triumph,7,2,5,7,2,5,7
triumph's,9,4,4,8,3,4,7
triumphal,9,2,3,5,2,3,5
triumphant,10,2,3,5,3,3,6
triumphantly,12,2,1,3,2,1,3
triumphed,9,4,2,6,4,1,5
triumphing,10,4,2,6,3,2,5
triumphs,8,3,4,7,3,4,7
triumvirate,11,2,1,3,3,1,4
triumvirate's,13,2,1,3,3,0,3
triumvirates,12,3,0,3,3,0,3
trivet,6,3,4,7,4,4,8
trivet's,8,7,2,9,5,0,5
trivets,7,4,1,5,4,1,5
trivia,6,4,4,8,4,4,8
trivia's,8,6,3,9,6,3,9
trivial,7,2,3,5,2,3,5
trivialities,12,3,0,3,3,0,3
triviality,10,1,3,4,2,2,4
triviality's,12,4,2,6,2,1,3
trivialize,10,3,1,4,3,1,4
trivialized,11,1,1,2,3,1,4
trivializes,11,4,0,4,3,1,4
trivializing,12,1,1,2,1,1,2
trivially,9,2,2,4,2,2,4
trochee,7,2,2,4,4,2,6
trochee's,9,4,1,5,5,1,6
trochees,8,3,1,4,3,1,4
trod,4,3,5,8,3,5,8
trodden,7,3,1,4,3,1,4
troglodyte,10,2,3,5,2,3,5
troglodyte's,12,4,1,5,3,1,4
troglodytes,11,3,1,4,4,1,5
troika,6,3,2,5,3,2,5
troika's,8,4,2,6,4,2,6
troikas,7,3,2,5,3,1,4
troll,5,4,4,8,4,4,8
troll's,7,5,3,8,5,3,8
trolled,7,5,4,9,5,3,8
trolley,7,3,3,6,3,3,6
trolley's,9,5,1,6,4,1,5
trolleys,8,4,2,6,4,2,6
trollies,8,5,3,8,5,3,8
trolling,8,4,2,6,4,2,6
trollop,7,3,4,7,3,4,7
trollop's,9,5,2,7,5,2,7
trollops,8,4,2,6,3,2,5
trolls,6,5,4,9,5,4,9
trolly,6,5,4,9,4,4,8
trolly's,8,7,2,9,6,2,8
trombone,8,4,4,8,4,4,8
trombone's,10,6,3,9,5,2,7
trombones,9,4,2,6,4,2,6
trombonist,10,2,0,2,2,0,2
trombonist's,12,4,0,4,3,1,4
trombonists,11,3,1,4,3,1,4
tromp,5,3,5,8,3,5,8
tromped,7,7,3,10,5,2,7
tromping,8,8,3,11,8,3,11
tromps,6,4,5,9,4,5,9
troop,5,3,5,8,3,5,8
troop's,7,5,4,9,5,4,9
trooped,7,6,3,9,5,3,8
trooper,7,3,4,7,3,4,7
trooper's,9,7,2,9,6,2,8
troopers,8,6,3,9,5,2,7
trooping,8,6,4,10,6,4,10
troops,6,4,5,9,4,5,9
troopship,9,2,2,4,2,2,4
troopship's,11,2,2,4,2,2,4
troopships,10,3,1,4,2,2,4
trope,5,4,3,7,4,3,7
trope's,7,6,4,10,6,4,10
tropes,6,5,3,8,5,3,8
trophies,8,6,2,8,6,2,8
trophy,6,4,5,9,4,5,9
trophy's,8,6,3,9,7,3,10
tropic,6,4,4,8,4,4,8
tropic's,8,6,3,9,6,4,10
tropical,8,5,2,7,5,2,7
tropics,7,4,4,8,5,3,8
tropics's,9,6,2,8,5,4,9
tropism,7,5,2,7,4,2,6
tropism's,9,5,0,5,6,1,7
tropisms,8,2,2,4,4,2,6
troposphere,11,3,0,3,3,0,3
troposphere's,13,3,0,3,3,0,3
tropospheres,12,3,0,3,3,0,3
trot,4,3,4,7,3,4,7
trot's,6,5,5,10,5,4,9
troth,5,3,4,7,3,4,7
troth's,7,5,3,8,5,3,8
trots,5,4,5,9,4,5,9
trotted,7,4,1,5,5,3,8
trotter,7,4,5,9,4,3,7
trotter's,9,5,0,5,5,0,5
trotters,8,4,1,5,4,0,4
trotting,8,6,5,11,6,4,10
troubadour,10,2,3,5,2,3,5
troubadour's,12,3,1,4,3,2,5
troubadours,11,3,1,4,3,2,5
trouble,7,3,4,7,3,3,6
trouble's,9,6,2,8,6,2,8
troubled,8,5,3,8,5,5,10
troublemaker,12,2,2,4,3,2,5
troublemaker's,14,3,0,3,2,1,3
troublemakers,13,3,0,3,4,0,4
troubles,8,5,3,8,6,3,9
troubleshoot,12,3,0,3,3,0,3
troubleshooted,14,7,0,7,5,0,5
troubleshooter,14,7,0,7,5,0,5
troubleshooter's,16,3,0,3,1,1,2
troubleshooters,15,1,1,2,2,0,2
troubleshooting,15,2,0,2,2,0,2
troubleshooting's,17,3,0,3,2,0,2
troubleshoots,13,3,0,3,3,0,3
troubleshot,11,3,0,3,3,0,3
troublesome,11,3,0,3,3,0,3
troubling,9,6,2,8,5,4,9
trough,6,3,5,8,4,5,9
trough's,8,5,4,9,5,4,9
troughs,7,5,3,8,4,4,8
trounce,7,5,4,9,5,3,8
trounced,8,6,2,8,4,2,6
trounces,8,6,3,9,6,3,9
trouncing,9,6,4,10,6,4,10
troupe,6,4,5,9,4,5,9
troupe's,8,6,4,10,5,3,8
trouped,7,6,3,9,6,2,8
trouper,7,5,3,8,5,3,8
trouper's,9,7,2,9,6,2,8
troupers,8,6,3,9,5,2,7
troupes,7,5,3,8,4,4,8
trouping,8,7,4,11,7,4,11
trouser,7,4,1,5,4,0,4
trouser's,9,5,1,6,5,1,6
trousers,8,4,1,5,4,0,4
trousers's,10,3,0,3,1,2,3
trousseau,9,3,1,4,3,1,4
trousseau's,11,4,1,5,3,0,3
trousseaus,10,3,1,4,2,1,3
trousseaux,10,2,0,2,2,0,2
trout,5,3,4,7,3,4,7
trout's,7,5,3,8,5,3,8
trouts,6,4,4,8,4,4,8
trowel,6,4,7,11,4,6,10
trowel's,8,4,3,7,5,1,6
troweled,8,4,2,6,4,2,6
troweling,9,7,2,9,7,2,9
trowelled,9,5,3,8,4,3,7
trowelling,10,6,2,8,7,3,10
trowels,7,5,2,7,5,2,7
troy,4,4,4,8,4,4,8
troys,5,4,5,9,4,5,9
truancy,7,3,4,7,3,4,7
truancy's,9,5,3,8,3,3,6
truant,6,4,2,6,4,2,6
truant's,8,5,1,6,5,3,8
truanted,8,5,1,6,4,4,8
truanting,9,5,2,7,3,3,6
truants,7,4,2,6,4,3,7
truce,5,4,5,9,4,5,9
truce's,7,6,4,10,6,4,10
truces,6,5,3,8,5,3,8
truck,5,5,7,12,5,7,12
truck's,7,7,5,12,5,5,10
trucked,7,4,5,9,6,5,11
trucker,7,4,4,8,4,4,8
trucker's,9,5,3,8,5,3,8
truckers,8,4,4,8,4,3,7
trucking,8,5,7,12,5,7,12
trucking's,10,7,4,11,4,5,9
truckle,7,5,4,9,5,4,9
truckle's,9,7,2,9,7,3,10
truckled,8,5,4,9,6,2,8
truckles,8,5,3,8,5,3,8
truckling,9,6,4,10,5,4,9
truckload,9,3,3,6,3,3,6
truckload's,11,4,1,5,4,1,5
truckloads,10,4,2,6,4,2,6
trucks,6,6,6,12,6,6,12
truculence,10,3,1,4,3,1,4
truculence's,12,4,0,4,4,0,4
truculent,9,4,1,5,4,1,5
truculently,11,6,2,8,4,1,5
trudge,6,4,4,8,4,4,8
trudge's,8,7,4,11,6,1,7
trudged,7,4,2,6,4,2,6
trudges,7,6,4,10,5,3,8
trudging,8,6,2,8,4,3,7
true,4,2,4,6,2,4,6
true's,6,4,4,8,4,4,8
trued,5,3,5,8,3,5,8
trueing,7,5,4,9,5,3,8
truer,5,2,4,6,2,4,6
trues,5,3,4,7,3,4,7
truest,6,3,1,4,3,1,4
truffle,7,6,5,11,6,5,11
truffle's,9,8,3,11,8,4,12
truffles,8,7,4,11,7,4,11
truing,6,4,5,9,4,5,9
truism,6,3,3,6,3,3,6
truism's,8,5,2,7,5,2,7
truisms,7,4,3,7,4,3,7
truly,5,4,6,10,4,6,10
trump,5,4,6,10,4,6,10
trump's,7,6,4,10,6,5,11
trumped,7,6,4,10,5,6,11
trumpery,8,4,2,6,3,5,8
trumpery's,10,6,4,10,6,4,10
trumpet,7,3,3,6,3,3,6
trumpet's,9,5,1,6,5,1,6
trumpeted,9,4,1,5,4,1,5
trumpeter,9,2,2,4,2,2,4
trumpeter's,11,3,0,3,3,0,3
trumpeters,10,4,0,4,4,0,4
trumpeting,10,6,1,7,5,1,6
trumpets,8,4,2,6,4,2,6
trumping,8,6,6,12,6,6,12
trumps,6,4,7,11,4,7,11
truncate,8,3,2,5,3,2,5
truncated,9,4,1,5,4,3,7
truncates,9,4,2,6,4,2,6
truncating,10,4,2,6,4,3,7
truncation,10,4,2,6,3,2,5
truncation's,12,4,1,5,5,1,6
truncheon,9,2,1,3,2,1,3
truncheon's,11,4,0,4,3,0,3
truncheons,10,4,0,4,4,0,4
trundle,7,5,6,11,5,6,11
trundle's,9,7,4,11,7,5,12
trundled,8,2,2,4,4,2,6
trundles,8,6,5,11,6,5,11
trundling,9,5,4,9,5,4,9
trunk,5,4,8,12,4,8,12
trunk's,7,6,6,12,5,7,12
trunking,8,5,3,8,5,3,8
trunks,6,5,7,12,5,7,12
truss,5,2,3,5,2,3,5
truss's,7,3,3,6,3,3,6
trussed,7,3,2,5,3,2,5
trusses,7,3,3,6,3,3,6
trussing,8,5,2,7,5,2,7
trust,5,4,2,6,4,2,6
trust's,7,5,2,7,5,2,7
trusted,7,6,0,6,6,0,6
trustee,7,3,1,4,3,1,4
trustee's,9,4,1,5,5,0,5
trustees,8,2,1,3,3,0,3
trusteeship,11,2,0,2,2,0,2
trusteeship's,13,1,1,2,2,0,2
trusteeships,12,2,0,2,2,0,2
trustful,8,1,5,6,2,4,6
trustfully,10,2,2,4,2,2,4
trustfulness,12,5,0,5,3,0,3
trustfulness's,14,6,0,6,3,0,3
trustier,8,5,0,5,5,0,5
trusties,8,4,0,4,3,0,3
trustiest,9,4,1,5,4,1,5
trusting,8,7,1,8,7,1,8
trusts,6,4,2,6,4,2,6
trustworthier,13,3,0,3,2,1,3
trustworthiest,14,2,0,2,2,0,2
trustworthiness,15,1,0,1,1,0,1
trustworthiness's,17,2,0,2,2,0,2
trustworthy,11,2,0,2,2,1,3
trusty,6,4,4,8,3,4,7
trusty's,8,3,4,7,3,4,7
truth,5,3,5,8,3,5,8
truth's,7,5,4,9,4,5,9
truther,7,3,7,10,4,4,8
truther's,9,5,0,5,5,0,5
truthers,8,4,1,5,4,0,4
truthful,8,1,5,6,1,5,6
truthfully,10,1,5,6,1,5,6
truthfulness,12,6,0,6,6,0,6
truthfulness's,14,7,0,7,6,0,6
truthiness,10,5,3,8,5,0,5
truths,6,4,6,10,4,6,10
try,3,3,10,13,3,10,13
try's,5,4,9,13,4,9,13
trying,6,5,9,14,5,9,14
tryout,6,2,4,6,2,4,6
tryout's,8,4,2,6,4,2,6
tryouts,7,3,3,6,3,3,6
tryst,5,3,3,6,3,3,6
tryst's,7,4,3,7,4,3,7
trysted,7,5,1,6,5,1,6
trysting,8,6,2,8,6,2,8
trysts,6,3,3,6,3,3,6
ts,2,2,10,12,2,10,12
tsar,4,3,1,4,3,1,4
tsar's,6,2,2,4,2,2,4
tsarina,7,2,0,2,2,1,3
tsarina's,9,2,0,2,2,0,2
tsarinas,8,2,1,3,2,0,2
tsars,5,1,2,3,1,2,3
tsunami,7,3,0,3,3,1,4
tsunami's,9,3,0,3,3,1,4
tsunamis,8,3,1,4,3,0,3
tub,3,2,11,13,2,11,13
tub's,5,4,10,14,4,10,14
tuba,4,3,5,8,3,6,9
tuba's,6,5,5,10,5,6,11
tubas,5,5,4,9,5,5,10
tubbier,7,5,6,11,5,5,10
tubbiest,8,4,1,5,4,1,5
tubby,5,3,6,9,3,11,14
tube,4,4,6,10,4,6,10
tube's,6,5,9,14,5,9,14
tubed,5,4,6,10,4,6,10
tubeless,8,3,5,8,4,4,8
tubeless's,10,5,2,7,5,2,7
tuber,5,4,6,10,4,6,10
tuber's,7,6,4,10,6,4,10
tubercle,8,1,4,5,1,4,5
tubercle's,10,5,1,6,2,3,5
tubercles,9,4,1,5,2,3,5
tubercular,10,3,1,4,3,1,4
tuberculosis,12,3,0,3,3,0,3
tuberculosis's,14,2,0,2,2,0,2
tuberculous,11,4,1,5,3,2,5
tuberous,8,5,3,8,5,2,7
tubers,6,5,4,9,5,4,9
tubes,5,4,7,11,4,8,12
tubing,6,5,7,12,5,7,12
tubing's,8,7,4,11,7,4,11
tubs,4,3,10,13,3,10,13
tubular,7,3,5,8,3,5,8
tuck,4,4,14,18,4,14,18
tuck's,6,6,12,18,6,13,19
tucked,6,5,6,11,4,7,11
tucker,6,4,3,7,4,3,7
tucker's,8,6,4,10,6,3,9
tuckered,8,5,3,8,5,3,8
tuckering,9,6,2,8,6,2,8
tuckers,7,5,4,9,5,2,7
tucking,7,7,9,16,5,8,13
tucks,5,5,13,18,5,13,18
tuft,4,2,9,11,2,8,10
tuft's,6,4,7,11,4,7,11
tufted,6,4,6,10,4,6,10
tufting,7,5,8,13,5,5,10
tufts,5,3,10,13,3,7,10
tug,3,2,12,14,2,12,14
tug's,5,4,11,15,4,11,15
tugboat,7,3,3,6,3,2,5
tugboat's,9,4,2,6,6,1,7
tugboats,8,4,1,5,4,1,5
tugged,6,4,7,11,5,6,11
tugging,7,4,9,13,4,9,13
tugs,4,3,11,14,3,11,14
tuition,7,3,2,5,2,3,5
tuition's,9,4,2,6,3,2,5
tulip,5,3,4,7,3,7,10
tulip's,7,5,4,9,5,4,9
tulips,6,4,4,8,4,4,8
tulle,5,3,7,10,3,7,10
tulle's,7,4,1,5,4,1,5
tumble,6,5,7,12,5,7,12
tumble's,8,7,5,12,7,3,10
tumbled,7,6,6,12,6,6,12
tumbledown,10,4,1,5,4,1,5
tumbler,7,6,4,10,6,4,10
tumbler's,9,8,1,9,8,1,9
tumblers,8,7,2,9,7,1,8
tumbles,7,6,6,12,6,7,13
tumbleweed,10,1,1,2,1,1,2
tumbleweed's,12,2,0,2,2,0,2
tumbleweeds,11,5,0,5,3,0,3
tumbling,8,7,7,14,7,6,13
tumbrel,7,4,4,8,3,4,7
tumbrel's,9,4,3,7,4,3,7
tumbrels,8,5,2,7,4,4,8
tumbril,7,1,5,6,1,5,6
tumbril's,9,4,3,7,3,3,6
tumbrils,8,4,4,8,3,4,7
tumid,5,4,7,11,4,7,11
tummies,7,5,4,9,5,3,8
tummy,5,3,9,12,3,8,11
tummy's,7,5,10,15,5,7,12
tumor,5,4,5,9,4,4,8
tumor's,7,6,4,10,6,3,9
tumors,6,5,5,10,5,4,9
tumult,6,2,5,7,2,5,7
tumult's,8,3,4,7,3,4,7
tumults,7,2,5,7,3,4,7
tumultuous,10,2,3,5,2,3,5
tun,3,2,12,14,2,12,14
tun's,5,5,6,11,5,6,11
tuna,4,2,7,9,2,7,9
tuna's,6,4,6,10,4,6,10
tunas,5,4,5,9,4,6,10
tundra,6,3,6,9,3,4,7
tundra's,8,4,4,8,5,3,8
tundras,7,4,3,7,4,2,6
tune,4,3,7,10,3,7,10
tune's,6,5,7,12,5,7,12
tuned,5,3,10,13,4,7,11
tuneful,7,2,4,6,2,4,6
tunefully,9,2,2,4,2,2,4
tuneless,8,4,1,5,4,1,5
tunelessly,10,4,2,6,4,2,6
tuner,5,4,6,10,4,6,10
tuner's,7,5,5,10,5,5,10
tuners,6,4,5,9,4,5,9
tunes,5,4,7,11,4,7,11
tungsten,8,3,2,5,3,2,5
tungsten's,10,4,1,5,2,2,4
tunic,5,3,7,10,3,5,8
tunic's,7,6,4,10,6,4,10
tunics,6,4,5,9,4,5,9
tuning,6,3,5,8,3,5,8
tunnel,6,4,4,8,4,6,10
tunnel's,8,6,2,8,6,3,9
tunneled,8,3,2,5,3,2,5
tunneling,9,6,2,8,6,2,8
tunnelings,10,4,2,6,3,2,5
tunnelled,9,4,2,6,5,4,9
tunnelling,10,5,1,6,6,2,8
tunnels,7,4,2,6,4,2,6
tunnies,7,5,6,11,5,6,11
tunny,5,3,11,14,3,11,14
tunny's,7,5,7,12,5,7,12
tuns,4,3,7,10,3,10,13
turban,6,5,4,9,5,4,9
turban's,8,7,5,12,7,5,12
turbans,7,5,3,8,5,3,8
turbid,6,6,5,11,6,5,11
turbine,7,4,3,7,4,3,7
turbine's,9,6,2,8,6,3,9
turbines,8,4,2,6,4,2,6
turbojet,8,2,4,6,3,3,6
turbojet's,10,3,1,4,3,1,4
turbojets,9,4,1,5,4,1,5
turboprop,9,2,4,6,2,4,6
turboprop's,11,3,2,5,3,2,5
turboprops,10,3,2,5,3,2,5
turbot,6,3,4,7,3,4,7
turbot's,8,5,3,8,4,3,7
turbots,7,4,4,8,4,3,7
turbulence,10,3,3,6,4,2,6
turbulence's,12,5,2,7,6,1,7
turbulent,9,4,1,5,4,1,5
turbulently,11,6,2,8,4,1,5
turd,4,4,6,10,4,7,11
turd's,6,6,5,11,6,5,11
turds,5,5,8,13,5,8,13
turducken,9,3,1,4,3,1,4
turducken's,11,5,0,5,4,1,5
turduckens,10,3,1,4,4,3,7
tureen,6,3,3,6,3,3,6
tureen's,8,5,2,7,5,2,7
tureens,7,4,2,6,4,2,6
turf,4,4,7,11,4,8,12
turf's,6,6,6,12,6,6,12
turfed,6,6,4,10,6,4,10
turfing,7,5,8,13,5,5,10
turfs,5,5,9,14,5,9,14
turgid,6,5,6,11,5,6,11
turgidity,9,5,4,9,5,4,9
turgidity's,11,5,3,8,4,3,7
turgidly,8,3,4,7,4,4,8
turkey,6,5,4,9,5,4,9
turkey's,8,7,2,9,7,2,9
turkeys,7,5,4,9,5,4,9
turmeric,8,3,1,4,2,3,5
turmeric's,10,4,0,4,3,2,5
turmerics,9,4,1,5,3,4,7
turmoil,7,5,3,8,5,3,8
turmoil's,9,5,3,8,5,3,8
turmoils,8,4,4,8,3,4,7
turn,4,3,8,11,3,9,12
turn's,6,5,7,12,5,7,12
turnabout,9,3,3,6,3,3,6
turnabout's,11,5,1,6,4,1,5
turnabouts,10,3,2,5,4,1,5
turnaround,10,2,3,5,1,3,4
turnaround's,12,3,2,5,2,2,4
turnarounds,11,3,2,5,5,1,6
turncoat,8,2,3,5,2,3,5
turncoat's,10,4,2,6,3,2,5
turncoats,9,3,1,4,3,1,4
turned,6,5,5,10,5,5,10
turner,6,4,2,6,4,2,6
turner's,8,6,2,8,6,2,8
turners,7,4,5,9,4,5,9
turning,7,5,5,10,5,5,10
turnip,6,3,4,7,3,4,7
turnip's,8,4,3,7,4,3,7
turnips,7,4,4,8,4,3,7
turnkey,7,4,3,7,4,3,7
turnkey's,9,5,1,6,4,1,5
turnkeys,8,4,1,5,3,4,7
turnoff,7,4,5,9,4,5,9
turnoff's,9,6,4,10,6,4,10
turnoffs,8,5,3,8,4,2,6
turnout,7,3,4,7,3,4,7
turnout's,9,5,3,8,5,3,8
turnouts,8,4,3,7,5,2,7
turnover,8,3,3,6,4,3,7
turnover's,10,5,1,6,6,2,8
turnovers,9,4,3,7,3,3,6
turnpike,8,2,3,5,2,3,5
turnpike's,10,4,2,6,3,2,5
turnpikes,9,3,2,5,3,2,5
turns,5,4,10,14,4,10,14
turnstile,9,3,2,5,3,2,5
turnstile's,11,4,1,5,4,2,6
turnstiles,10,4,1,5,3,2,5
turntable,9,3,2,5,4,1,5
turntable's,11,5,0,5,4,0,4
turntables,10,4,1,5,4,1,5
turpentine,10,3,1,4,3,1,4
turpentine's,12,5,0,5,5,0,5
turpitude,9,3,2,5,3,2,5
turpitude's,11,5,1,6,4,1,5
turquoise,9,4,0,4,4,0,4
turquoise's,11,5,0,5,4,0,4
turquoises,10,3,0,3,4,0,4
turret,6,3,3,6,4,2,6
turret's,8,4,1,5,4,1,5
turrets,7,3,2,5,4,1,5
turtle,6,5,5,10,5,8,13
turtle's,8,6,6,12,7,4,11
turtledove,10,5,2,7,2,2,4
turtledove's,12,7,0,7,3,0,3
turtledoves,11,4,0,4,3,0,3
turtleneck,10,5,1,6,3,1,4
turtleneck's,12,7,0,7,3,0,3
turtlenecks,11,3,0,3,3,0,3
turtles,7,6,4,10,6,7,13
turves,6,5,5,10,5,5,10
tush,4,3,10,13,3,10,13
tush's,6,4,8,12,4,8,12
tushes,6,4,8,12,4,8,12
tusk,4,3,5,8,3,5,8
tusk's,6,4,3,7,4,3,7
tusked,6,5,5,10,5,6,11
tusks,5,3,2,5,3,2,5
tussle,6,4,6,10,4,6,10
tussle's,8,5,1,6,2,2,4
tussled,7,3,2,5,2,2,4
tussles,7,3,1,4,3,1,4
tussling,8,2,2,4,2,2,4
tussock,7,2,3,5,2,3,5
tussock's,9,3,3,6,2,3,5
tussocks,8,2,2,4,2,2,4
tutelage,8,3,3,6,3,1,4
tutelage's,10,5,0,5,5,0,5
tutor,5,4,4,8,3,3,6
tutor's,7,6,3,9,5,2,7
tutored,7,5,2,7,6,2,8
tutorial,8,3,3,6,3,3,6
tutorial's,10,5,1,6,4,1,5
tutorials,9,4,1,5,4,1,5
tutoring,8,6,5,11,7,4,11
tutors,6,4,5,9,5,4,9
tutu,4,2,4,6,2,4,6
tutu's,6,4,4,8,4,4,8
tutus,5,2,8,10,2,7,9
tux,3,2,7,9,2,7,9
tux's,5,4,7,11,4,7,11
tuxedo,6,2,5,7,2,5,7
tuxedo's,8,4,2,6,5,1,6
tuxedoes,8,3,2,5,3,2,5
tuxedos,7,5,1,6,3,3,6
tuxes,5,3,11,14,4,8,12
twaddle,7,3,3,6,3,2,5
twaddle's,9,5,2,7,4,3,7
twaddled,8,6,1,7,6,2,8
twaddles,8,3,3,6,3,3,6
twaddling,9,5,4,9,6,3,9
twain,5,4,4,8,4,4,8
twain's,7,6,3,9,6,3,9
twang,5,4,5,9,4,6,10
twang's,7,5,5,10,5,4,9
twanged,7,5,4,9,5,4,9
twanging,8,4,3,7,4,3,7
twangs,6,2,8,10,4,8,12
tweak,5,3,4,7,3,4,7
tweak's,7,5,2,7,5,2,7
tweaked,7,4,3,7,3,2,5
tweaking,8,5,3,8,5,3,8
tweaks,6,4,4,8,4,4,8
twee,4,2,4,6,2,3,5
tweed,5,3,2,5,2,2,4
tweed's,7,5,1,6,4,1,5
tweedier,8,4,2,6,4,2,6
tweediest,9,3,0,3,3,0,3
tweeds,6,4,3,7,4,3,7
tweeds's,8,3,1,4,3,1,4
tweedy,6,3,3,6,3,3,6
tweet,5,3,2,5,2,2,4
tweet's,7,5,1,6,4,1,5
tweeted,7,2,5,7,3,3,6
tweeter,7,2,3,5,3,2,5
tweeter's,9,4,2,6,5,1,6
tweeters,8,4,0,4,4,0,4
tweeting,8,4,4,8,4,4,8
tweets,6,3,4,7,4,3,7
tweezers,8,4,0,4,4,0,4
tweezers's,10,2,1,3,2,0,2
twelfth,7,2,3,5,2,3,5
twelfth's,9,4,3,7,2,4,6
twelfths,8,3,2,5,3,4,7
twelve,6,2,3,5,2,3,5
twelve's,8,4,1,5,4,1,5
twelves,7,4,1,5,4,2,6
twenties,8,4,2,6,3,1,4
twentieth,9,2,1,3,2,1,3
twentieth's,11,3,0,3,3,0,3
twentieths,10,2,2,4,3,1,4
twenty,6,2,5,7,3,4,7
twenty's,8,3,4,7,5,3,8
twerk,5,5,2,7,5,3,8
twerked,7,3,4,7,4,1,5
twerking,8,6,1,7,6,1,7
twerks,6,6,3,9,6,3,9
twerp,5,4,3,7,4,4,8
twerp's,7,4,3,7,4,4,8
twerps,6,5,4,9,5,4,9
twice,5,3,5,8,3,5,8
twiddle,7,4,4,8,5,2,7
twiddle's,9,8,2,10,8,2,10
twiddled,8,5,2,7,5,3,8
twiddles,8,5,2,7,7,1,8
twiddling,9,5,3,8,5,3,8
twig,4,4,6,10,2,6,8
twig's,6,6,5,11,6,4,10
twigged,7,3,6,9,3,6,9
twiggier,8,4,2,6,4,1,5
twiggiest,9,4,1,5,5,0,5
twigging,8,3,2,5,3,2,5
twiggy,6,3,5,8,4,4,8
twigs,5,3,5,8,3,5,8
twilight,8,2,2,4,2,3,5
twilight's,10,2,3,5,2,3,5
twill,5,2,7,9,2,7,9
twill's,7,4,6,10,4,6,10
twilled,7,4,3,7,4,3,7
twin,4,3,7,10,3,6,9
twin's,6,5,6,11,5,5,10
twine,5,4,6,10,4,6,10
twine's,7,5,6,11,5,6,11
twined,6,5,4,9,5,4,9
twines,6,4,5,9,5,3,8
twinge,6,3,1,4,3,5,8
twinge's,8,4,3,7,5,2,7
twinged,7,4,4,8,4,4,8
twingeing,9,2,2,4,2,3,5
twinges,7,4,2,6,3,5,8
twinging,8,3,4,7,3,4,7
twining,7,4,4,8,4,4,8
twinkle,7,5,4,9,5,2,7
twinkle's,9,7,3,10,7,3,10
twinkled,8,5,4,9,4,2,6
twinkles,8,6,2,8,6,2,8
twinkling,9,5,3,8,5,3,8
twinkling's,11,3,3,6,2,4,6
twinklings,10,3,3,6,3,3,6
twinned,7,5,4,9,5,4,9
twinning,8,3,3,6,3,3,6
twins,5,4,4,8,4,4,8
twirl,5,4,4,8,3,4,7
twirl's,7,6,3,9,5,3,8
twirled,7,6,2,8,6,2,8
twirler,7,2,3,5,2,3,5
twirler's,9,4,2,6,4,2,6
twirlers,8,3,3,6,3,2,5
twirling,8,6,2,8,6,2,8
twirls,6,4,5,9,4,4,8
twist,5,2,3,5,2,3,5
twist's,7,3,3,6,3,3,6
twisted,7,4,2,6,4,2,6
twister,7,5,0,5,5,0,5
twister's,9,6,0,6,6,0,6
twisters,8,5,0,5,5,0,5
twisting,8,5,2,7,5,1,6
twists,6,2,4,6,2,4,6
twit,4,2,6,8,2,5,7
twit's,6,4,5,9,4,4,8
twitch,6,2,4,6,2,4,6
twitch's,8,6,4,10,6,3,9
twitched,8,4,4,8,4,2,6
twitches,8,4,1,5,4,1,5
twitching,9,3,3,6,3,3,6
twits,5,3,3,6,3,3,6
twitted,7,3,3,6,3,3,6
twitter,7,4,2,6,4,1,5
twitter's,9,6,1,7,5,1,6
twittered,9,4,3,7,4,1,5
twittering,10,6,1,7,6,1,7
twitters,8,5,4,9,4,3,7
twitting,8,4,5,9,4,4,8
two,3,1,7,8,1,7,8
two's,5,3,7,10,3,7,10
twofer,6,3,5,8,3,5,8
twofer's,8,5,3,8,5,3,8
twofers,7,4,3,7,4,3,7
twofold,7,2,4,6,2,4,6
twos,4,2,5,7,2,5,7
twosome,7,3,0,3,2,3,5
twosome's,9,4,0,4,4,1,5
twosomes,8,4,0,4,3,1,4
tycoon,6,2,4,6,2,4,6
tycoon's,8,2,2,4,2,2,4
tycoons,7,3,3,6,3,2,5
tying,5,5,8,13,5,8,13
tyke,4,4,6,10,4,6,10
tyke's,6,6,6,12,6,6,12
tykes,5,4,6,10,4,8,12
tympana,7,1,5,6,2,4,6
tympanum,8,2,4,6,2,5,7
tympanum's,10,5,2,7,3,3,6
tympanums,9,2,3,5,2,3,5
type,4,3,7,10,3,7,10
type's,6,5,7,12,5,7,12
typecast,8,3,0,3,3,0,3
typecasting,11,5,0,5,3,0,3
typecasts,9,3,0,3,3,0,3
typed,5,4,6,10,4,6,10
typeface,8,3,3,6,3,1,4
typeface's,10,4,2,6,5,0,5
typefaces,9,3,2,5,4,1,5
types,5,4,5,9,4,5,9
typescript,10,4,0,4,4,0,4
typescript's,12,4,0,4,3,0,3
typescripts,11,3,0,3,3,0,3
typeset,7,2,0,2,2,3,5
typesets,8,2,1,3,3,0,3
typesetter,10,4,0,4,3,0,3
typesetter's,12,3,0,3,3,0,3
typesetters,11,3,0,3,3,0,3
typesetting,11,3,0,3,3,0,3
typewrite,9,7,1,8,7,1,8
typewriter,10,2,1,3,2,1,3
typewriter's,12,4,0,4,3,0,3
typewriters,11,3,1,4,3,0,3
typewrites,10,4,1,5,3,0,3
typewriting,11,4,2,6,4,1,5
typewritten,11,3,1,4,3,1,4
typewrote,9,6,2,8,6,2,8
typhoid,7,2,4,6,2,4,6
typhoid's,9,6,2,8,6,2,8
typhoon,7,2,5,7,2,5,7
typhoon's,9,4,3,7,4,3,7
typhoons,8,3,3,6,2,4,6
typhus,6,3,6,9,3,6,9
typhus's,8,3,4,7,2,5,7
typical,7,4,3,7,4,3,7
typically,9,5,2,7,5,2,7
typified,8,3,4,7,4,2,6
typifies,8,4,0,4,4,0,4
typify,6,2,4,6,2,4,6
typifying,9,5,3,8,5,3,8
typing,6,5,6,11,5,6,11
typing's,8,5,5,10,6,4,10
typist,6,3,4,7,3,4,7
typist's,8,4,2,6,4,2,6
typists,7,3,3,6,3,3,6
typo,4,3,6,9,3,6,9
typo's,6,5,6,11,5,6,11
typographer,11,3,2,5,5,1,6
typographer's,13,6,0,6,4,0,4
typographers,12,5,1,6,4,1,5
typographic,11,5,1,6,2,2,4
typographical,13,5,1,6,2,2,4
typographically,15,4,1,5,4,1,5
typography,10,2,3,5,2,3,5
typography's,12,5,1,6,3,2,5
typos,5,4,5,9,4,5,9
tyrannical,10,4,2,6,3,2,5
tyrannically,12,4,1,5,4,1,5
tyrannies,9,5,0,5,4,1,5
tyrannize,9,4,1,5,4,1,5
tyrannized,10,4,1,5,3,1,4
tyrannizes,10,5,0,5,5,0,5
tyrannizing,11,2,1,3,2,2,4
tyrannosaur,11,1,2,3,1,2,3
tyrannosaur's,13,7,1,8,5,1,6
tyrannosaurs,12,3,0,3,1,2,3
tyrannosaurus,13,7,1,8,5,1,6
tyrannosaurus's,15,9,0,9,9,0,9
tyrannosauruses,15,8,1,9,8,1,9
tyrannous,9,3,3,6,4,2,6
tyranny,7,2,4,6,2,4,6
tyranny's,9,5,3,8,3,3,6
tyrant,6,4,3,7,4,2,6
tyrant's,8,6,2,8,5,3,8
tyrants,7,4,2,6,4,3,7
tyro,4,3,5,8,3,5,8
tyro's,6,5,5,10,5,5,10
tyroes,6,5,2,7,5,2,7
tyros,5,4,4,8,4,4,8
tzar,4,3,5,8,3,5,8
tzar's,6,5,4,9,5,4,9
tzarina,7,4,4,8,4,3,7
tzarina's,9,6,2,8,4,2,6
tzarinas,8,5,2,7,5,2,7
tzars,5,3,4,7,3,4,7
u,1,1,20,21,1,20,21
ubiquitous,10,3,2,5,3,2,5
ubiquitously,12,3,0,3,3,0,3
ubiquity,8,4,3,7,3,3,6
ubiquity's,10,3,4,7,2,5,7
udder,5,3,3,6,3,3,6
udder's,7,6,3,9,6,3,9
udders,6,5,4,9,5,4,9
ugh,3,2,5,7,2,5,7
uglier,6,4,2,6,4,2,6
ugliest,7,5,2,7,5,2,7
ugliness,8,4,2,6,4,2,6
ugliness's,10,5,2,7,5,2,7
ugly,4,1,5,6,1,5,6
uh,2,2,6,8,2,6,8
ukelele,7,1,2,3,1,1,2
ukelele's,9,3,1,4,2,1,3
ukeleles,8,2,1,3,3,0,3
ukulele,7,2,3,5,2,1,3
ukulele's,9,4,2,6,4,1,5
ukuleles,8,3,2,5,3,1,4
ulcer,5,4,5,9,4,7,11
ulcer's,7,6,4,10,6,5,11
ulcerate,8,5,1,6,5,1,6
ulcerated,9,6,1,7,6,1,7
ulcerates,9,5,0,5,5,2,7
ulcerating,10,5,2,7,7,2,9
ulceration,10,5,1,6,5,1,6
ulceration's,12,6,0,6,6,0,6
ulcerations,11,6,1,7,5,0,5
ulcerous,8,4,2,6,4,1,5
ulcers,6,5,5,10,4,7,11
ulna,4,3,3,6,3,3,6
ulna's,6,5,3,8,5,3,8
ulnae,5,3,1,4,3,1,4
ulnas,5,3,2,5,3,2,5
ulterior,8,2,2,4,2,2,4
ultimata,8,3,2,5,3,2,5
ultimate,8,5,1,6,5,1,6
ultimate's,10,5,1,6,6,1,7
ultimately,10,4,2,6,3,1,4
ultimatum,9,3,2,5,3,2,5
ultimatum's,11,4,2,6,5,1,6
ultimatums,10,3,3,6,3,3,6
ultra,5,2,4,6,2,4,6
ultra's,7,4,3,7,5,3,8
ultraconservative,17,3,0,3,2,0,2
ultraconservative's,19,2,0,2,2,0,2
ultraconservatives,18,2,0,2,2,0,2
ultramarine,11,3,2,5,3,1,4
ultramarine's,13,4,0,4,5,0,5
ultras,6,3,4,7,3,4,7
ultrasonic,10,4,0,4,3,1,4
ultrasonically,14,3,0,3,2,1,3
ultrasound,10,4,0,4,2,2,4
ultrasound's,12,3,2,5,2,2,4
ultrasounds,11,2,2,4,2,2,4
ultraviolet,11,3,2,5,3,1,4
ultraviolet's,13,3,0,3,4,0,4
ululate,7,4,3,7,4,0,4
ululated,8,5,3,8,4,3,7
ululates,8,4,2,6,4,2,6
ululating,9,5,3,8,4,4,8
um,2,2,7,9,2,7,9
umbel,5,2,6,8,2,6,8
umbel's,7,4,5,9,4,5,9
umbels,6,3,5,8,3,5,8
umber,5,4,6,10,3,8,11
umber's,7,6,5,11,5,6,11
umbilical,9,4,2,6,3,2,5
umbilici,8,1,2,3,1,2,3
umbilicus,9,4,3,7,3,3,6
umbilicus's,11,8,0,8,8,0,8
umbilicuses,11,7,1,8,7,1,8
umbrage,7,4,4,8,4,3,7
umbrage's,9,6,2,8,6,2,8
umbrella,8,3,2,5,4,1,5
umbrella's,10,6,0,6,5,0,5
umbrellas,9,3,2,5,3,2,5
umiak,5,2,5,7,2,5,7
umiak's,7,4,4,8,4,4,8
umiaks,6,3,5,8,3,5,8
umlaut,6,3,5,8,2,6,8
umlaut's,8,5,3,8,4,4,8
umlauts,7,4,5,9,3,3,6
ump,3,2,6,8,2,6,8
ump's,5,4,4,8,4,4,8
umped,5,4,4,8,4,4,8
umping,6,5,4,9,5,4,9
umpire,6,4,3,7,4,2,6
umpire's,8,5,3,8,5,1,6
umpired,7,4,1,5,4,2,6
umpires,7,5,2,7,4,2,6
umpiring,8,4,3,7,4,3,7
umps,4,2,5,7,2,5,7
umpteen,7,3,4,7,3,2,5
umpteenth,9,4,2,6,2,2,4
unabashed,9,4,1,5,4,1,5
unabated,8,4,2,6,4,4,8
unable,6,4,4,8,4,5,9
unabridged,10,3,1,4,4,1,5
unabridged's,12,5,0,5,3,1,4
unabridgeds,11,4,1,5,5,0,5
unaccented,10,4,2,6,4,2,6
unacceptability,15,2,1,3,2,1,3
unacceptable,12,3,2,5,2,2,4
unacceptably,12,2,2,4,2,2,4
unaccepted,10,4,2,6,4,2,6
unaccompanied,13,2,1,3,3,1,4
unaccountable,13,2,2,4,2,2,4
unaccountably,13,2,3,5,1,3,4
unaccustomed,12,2,0,2,2,0,2
unacknowledged,14,1,2,3,1,2,3
unacquainted,12,4,1,5,3,1,4
unadorned,9,4,1,5,4,1,5
unadulterated,13,2,2,4,1,3,4
unadvised,9,5,1,6,3,1,4
unaffected,10,4,2,6,4,2,6
unafraid,8,3,2,5,3,2,5
unaided,7,3,3,6,3,3,6
unalterable,11,3,2,5,3,1,4
unalterably,11,5,2,7,3,1,4
unaltered,9,4,1,5,5,1,6
unambiguous,11,3,2,5,3,2,5
unambiguously,13,5,0,5,3,0,3
unanimity,9,2,2,4,2,2,4
unanimity's,11,4,1,5,6,2,8
unanimous,9,4,3,7,4,2,6
unanimously,11,5,0,5,3,0,3
unannounced,11,3,3,6,3,2,5
unanswerable,12,3,1,4,4,1,5
unanswered,10,4,1,5,5,1,6
unanticipated,13,2,1,3,2,1,3
unappealing,11,6,1,7,3,1,4
unappetizing,12,5,1,6,4,1,5
unappreciated,13,2,1,3,2,1,3
unappreciative,14,2,1,3,2,1,3
unapproachable,14,2,2,4,2,2,4
unarmed,7,5,3,8,5,3,8
unashamed,9,4,0,4,3,1,4
unashamedly,11,4,1,5,2,1,3
unasked,7,3,4,7,3,4,7
unassailable,12,3,0,3,3,0,3
unassigned,10,4,0,4,3,0,3
unassisted,10,1,0,1,1,0,1
unassuming,10,4,1,5,3,1,4
unattached,10,3,1,4,3,1,4
unattainable,12,2,1,3,2,1,3
unattended,10,4,2,6,3,2,5
unattractive,12,3,1,4,3,1,4
unattributed,12,2,1,3,2,1,3
unauthenticated,15,2,1,3,1,2,3
unauthorized,12,4,1,5,3,1,4
unavailable,11,2,1,3,2,1,3
unavailing,10,2,2,4,2,2,4
unavoidable,11,10,2,12,3,2,5
unavoidably,11,9,3,12,3,3,6
unaware,7,3,1,4,3,0,3
unawares,8,3,2,5,3,2,5
unbalanced,10,5,1,6,3,1,4
unbar,5,3,4,7,3,4,7
unbarred,8,6,1,7,4,2,6
unbarring,9,6,3,9,6,3,9
unbars,6,4,4,8,4,4,8
unbearable,10,7,1,8,7,1,8
unbearably,10,2,1,3,2,1,3
unbeatable,10,6,2,8,6,2,8
unbeaten,8,2,3,5,2,3,5
unbecoming,10,6,2,8,6,2,8
unbeknown,9,2,1,3,2,1,3
unbeknownst,11,3,0,3,2,1,3
unbelief,8,2,3,5,2,3,5
unbelief's,10,4,1,5,4,1,5
unbelievable,12,6,1,7,2,1,3
unbelievably,12,6,1,7,2,1,3
unbeliever,10,3,1,4,3,1,4
unbeliever's,12,2,0,2,2,0,2
unbelievers,11,3,0,3,2,1,3
unbend,6,2,3,5,2,4,6
unbending,9,3,1,4,3,1,4
unbends,7,4,4,8,3,2,5
unbent,6,3,3,6,3,4,7
unbiased,8,5,1,6,4,1,5
unbiassed,9,2,1,3,4,1,5
unbidden,8,3,1,4,3,2,5
unbind,6,5,3,8,5,3,8
unbinding,9,6,2,8,6,2,8
unbinds,7,6,4,10,6,3,9
unblock,7,6,4,10,6,4,10
unblocked,9,8,3,11,7,3,10
unblocking,10,8,2,10,6,2,8
unblocks,8,7,3,10,7,2,9
unblushing,10,3,0,3,4,2,6
unbolt,6,5,4,9,5,4,9
unbolted,8,6,2,8,6,4,10
unbolting,9,7,2,9,7,2,9
unbolts,7,6,3,9,6,3,9
unborn,6,3,4,7,3,4,7
unbosom,7,2,2,4,2,2,4
unbosomed,9,3,1,4,3,1,4
unbosoming,10,3,1,4,3,2,5
unbosoms,8,2,3,5,2,3,5
unbound,7,5,4,9,5,4,9
unbounded,9,6,2,8,6,2,8
unbranded,9,7,1,8,6,1,7
unbreakable,11,3,2,5,3,1,4
unbridled,9,2,1,3,2,1,3
unbroken,8,6,2,8,6,2,8
unbuckle,8,2,4,6,2,4,6
unbuckled,9,6,4,10,5,5,10
unbuckles,9,3,3,6,3,3,6
unbuckling,10,5,2,7,5,2,7
unburden,8,3,1,4,3,1,4
unburdened,10,2,1,3,2,1,3
unburdening,11,6,1,7,2,1,3
unburdens,9,4,1,5,4,1,5
unbutton,8,2,4,6,2,4,6
unbuttoned,10,4,2,6,3,2,5
unbuttoning,11,5,2,7,2,2,4
unbuttons,9,3,3,6,3,3,6
uncalled,8,6,2,8,5,4,9
uncannier,9,5,2,7,4,2,6
uncanniest,10,6,0,6,5,0,5
uncannily,9,2,2,4,2,2,4
uncanny,7,4,4,8,2,4,6
uncaring,8,6,2,8,6,2,8
uncased,7,4,0,4,5,2,7
uncatalogued,12,2,2,4,2,2,4
unceasing,9,4,0,4,4,0,4
unceasingly,11,4,0,4,3,0,3
uncensored,10,2,0,2,3,0,3
unceremonious,13,3,1,4,3,0,3
unceremoniously,15,1,0,1,1,0,1
uncertain,9,7,1,8,7,1,8
uncertainly,11,7,1,8,5,1,6
uncertainties,13,3,0,3,3,0,3
uncertainty,11,7,1,8,5,1,6
uncertainty's,13,3,0,3,3,0,3
unchallenged,12,2,2,4,3,2,5
unchanged,9,4,1,5,4,3,7
unchanging,10,2,2,4,2,2,4
uncharacteristic,16,1,0,1,1,0,1
uncharacteristically,20,1,0,1,1,0,1
uncharitable,12,11,1,12,11,1,12
uncharitably,12,10,2,12,10,2,12
uncharted,9,7,1,8,6,3,9
unchecked,9,4,2,6,3,2,5
unchristian,11,4,0,4,3,1,4
uncivil,7,2,3,5,2,3,5
uncivilized,11,2,1,3,2,3,5
unclaimed,9,6,2,8,5,1,6
unclasp,7,3,3,6,2,4,6
unclasped,9,5,1,6,5,1,6
unclasping,10,7,0,7,4,2,6
unclasps,8,2,3,5,3,2,5
unclassified,12,5,0,5,3,0,3
uncle,5,2,4,6,2,4,6
uncle's,7,5,4,9,5,4,9
unclean,7,2,2,4,2,2,4
uncleaner,9,3,1,4,3,1,4
uncleanest,10,6,1,7,4,1,5
uncleanlier,11,2,1,3,2,1,3
uncleanliest,12,3,0,3,3,1,4
uncleanly,9,2,1,3,2,1,3
uncleanness,11,3,0,3,3,0,3
uncleanness's,13,2,0,2,3,0,3
unclear,7,4,1,5,3,1,4
unclearer,9,2,1,3,2,1,3
unclearest,10,6,1,7,4,1,5
uncles,6,3,5,8,3,5,8
unclothe,8,3,3,6,2,4,6
unclothed,9,5,3,8,7,3,10
unclothes,9,3,2,5,3,2,5
unclothing,10,5,2,7,5,2,7
uncluttered,11,2,2,4,3,1,4
uncoil,6,2,3,5,2,3,5
uncoiled,8,6,2,8,6,2,8
uncoiling,9,6,2,8,6,2,8
uncoils,7,5,3,8,4,3,7
uncollected,11,4,2,6,3,2,5
uncomfortable,13,2,2,4,2,2,4
uncomfortably,13,2,3,5,1,3,4
uncommitted,11,4,1,5,4,2,6
uncommon,8,1,4,5,1,4,5
uncommoner,10,3,3,6,2,2,4
uncommonest,11,3,0,3,3,1,4
uncommonly,10,1,3,4,1,4,5
uncommunicative,15,2,1,3,2,1,3
uncomplaining,13,3,1,4,3,1,4
uncompleted,11,3,2,5,2,1,3
uncomplicated,13,3,1,4,3,1,4
uncomplimentary,15,2,1,3,2,1,3
uncomprehending,15,2,1,3,2,1,3
uncompressed,12,2,0,2,2,0,2
uncompromising,14,3,0,3,3,0,3
uncompromisingly,16,2,0,2,1,1,2
unconcern,9,2,1,3,2,1,3
unconcern's,11,4,0,4,3,0,3
unconcerned,11,3,2,5,2,1,3
unconcernedly,13,2,2,4,2,2,4
unconditional,13,4,1,5,2,1,3
unconditionally,15,1,1,2,1,1,2
unconfirmed,11,3,1,4,4,2,6
unconnected,11,4,2,6,3,2,5
unconquerable,13,1,2,3,1,2,3
unconscionable,14,10,0,10,10,0,10
unconscionably,14,9,1,10,9,1,10
unconscious,11,3,1,4,3,1,4
unconscious's,13,2,0,2,2,0,2
unconsciously,13,3,0,3,2,0,2
unconsciousness,15,2,0,2,2,0,2
unconsciousness's,17,2,0,2,2,0,2
unconsidered,12,2,0,2,2,0,2
unconstitutional,16,2,0,2,2,0,2
uncontaminated,14,5,1,6,4,1,5
uncontested,11,3,0,3,3,0,3
uncontrollable,14,2,2,4,2,2,4
uncontrollably,14,1,3,4,1,3,4
uncontrolled,12,2,2,4,2,2,4
uncontroversial,15,2,0,2,2,0,2
unconventional,14,2,1,3,2,1,3
unconventionally,16,1,1,2,1,1,2
unconvinced,11,3,1,4,4,2,6
unconvincing,12,2,1,3,2,1,3
unconvincingly,14,2,1,3,2,1,3
uncooked,8,7,2,9,7,4,11
uncooperative,13,2,1,3,2,1,3
uncoordinated,13,3,1,4,2,2,4
uncork,6,3,5,8,3,5,8
uncorked,8,6,3,9,5,2,7
uncorking,9,5,3,8,5,3,8
uncorks,7,4,4,8,3,4,7
uncorrelated,12,2,2,4,3,2,5
uncorroborated,14,1,2,3,1,2,3
uncountable,11,3,2,5,4,1,5
uncounted,9,4,3,7,4,3,7
uncouple,8,3,4,7,2,4,6
uncoupled,9,3,4,7,4,3,7
uncouples,9,4,3,7,3,3,6
uncoupling,10,4,2,6,4,2,6
uncouth,7,3,4,7,3,4,7
uncover,7,3,4,7,3,4,7
uncovered,9,4,2,6,4,3,7
uncovering,10,8,1,9,8,1,9
uncovers,8,5,3,8,5,2,7
uncritical,10,3,2,5,3,2,5
unction,7,2,2,4,2,3,5
unction's,9,5,2,7,5,3,8
unctions,8,4,2,6,4,2,6
unctuous,8,3,3,6,3,3,6
unctuously,10,5,1,6,3,0,3
unctuousness,12,3,0,3,2,0,2
unctuousness's,14,3,0,3,2,0,2
uncultivated,12,4,1,5,4,1,5
uncultured,10,2,4,6,1,4,5
uncut,5,1,5,6,1,5,6
undamaged,9,3,1,4,3,1,4
undated,7,6,2,8,6,3,9
undaunted,9,3,1,4,4,1,5
undeceive,9,2,1,3,2,1,3
undeceived,10,4,2,6,4,2,6
undeceives,10,3,0,3,3,0,3
undeceiving,11,3,1,4,2,1,3
undecidable,11,4,1,5,5,1,6
undecided,9,2,2,4,2,2,4
undecided's,11,3,1,4,3,1,4
undecideds,10,2,2,4,4,1,5
undecipherable,14,2,1,3,2,1,3
undeclared,10,3,1,4,4,1,5
undefeated,10,5,1,6,5,1,6
undefended,10,2,1,3,2,1,3
undefinable,11,4,1,5,4,1,5
undefined,9,2,2,4,2,2,4
undelivered,11,2,2,4,2,1,3
undemanding,11,5,1,6,3,1,4
undemocratic,12,3,1,4,3,1,4
undemonstrative,15,3,0,3,3,0,3
undeniable,10,3,1,4,3,1,4
undeniably,10,3,1,4,3,1,4
undependable,12,2,2,4,2,2,4
under,5,4,3,7,4,3,7
underachieve,12,2,1,3,2,1,3
underachieved,13,7,1,8,3,1,4
underachiever,13,7,1,8,3,1,4
underachiever's,15,2,1,3,3,0,3
underachievers,14,2,1,3,3,0,3
underachieves,13,2,1,3,2,0,2
underachieving,14,2,1,3,2,1,3
underact,8,5,1,6,5,1,6
underacted,10,4,1,5,4,1,5
underacting,11,7,1,8,7,1,8
underacts,9,6,1,7,5,1,6
underage,8,3,3,6,3,4,7
underarm,8,3,1,4,3,1,4
underarm's,10,5,1,6,4,0,4
underarms,9,4,0,4,4,1,5
underbellies,12,4,0,4,3,0,3
underbelly,10,3,2,5,2,2,4
underbelly's,12,5,1,6,4,1,5
underbid,8,5,2,7,4,2,6
underbidding,12,2,1,3,2,1,3
underbids,9,6,3,9,4,2,6
underbrush,10,2,1,3,3,1,4
underbrush's,12,3,1,4,2,1,3
undercarriage,13,2,1,3,2,1,3
undercarriage's,15,2,1,3,3,0,3
undercarriages,14,2,1,3,3,0,3
undercharge,11,5,2,7,5,1,6
undercharge's,13,3,1,4,3,0,3
undercharged,12,3,2,5,3,2,5
undercharges,12,6,1,7,4,1,5
undercharging,13,4,1,5,2,2,4
underclass,10,5,1,6,5,1,6
underclass's,12,6,1,7,6,1,7
underclassman,13,5,0,5,4,0,4
underclassman's,15,2,0,2,4,0,4
underclassmen,13,5,0,5,3,0,3
underclothes,12,6,1,7,4,1,5
underclothes's,14,4,1,5,2,1,3
underclothing,13,4,1,5,2,1,3
underclothing's,15,4,0,4,3,0,3
undercoat,9,6,1,7,5,1,6
undercoat's,11,6,0,6,6,0,6
undercoated,11,7,2,9,7,1,8
undercoating,12,9,1,10,9,1,10
undercoats,10,4,2,6,8,0,8
undercover,10,3,2,5,3,2,5
undercurrent,12,4,2,6,3,2,5
undercurrent's,14,5,0,5,4,1,5
undercurrents,13,5,0,5,3,0,3
undercut,8,5,1,6,5,1,6
undercut's,10,8,3,11,7,4,11
undercuts,9,7,2,9,6,4,10
undercutting,12,4,1,5,3,1,4
underdeveloped,14,1,2,3,1,2,3
underdog,8,5,2,7,4,2,6
underdog's,10,6,2,8,5,2,7
underdogs,9,7,2,9,5,2,7
underdone,9,5,2,7,3,2,5
underemployed,13,1,2,3,1,2,3
underestimate,13,4,0,4,3,0,3
underestimate's,15,3,0,3,4,0,4
underestimated,14,3,0,3,4,0,4
underestimates,14,2,0,2,2,0,2
underestimating,15,2,0,2,4,0,4
underexpose,11,2,2,4,2,1,3
underexposed,12,2,0,2,2,0,2
underexposes,12,2,1,3,2,1,3
underexposing,13,4,0,4,3,0,3
underfed,8,3,2,5,3,2,5
underfeed,9,2,1,3,1,2,3
underfeeding,12,5,1,6,4,1,5
underfeeds,10,4,0,4,3,0,3
underflow,9,6,1,7,5,1,6
underfoot,9,7,1,8,7,1,8
underfunded,11,2,3,5,5,1,6
undergarment,12,4,2,6,3,2,5
undergarment's,14,5,0,5,4,1,5
undergarments,13,5,0,5,3,0,3
undergo,7,3,2,5,3,4,7
undergoes,9,3,2,5,3,2,5
undergoing,10,4,2,6,4,2,6
undergone,9,5,3,8,5,3,8
undergrad,9,3,1,4,3,1,4
undergrads,10,3,1,4,4,0,4
undergraduate,13,1,2,3,1,2,3
undergraduate's,15,3,1,4,2,1,3
undergraduates,14,3,0,3,2,1,3
underground,11,2,2,4,2,2,4
underground's,13,3,1,4,4,0,4
undergrounds,12,3,2,5,3,1,4
undergrowth,11,2,2,4,2,2,4
undergrowth's,13,3,0,3,4,0,4
underhand,9,2,2,4,2,2,4
underhanded,11,4,2,6,5,1,6
underhandedly,13,1,2,3,1,2,3
underlain,9,6,2,8,6,2,8
underlay,8,8,2,10,8,2,10
underlay's,10,6,0,6,4,1,5
underlays,9,9,2,11,4,1,5
underlie,8,3,2,5,3,2,5
underlies,9,4,0,4,5,0,5
underline,9,7,2,9,7,2,9
underline's,11,8,0,8,5,1,6
underlined,10,7,1,8,7,1,8
underlines,10,8,0,8,8,1,9
underling,9,3,1,4,3,1,4
underling's,11,4,0,4,5,1,6
underlings,10,5,2,7,5,2,7
underlining,11,8,1,9,8,1,9
underlying,10,5,3,8,5,3,8
undermine,9,6,3,9,6,3,9
undermined,10,6,2,8,6,2,8
undermines,10,7,1,8,7,2,9
undermining,11,7,2,9,7,2,9
undermost,9,7,0,7,5,0,5
underneath,10,2,1,3,2,1,3
underneath's,12,4,0,4,4,0,4
underneaths,11,3,0,3,3,0,3
undernourished,14,2,0,2,2,0,2
underpaid,9,5,2,7,5,2,7
underpants,10,4,1,5,4,1,5
underpants's,12,4,1,5,3,1,4
underpass,9,3,1,4,3,1,4
underpass's,11,4,1,5,4,1,5
underpasses,11,3,0,3,3,0,3
underpay,8,7,3,10,7,3,10
underpaying,11,9,1,10,9,1,10
underpays,9,8,3,11,4,2,6
underpin,8,2,1,3,2,1,3
underpinned,11,3,1,4,4,1,5
underpinning,12,2,1,3,2,1,3
underpinning's,14,4,1,5,3,0,3
underpinnings,13,3,1,4,3,0,3
underpins,9,6,3,9,4,2,6
underplay,9,5,2,7,4,2,6
underplayed,11,6,3,9,6,2,8
underplaying,12,8,2,10,8,2,10
underplays,10,5,1,6,7,1,8
underprivileged,15,2,1,3,2,1,3
underrate,9,4,1,5,3,2,5
underrated,10,2,1,3,2,1,3
underrates,10,5,1,6,5,0,5
underrating,11,7,1,8,4,1,5
underscore,10,4,1,5,3,1,4
underscore's,12,3,0,3,3,1,4
underscored,11,3,0,3,4,1,5
underscores,11,3,1,4,3,1,4
underscoring,12,7,0,7,4,0,4
undersea,8,5,0,5,4,0,4
undersecretaries,16,1,1,2,2,0,2
undersecretary,14,3,0,3,3,0,3
undersecretary's,16,3,0,3,2,0,2
undersell,9,3,0,3,3,0,3
underselling,12,5,0,5,4,0,4
undersells,10,4,1,5,4,1,5
undershirt,10,9,0,9,9,0,9
undershirt's,12,10,0,10,10,0,10
undershirts,11,9,0,9,9,0,9
undershoot,10,6,0,6,4,0,4
undershooting,13,6,0,6,4,0,4
undershoots,11,4,1,5,3,2,5
undershorts,11,8,1,9,8,1,9
undershorts's,13,2,0,2,2,0,2
undershot,9,5,1,6,3,2,5
underside,9,7,0,7,4,0,4
underside's,11,5,0,5,5,0,5
undersides,10,4,0,4,4,0,4
undersign,9,3,1,4,4,0,4
undersigned,11,6,0,6,3,0,3
undersigned's,13,3,0,3,3,0,3
undersigning,12,3,0,3,3,0,3
undersigns,10,5,0,5,4,0,4
undersize,9,7,0,7,4,0,4
undersized,10,3,0,3,3,0,3
underskirt,10,8,1,9,8,1,9
underskirt's,12,9,1,10,9,1,10
underskirts,11,7,1,8,7,1,8
undersold,9,5,1,6,3,2,5
understaffed,12,4,0,4,3,0,3
understand,10,3,1,4,6,0,6
understandable,14,7,0,7,5,0,5
understandably,14,7,0,7,5,0,5
understanding,13,3,0,3,3,0,3
understanding's,15,2,0,2,3,0,3
understandingly,15,5,0,5,3,0,3
understandings,14,2,1,3,2,0,2
understands,11,4,1,5,4,1,5
understate,10,5,0,5,4,0,4
understated,11,6,0,6,4,1,5
understatement,14,2,0,2,2,0,2
understatement's,16,3,0,3,2,0,2
understatements,15,3,0,3,2,0,2
understates,11,4,1,5,4,1,5
understating,12,7,0,7,4,0,4
understood,10,5,0,5,6,0,6
understudied,12,4,0,4,3,0,3
understudies,12,3,0,3,3,0,3
understudy,10,4,0,4,5,0,5
understudy's,12,3,0,3,4,0,4
understudying,13,5,0,5,4,0,4
undertake,9,4,2,6,3,2,5
undertaken,10,4,1,5,4,1,5
undertaker,10,4,1,5,4,1,5
undertaker's,12,5,0,5,4,0,4
undertakers,11,5,1,6,5,0,5
undertakes,10,5,1,6,4,0,4
undertaking,11,8,2,10,8,2,10
undertaking's,13,4,0,4,4,0,4
undertakings,12,4,0,4,4,0,4
undertone,9,3,1,4,3,1,4
undertone's,11,7,1,8,6,0,6
undertones,10,3,1,4,4,0,4
undertook,9,7,1,8,7,1,8
undertow,8,4,1,5,4,1,5
undertow's,10,7,1,8,6,1,7
undertows,9,7,2,9,5,2,7
underused,9,1,3,4,2,0,2
undervalue,10,4,1,5,4,1,5
undervalued,11,4,2,6,5,1,6
undervalues,11,4,0,4,3,1,4
undervaluing,12,4,1,5,3,1,4
underwater,10,4,1,5,4,1,5
underwear,9,2,2,4,2,2,4
underwear's,11,3,1,4,3,1,4
underweight,11,7,2,9,3,1,4
underweight's,13,9,1,10,3,1,4
underwent,9,3,1,4,3,1,4
underworld,10,3,2,5,3,3,6
underworld's,12,5,1,6,4,1,5
underworlds,11,4,1,5,4,1,5
underwrite,10,8,2,10,3,2,5
underwriter,11,3,1,4,2,1,3
underwriter's,13,3,0,3,3,0,3
underwriters,12,4,0,4,3,2,5
underwrites,11,4,0,4,4,0,4
underwriting,12,5,1,6,3,2,5
underwritten,12,2,1,3,2,1,3
underwrote,10,7,3,10,2,3,5
undeserved,10,3,0,3,3,1,4
undeservedly,12,7,1,8,3,1,4
undeserving,11,3,0,3,2,1,3
undesirability,14,3,0,3,3,0,3
undesirable,11,3,0,3,2,1,3
undesirable's,13,4,1,5,3,0,3
undesirables,12,3,0,3,2,1,3
undetectable,12,4,2,6,3,2,5
undetected,10,5,1,6,5,1,6
undetermined,12,2,1,3,2,1,3
undeterred,10,5,1,6,5,1,6
undeveloped,11,2,2,4,2,1,3
undid,5,4,5,9,4,4,8
undies,6,4,4,8,4,3,7
undies's,8,4,2,6,4,2,6
undignified,11,1,2,3,2,3,5
undiluted,9,3,2,5,3,1,4
undiminished,12,2,0,2,2,0,2
undisciplined,13,2,0,2,2,0,2
undisclosed,11,3,0,3,4,0,4
undiscovered,12,5,1,6,3,0,3
undiscriminating,16,3,0,3,2,0,2
undisguised,11,3,0,3,4,0,4
undisputed,10,3,0,3,2,2,4
undistinguished,15,1,0,1,1,0,1
undisturbed,11,5,1,6,3,0,3
undivided,9,2,1,3,2,1,3
undo,4,4,3,7,4,3,7
undocumented,12,2,2,4,3,2,5
undoes,6,3,4,7,3,4,7
undoing,7,6,2,8,6,3,9
undoing's,9,4,2,6,4,2,6
undoings,8,3,3,6,4,2,6
undone,6,2,4,6,3,3,6
undoubted,9,3,2,5,4,1,5
undoubtedly,11,3,2,5,2,2,4
undress,7,4,1,5,4,1,5
undress's,9,5,1,6,5,1,6
undressed,9,3,0,3,3,0,3
undresses,9,4,2,6,4,0,4
undressing,10,4,0,4,4,0,4
undue,5,2,4,6,2,4,6
undulant,8,3,5,8,2,5,7
undulate,8,7,2,9,7,2,9
undulated,9,5,2,7,3,1,4
undulates,9,8,2,10,8,2,10
undulating,10,5,2,7,5,2,7
undulation,10,2,2,4,2,2,4
undulation's,12,6,1,7,5,1,6
undulations,11,6,1,7,4,1,5
unduly,6,5,5,10,5,5,10
undying,7,5,3,8,5,4,9
unearned,8,2,1,3,2,1,3
unearth,7,2,2,4,2,2,4
unearthed,9,3,1,4,3,1,4
unearthing,10,3,1,4,3,1,4
unearthly,9,2,1,3,2,1,3
unearths,8,4,1,5,4,0,4
unease,6,3,2,5,3,2,5
unease's,8,4,2,6,4,1,5
uneasier,8,4,0,4,4,0,4
uneasiest,9,6,0,6,6,0,6
uneasily,8,5,0,5,5,1,6
uneasiness,10,2,0,2,3,0,3
uneasiness's,12,2,0,2,3,0,3
uneasy,6,5,0,5,5,0,5
uneaten,7,2,3,5,2,3,5
uneconomic,10,2,2,4,2,2,4
uneconomical,12,2,1,3,2,1,3
unedited,8,2,2,4,2,2,4
uneducated,10,5,2,7,6,1,7
unembarrassed,13,2,0,2,2,0,2
unemotional,11,3,1,4,3,1,4
unemployable,12,2,2,4,2,2,4
unemployed,10,3,2,5,8,1,9
unemployed's,12,3,0,3,2,2,4
unemployment,12,1,2,3,1,2,3
unemployment's,14,3,0,3,2,1,3
unending,8,3,1,4,3,1,4
unendurable,11,2,2,4,3,2,5
unenforceable,13,1,2,3,1,2,3
unenlightened,13,3,1,4,2,1,3
unenthusiastic,14,1,0,1,1,0,1
unenviable,10,2,1,3,2,1,3
unequal,7,5,3,8,3,3,6
unequaled,9,2,2,4,2,2,4
unequalled,10,2,3,5,3,3,6
unequally,9,5,2,7,4,2,6
unequivocal,11,3,1,4,3,1,4
unequivocally,13,1,2,3,2,1,3
unerring,8,4,2,6,4,2,6
unerringly,10,2,1,3,2,1,3
unethical,9,3,2,5,3,2,5
uneven,6,1,5,6,2,3,5
unevenly,8,1,3,4,2,2,4
unevenness,10,3,0,3,3,0,3
unevenness's,12,3,0,3,3,0,3
uneventful,10,1,2,3,1,2,3
uneventfully,12,1,2,3,1,2,3
unexampled,10,4,2,6,3,3,6
unexceptionable,15,3,1,4,2,1,3
unexceptional,13,2,1,3,2,1,3
unexciting,10,2,2,4,2,2,4
unexpected,10,3,1,4,1,2,3
unexpectedly,12,1,2,3,1,2,3
unexplained,11,3,1,4,1,2,3
unexplored,10,3,1,4,7,2,9
unexpurgated,12,2,2,4,2,2,4
unfailing,9,5,3,8,5,3,8
unfailingly,11,2,1,3,2,2,4
unfair,6,4,3,7,5,2,7
unfairer,8,3,2,5,3,1,4
unfairest,9,4,0,4,4,0,4
unfairly,8,3,2,5,3,2,5
unfairness,10,5,0,5,5,0,5
unfairness's,12,5,0,5,5,0,5
unfaithful,10,2,2,4,2,2,4
unfaithfully,12,3,2,5,2,2,4
unfaithfulness,14,4,0,4,3,0,3
unfaithfulness's,16,3,0,3,3,0,3
unfamiliar,10,3,2,5,3,2,5
unfamiliarity,13,3,1,4,1,2,3
unfamiliarity's,15,3,0,3,2,0,2
unfashionable,13,4,0,4,2,1,3
unfasten,8,3,3,6,4,2,6
unfastened,10,2,1,3,2,1,3
unfastening,11,5,0,5,4,0,4
unfastens,9,3,2,5,5,0,5
unfathomable,12,3,2,5,3,2,5
unfavorable,11,2,2,4,3,1,4
unfavorably,11,2,3,5,2,3,5
unfeasible,10,6,0,6,4,0,4
unfeeling,9,3,1,4,1,2,3
unfeelingly,11,2,1,3,1,1,2
unfeigned,9,3,2,5,3,2,5
unfetter,8,4,4,8,3,3,6
unfettered,10,7,1,8,7,1,8
unfettering,11,4,1,5,3,1,4
unfetters,9,5,1,6,3,1,4
unfilled,8,6,3,9,6,3,9
unfinished,10,3,0,3,4,0,4
unfit,5,4,4,8,4,5,9
unfits,6,5,4,9,5,4,9
unfitted,8,6,4,10,5,2,7
unfitting,9,6,2,8,6,2,8
unflagging,10,4,2,6,4,2,6
unflappable,11,3,2,5,5,2,7
unflattering,12,5,1,6,4,1,5
unflinching,11,2,1,3,2,2,4
unflinchingly,13,4,1,5,1,2,3
unfold,6,5,5,10,5,5,10
unfolded,8,3,2,5,6,2,8
unfolding,9,6,3,9,6,3,9
unfolds,7,5,4,9,5,4,9
unforeseeable,13,4,0,4,2,1,3
unforeseen,10,2,1,3,2,0,2
unforgettable,13,1,2,3,1,2,3
unforgettably,13,2,2,4,2,2,4
unforgivable,12,5,1,6,4,1,5
unforgiving,11,3,1,4,2,2,4
unformed,8,5,4,9,7,1,8
unfortunate,11,3,2,5,3,2,5
unfortunate's,13,2,1,3,3,1,4
unfortunately,13,1,2,3,1,2,3
unfortunates,12,4,1,5,4,1,5
unfounded,9,5,3,8,5,3,8
unfrequented,12,2,2,4,2,2,4
unfriend,8,3,3,6,2,4,6
unfriended,10,3,1,4,3,1,4
unfriending,11,2,1,3,3,1,4
unfriendlier,12,2,1,3,2,1,3
unfriendliest,13,2,0,2,2,0,2
unfriendliness,14,2,0,2,2,0,2
unfriendliness's,16,2,0,2,2,0,2
unfriendly,10,3,1,4,3,1,4
unfriends,9,4,2,6,4,2,6
unfrock,7,5,5,10,5,5,10
unfrocked,9,7,4,11,5,2,7
unfrocking,10,7,3,10,5,3,8
unfrocks,8,6,4,10,6,3,9
unfulfilled,11,4,1,5,2,3,5
unfunny,7,3,5,8,2,5,7
unfurl,6,3,5,8,3,5,8
unfurled,8,5,4,9,5,1,6
unfurling,9,5,2,7,5,2,7
unfurls,7,4,5,9,3,4,7
unfurnished,11,6,0,6,6,0,6
ungainlier,10,3,2,5,3,1,4
ungainliest,11,3,0,3,2,0,2
ungainliness,12,3,0,3,3,0,3
ungainliness's,14,3,0,3,3,0,3
ungainly,8,3,2,5,3,2,5
ungentlemanly,13,1,2,3,1,2,3
ungodlier,9,3,1,4,3,1,4
ungodliest,10,7,0,7,6,1,7
ungodly,7,2,4,6,2,4,6
ungovernable,12,3,2,5,2,2,4
ungracious,10,6,1,7,5,1,6
ungrammatical,13,3,1,4,1,3,4
ungrateful,10,3,1,4,3,1,4
ungratefully,12,2,2,4,2,2,4
ungratefulness,14,4,0,4,2,0,2
ungratefulness's,16,3,0,3,2,0,2
ungrudging,10,3,2,5,3,2,5
unguarded,9,4,2,6,4,2,6
unguent,7,3,3,6,4,2,6
unguent's,9,4,2,6,4,2,6
unguents,8,4,2,6,5,1,6
ungulate,8,6,3,9,6,3,9
ungulate's,10,4,2,6,4,2,6
ungulates,9,7,3,10,7,3,10
unhand,6,2,4,6,2,3,5
unhanded,8,4,2,6,3,3,6
unhanding,9,2,2,4,2,2,4
unhands,7,3,4,7,4,4,8
unhappier,9,5,2,7,5,2,7
unhappiest,10,6,1,7,7,0,7
unhappily,9,4,2,6,3,2,5
unhappiness,11,3,0,3,3,0,3
unhappiness's,13,2,0,2,3,0,3
unhappy,7,4,4,8,4,4,8
unharmed,8,7,1,8,6,2,8
unhealthful,11,2,2,4,2,2,4
unhealthier,11,4,1,5,4,1,5
unhealthiest,12,3,0,3,3,0,3
unhealthy,9,3,2,5,3,2,5
unheard,7,5,1,6,4,1,5
unheeded,8,4,1,5,3,1,4
unhelpful,9,3,2,5,3,2,5
unhesitating,12,3,0,3,3,0,3
unhesitatingly,14,2,0,2,2,0,2
unhindered,10,4,1,5,4,1,5
unhinge,7,3,2,5,3,2,5
unhinged,8,5,3,8,4,3,7
unhinges,8,4,1,5,3,3,6
unhinging,9,3,2,5,3,2,5
unhitch,7,3,4,7,3,4,7
unhitched,9,4,2,6,3,3,6
unhitches,9,4,1,5,3,2,5
unhitching,10,2,2,4,2,2,4
unholier,8,5,2,7,4,4,8
unholiest,9,7,0,7,7,0,7
unholy,6,4,6,10,4,6,10
unhook,6,1,5,6,1,5,6
unhooked,8,6,3,9,6,5,11
unhooking,9,5,2,7,5,2,7
unhooks,7,3,4,7,3,3,6
unhorse,7,5,1,6,3,3,6
unhorsed,8,6,0,6,5,0,5
unhorses,8,4,0,4,4,0,4
unhorsing,9,4,1,5,4,1,5
unhurried,9,3,2,5,5,1,6
unhurt,6,2,6,8,2,6,8
unicameral,10,3,1,4,3,1,4
unicorn,7,4,4,8,3,4,7
unicorn's,9,6,2,8,6,2,8
unicorns,8,4,3,7,3,2,5
unicycle,8,5,3,8,5,3,8
unicycle's,10,7,1,8,7,3,10
unicycles,9,5,0,5,6,1,7
unidentifiable,14,1,1,2,1,1,2
unidentified,12,2,1,3,2,1,3
unidirectional,14,1,1,2,1,1,2
unification,11,2,1,3,2,2,4
unification's,13,5,0,5,3,1,4
unified,7,3,5,8,3,5,8
unifies,7,6,2,8,6,2,8
uniform,7,3,5,8,2,5,7
uniform's,9,5,3,8,5,3,8
uniformed,9,4,2,6,4,1,5
uniforming,10,2,2,4,3,2,5
uniformity,10,2,2,4,3,2,5
uniformity's,12,2,2,4,3,1,4
uniformly,9,2,2,4,2,2,4
uniforms,8,4,4,8,4,3,7
unify,5,5,7,12,5,7,12
unifying,8,3,3,6,2,3,5
unilateral,10,4,1,5,4,1,5
unilaterally,12,3,1,4,2,2,4
unimaginable,12,3,1,4,3,1,4
unimaginative,13,2,1,3,3,1,4
unimpaired,10,4,2,6,3,1,4
unimpeachable,13,3,1,4,2,1,3
unimplementable,15,1,1,2,1,1,2
unimplemented,13,2,1,3,2,1,3
unimportant,11,2,2,4,2,2,4
unimpressed,11,4,0,4,3,0,3
unimpressive,12,2,0,2,3,0,3
uninformative,13,2,1,3,2,1,3
uninformed,10,3,2,5,3,2,5
uninhabitable,13,2,1,3,3,1,4
uninhabited,11,2,1,3,3,1,4
uninhibited,11,2,1,3,2,3,5
uninitialized,13,2,1,3,2,1,3
uninitiated,11,2,1,3,3,1,4
uninjured,9,4,2,6,5,1,6
uninspired,10,3,1,4,3,1,4
uninspiring,11,2,1,3,2,1,3
uninstall,9,4,1,5,3,1,4
uninstallable,13,2,0,2,3,0,3
uninstalled,11,9,0,9,5,1,6
uninstaller,11,8,1,9,4,0,4
uninstaller's,13,5,0,5,4,0,4
uninstallers,12,3,0,3,4,0,4
uninstalling,12,3,0,3,3,0,3
uninstalls,10,3,2,5,3,1,4
uninsured,9,3,0,3,3,0,3
unintelligent,13,2,1,3,2,1,3
unintelligible,14,5,1,6,4,1,5
unintelligibly,14,5,1,6,4,1,5
unintended,10,4,2,6,3,2,5
unintentional,13,2,1,3,2,1,3
unintentionally,15,1,1,2,1,1,2
uninterested,12,2,0,2,2,0,2
uninteresting,13,2,0,2,2,0,2
uninterpreted,13,3,1,4,2,1,3
uninterrupted,13,3,1,4,3,1,4
uninvited,9,5,2,7,4,1,5
uninviting,10,2,2,4,2,2,4
union,5,3,3,6,2,4,6
union's,7,5,2,7,4,3,7
unionization,12,2,1,3,2,1,3
unionization's,14,3,0,3,3,0,3
unionize,8,3,2,5,3,2,5
unionized,9,5,2,7,4,1,5
unionizes,9,4,0,4,4,0,4
unionizing,10,2,2,4,2,2,4
unions,6,4,3,7,4,3,7
unique,6,2,5,7,3,2,5
uniquely,8,5,3,8,3,3,6
uniqueness,10,3,0,3,3,0,3
uniqueness's,12,4,0,4,3,0,3
uniquer,7,4,4,8,4,4,8
uniquest,8,5,2,7,5,2,7
unisex,6,3,2,5,3,2,5
unisex's,8,4,3,7,4,1,5
unison,6,3,1,4,3,2,5
unison's,8,4,1,5,4,2,6
unit,4,3,8,11,3,7,10
unit's,6,5,7,12,5,6,11
unitary,7,4,2,6,3,3,6
unite,5,3,6,9,3,6,9
united,6,4,5,9,4,5,9
unites,6,4,5,9,4,3,7
unities,7,5,3,8,5,3,8
uniting,7,3,3,6,3,4,7
units,5,4,6,10,4,6,10
unity,5,4,8,12,4,8,12
unity's,7,4,6,10,4,6,10
universal,9,2,1,3,3,0,3
universal's,11,3,0,3,3,0,3
universality,12,3,0,3,3,0,3
universality's,14,3,0,3,3,0,3
universally,11,3,0,3,2,1,3
universals,10,3,1,4,3,0,3
universe,8,4,0,4,4,0,4
universe's,10,3,2,5,4,0,4
universes,9,3,1,4,4,0,4
universities,12,3,1,4,3,0,3
university,10,3,0,3,3,0,3
university's,12,3,0,3,3,0,3
unjust,6,2,4,6,2,4,6
unjustifiable,13,5,0,5,2,0,2
unjustified,11,4,1,5,5,1,6
unjustly,8,1,4,5,1,4,5
unkempt,7,3,4,7,3,4,7
unkind,6,5,4,9,5,4,9
unkinder,8,4,1,5,4,2,6
unkindest,9,4,0,4,4,0,4
unkindlier,10,2,1,3,2,3,5
unkindliest,11,3,0,3,3,0,3
unkindly,8,2,3,5,2,4,6
unkindness,10,3,0,3,3,0,3
unkindness's,12,3,0,3,3,0,3
unknowable,10,3,2,5,3,2,5
unknowing,9,2,2,4,2,2,4
unknowingly,11,2,2,4,2,2,4
unknowings,10,4,2,6,4,2,6
unknown,7,3,4,7,3,4,7
unknown's,9,4,3,7,4,3,7
unknowns,8,4,3,7,3,2,5
unlabeled,9,3,2,5,2,2,4
unlace,6,5,3,8,5,3,8
unlaced,7,4,3,7,4,3,7
unlaces,7,5,1,6,6,3,9
unlacing,8,6,2,8,6,2,8
unlatch,7,2,5,7,4,4,8
unlatched,9,9,2,11,9,3,12
unlatches,9,4,2,6,4,2,6
unlatching,10,5,3,8,6,2,8
unlawful,8,3,4,7,2,3,5
unlawfully,10,1,4,5,1,4,5
unleaded,8,3,1,4,3,1,4
unleaded's,10,4,1,5,4,1,5
unlearn,7,5,1,6,4,1,5
unlearned,9,2,1,3,2,1,3
unlearning,10,3,1,4,3,1,4
unlearns,8,4,1,5,4,1,5
unleash,7,3,1,4,3,0,3
unleashed,9,3,0,3,3,0,3
unleashes,9,2,1,3,2,0,2
unleashing,10,7,0,7,2,1,3
unleavened,10,4,2,6,4,2,6
unless,6,3,1,4,3,1,4
unlettered,10,6,2,8,6,2,8
unlicensed,10,2,2,4,2,1,3
unlike,6,3,4,7,5,0,5
unlikelier,10,3,1,4,3,1,4
unlikeliest,11,4,0,4,4,0,4
unlikelihood,12,2,1,3,1,2,3
unlikelihood's,14,3,1,4,2,0,2
unlikely,8,3,2,5,4,3,7
unlimited,9,5,2,7,5,1,6
unlisted,8,4,3,7,4,2,6
unload,6,4,3,7,4,3,7
unloaded,8,4,1,5,6,2,8
unloading,9,7,2,9,7,2,9
unloads,7,5,3,8,5,2,7
unlock,6,4,4,8,4,4,8
unlocked,8,6,2,8,6,4,10
unlocking,9,6,3,9,6,3,9
unlocks,7,5,3,8,4,3,7
unloose,7,3,1,4,3,2,5
unloosed,8,6,0,6,5,0,5
unlooses,8,3,1,4,4,0,4
unloosing,9,4,1,5,4,1,5
unloved,7,4,3,7,4,3,7
unluckier,9,4,2,6,5,2,7
unluckiest,10,5,0,5,6,0,6
unluckily,9,4,2,6,3,2,5
unlucky,7,3,5,8,2,5,7
unmade,6,6,2,8,6,2,8
unmake,6,5,3,8,5,3,8
unmakes,7,4,4,8,5,4,9
unmaking,8,5,3,8,5,3,8
unman,5,3,4,7,3,4,7
unmanageable,12,2,2,4,2,2,4
unmanlier,9,5,2,7,4,2,6
unmanliest,10,6,0,6,5,0,5
unmanly,7,4,4,8,2,4,6
unmanned,8,4,1,5,4,3,7
unmannerly,10,3,1,4,3,1,4
unmanning,9,2,2,4,2,2,4
unmans,6,4,4,8,4,4,8
unmarked,8,7,1,8,6,1,7
unmarried,9,4,1,5,5,1,6
unmask,6,2,4,6,2,4,6
unmasked,8,4,2,6,4,3,7
unmasking,9,5,1,6,4,1,5
unmasks,7,3,3,6,3,3,6
unmatched,9,8,3,11,8,4,12
unmemorable,11,5,2,7,4,2,6
unmentionable,13,3,1,4,3,1,4
unmentionable's,15,3,0,3,3,0,3
unmentionables,14,3,0,3,3,0,3
unmerciful,10,3,2,5,2,2,4
unmercifully,12,1,3,4,2,2,4
unmindful,9,2,3,5,2,3,5
unmissed,8,4,1,5,3,1,4
unmistakable,12,11,0,11,11,1,12
unmistakably,12,10,1,11,10,2,12
unmitigated,11,2,2,4,3,1,4
unmodified,10,3,1,4,3,3,6
unmoral,7,3,3,6,3,3,6
unmoved,7,3,7,10,3,7,10
unnamed,7,4,6,10,4,6,10
unnatural,9,2,3,5,1,4,5
unnaturally,11,2,3,5,2,3,5
unnecessarily,13,2,0,2,2,0,2
unnecessary,11,2,0,2,2,0,2
unneeded,8,4,1,5,3,1,4
unnerve,7,2,2,4,2,1,3
unnerved,8,4,3,7,4,3,7
unnerves,8,2,3,5,2,3,5
unnerving,9,4,2,6,2,2,4
unnoticeable,12,2,1,3,2,1,3
unnoticed,9,4,2,6,4,2,6
unnumbered,10,3,2,5,3,2,5
unobjectionable,15,3,1,4,2,1,3
unobservant,11,3,0,3,3,0,3
unobserved,10,3,0,3,3,0,3
unobstructed,12,3,1,4,3,1,4
unobtainable,12,2,1,3,2,1,3
unobtrusive,11,3,0,3,3,0,3
unobtrusively,13,4,0,4,3,0,3
unoccupied,10,4,2,6,3,2,5
unoffensive,11,6,0,6,5,0,5
unofficial,10,3,2,5,3,2,5
unofficially,12,4,1,5,4,1,5
unopened,8,3,3,6,3,3,6
unopposed,9,2,0,2,3,0,3
unorganized,11,5,1,6,4,1,5
unoriginal,10,3,2,5,3,2,5
unorthodox,10,1,3,4,1,4,5
unpack,6,2,4,6,2,4,6
unpacked,8,6,2,8,6,3,9
unpacking,9,5,4,9,5,4,9
unpacks,7,3,3,6,3,6,9
unpaid,6,3,3,6,4,3,7
unpainted,9,6,1,7,5,1,6
unpalatable,11,2,2,4,2,1,3
unparalleled,12,2,2,4,2,2,4
unpardonable,12,3,2,5,3,2,5
unpatriotic,11,3,1,4,2,2,4
unpaved,7,4,7,11,4,7,11
unperturbed,11,3,2,5,2,2,4
unpick,6,4,3,7,4,3,7
unpin,5,3,4,7,3,4,7
unpinned,8,5,3,8,4,2,6
unpinning,9,2,2,4,2,2,4
unpins,6,4,4,8,4,4,8
unplanned,9,4,1,5,4,3,7
unpleasant,10,3,1,4,4,0,4
unpleasantly,12,3,0,3,4,0,4
unpleasantness,14,2,0,2,2,0,2
unpleasantness's,16,2,0,2,2,0,2
unplug,6,1,5,6,1,5,6
unplugged,9,7,4,11,7,4,11
unplugging,10,4,2,6,4,2,6
unplugs,7,2,5,7,2,4,6
unplumbed,9,6,5,11,6,5,11
unpolluted,10,4,2,6,3,3,6
unpopular,9,2,3,5,2,3,5
unpopularity,12,3,1,4,3,1,4
unpopularity's,14,5,0,5,4,1,5
unprecedented,13,1,2,3,1,2,3
unpredictability,16,2,1,3,1,1,2
unpredictability's,18,3,0,3,2,0,2
unpredictable,13,3,1,4,3,1,4
unprejudiced,12,2,1,3,2,1,3
unpremeditated,14,3,1,4,3,1,4
unprepared,10,3,2,5,3,1,4
unpretentious,13,3,0,3,3,0,3
unpreventable,13,1,2,3,1,2,3
unprincipled,12,2,1,3,2,1,3
unprintable,11,3,1,4,6,1,7
unprivileged,12,2,2,4,2,2,4
unproductive,12,3,1,4,3,1,4
unprofessional,14,2,0,2,2,0,2
unprofitable,12,5,1,6,4,1,5
unpromising,11,4,1,5,3,1,4
unprompted,10,4,2,6,4,2,6
unpronounceable,15,1,2,3,1,2,3
unprotected,11,4,2,6,2,1,3
unproved,8,4,3,7,6,2,8
unproven,8,5,3,8,5,3,8
unprovoked,10,3,2,5,2,2,4
unpublished,11,5,0,5,6,0,6
unpunished,10,6,0,6,5,0,5
unqualified,11,2,1,3,2,2,4
unquenchable,12,2,2,4,1,3,4
unquestionable,14,8,0,8,4,0,4
unquestionably,14,8,0,8,4,0,4
unquestioned,12,3,0,3,3,0,3
unquestioning,13,2,0,2,2,0,2
unquestioningly,15,2,0,2,2,0,2
unquote,7,3,3,6,2,4,6
unquoted,8,4,3,7,4,4,8
unquotes,8,4,2,6,4,2,6
unquoting,9,4,3,7,4,3,7
unravel,7,3,2,5,3,2,5
unraveled,9,4,1,5,3,1,4
unraveling,10,7,1,8,6,1,7
unravelled,10,4,1,5,4,1,5
unravelling,11,6,1,7,3,1,4
unravels,8,3,3,6,4,1,5
unreachable,11,4,2,6,2,1,3
unread,6,6,1,7,6,1,7
unreadable,10,5,1,6,3,1,4
unready,7,4,1,5,4,1,5
unreal,6,5,2,7,5,2,7
unrealistic,11,6,0,6,4,0,4
unrealistically,15,5,0,5,3,0,3
unrealized,10,6,1,7,5,1,6
unreasonable,12,4,0,4,3,1,4
unreasonableness,16,1,0,1,1,0,1
unreasonableness's,18,1,0,1,1,0,1
unreasonably,12,3,0,3,3,0,3
unreasoning,11,4,0,4,3,0,3
unrecognizable,14,3,1,4,3,1,4
unrecognized,12,3,1,4,3,1,4
unreconstructed,15,2,0,2,2,0,2
unrecorded,10,3,1,4,3,1,4
unrefined,9,4,2,6,3,2,5
unregenerate,12,1,2,3,1,2,3
unregistered,12,2,0,2,2,0,2
unregulated,11,2,2,4,2,1,3
unrehearsed,11,2,1,3,2,1,3
unrelated,9,2,2,4,4,1,5
unreleased,10,2,1,3,2,1,3
unrelenting,11,5,1,6,3,1,4
unrelentingly,13,2,1,3,2,1,3
unreliability,13,2,1,3,3,1,4
unreliable,10,4,1,5,4,1,5
unrelieved,10,3,1,4,3,1,4
unremarkable,12,2,2,4,2,2,4
unremitting,11,2,1,3,2,2,4
unrepeatable,12,4,2,6,3,2,5
unrepentant,11,2,2,4,3,1,4
unrepresentative,16,1,0,1,1,0,1
unrequited,10,6,1,7,5,1,6
unreserved,10,3,0,3,3,1,4
unreservedly,12,7,1,8,3,1,4
unresolved,10,4,0,4,3,0,3
unresponsive,12,2,0,2,1,1,2
unrest,6,5,2,7,5,2,7
unrest's,8,5,2,7,5,1,6
unrestrained,12,3,0,3,3,0,3
unrestricted,12,3,0,3,3,0,3
unrewarding,11,7,1,8,4,1,5
unripe,6,4,3,7,5,1,6
unriper,7,3,2,5,3,2,5
unripest,8,4,2,6,4,2,6
unrivaled,9,3,3,6,4,2,6
unrivalled,10,4,2,6,3,1,4
unroll,6,4,4,8,4,4,8
unrolled,8,6,2,8,5,2,7
unrolling,9,6,2,8,6,2,8
unrolls,7,5,3,8,4,3,7
unromantic,10,3,2,5,3,2,5
unruffled,9,5,5,10,6,4,10
unrulier,8,3,3,6,5,1,6
unruliest,9,5,0,5,5,0,5
unruliness,10,4,0,4,4,0,4
unruliness's,12,4,0,4,4,0,4
unruly,6,4,6,10,4,6,10
unsaddle,8,3,1,4,3,1,4
unsaddled,9,3,0,3,3,0,3
unsaddles,9,4,2,6,3,2,5
unsaddling,10,6,1,7,6,1,7
unsafe,6,4,4,8,4,4,8
unsafer,7,4,2,6,4,2,6
unsafest,8,3,1,4,2,1,3
unsaid,6,3,1,4,3,1,4
unsalted,8,6,0,6,6,0,6
unsanctioned,12,3,0,3,3,0,3
unsanitary,10,3,0,3,2,1,3
unsatisfactory,14,2,0,2,2,0,2
unsatisfied,11,2,0,2,2,0,2
unsatisfying,12,2,0,2,2,0,2
unsaturated,11,3,1,4,3,1,4
unsavory,8,2,2,4,2,2,4
unsay,5,3,1,4,3,1,4
unsaying,8,3,1,4,3,1,4
unsays,6,2,3,5,2,2,4
unscathed,9,6,1,7,5,1,6
unscheduled,11,3,1,4,3,1,4
unschooled,10,5,1,6,3,3,6
unscientific,12,2,0,2,2,0,2
unscramble,10,6,1,7,3,1,4
unscrambled,11,3,1,4,3,1,4
unscrambles,11,3,1,4,3,1,4
unscrambling,12,3,0,3,3,0,3
unscrew,7,4,2,6,5,0,5
unscrewed,9,4,0,4,4,0,4
unscrewing,10,6,0,6,6,0,6
unscrews,8,4,1,5,5,1,6
unscrupulous,12,2,2,4,1,3,4
unscrupulously,14,4,0,4,2,0,2
unscrupulousness,16,1,0,1,1,0,1
unscrupulousness's,18,1,0,1,1,0,1
unseal,6,6,0,6,6,0,6
unsealed,8,3,2,5,3,2,5
unsealing,9,8,0,8,8,0,8
unseals,7,6,1,7,6,2,8
unseasonable,12,5,0,5,2,0,2
unseasonably,12,5,0,5,2,0,2
unseasoned,10,1,1,2,1,1,2
unseat,6,5,1,6,5,1,6
unseated,8,5,1,6,5,1,6
unseating,9,7,1,8,7,1,8
unseats,7,5,2,7,5,3,8
unseeing,8,4,0,4,3,0,3
unseemlier,10,5,0,5,4,0,4
unseemliest,11,3,0,3,2,0,2
unseemliness,12,4,0,4,2,0,2
unseemliness's,14,3,0,3,2,0,2
unseemly,8,4,0,4,3,0,3
unseen,6,2,1,3,2,1,3
unseen's,8,2,0,2,2,0,2
unselfish,9,2,0,2,2,0,2
unselfishly,11,2,0,2,2,0,2
unselfishness,13,1,0,1,1,0,1
unselfishness's,15,1,0,1,1,0,1
unsent,6,3,2,5,3,2,5
unsentimental,13,2,0,2,2,0,2
unset,5,5,3,8,5,3,8
unsettle,8,4,0,4,3,1,4
unsettled,9,3,0,3,3,0,3
unsettles,9,3,1,4,3,1,4
unsettling,10,6,0,6,6,0,6
unshakable,10,6,1,7,3,1,4
unshakeable,11,2,1,3,2,1,3
unshaven,8,5,1,6,5,1,6
unsheathe,9,3,0,3,2,1,3
unsheathed,10,3,1,4,3,1,4
unsheathes,10,3,0,3,3,0,3
unsheathing,11,3,1,4,3,0,3
unsightlier,11,3,0,3,3,0,3
unsightliest,12,2,0,2,2,0,2
unsightliness,13,1,0,1,1,0,1
unsightliness's,15,1,0,1,1,0,1
unsightly,9,4,1,5,3,1,4
unsigned,8,5,0,5,5,0,5
unskilled,9,5,0,5,5,0,5
unskillful,10,2,2,4,2,2,4
unsmiling,9,3,1,4,2,2,4
unsnap,6,2,3,5,2,3,5
unsnapped,9,7,1,8,7,1,8
unsnapping,10,7,0,7,6,0,6
unsnaps,7,2,4,6,2,4,6
unsnarl,7,5,2,7,4,2,6
unsnarled,9,6,2,8,6,2,8
unsnarling,10,6,1,7,5,1,6
unsnarls,8,5,2,7,4,2,6
unsociable,10,2,1,3,3,0,3
unsold,6,2,3,5,2,3,5
unsolicited,11,2,0,2,2,0,2
unsolved,8,5,1,6,5,1,6
unsophisticated,15,2,0,2,2,0,2
unsound,7,3,3,6,3,3,6
unsounder,9,4,0,4,4,0,4
unsoundest,10,4,0,4,4,0,4
unsparing,9,3,1,4,3,1,4
unspeakable,11,3,1,4,3,1,4
unspeakably,11,2,2,4,3,1,4
unspecific,10,2,0,2,2,0,2
unspecified,11,3,0,3,3,0,3
unspoiled,9,5,0,5,4,1,5
unspoilt,8,3,1,4,3,1,4
unspoken,8,4,2,6,4,2,6
unsportsmanlike,15,2,0,2,2,0,2
unstable,8,4,1,5,4,1,5
unstated,8,6,0,6,6,0,6
unsteadier,10,5,0,5,4,0,4
unsteadiest,11,3,0,3,2,0,2
unsteadily,10,5,0,5,4,0,4
unsteadiness,12,4,0,4,3,0,3
unsteadiness's,14,3,0,3,3,0,3
unsteady,8,4,1,5,3,2,5
unstop,6,4,3,7,4,3,7
unstoppable,11,3,1,4,3,1,4
unstopped,9,4,2,6,4,2,6
unstopping,10,5,2,7,5,2,7
unstops,7,4,4,8,4,4,8
unstressed,10,5,0,5,3,0,3
unstructured,12,4,1,5,2,1,3
unstrung,8,2,3,5,2,3,5
unstuck,7,3,3,6,3,3,6
unstudied,9,4,0,4,4,0,4
unsubscribe,11,2,0,2,2,0,2
unsubscribed,12,2,0,2,2,0,2
unsubscribes,12,2,0,2,2,0,2
unsubscribing,13,2,0,2,2,0,2
unsubstantial,13,2,0,2,2,0,2
unsubstantiated,15,2,0,2,2,0,2
unsubtle,8,2,3,5,2,3,5
unsuccessful,12,1,0,1,1,0,1
unsuccessfully,14,1,0,1,1,0,1
unsuitable,10,9,1,10,8,0,8
unsuitably,10,8,2,10,8,1,9
unsuited,8,5,0,5,5,0,5
unsung,6,2,4,6,2,4,6
unsupervised,12,1,1,2,2,0,2
unsupportable,13,2,1,3,2,1,3
unsupported,11,3,1,4,3,1,4
unsure,6,2,3,5,2,3,5
unsurpassed,11,2,0,2,2,0,2
unsurprising,12,2,0,2,2,0,2
unsuspected,11,2,0,2,2,0,2
unsuspecting,12,2,0,2,2,0,2
unsweetened,11,2,1,3,2,1,3
unswerving,10,6,0,6,6,0,6
unsympathetic,13,2,0,2,2,0,2
untainted,9,6,1,7,4,1,5
untamed,7,4,4,8,4,4,8
untangle,8,2,3,5,2,3,5
untangled,9,4,2,6,4,3,7
untangles,9,4,2,6,4,2,6
untangling,10,2,2,4,2,2,4
untapped,8,5,3,8,6,3,9
untaught,8,3,4,7,2,3,5
untenable,9,3,2,5,3,1,4
untested,8,3,0,3,3,0,3
unthinkable,11,3,1,4,6,1,7
unthinking,10,2,2,4,2,2,4
unthinkingly,12,2,1,3,2,1,3
untidier,8,3,2,5,4,1,5
untidiest,9,4,0,4,4,0,4
untidiness,10,5,0,5,5,0,5
untidiness's,12,5,0,5,5,0,5
untidy,6,3,4,7,3,4,7
untie,5,3,3,6,3,3,6
untied,6,4,3,7,4,3,7
unties,6,4,4,8,4,4,8
until,5,4,4,8,4,5,9
untimelier,10,4,1,5,4,1,5
untimeliest,11,3,0,3,4,0,4
untimeliness,12,4,0,4,3,0,3
untimeliness's,14,4,0,4,3,0,3
untimely,8,5,2,7,3,2,5
untiring,8,2,2,4,2,2,4
untiringly,10,3,2,5,3,2,5
untitled,8,6,3,9,5,2,7
unto,4,3,4,7,3,4,7
untold,6,5,4,9,5,4,9
untouchable,11,3,2,5,3,2,5
untouchable's,13,5,0,5,4,2,6
untouchables,12,4,1,5,4,1,5
untouched,9,4,3,7,4,2,6
untoward,8,3,3,6,3,3,6
untrained,9,6,1,7,5,1,6
untreated,9,3,1,4,3,1,4
untried,7,4,3,7,4,3,7
untroubled,10,4,2,6,4,2,6
untrue,6,2,3,5,2,3,5
untruer,7,3,2,5,3,2,5
untruest,8,4,0,4,4,1,5
untrustworthy,13,2,1,3,2,1,3
untruth,7,2,5,7,2,5,7
untruth's,9,2,4,6,2,4,6
untruthful,10,1,5,6,1,5,6
untruthfully,12,1,4,5,1,4,5
untruths,8,3,4,7,3,4,7
untutored,9,4,3,7,4,2,6
untwist,7,3,2,5,3,2,5
untwisted,9,3,3,6,4,2,6
untwisting,10,5,0,5,4,1,5
untwists,8,3,2,5,2,4,6
untying,7,4,3,7,4,4,8
unusable,8,3,2,5,3,2,5
unused,6,3,4,7,3,4,7
unusual,7,3,3,6,3,3,6
unusually,9,3,2,5,3,2,5
unutterable,11,2,2,4,3,1,4
unutterably,11,5,2,7,3,1,4
unvarnished,11,6,0,6,5,0,5
unvarying,9,6,3,9,6,3,9
unveil,6,3,2,5,3,2,5
unveiled,8,4,2,6,3,3,6
unveiling,9,3,1,4,3,1,4
unveils,7,4,4,8,4,1,5
unverified,10,4,2,6,4,2,6
unvoiced,8,6,3,9,6,2,8
unwanted,8,4,1,5,4,3,7
unwarier,8,4,2,6,4,1,5
unwariest,9,6,1,7,6,1,7
unwariness,10,5,0,5,5,0,5
unwariness's,12,5,0,5,5,0,5
unwarranted,11,2,2,4,2,1,3
unwary,6,5,4,9,4,4,8
unwashed,8,5,2,7,5,2,7
unwavering,10,7,2,9,7,2,9
unwed,5,4,5,9,4,5,9
unwelcome,9,4,2,6,4,2,6
unwell,6,2,3,5,3,3,6
unwholesome,11,3,0,3,3,0,3
unwieldier,10,2,1,3,2,1,3
unwieldiest,11,4,0,4,3,0,3
unwieldiness,12,3,0,3,3,0,3
unwieldiness's,14,3,0,3,3,0,3
unwieldy,8,3,3,6,2,3,5
unwilling,9,5,3,8,4,3,7
unwillingly,11,7,1,8,3,2,5
unwillingness,13,2,0,2,3,0,3
unwillingness's,15,2,0,2,3,0,3
unwind,6,4,5,9,4,5,9
unwinding,9,5,3,8,5,3,8
unwinds,7,5,5,10,5,4,9
unwise,6,4,1,5,4,2,6
unwisely,8,4,1,5,2,2,4
unwiser,7,4,1,5,4,0,4
unwisest,8,3,1,4,3,1,4
unwitting,9,5,3,8,5,3,8
unwittingly,11,7,1,8,3,2,5
unwonted,8,4,2,6,4,4,8
unworkable,10,3,2,5,3,2,5
unworldly,9,2,4,6,2,4,6
unworthier,10,3,2,5,3,2,5
unworthiest,11,3,0,3,3,0,3
unworthiness,12,3,0,3,3,0,3
unworthiness's,14,3,0,3,3,0,3
unworthy,8,1,4,5,1,4,5
unwound,7,4,5,9,4,5,9
unwrap,6,3,3,6,3,3,6
unwrapped,9,5,2,7,6,3,9
unwrapping,10,4,3,7,4,3,7
unwraps,7,4,3,7,4,4,8
unwritten,9,3,2,5,3,2,5
unyielding,10,4,1,5,3,1,4
unzip,5,3,6,9,3,6,9
unzipped,8,5,5,10,5,4,9
unzipping,9,4,4,8,3,4,7
unzips,6,4,5,9,4,5,9
up,2,1,8,9,1,8,9
upbeat,6,3,2,5,3,2,5
upbeat's,8,5,1,6,5,0,5
upbeats,7,3,4,7,3,3,6
upbraid,7,2,4,6,3,3,6
upbraided,9,6,2,8,5,2,7
upbraiding,10,5,2,7,4,2,6
upbraids,8,4,2,6,4,2,6
upbringing,10,3,2,5,3,2,5
upbringing's,12,2,3,5,3,1,4
upbringings,11,2,3,5,2,3,5
upchuck,7,2,5,7,1,6,7
upchucked,9,4,4,8,4,4,8
upchucking,10,3,4,7,3,4,7
upchucks,8,3,4,7,2,5,7
upcoming,8,4,6,10,4,5,9
upcountry,9,2,4,6,2,4,6
upcountry's,11,4,2,6,3,2,5
update,6,5,3,8,5,3,8
update's,8,7,3,10,7,4,11
updated,7,5,3,8,5,4,9
updater,7,4,4,8,4,4,8
updates,7,5,3,8,5,2,7
updating,8,5,5,10,5,5,10
updraft,7,2,4,6,4,4,8
updraft's,9,6,3,9,6,3,9
updrafts,8,5,4,9,5,4,9
upend,5,1,6,7,1,6,7
upended,7,3,4,7,3,3,6
upending,8,5,4,9,5,4,9
upends,6,4,6,10,4,6,10
upfront,7,3,4,7,3,4,7
upgrade,7,3,2,5,3,2,5
upgrade's,9,5,1,6,5,1,6
upgraded,8,4,2,6,4,1,5
upgrades,8,4,2,6,4,2,6
upgrading,9,3,2,5,3,2,5
upheaval,8,2,4,6,2,4,6
upheaval's,10,4,1,5,4,1,5
upheavals,9,3,1,4,3,1,4
upheld,6,2,4,6,2,3,5
uphill,6,4,5,9,2,6,8
uphill's,8,6,3,9,4,4,8
uphills,7,5,5,10,4,4,8
uphold,6,2,5,7,2,5,7
upholding,9,5,3,8,5,3,8
upholds,7,3,4,7,4,4,8
upholster,9,5,1,6,4,1,5
upholstered,11,8,0,8,3,0,3
upholsterer,11,8,0,8,3,0,3
upholsterer's,13,2,0,2,2,0,2
upholsterers,12,3,0,3,3,0,3
upholstering,12,2,0,2,2,0,2
upholsters,10,5,1,6,5,1,6
upholstery,10,3,1,4,4,0,4
upholstery's,12,5,0,5,4,0,4
upkeep,6,2,2,4,2,2,4
upkeep's,8,3,2,5,3,2,5
upland,6,4,3,7,3,4,7
upland's,8,6,2,8,3,5,8
uplands,7,4,3,7,4,4,8
uplift,6,4,5,9,2,5,7
uplift's,8,6,3,9,4,3,7
uplifted,8,4,4,8,3,4,7
uplifting,9,4,4,8,4,4,8
upliftings,10,3,3,6,3,3,6
uplifts,7,5,5,10,4,4,8
upload,6,2,4,6,2,4,6
upmarket,8,3,2,5,3,2,5
upon,4,2,6,8,2,6,8
upped,5,4,4,8,4,4,8
upper,5,4,7,11,4,5,9
upper's,7,5,6,11,6,4,10
uppercase,9,5,2,7,6,0,6
uppercase's,11,3,2,5,7,0,7
upperclassman,13,5,0,5,4,0,4
upperclassman's,15,3,0,3,4,0,4
upperclassmen,13,5,0,5,3,0,3
uppercut,8,2,5,7,2,5,7
uppercut's,10,7,4,11,8,3,11
uppercuts,9,6,3,9,7,3,10
uppercutting,12,5,1,6,4,2,6
uppermost,9,6,1,7,4,2,6
uppers,6,5,6,11,5,5,10
upping,6,5,4,9,5,4,9
uppity,6,3,5,8,3,5,8
upraise,7,4,1,5,4,1,5
upraised,8,4,1,5,4,1,5
upraises,8,4,0,4,3,1,4
upraising,9,5,2,7,4,1,5
upright,7,3,4,7,4,4,8
upright's,9,2,3,5,2,3,5
uprights,8,2,4,6,2,4,6
uprising,8,5,1,6,5,1,6
uprising's,10,2,2,4,2,2,4
uprisings,9,3,0,3,2,3,5
uproar,6,3,3,6,3,3,6
uproar's,8,5,1,6,5,1,6
uproarious,10,3,1,4,3,1,4
uproariously,12,2,0,2,2,0,2
uproars,7,4,3,7,4,2,6
uproot,6,2,4,6,2,4,6
uprooted,8,4,3,7,4,2,6
uprooting,9,4,2,6,4,2,6
uproots,7,2,4,6,2,4,6
ups,3,3,4,7,3,4,7
upscale,7,5,2,7,3,2,5
upset,5,4,4,8,4,4,8
upset's,7,4,3,7,4,3,7
upsets,6,3,3,6,3,3,6
upsetting,9,5,1,6,6,0,6
upshot,6,4,3,7,4,3,7
upshot's,8,3,3,6,3,3,6
upshots,7,3,4,7,3,4,7
upside,6,3,2,5,3,5,8
upside's,8,4,0,4,4,0,4
upsides,7,3,0,3,3,0,3
upstage,7,6,1,7,5,1,6
upstaged,8,4,1,5,4,1,5
upstages,8,5,2,7,5,2,7
upstaging,9,6,1,7,5,1,6
upstairs,8,4,2,6,3,1,4
upstanding,10,7,0,7,7,0,7
upstart,7,4,3,7,3,3,6
upstart's,9,4,2,6,3,2,5
upstarted,9,5,2,7,5,2,7
upstarting,10,6,1,7,5,1,6
upstarts,8,4,3,7,3,3,6
upstate,7,6,1,7,3,1,4
upstate's,9,5,1,6,5,1,6
upstream,8,4,0,4,4,0,4
upsurge,7,3,2,5,2,3,5
upsurge's,9,4,2,6,4,2,6
upsurged,8,4,1,5,4,1,5
upsurges,8,3,2,5,3,2,5
upsurging,9,6,1,7,5,1,6
upswing,7,5,3,8,5,2,7
upswing's,9,4,2,6,6,2,8
upswings,8,4,1,5,3,2,5
uptake,6,5,3,8,5,3,8
uptake's,8,7,3,10,7,4,11
uptakes,7,4,3,7,4,2,6
uptight,7,3,4,7,4,4,8
uptown,6,4,5,9,4,5,9
uptown's,8,6,3,9,6,3,9
upturn,6,2,5,7,2,5,7
upturn's,8,2,4,6,2,4,6
upturned,8,5,4,9,5,1,6
upturning,9,3,3,6,2,3,5
upturns,7,4,5,9,3,4,7
upward,6,4,5,9,2,6,8
upwardly,8,3,4,7,2,3,5
upwards,7,5,4,9,5,6,11
uranium,7,6,2,8,5,3,8
uranium's,9,8,1,9,7,2,9
urban,5,3,4,7,3,4,7
urbane,6,4,2,6,4,2,6
urbaner,7,3,3,6,3,3,6
urbanest,8,4,1,5,4,1,5
urbanity,8,5,2,7,3,3,6
urbanity's,10,7,2,9,7,2,9
urbanization,12,6,1,7,5,1,6
urbanization's,14,7,0,7,6,0,6
urbanize,8,5,2,7,5,2,7
urbanized,9,6,2,8,6,2,8
urbanizes,9,6,1,7,5,1,6
urbanizing,10,6,2,8,5,3,8
urchin,6,2,4,6,2,4,6
urchin's,8,3,3,6,3,3,6
urchins,7,3,4,7,3,3,6
urea,4,2,3,5,3,5,8
urea's,6,5,3,8,5,3,8
urethra,7,2,2,4,2,2,4
urethra's,9,4,1,5,3,1,4
urethrae,8,2,1,3,2,1,3
urethras,8,3,1,4,4,0,4
urge,4,2,3,5,2,3,5
urge's,6,4,3,7,4,3,7
urged,5,3,6,9,3,6,9
urgency,7,2,5,7,2,5,7
urgency's,9,4,2,6,3,4,7
urgent,6,3,4,7,3,5,8
urgently,8,6,2,8,6,3,9
urges,5,3,3,6,3,3,6
urging,6,3,3,6,3,3,6
uric,4,3,7,10,2,8,10
urinal,6,3,3,6,3,3,6
urinal's,8,4,2,6,4,2,6
urinals,7,4,4,8,4,4,8
urinalyses,10,3,0,3,3,1,4
urinalysis,10,2,0,2,2,1,3
urinalysis's,12,3,0,3,2,0,2
urinary,7,4,3,7,4,3,7
urinate,7,5,3,8,5,3,8
urinated,8,5,3,8,5,5,10
urinates,8,6,3,9,6,3,9
urinating,9,3,3,6,3,3,6
urination,9,4,2,6,3,2,5
urination's,11,6,1,7,6,1,7
urine,5,3,8,11,3,8,11
urine's,7,5,7,12,5,7,12
urn,3,1,7,8,1,7,8
urn's,5,3,5,8,3,5,8
urns,4,3,5,8,3,5,8
urologist,9,6,2,8,6,2,8
urologist's,11,7,2,9,7,2,9
urologists,10,6,2,8,6,2,8
urology,7,4,4,8,4,4,8
urology's,9,4,2,6,4,2,6
us,2,1,11,12,1,11,12
usability,9,2,0,2,2,0,2
usability's,11,2,0,2,2,0,2
usable,6,5,2,7,5,2,7
usage,5,4,1,5,4,1,5
usage's,7,5,1,6,5,2,7
usages,6,2,2,4,2,2,4
use,3,2,4,6,2,4,6
use's,5,2,4,6,2,4,6
useability,10,3,0,3,3,0,3
useability's,12,3,0,3,3,0,3
useable,7,4,0,4,3,1,4
used,4,4,1,5,4,0,4
useful,6,3,0,3,3,0,3
usefully,8,2,1,3,2,0,2
usefulness,10,3,0,3,2,0,2
usefulness's,12,3,0,3,2,0,2
useless,7,1,0,1,2,0,2
uselessly,9,1,0,1,1,0,1
uselessness,11,1,0,1,1,0,1
uselessness's,13,1,0,1,1,0,1
user,4,3,2,5,3,1,4
user's,6,2,0,2,2,0,2
username,8,3,0,3,2,0,2
username's,10,3,0,3,3,0,3
usernames,9,3,0,3,3,0,3
users,5,2,1,3,2,1,3
uses,4,2,1,3,2,0,2
usher,5,3,2,5,3,1,4
usher's,7,3,2,5,3,2,5
ushered,7,2,1,3,4,4,8
usherette,9,2,1,3,2,1,3
usherette's,11,4,1,5,2,1,3
usherettes,10,1,2,3,2,1,3
ushering,8,2,1,3,4,1,5
ushers,6,2,2,4,2,2,4
using,5,2,2,4,2,2,4
usual,5,2,3,5,3,2,5
usual's,7,3,3,6,4,3,7
usually,7,3,0,3,3,1,4
usurer,6,2,2,4,2,2,4
usurer's,8,4,1,5,3,1,4
usurers,7,3,1,4,3,0,3
usurious,8,3,2,5,3,2,5
usurp,5,4,1,5,4,1,5
usurpation,10,5,0,5,3,0,3
usurpation's,12,5,0,5,3,0,3
usurped,7,5,1,6,4,1,5
usurper,7,5,1,6,4,1,5
usurper's,9,3,1,4,2,1,3
usurpers,8,2,3,5,2,2,4
usurping,8,2,2,4,3,2,5
usurps,6,2,4,6,1,4,5
usury,5,3,2,5,3,2,5
usury's,7,3,3,6,2,2,4
utensil,7,3,0,3,2,1,3
utensil's,9,4,0,4,3,1,4
utensils,8,2,1,3,2,1,3
uteri,5,3,2,5,3,3,6
uterine,7,3,2,5,3,1,4
uterus,6,4,3,7,3,3,6
uterus's,8,3,2,5,4,1,5
uteruses,8,3,0,3,3,0,3
utilitarian,11,3,1,4,3,2,5
utilitarian's,13,2,0,2,4,1,5
utilitarianism,14,2,0,2,2,0,2
utilitarians,12,2,1,3,2,1,3
utilities,9,4,0,4,4,0,4
utility,7,1,5,6,1,5,6
utility's,9,3,3,6,3,3,6
utilization,11,3,1,4,3,2,5
utilization's,13,8,0,8,4,1,5
utilize,7,3,3,6,3,1,4
utilized,8,3,3,6,3,2,5
utilizes,8,3,1,4,3,1,4
utilizing,9,2,3,5,4,3,7
utmost,6,2,3,5,2,3,5
utmost's,8,3,3,6,2,3,5
utopia,6,5,2,7,5,2,7
utopia's,8,8,1,9,8,1,9
utopian,7,4,2,6,4,3,7
utopian's,9,6,2,8,5,2,7
utopians,8,7,2,9,7,2,9
utopias,7,4,2,6,4,1,5
utter,5,3,8,11,4,6,10
utterance,9,2,1,3,2,1,3
utterance's,11,8,0,8,5,0,5
utterances,10,5,1,6,3,0,3
uttered,7,3,4,7,4,2,6
uttering,8,5,3,8,5,3,8
utterly,7,3,4,7,3,4,7
uttermost,9,3,0,3,3,0,3
uttermost's,11,3,1,4,2,1,3
utters,6,4,7,11,5,6,11
uvula,5,2,4,6,2,4,6
uvula's,7,4,3,7,6,3,9
uvulae,6,3,1,4,3,1,4
uvular,6,2,3,5,2,3,5
uvular's,8,4,2,6,4,2,6
uvulars,7,4,3,7,5,4,9
uvulas,6,3,4,7,3,4,7
v,1,1,21,22,1,21,22
vacancies,9,5,0,5,5,0,5
vacancy,7,2,5,7,2,4,6
vacancy's,9,4,3,7,3,2,5
vacant,6,2,3,5,2,3,5
vacantly,8,1,5,6,2,5,7
vacate,6,3,3,6,3,3,6
vacated,7,5,5,10,4,4,8
vacates,7,4,5,9,4,3,7
vacating,8,4,6,10,5,4,9
vacation,8,4,2,6,4,2,6
vacation's,10,5,1,6,6,2,8
vacationed,10,4,1,5,3,2,5
vacationer,10,4,2,6,4,1,5
vacationer's,12,6,0,6,5,0,5
vacationers,11,5,1,6,5,0,5
vacationing,11,3,1,4,3,2,5
vacations,9,4,2,6,3,2,5
vaccinate,9,4,1,5,4,1,5
vaccinated,10,5,1,6,5,1,6
vaccinates,10,5,0,5,6,0,6
vaccinating,11,5,1,6,3,2,5
vaccination,11,6,1,7,4,2,6
vaccination's,13,7,0,7,5,1,6
vaccinations,12,3,1,4,5,1,6
vaccine,7,4,1,5,4,0,4
vaccine's,9,6,0,6,6,0,6
vaccines,8,4,0,4,4,0,4
vacillate,9,4,1,5,4,1,5
vacillated,10,5,1,6,5,1,6
vacillates,10,5,0,5,6,0,6
vacillating,11,5,1,6,7,2,9
vacillation,11,4,2,6,7,2,9
vacillation's,13,6,0,6,5,1,6
vacillations,12,4,1,5,4,1,5
vacua,5,2,7,9,2,6,8
vacuity,7,3,3,6,3,5,8
vacuity's,9,5,3,8,5,3,8
vacuous,7,4,5,9,4,6,10
vacuously,9,6,1,7,6,2,8
vacuum,6,2,8,10,3,7,10
vacuum's,8,4,3,7,5,6,11
vacuumed,8,4,3,7,3,6,9
vacuuming,9,5,3,8,5,3,8
vacuums,7,3,4,7,3,4,7
vagabond,8,4,3,7,2,5,7
vagabond's,10,6,2,8,5,3,8
vagabonded,10,4,1,5,3,2,5
vagabonding,11,3,1,4,3,2,5
vagabonds,9,5,3,8,4,3,7
vagaries,8,5,1,6,5,1,6
vagary,6,3,4,7,3,4,7
vagary's,8,5,3,8,4,5,9
vagina,6,3,4,7,3,4,7
vagina's,8,5,3,8,5,3,8
vaginae,7,4,2,6,4,1,5
vaginal,7,3,4,7,3,4,7
vagrancy,8,3,3,6,2,3,5
vagrancy's,10,3,1,4,3,1,4
vagrant,7,2,4,6,3,3,6
vagrant's,9,5,1,6,5,2,7
vagrants,8,3,2,5,3,2,5
vague,5,4,4,8,4,4,8
vaguely,7,3,4,7,3,3,6
vagueness,9,5,0,5,5,0,5
vagueness's,11,6,0,6,6,0,6
vaguer,6,3,10,13,4,9,13
vaguest,7,4,5,9,4,5,9
vain,4,3,10,13,3,10,13
vainer,6,5,2,7,5,2,7
vainest,7,6,1,7,6,1,7
vainglorious,12,3,1,4,3,1,4
vainglory,9,4,2,6,4,2,6
vainglory's,11,5,2,7,4,2,6
vainly,6,5,4,9,5,4,9
valance,7,4,2,6,4,1,5
valance's,9,6,1,7,6,1,7
valances,8,6,2,8,6,2,8
vale,4,4,10,14,4,10,14
vale's,6,6,9,15,6,9,15
valedictorian,13,3,1,4,2,1,3
valedictorian's,15,3,0,3,3,0,3
valedictorians,14,3,0,3,3,0,3
valedictories,13,3,1,4,3,0,3
valedictory,11,2,1,3,3,1,4
valedictory's,13,6,0,6,4,1,5
valence,7,3,1,4,4,0,4
valence's,9,6,0,6,6,2,8
valences,8,4,2,6,4,2,6
valentine,9,4,1,5,4,1,5
valentine's,11,6,0,6,4,1,5
valentines,10,4,0,4,4,0,4
vales,5,4,8,12,4,9,13
valet,5,3,6,9,3,6,9
valet's,7,5,4,9,5,4,9
valeted,7,4,3,7,3,1,4
valeting,8,5,2,7,5,2,7
valets,6,4,4,8,4,4,8
valiant,7,3,3,6,3,3,6
valiantly,9,6,2,8,3,2,5
valid,5,5,6,11,5,6,11
validate,8,3,3,6,4,2,6
validated,9,4,2,6,4,2,6
validates,9,5,1,6,4,2,6
validating,10,4,2,6,3,2,5
validation,10,5,2,7,4,2,6
validation's,12,7,1,8,5,1,6
validations,11,4,1,5,4,1,5
validity,8,5,5,10,5,5,10
validity's,10,7,3,10,7,3,10
validly,7,3,2,5,2,4,6
validness,9,6,0,6,6,0,6
validness's,11,7,0,7,7,0,7
valise,6,4,2,6,3,4,7
valise's,8,5,1,6,3,1,4
valises,7,3,2,5,4,0,4
valley,6,4,6,10,4,6,10
valley's,8,6,4,10,6,4,10
valleys,7,5,5,10,5,5,10
valor,5,5,4,9,5,4,9
valor's,7,7,2,9,7,2,9
valorous,8,7,2,9,7,2,9
valuable,8,4,2,6,3,2,5
valuable's,10,5,2,7,4,1,5
valuables,9,4,1,5,4,1,5
valuation,9,6,3,9,4,3,7
valuation's,11,8,2,10,5,2,7
valuations,10,5,2,7,3,2,5
value,5,4,2,6,4,1,5
value's,7,5,3,8,5,2,7
valued,6,5,1,6,5,1,6
valueless,9,3,1,4,3,1,4
values,6,5,2,7,5,3,8
valuing,7,6,3,9,6,2,8
valve,5,4,2,6,4,1,5
valve's,7,4,5,9,5,2,7
valved,6,5,1,6,5,1,6
valves,6,5,2,7,5,3,8
valving,7,6,3,9,6,2,8
vamoose,7,4,2,6,4,3,7
vamoosed,8,4,2,6,4,1,5
vamooses,8,4,3,7,4,3,7
vamoosing,9,5,1,6,4,1,5
vamp,4,3,8,11,3,8,11
vamp's,6,5,8,13,5,8,13
vamped,6,4,7,11,5,7,12
vamping,7,5,7,12,6,7,13
vampire,7,4,3,7,4,2,6
vampire's,9,6,1,7,6,1,7
vampires,8,4,2,6,4,2,6
vamps,5,3,11,14,4,8,12
van,3,3,4,7,3,4,7
van's,5,5,6,11,5,6,11
vanadium,8,3,3,6,3,3,6
vanadium's,10,6,3,9,4,2,6
vandal,6,5,2,7,5,2,7
vandal's,8,7,1,8,7,1,8
vandalism,9,4,3,7,3,3,6
vandalism's,11,5,2,7,3,3,6
vandalize,9,6,2,8,4,3,7
vandalized,10,3,1,4,3,2,5
vandalizes,10,7,1,8,5,1,6
vandalizing,11,6,2,8,3,3,6
vandals,7,3,4,7,3,4,7
vane,4,4,11,15,4,12,16
vane's,6,6,10,16,6,10,16
vanes,5,5,8,13,5,8,13
vanguard,8,3,4,7,3,5,8
vanguard's,10,5,1,6,5,3,8
vanguards,9,4,3,7,4,4,8
vanilla,7,3,4,7,3,4,7
vanilla's,9,5,3,8,5,3,8
vanillas,8,2,3,5,2,3,5
vanish,6,5,4,9,5,4,9
vanished,8,7,2,9,7,2,9
vanishes,8,6,1,7,6,0,6
vanishing,9,6,2,8,6,2,8
vanishings,10,3,1,4,3,1,4
vanities,8,6,0,6,6,0,6
vanity,6,3,7,10,3,7,10
vanity's,8,5,2,7,5,3,8
vanned,6,4,8,12,4,9,13
vanning,7,4,8,12,4,8,12
vanquish,8,6,2,8,6,2,8
vanquished,10,8,1,9,8,1,9
vanquishes,10,7,2,9,7,1,8
vanquishing,11,4,0,4,4,1,5
vans,4,3,11,14,3,12,15
vantage,7,4,3,7,4,3,7
vantage's,9,6,2,8,6,2,8
vantages,8,5,2,7,4,4,8
vape,4,3,9,12,4,8,12
vaped,5,4,6,10,4,6,10
vapes,5,4,8,12,4,8,12
vapid,5,4,7,11,4,7,11
vapidity,8,6,5,11,6,5,11
vapidity's,10,8,3,11,8,3,11
vapidness,9,5,1,6,5,1,6
vapidness's,11,6,1,7,6,1,7
vaping,6,5,9,14,5,9,14
vapor,5,4,5,9,4,5,9
vapor's,7,6,3,9,6,3,9
vaporization,12,5,1,6,3,1,4
vaporization's,14,6,0,6,4,0,4
vaporize,8,3,5,8,4,4,8
vaporized,9,6,2,8,5,1,6
vaporizer,9,3,2,5,2,3,5
vaporizer's,11,5,0,5,4,0,4
vaporizers,10,4,1,5,4,0,4
vaporizes,9,4,3,7,6,1,7
vaporizing,10,4,3,7,3,3,6
vaporous,8,6,3,9,6,3,9
vapors,6,5,3,8,5,3,8
variability,11,5,1,6,1,2,3
variability's,13,3,0,3,2,1,3
variable,8,4,2,6,4,2,6
variable's,10,6,1,7,4,1,5
variables,9,7,0,7,7,0,7
variably,8,4,2,6,3,2,5
variance,8,4,2,6,4,2,6
variance's,10,7,0,7,7,1,8
variances,9,6,1,7,6,1,7
variant,7,4,3,7,4,4,8
variant's,9,6,3,9,6,3,9
variants,8,4,2,6,5,3,8
variate,7,4,2,6,4,1,5
variation,9,6,2,8,4,2,6
variation's,11,8,1,9,5,1,6
variations,10,4,1,5,4,1,5
varicolored,11,3,1,4,4,1,5
varicose,8,4,0,4,4,0,4
varied,6,5,6,11,5,6,11
variegate,9,3,1,4,3,1,4
variegated,10,4,1,5,3,1,4
variegates,10,3,0,3,3,0,3
variegating,11,3,1,4,3,1,4
varies,6,4,5,9,4,5,9
varieties,9,5,0,5,4,1,5
variety,7,4,2,6,4,2,6
variety's,9,6,1,7,6,1,7
various,7,4,5,9,4,5,9
variously,9,7,1,8,6,1,7
varlet,6,4,4,8,4,4,8
varlet's,8,6,2,8,6,2,8
varlets,7,5,4,9,5,4,9
varmint,7,3,3,6,4,4,8
varmint's,9,5,2,7,5,2,7
varmints,8,4,4,8,4,4,8
varnish,7,6,3,9,6,5,11
varnish's,9,7,2,9,7,3,10
varnished,9,8,2,10,8,2,10
varnishes,9,7,3,10,7,2,9
varnishing,10,7,2,9,7,3,10
varsities,9,4,1,5,3,1,4
varsity,7,4,3,7,3,4,7
varsity's,9,6,3,9,6,3,9
vary,4,4,9,13,4,9,13
varying,7,5,10,15,5,10,15
vascular,8,3,2,5,3,2,5
vase,4,3,4,7,3,9,12
vase's,6,4,3,7,4,3,7
vasectomies,11,3,0,3,3,0,3
vasectomy,9,3,1,4,3,1,4
vasectomy's,11,4,0,4,3,1,4
vases,5,3,4,7,3,4,7
vassal,6,3,2,5,3,2,5
vassal's,8,4,2,6,4,2,6
vassalage,9,2,1,3,2,1,3
vassalage's,11,3,1,4,2,1,3
vassals,7,3,1,4,3,1,4
vast,4,3,8,11,3,8,11
vast's,6,4,8,12,4,8,12
vaster,6,6,4,10,6,4,10
vastest,7,4,2,6,4,1,5
vastly,6,5,3,8,4,3,7
vastness,8,5,2,7,5,2,7
vastness's,10,6,2,8,6,2,8
vasts,5,3,7,10,3,7,10
vat,3,2,12,14,2,11,13
vat's,5,4,11,15,4,11,15
vats,4,3,10,13,3,10,13
vatted,6,4,6,10,4,6,10
vatting,7,5,8,13,5,8,13
vaudeville,10,3,1,4,4,1,5
vaudeville's,12,6,0,6,6,0,6
vault,5,4,7,11,4,7,11
vault's,7,6,4,10,6,4,10
vaulted,7,6,3,9,6,3,9
vaulter,7,4,3,7,3,3,6
vaulter's,9,6,1,7,6,1,7
vaulters,8,5,2,7,5,1,6
vaulting,8,7,3,10,7,3,10
vaulting's,10,8,2,10,8,3,11
vaults,6,5,6,11,5,6,11
vaunt,5,4,9,13,4,9,13
vaunt's,7,6,4,10,6,4,10
vaunted,7,6,6,12,6,6,12
vaunting,8,6,6,12,6,6,12
vaunts,6,5,7,12,5,7,12
veal,4,4,8,12,4,8,12
veal's,6,6,6,12,6,6,12
vector,6,5,2,7,5,2,7
vector's,8,7,1,8,7,2,9
vectored,8,6,3,9,6,3,9
vectoring,9,8,2,10,8,2,10
vectors,7,6,2,8,6,2,8
veep,4,3,7,10,3,6,9
veep's,6,5,5,10,5,5,10
veeps,5,4,4,8,4,4,8
veer,4,3,7,10,3,6,9
veer's,6,4,5,9,4,5,9
veered,6,3,3,6,3,3,6
veering,7,5,4,9,5,4,9
veers,5,3,7,10,3,7,10
vegan,5,4,4,8,4,5,9
vegan's,7,5,5,10,5,6,11
vegans,6,4,5,9,4,4,8
vegetable,9,2,2,4,2,1,3
vegetable's,11,4,0,4,3,0,3
vegetables,10,3,0,3,3,0,3
vegetarian,10,3,1,4,3,1,4
vegetarian's,12,4,0,4,4,0,4
vegetarianism,13,2,1,3,2,1,3
vegetarianism's,15,3,1,4,2,1,3
vegetarians,11,3,0,3,3,0,3
vegetate,8,2,2,4,2,1,3
vegetated,9,3,1,4,3,1,4
vegetates,9,3,1,4,3,1,4
vegetating,10,3,1,4,3,1,4
vegetation,10,5,1,6,4,1,5
vegetation's,12,7,0,7,5,0,5
vegetative,10,3,1,4,1,3,4
veggie,6,3,5,8,3,7,10
veggie's,8,5,4,9,5,3,8
veggies,7,4,5,9,3,6,9
vehemence,9,3,2,5,1,2,3
vehemence's,11,5,1,6,2,1,3
vehement,8,3,3,6,2,3,5
vehemently,10,1,2,3,1,2,3
vehicle,7,3,4,7,6,3,9
vehicle's,9,5,3,8,5,4,9
vehicles,8,4,2,6,4,2,6
vehicular,9,3,2,5,3,2,5
veil,4,3,3,6,3,3,6
veil's,6,4,3,7,5,2,7
veiled,6,3,3,6,3,3,6
veiling,7,4,4,8,4,4,8
veils,5,3,4,7,3,3,6
vein,4,2,6,8,2,6,8
vein's,6,4,3,7,4,4,8
veined,6,3,4,7,3,5,8
veining,7,4,2,6,4,2,6
veins,5,3,4,7,3,5,8
veld,4,4,6,10,4,5,9
veld's,6,6,4,10,6,3,9
velds,5,5,6,11,5,5,10
veldt,5,2,8,10,2,6,8
veldt's,7,4,5,9,4,6,10
veldts,6,3,5,8,4,3,7
vellum,6,2,4,6,2,4,6
vellum's,8,4,3,7,4,3,7
velocities,10,6,2,8,4,0,4
velocity,8,6,4,10,4,3,7
velocity's,10,8,2,10,8,2,10
velour,6,4,2,6,4,2,6
velour's,8,6,2,8,6,2,8
velours,7,5,2,7,5,2,7
velours's,9,4,2,6,4,2,6
velvet,6,3,5,8,4,4,8
velvet's,8,5,2,7,6,2,8
velveteen,9,2,1,3,2,1,3
velveteen's,11,3,0,3,3,0,3
velvety,7,2,2,4,2,3,5
venal,5,3,6,9,3,6,9
venality,8,5,1,6,4,1,5
venality's,10,8,0,8,7,1,8
venally,7,4,3,7,3,1,4
vend,4,4,8,12,4,7,11
vended,6,4,5,9,4,4,8
vender,6,4,7,11,4,7,11
vender's,8,6,6,12,6,6,12
venders,7,5,5,10,5,5,10
vendetta,8,2,3,5,2,3,5
vendetta's,10,4,0,4,4,2,6
vendettas,9,3,2,5,3,2,5
vending,7,6,8,14,6,8,14
vendor,6,3,2,5,3,2,5
vendor's,8,5,1,6,6,1,7
vendors,7,4,2,6,4,2,6
vends,5,5,9,14,5,9,14
veneer,6,2,1,3,2,1,3
veneer's,8,2,0,2,2,0,2
veneered,8,2,1,3,2,1,3
veneering,9,2,1,3,2,1,3
veneers,7,3,1,4,3,1,4
venerable,9,3,1,4,2,2,4
venerate,8,4,1,5,5,2,7
venerated,9,6,2,8,6,2,8
venerates,9,5,0,5,5,0,5
venerating,10,5,1,6,4,1,5
veneration,10,7,2,9,7,2,9
veneration's,12,9,1,10,9,1,10
venereal,8,2,1,3,2,1,3
vengeance,9,2,2,4,2,2,4
vengeance's,11,4,1,5,3,1,4
vengeful,8,2,3,5,3,2,5
vengefully,10,3,2,5,2,2,4
venial,6,5,5,10,5,5,10
venison,7,3,1,4,3,1,4
venison's,9,3,1,4,3,1,4
venom,5,3,5,8,3,6,9
venom's,7,4,4,8,4,5,9
venomous,8,3,3,6,4,2,6
venomously,10,2,1,3,3,1,4
venous,6,4,4,8,3,5,8
vent,4,4,10,14,4,9,13
vent's,6,5,8,13,5,8,13
vented,6,3,4,7,4,4,8
ventilate,9,3,1,4,3,2,5
ventilated,10,4,2,6,3,2,5
ventilates,10,4,1,5,4,0,4
ventilating,11,3,1,4,4,1,5
ventilation,11,2,1,3,4,1,5
ventilation's,13,4,0,4,4,0,4
ventilator,10,3,1,4,3,1,4
ventilator's,12,4,0,4,4,0,4
ventilators,11,5,0,5,4,0,4
venting,7,5,3,8,5,3,8
ventral,7,6,3,9,6,2,8
ventricle,9,3,2,5,2,2,4
ventricle's,11,5,1,6,3,0,3
ventricles,10,6,0,6,4,0,4
ventricular,11,4,1,5,4,1,5
ventriloquism,13,7,0,7,3,0,3
ventriloquism's,15,8,0,8,3,0,3
ventriloquist,13,7,0,7,3,0,3
ventriloquist's,15,8,0,8,3,0,3
ventriloquists,14,2,0,2,2,0,2
vents,5,4,8,12,4,8,12
venture,7,5,2,7,5,1,6
venture's,9,7,2,9,7,1,8
ventured,8,5,3,8,5,3,8
ventures,8,6,1,7,6,1,7
venturesome,11,2,0,2,2,0,2
venturing,9,3,2,5,3,2,5
venturous,9,5,4,9,5,4,9
venue,5,2,6,8,2,6,8
venue's,7,4,6,10,4,5,9
venues,6,4,2,6,4,3,7
veracious,9,8,2,10,8,2,10
veracity,8,5,3,8,6,3,9
veracity's,10,7,1,8,5,1,6
veranda,7,2,3,5,5,1,6
veranda's,9,5,0,5,5,1,6
verandah,8,2,2,4,2,2,4
verandah's,10,4,0,4,4,0,4
verandahs,9,3,2,5,3,2,5
verandas,8,4,2,6,4,2,6
verb,4,3,5,8,3,4,7
verb's,6,5,4,9,5,4,9
verbal,6,5,4,9,5,4,9
verbal's,8,5,2,7,5,3,8
verbalize,9,3,2,5,3,2,5
verbalized,10,3,2,5,3,2,5
verbalizes,10,4,0,4,4,1,5
verbalizing,11,7,2,9,4,1,5
verbally,8,4,4,8,3,3,6
verbals,7,4,4,8,5,2,7
verbatim,8,4,1,5,3,2,5
verbena,7,2,2,4,3,2,5
verbena's,9,4,1,5,5,1,6
verbenas,8,3,2,5,5,0,5
verbiage,8,3,2,5,3,2,5
verbiage's,10,6,1,7,6,1,7
verbose,7,3,0,3,2,3,5
verbosity,9,4,0,4,4,0,4
verbosity's,11,4,0,4,5,0,5
verbs,5,4,5,9,4,5,9
verdant,7,3,3,6,3,2,5
verdict,7,4,2,6,4,2,6
verdict's,9,6,2,8,6,0,6
verdicts,8,5,1,6,5,1,6
verdigris,9,3,1,4,3,1,4
verdigris's,11,4,0,4,4,0,4
verdigrised,11,3,1,4,3,1,4
verdigrises,11,4,0,4,4,0,4
verdigrising,12,2,0,2,2,0,2
verdure,7,3,2,5,3,1,4
verdure's,9,4,1,5,3,0,3
verge,5,3,3,6,3,3,6
verge's,7,5,2,7,5,2,7
verged,6,4,3,7,5,2,7
verges,6,4,2,6,4,4,8
verging,7,5,3,8,5,3,8
verier,6,3,4,7,3,4,7
veriest,7,3,5,8,3,5,8
verifiable,10,5,1,6,6,1,7
verification,12,8,2,10,8,2,10
verification's,14,10,1,11,10,1,11
verified,8,3,2,5,3,2,5
verifies,8,6,0,6,6,0,6
verify,6,6,2,8,6,2,8
verifying,9,4,3,7,4,3,7
verily,6,6,3,9,6,3,9
verisimilitude,14,3,0,3,2,0,2
verisimilitude's,16,3,0,3,3,0,3
veritable,9,6,1,7,4,1,5
veritably,9,5,1,6,3,2,5
verities,8,5,1,6,5,1,6
verity,6,5,4,9,5,4,9
verity's,8,5,3,8,5,3,8
vermicelli,10,2,1,3,2,1,3
vermicelli's,12,6,0,6,4,1,5
vermilion,9,5,2,7,5,2,7
vermilion's,11,5,1,6,4,1,5
vermillion,10,3,1,4,3,1,4
vermillion's,12,3,1,4,3,0,3
vermin,6,5,1,6,5,1,6
vermin's,8,7,0,7,7,2,9
verminous,9,3,2,5,3,2,5
vermouth,8,2,3,5,2,3,5
vermouth's,10,4,2,6,3,2,5
vernacular,10,3,2,5,3,2,5
vernacular's,12,4,0,4,3,1,4
vernaculars,11,3,1,4,4,1,5
vernal,6,4,4,8,4,4,8
versatile,9,4,0,4,4,0,4
versatility,11,2,0,2,3,0,3
versatility's,13,2,1,3,3,1,4
verse,5,3,2,5,3,2,5
verse's,7,3,3,6,3,2,5
versed,6,3,1,4,4,3,7
verses,6,3,0,3,3,1,4
versification,13,5,0,5,3,0,3
versification's,15,5,0,5,3,0,3
versified,9,3,1,4,4,0,4
versifies,9,3,2,5,3,1,4
versify,7,3,2,5,3,2,5
versifying,10,6,0,6,5,0,5
versing,7,4,1,5,4,1,5
version,7,5,1,6,5,1,6
version's,9,6,1,7,6,1,7
versions,8,5,1,6,5,1,6
versus,6,3,3,6,3,3,6
vertebra,8,2,1,3,2,1,3
vertebra's,10,4,1,5,3,0,3
vertebrae,9,2,1,3,2,1,3
vertebral,9,2,2,4,2,2,4
vertebras,9,3,1,4,3,0,3
vertebrate,10,3,1,4,3,1,4
vertebrate's,12,3,0,3,3,0,3
vertebrates,11,4,0,4,4,0,4
vertex,6,3,3,6,3,3,6
vertex's,8,5,1,6,4,1,5
vertexes,8,3,1,4,3,1,4
vertical,8,6,1,7,5,1,6
vertical's,10,8,0,8,8,0,8
vertically,10,7,2,9,7,2,9
verticals,9,4,1,5,4,1,5
vertices,8,5,0,5,5,0,5
vertiginous,11,3,1,4,5,0,5
vertigo,7,4,3,7,4,3,7
vertigo's,9,6,2,8,6,0,6
verve,5,3,1,4,3,1,4
verve's,7,5,0,5,5,0,5
very,4,3,11,14,3,8,11
vesicle,7,3,1,4,5,4,9
vesicle's,9,4,1,5,4,1,5
vesicles,8,2,3,5,2,3,5
vesper,6,3,6,9,3,5,8
vesper's,8,4,2,6,4,2,6
vespers,7,3,1,4,2,1,3
vessel,6,3,3,6,3,3,6
vessel's,8,4,1,5,4,1,5
vessels,7,3,0,3,3,0,3
vest,4,4,10,14,4,9,13
vest's,6,4,8,12,4,8,12
vested,6,4,5,9,4,4,8
vestibule,9,4,0,4,4,0,4
vestibule's,11,5,1,6,4,0,4
vestibules,10,4,0,4,4,0,4
vestige,7,5,1,6,5,2,7
vestige's,9,3,2,5,3,2,5
vestiges,8,4,2,6,4,2,6
vestigial,9,4,1,5,4,1,5
vesting,7,6,5,11,6,3,9
vestment,8,4,0,4,3,1,4
vestment's,10,4,0,4,3,1,4
vestments,9,2,1,3,2,1,3
vestries,8,4,1,5,4,0,4
vestry,6,4,1,5,4,1,5
vestry's,8,3,2,5,3,2,5
vests,5,4,7,11,4,7,11
vet,3,3,11,14,3,10,13
vet's,5,4,8,12,4,7,11
vetch,5,4,9,13,4,6,10
vetch's,7,6,5,11,6,4,10
vetches,7,5,5,10,5,6,11
veteran,7,3,2,5,3,2,5
veteran's,9,5,1,6,5,1,6
veterans,8,4,1,5,4,0,4
veterinarian,12,3,1,4,2,2,4
veterinarian's,14,4,0,4,3,0,3
veterinarians,13,4,0,4,3,0,3
veterinaries,12,3,0,3,3,0,3
veterinary,10,3,1,4,3,1,4
veterinary's,12,6,0,6,4,0,4
veto,4,3,7,10,3,6,9
veto's,6,4,6,10,4,7,11
vetoed,6,3,2,5,3,0,3
vetoes,6,3,3,6,3,4,7
vetoing,7,5,3,8,5,3,8
vets,4,3,10,13,3,9,12
vetted,6,4,6,10,4,4,8
vetting,7,6,6,12,6,6,12
vex,3,1,14,15,1,14,15
vexation,8,6,2,8,6,2,8
vexation's,10,8,1,9,8,1,9
vexations,9,7,2,9,7,2,9
vexatious,9,7,3,10,7,3,10
vexed,5,3,5,8,2,6,8
vexes,5,3,4,7,3,4,7
vexing,6,4,7,11,4,7,11
via,3,2,3,5,2,3,5
viability,9,4,3,7,2,3,5
viability's,11,7,2,9,4,1,5
viable,6,3,8,11,3,8,11
viaduct,7,3,2,5,3,2,5
viaduct's,9,5,1,6,3,2,5
viaducts,8,4,2,6,3,4,7
vial,4,3,4,7,2,4,6
vial's,6,5,4,9,5,4,9
vials,5,4,4,8,4,4,8
viand,5,3,7,10,3,7,10
viand's,7,5,6,11,5,6,11
viands,6,4,7,11,4,6,10
vibe,4,4,7,11,4,7,11
vibe's,6,6,7,13,6,7,13
vibes,5,5,4,9,5,4,9
vibes's,7,4,3,7,4,3,7
vibrancy,8,5,3,8,5,5,10
vibrancy's,10,7,3,10,7,4,11
vibrant,7,5,3,8,5,3,8
vibrantly,9,4,2,6,3,2,5
vibraphone,10,7,2,9,7,2,9
vibraphone's,12,9,1,10,5,0,5
vibraphones,11,7,0,7,5,0,5
vibrate,7,5,2,7,5,2,7
vibrated,8,6,2,8,6,3,9
vibrates,8,6,1,7,6,1,7
vibrating,9,4,4,8,4,4,8
vibration,9,6,3,9,6,3,9
vibration's,11,8,2,10,8,2,10
vibrations,10,7,2,9,7,2,9
vibrato,7,4,2,6,4,2,6
vibrato's,9,5,2,7,5,2,7
vibrator,8,2,4,6,4,3,7
vibrator's,10,5,2,7,4,2,6
vibrators,9,4,2,6,4,2,6
vibratos,8,4,3,7,4,3,7
viburnum,8,2,4,6,2,4,6
viburnum's,10,3,3,6,3,3,6
viburnums,9,3,3,6,3,3,6
vicar,5,4,5,9,4,5,9
vicar's,7,6,4,10,6,4,10
vicarage,8,2,1,3,2,1,3
vicarage's,10,5,0,5,3,0,3
vicarages,9,4,0,4,4,0,4
vicarious,9,5,2,7,5,3,8
vicariously,11,7,0,7,6,0,6
vicars,6,4,4,8,4,4,8
vice,4,4,8,12,4,8,12
vice's,6,5,8,13,5,8,13
viced,5,4,8,12,4,9,13
viceroy,7,4,3,7,4,4,8
viceroy's,9,6,2,8,5,2,7
viceroys,8,3,3,6,4,2,6
vices,5,4,5,9,4,5,9
vichyssoise,11,1,0,1,1,0,1
vichyssoise's,13,1,0,1,1,0,1
vicing,6,4,8,12,4,8,12
vicinity,8,5,2,7,3,2,5
vicinity's,10,7,3,10,7,3,10
vicious,7,4,4,8,4,4,8
viciously,9,6,0,6,5,1,6
viciousness,11,6,0,6,5,0,5
viciousness's,13,7,0,7,5,0,5
vicissitude,11,2,0,2,2,0,2
vicissitude's,13,3,0,3,2,0,2
vicissitudes,12,2,0,2,2,0,2
victim,6,2,4,6,2,3,5
victim's,8,4,4,8,4,4,8
victimization,13,1,1,2,1,1,2
victimization's,15,6,0,6,2,0,2
victimize,9,3,3,6,3,3,6
victimized,10,3,3,6,2,4,6
victimizes,10,4,2,6,4,1,5
victimizing,11,4,2,6,4,3,7
victims,7,3,5,8,3,4,7
victor,6,4,5,9,4,5,9
victor's,8,6,4,10,6,3,9
victories,9,6,1,7,6,1,7
victorious,10,5,2,7,4,2,6
victoriously,12,6,0,6,3,0,3
victors,7,4,5,9,4,4,8
victory,7,3,5,8,3,5,8
victory's,9,6,3,9,6,3,9
victual,7,7,2,9,7,3,10
victual's,9,4,3,7,4,3,7
victualed,9,5,1,6,4,2,6
victualing,10,4,2,6,4,2,6
victualled,10,5,2,7,5,2,7
victualling,11,5,1,6,3,2,5
victuals,8,5,2,7,5,2,7
vicuña,6,3,4,7,3,4,7
vicuña's,8,5,2,7,5,2,7
vicuñas,7,4,3,7,4,2,6
video,5,3,3,6,3,3,6
video's,7,4,5,9,4,5,9
videocassette,13,2,0,2,2,0,2
videocassette's,15,3,0,3,2,0,2
videocassettes,14,2,0,2,2,0,2
videodisc,9,3,1,4,3,1,4
videodisc's,11,4,1,5,3,0,3
videodiscs,10,2,1,3,3,0,3
videos,6,3,4,7,3,4,7
videotape,9,3,2,5,3,2,5
videotape's,11,6,1,7,5,2,7
videotaped,10,3,2,5,3,2,5
videotapes,10,5,0,5,4,1,5
videotaping,11,5,1,6,5,1,6
vie,3,2,8,10,2,8,10
vied,4,3,8,11,3,6,9
vies,4,3,7,10,3,6,9
view,4,3,8,11,3,8,11
view's,6,5,4,9,5,4,9
viewed,6,2,6,8,2,6,8
viewer,6,4,1,5,4,1,5
viewer's,8,5,1,6,5,1,6
viewers,7,4,2,6,4,1,5
viewfinder,10,3,1,4,3,1,4
viewfinder's,12,3,0,3,3,0,3
viewfinders,11,4,1,5,4,0,4
viewing,7,4,4,8,4,4,8
viewing's,9,4,1,5,3,1,4
viewings,8,3,3,6,3,3,6
viewpoint,9,3,2,5,3,2,5
viewpoint's,11,5,1,6,3,1,4
viewpoints,10,3,1,4,3,1,4
views,5,3,7,10,3,7,10
vigil,5,3,4,7,3,4,7
vigil's,7,4,3,7,4,5,9
vigilance,9,8,1,9,8,1,9
vigilance's,11,5,1,6,4,2,6
vigilant,8,2,2,4,2,2,4
vigilante,9,7,2,9,7,2,9
vigilante's,11,6,0,6,4,1,5
vigilantes,10,4,0,4,4,0,4
vigilantism,11,2,0,2,3,0,3
vigilantism's,13,4,0,4,3,0,3
vigilantly,10,4,2,6,2,2,4
vigils,6,3,6,9,3,8,11
vignette,8,3,1,4,3,2,5
vignette's,10,4,2,6,4,3,7
vignetted,9,3,2,5,3,4,7
vignettes,9,3,0,3,3,1,4
vignetting,10,2,1,3,2,1,3
vigor,5,5,4,9,5,4,9
vigor's,7,7,3,10,7,3,10
vigorous,8,6,2,8,5,2,7
vigorously,10,7,2,9,7,1,8
vile,4,4,9,13,4,9,13
vilely,6,2,3,5,2,2,4
vileness,8,5,2,7,5,2,7
vileness's,10,6,2,8,6,2,8
viler,5,4,5,9,4,5,9
vilest,6,5,1,6,5,1,6
vilification,12,5,1,6,4,1,5
vilification's,14,4,0,4,3,0,3
vilified,8,4,3,7,4,2,6
vilifies,8,4,0,4,4,0,4
vilify,6,2,5,7,2,5,7
vilifying,9,5,2,7,4,3,7
villa,5,4,2,6,4,2,6
villa's,7,6,1,7,6,2,8
village,7,5,4,9,5,4,9
village's,9,7,4,11,7,4,11
villager,8,4,2,6,5,1,6
villager's,10,6,0,6,6,0,6
villagers,9,5,2,7,5,1,6
villages,8,6,2,8,6,2,8
villain,7,3,2,5,3,3,6
villain's,9,5,2,7,5,2,7
villainies,10,4,0,4,4,0,4
villainous,10,4,1,5,4,1,5
villains,8,3,4,7,4,4,8
villainy,8,2,4,6,3,3,6
villainy's,10,4,2,6,4,2,6
villas,6,4,3,7,4,3,7
villein,7,2,4,6,3,3,6
villein's,9,4,3,7,5,2,7
villeins,8,3,4,7,4,3,7
vim,3,2,11,13,2,12,14
vim's,5,4,11,15,4,10,14
vinaigrette,11,2,1,3,1,2,3
vinaigrette's,13,3,0,3,3,1,4
vindicate,9,5,1,6,5,1,6
vindicated,10,3,1,4,3,1,4
vindicates,10,6,0,6,4,0,4
vindicating,11,2,1,3,2,2,4
vindication,11,2,1,3,2,2,4
vindication's,13,5,0,5,2,2,4
vindications,12,5,1,6,2,2,4
vindicator,10,4,2,6,2,2,4
vindicator's,12,8,1,9,4,1,5
vindicators,11,7,2,9,5,1,6
vindictive,10,2,2,4,2,1,3
vindictively,12,1,1,2,1,1,2
vindictiveness,14,2,0,2,4,0,4
vindictiveness's,16,2,0,2,4,0,4
vine,4,4,10,14,4,10,14
vine's,6,6,7,13,6,7,13
vinegar,7,4,1,5,3,2,5
vinegar's,9,4,1,5,4,2,6
vinegary,8,5,2,7,5,2,7
vines,5,5,8,13,5,8,13
vineyard,8,4,1,5,5,1,6
vineyard's,10,5,1,6,4,0,4
vineyards,9,5,1,6,5,2,7
vintage,7,4,2,6,4,2,6
vintage's,9,6,2,8,5,3,8
vintages,8,5,0,5,5,0,5
vintner,7,4,2,6,4,2,6
vintner's,9,6,1,7,6,1,7
vintners,8,4,2,6,4,1,5
vinyl,5,2,4,6,2,4,6
vinyl's,7,4,3,7,4,3,7
vinyls,6,2,6,8,2,6,8
viol,4,3,2,5,3,2,5
viol's,6,5,2,7,5,2,7
viola,5,3,2,5,3,2,5
viola's,7,5,1,6,6,1,7
violable,8,3,1,4,3,1,4
violas,6,4,3,7,4,3,7
violate,7,4,3,7,5,0,5
violated,8,5,2,7,4,2,6
violates,8,5,1,6,5,1,6
violating,9,4,3,7,4,3,7
violation,9,5,2,7,5,2,7
violation's,11,7,1,8,5,1,6
violations,10,6,1,7,5,1,6
violator,8,3,3,6,3,2,5
violator's,10,3,1,4,3,1,4
violators,9,3,2,5,3,2,5
violence,8,4,2,6,4,2,6
violence's,10,5,1,6,6,2,8
violent,7,4,3,7,3,5,8
violently,9,4,2,6,4,1,5
violet,6,4,5,9,4,5,9
violet's,8,6,3,9,6,3,9
violets,7,5,4,9,4,4,8
violin,6,3,5,8,3,7,10
violin's,8,4,4,8,5,5,10
violinist,9,3,1,4,3,1,4
violinist's,11,4,0,4,3,1,4
violinists,10,3,0,3,3,1,4
violins,7,4,5,9,4,5,9
violist,7,3,4,7,2,4,6
violist's,9,3,2,5,3,3,6
violists,8,3,4,7,4,3,7
violoncello,11,2,1,3,2,1,3
violoncello's,13,4,1,5,3,0,3
violoncellos,12,3,1,4,3,1,4
viols,5,4,2,6,4,2,6
viper,5,5,7,12,5,6,11
viper's,7,7,4,11,7,3,10
vipers,6,6,5,11,6,4,10
virago,6,3,5,8,2,5,7
virago's,8,5,4,9,5,2,7
viragoes,8,4,2,6,5,1,6
viragos,7,3,3,6,4,2,6
viral,5,5,4,9,5,4,9
vireo,5,3,2,5,3,2,5
vireo's,7,5,1,6,5,1,6
vireos,6,3,2,5,3,2,5
virgin,6,3,5,8,4,6,10
virgin's,8,5,4,9,3,6,9
virginal,8,3,2,5,2,2,4
virginal's,10,5,1,6,4,2,6
virginals,9,3,3,6,3,3,6
virginity,9,2,2,4,2,2,4
virginity's,11,5,4,9,5,4,9
virgins,7,4,5,9,4,4,8
virgule,7,3,2,5,3,2,5
virgule's,9,5,1,6,5,1,6
virgules,8,4,1,5,4,1,5
virile,6,3,0,3,3,2,5
virility,8,4,3,7,4,3,7
virility's,10,6,4,10,6,4,10
virology,8,2,3,5,2,3,5
virology's,10,3,2,5,3,2,5
virtual,7,6,3,9,6,4,10
virtually,9,4,2,6,4,2,6
virtue,6,3,1,4,3,1,4
virtue's,8,5,1,6,5,3,8
virtues,7,4,2,6,4,2,6
virtuosi,8,2,1,3,2,1,3
virtuosity,10,3,1,4,2,2,4
virtuosity's,12,4,0,4,3,2,5
virtuoso,8,3,1,4,3,1,4
virtuoso's,10,4,1,5,3,1,4
virtuosos,9,3,1,4,3,1,4
virtuous,8,4,3,7,3,4,7
virtuously,10,4,0,4,3,0,3
virtuousness,12,4,0,4,2,0,2
virtuousness's,14,5,0,5,2,0,2
virulence,9,5,1,6,5,1,6
virulence's,11,7,0,7,4,1,5
virulent,8,5,1,6,3,2,5
virulently,10,3,1,4,3,1,4
virus,5,3,9,12,3,10,13
virus's,7,4,4,8,4,4,8
viruses,7,4,3,7,4,1,5
visa,4,3,4,7,3,4,7
visa's,6,5,3,8,5,3,8
visaed,6,3,1,4,3,1,4
visage,6,3,3,6,3,3,6
visage's,8,4,2,6,4,2,6
visages,7,3,2,5,3,2,5
visaing,7,4,4,8,4,5,9
visas,5,2,2,4,2,2,4
viscera,7,5,1,6,5,1,6
visceral,8,3,1,4,3,1,4
viscid,6,3,2,5,3,1,4
viscosity,9,3,1,4,3,1,4
viscosity's,11,2,0,2,2,0,2
viscount,8,7,4,11,7,3,10
viscount's,10,8,3,11,8,3,11
viscountess,11,2,0,2,4,0,4
viscountess's,13,4,0,4,4,0,4
viscountesses,13,4,0,4,2,0,2
viscounts,9,7,4,11,7,4,11
viscous,7,3,4,7,4,3,7
viscus,6,4,4,8,4,5,9
viscus's,8,5,1,6,5,1,6
vise,4,3,9,12,3,9,12
vise's,6,4,5,9,4,5,9
vised,5,3,3,6,3,2,5
vises,5,4,4,8,4,4,8
visibility,10,2,0,2,2,0,2
visibility's,12,2,0,2,2,0,2
visible,7,4,0,4,5,2,7
visibly,7,4,1,5,4,1,5
vising,6,4,2,6,4,2,6
vision,6,3,1,4,3,1,4
vision's,8,4,1,5,4,2,6
visionaries,11,3,0,3,3,0,3
visionary,9,3,1,4,2,2,4
visionary's,11,2,1,3,2,1,3
visioned,8,4,1,5,4,1,5
visioning,9,2,1,3,2,1,3
visions,7,2,2,4,4,1,5
visit,5,3,5,8,2,4,6
visit's,7,4,4,8,3,2,5
visitation,10,3,0,3,3,0,3
visitation's,12,2,0,2,2,0,2
visitations,11,2,1,3,2,1,3
visited,7,4,0,4,5,1,6
visiting,8,2,1,3,2,1,3
visitor,7,3,2,5,3,2,5
visitor's,9,2,2,4,2,1,3
visitors,8,4,1,5,4,2,6
visits,6,2,2,4,2,4,6
visor,5,3,4,7,3,4,7
visor's,7,4,4,8,3,3,6
visors,6,3,3,6,3,4,7
vista,5,3,1,4,3,1,4
vista's,7,4,1,5,4,2,6
vistas,6,2,4,6,2,2,4
visual,6,3,4,7,4,4,8
visual's,8,5,3,8,4,4,8
visualization,13,2,0,2,2,0,2
visualization's,15,2,0,2,2,0,2
visualize,9,4,1,5,4,1,5
visualized,10,5,0,5,5,0,5
visualizes,10,4,1,5,4,1,5
visualizing,11,5,0,5,4,0,4
visually,8,4,2,6,5,4,9
visuals,7,4,4,8,4,4,8
vital,5,4,5,9,4,5,9
vitality,8,2,3,5,2,3,5
vitality's,10,4,1,5,4,1,5
vitalize,8,5,2,7,3,2,5
vitalized,9,6,2,8,6,2,8
vitalizes,9,6,1,7,4,1,5
vitalizing,10,3,3,6,4,2,6
vitally,7,4,4,8,4,4,8
vitals,6,5,3,8,5,3,8
vitals's,8,3,2,5,2,2,4
vitamin,7,4,3,7,4,3,7
vitamin's,9,6,3,9,6,2,8
vitamins,8,4,2,6,3,3,6
vitiate,7,4,1,5,4,0,4
vitiated,8,4,2,6,4,2,6
vitiates,8,4,0,4,4,0,4
vitiating,9,4,3,7,5,2,7
vitiation,9,2,2,4,2,2,4
vitiation's,11,6,1,7,4,1,5
viticulture,11,2,1,3,2,2,4
viticulture's,13,3,0,3,4,0,4
vitreous,8,3,2,5,3,2,5
vitriol,7,2,3,5,2,4,6
vitriol's,9,4,3,7,4,2,6
vitriolic,9,1,2,3,1,2,3
vituperate,10,3,1,4,3,1,4
vituperated,11,3,1,4,4,1,5
vituperates,11,4,0,4,3,0,3
vituperating,12,5,1,6,4,1,5
vituperation,12,5,1,6,2,2,4
vituperation's,14,5,0,5,3,0,3
vituperative,12,2,2,4,1,3,4
viva,4,3,4,7,3,4,7
viva's,6,5,5,10,5,5,10
vivace,6,3,4,7,4,3,7
vivacious,9,4,3,7,4,3,7
vivaciously,11,7,0,7,6,0,6
vivaciousness,13,5,0,5,4,0,4
vivaciousness's,15,6,0,6,4,0,4
vivacity,8,2,4,6,2,4,6
vivacity's,10,6,2,8,6,2,8
vivas,5,4,3,7,4,3,7
vivid,5,2,8,10,2,6,8
vivider,7,4,2,6,5,1,6
vividest,8,5,0,5,5,0,5
vividly,7,4,4,8,5,3,8
vividness,9,5,1,6,6,0,6
vividness's,11,6,1,7,7,0,7
vivified,8,4,3,7,4,2,6
vivifies,8,4,0,4,4,0,4
vivify,6,3,5,8,2,5,7
vivifying,9,4,2,6,4,2,6
viviparous,10,4,2,6,4,2,6
vivisection,11,3,0,3,2,1,3
vivisection's,13,4,0,4,3,0,3
vixen,5,3,7,10,4,7,11
vixen's,7,6,4,10,6,4,10
vixenish,8,3,1,4,3,1,4
vixens,6,4,5,9,4,5,9
vizier,6,3,3,6,3,3,6
vizier's,8,5,2,7,5,2,7
viziers,7,4,2,6,4,3,7
vizor,5,4,5,9,4,5,9
vizor's,7,6,4,10,6,4,10
vizors,6,4,5,9,4,5,9
vocabularies,12,6,0,6,5,0,5
vocabulary,10,2,3,5,1,3,4
vocabulary's,12,4,2,6,2,2,4
vocal,5,4,5,9,4,5,9
vocal's,7,6,5,11,5,5,10
vocalic,7,3,2,5,4,2,6
vocalist,8,6,2,8,6,2,8
vocalist's,10,7,1,8,7,2,9
vocalists,9,6,2,8,6,2,8
vocalization,12,6,1,7,6,1,7
vocalization's,14,7,0,7,6,0,6
vocalizations,13,5,0,5,4,1,5
vocalize,8,6,2,8,6,2,8
vocalized,9,7,2,9,7,2,9
vocalizes,9,7,1,8,7,2,9
vocalizing,10,7,3,10,7,3,10
vocally,7,4,5,9,4,5,9
vocals,6,4,6,10,4,6,10
vocation,8,6,3,9,6,3,9
vocation's,10,8,2,10,8,2,10
vocational,10,4,2,6,5,2,7
vocations,9,7,2,9,7,2,9
vocative,8,5,2,7,5,2,7
vocative's,10,7,0,7,5,1,6
vocatives,9,6,1,7,6,0,6
vociferate,10,5,1,6,5,1,6
vociferated,11,3,1,4,6,1,7
vociferates,11,7,0,7,5,0,5
vociferating,12,6,1,7,4,1,5
vociferation,12,4,1,5,4,1,5
vociferation's,14,5,0,5,4,0,4
vociferous,10,5,1,6,6,1,7
vociferously,12,6,0,6,4,0,4
vodka,5,3,7,10,3,9,12
vodka's,7,5,4,9,5,7,12
vogue,5,4,4,8,4,4,8
vogue's,7,6,3,9,6,3,9
vogues,6,4,5,9,4,5,9
voguish,7,4,4,8,4,4,8
voice,5,3,7,10,3,6,9
voice's,7,5,6,11,5,5,10
voiced,6,4,5,9,4,9,13
voiceless,9,4,2,6,4,2,6
voicemail,9,4,3,7,2,4,6
voicemail's,11,5,1,6,3,3,6
voicemails,10,4,2,6,4,0,4
voices,6,4,6,10,4,5,9
voicing,7,5,4,9,5,4,9
void,4,3,10,13,3,11,14
void's,6,4,8,12,4,9,13
voided,6,3,4,7,3,4,7
voiding,7,4,5,9,4,5,9
voids,5,3,9,12,3,9,12
voile,5,3,6,9,3,6,9
voile's,7,5,5,10,5,4,9
volatile,8,5,2,7,5,2,7
volatility,10,4,3,7,3,3,6
volatility's,12,6,1,7,4,1,5
volcanic,8,4,2,6,4,2,6
volcano,7,3,3,6,3,3,6
volcano's,9,5,2,7,5,1,6
volcanoes,9,5,1,6,5,1,6
volcanos,8,3,3,6,3,3,6
vole,4,3,9,12,3,9,12
vole's,6,5,8,13,5,8,13
voles,5,4,8,12,4,8,12
volition,8,3,2,5,3,2,5
volition's,10,4,2,6,3,2,5
volley,6,4,6,10,4,6,10
volley's,8,6,4,10,6,4,10
volleyball,10,2,3,5,2,3,5
volleyball's,12,4,2,6,3,2,5
volleyballs,11,4,2,6,3,2,5
volleyed,8,4,5,9,5,4,9
volleying,9,6,3,9,6,3,9
volleys,7,4,6,10,4,6,10
volt,4,3,10,13,3,9,12
volt's,6,5,9,14,5,8,13
voltage,7,5,3,8,5,3,8
voltage's,9,7,2,9,7,2,9
voltages,8,6,3,9,6,4,10
voltaic,7,3,2,5,4,3,7
voltmeter,9,2,2,4,3,1,4
voltmeter's,11,4,0,4,5,0,5
voltmeters,10,4,0,4,4,0,4
volts,5,4,8,12,4,8,12
volubility,10,4,3,7,3,3,6
volubility's,12,5,2,7,4,2,6
voluble,7,3,3,6,5,3,8
volubly,7,2,4,6,2,4,6
volume,6,3,2,5,3,2,5
volume's,8,4,2,6,5,3,8
volumes,7,4,2,6,4,2,6
voluminous,10,4,2,6,3,2,5
voluminously,12,5,0,5,3,0,3
voluntaries,11,4,0,4,4,0,4
voluntarily,11,5,1,6,2,2,4
voluntary,9,3,3,6,3,4,7
voluntary's,11,6,2,8,3,3,6
volunteer,9,2,2,4,2,2,4
volunteer's,11,3,2,5,4,1,5
volunteered,11,3,2,5,3,1,4
volunteering,12,5,1,6,3,1,4
volunteers,10,3,1,4,3,1,4
voluptuaries,12,6,0,6,5,0,5
voluptuary,10,2,3,5,2,3,5
voluptuary's,12,5,1,6,3,2,5
voluptuous,10,3,3,6,3,2,5
voluptuously,12,5,0,5,3,0,3
voluptuousness,14,3,0,3,3,0,3
voluptuousness's,16,4,0,4,3,0,3
vomit,5,3,7,10,3,7,10
vomit's,7,5,6,11,5,6,11
vomited,7,5,3,8,5,4,9
vomiting,8,4,5,9,4,5,9
vomits,6,4,6,10,4,6,10
voodoo,6,2,5,7,2,5,7
voodoo's,8,4,3,7,4,3,7
voodooed,8,3,2,5,3,3,6
voodooing,9,5,3,8,5,3,8
voodooism,9,3,1,4,3,1,4
voodooism's,11,4,3,7,3,1,4
voodoos,7,3,4,7,3,3,6
voracious,9,6,3,9,6,3,9
voraciously,11,6,0,6,4,0,4
voracity,8,5,4,9,3,4,7
voracity's,10,7,2,9,6,3,9
vortex,6,4,4,8,4,4,8
vortex's,8,6,2,8,6,2,8
vortexes,8,3,1,4,3,2,5
vortices,8,7,1,8,7,1,8
votaries,8,7,1,8,7,1,8
votary,6,5,3,8,4,3,7
votary's,8,7,2,9,7,2,9
vote,4,3,8,11,3,8,11
vote's,6,5,8,13,5,7,12
voted,5,4,6,10,4,5,9
voter,5,4,4,8,4,4,8
voter's,7,6,1,7,6,1,7
voters,6,5,2,7,5,2,7
votes,5,4,11,15,4,8,12
voting,6,5,9,14,5,6,11
votive,6,4,4,8,3,4,7
vouch,5,4,8,12,3,7,10
vouched,7,6,5,11,5,5,10
voucher,7,4,6,10,4,6,10
voucher's,9,7,3,10,5,4,9
vouchers,8,6,5,11,6,3,9
vouches,7,6,6,12,6,6,12
vouching,8,7,7,14,7,7,14
vouchsafe,9,5,0,5,4,1,5
vouchsafed,10,3,1,4,4,0,4
vouchsafes,10,5,0,5,4,1,5
vouchsafing,11,3,1,4,3,1,4
vow,3,2,12,14,2,12,14
vow's,5,4,11,15,4,11,15
vowed,5,4,8,12,4,8,12
vowel,5,4,6,10,4,6,10
vowel's,7,6,5,11,6,5,11
vowels,6,5,5,10,5,5,10
vowing,6,5,10,15,5,9,14
vows,4,3,11,14,3,11,14
voyage,6,4,4,8,4,6,10
voyage's,8,6,5,11,6,5,11
voyaged,7,4,7,11,4,7,11
voyager,7,6,3,9,6,3,9
voyager's,9,5,4,9,8,3,11
voyagers,8,4,6,10,6,5,11
voyages,7,5,5,10,5,4,9
voyaging,8,4,3,7,5,3,8
voyeur,6,3,4,7,3,4,7
voyeur's,8,5,2,7,5,2,7
voyeurism,9,3,2,5,4,1,5
voyeurism's,11,5,2,7,5,1,6
voyeuristic,11,6,0,6,4,0,4
voyeurs,7,4,3,7,4,3,7
vulcanization,13,7,1,8,4,1,5
vulcanization's,15,8,0,8,5,0,5
vulcanize,9,4,2,6,3,3,6
vulcanized,10,9,1,10,2,2,4
vulcanizes,10,9,0,9,9,0,9
vulcanizing,11,6,1,7,4,2,6
vulgar,6,5,5,10,5,5,10
vulgarer,8,3,2,5,3,1,4
vulgarest,9,6,2,8,4,1,5
vulgarism,9,5,2,7,4,2,6
vulgarism's,11,6,1,7,4,2,6
vulgarisms,10,3,2,5,3,2,5
vulgarities,11,5,0,5,6,0,6
vulgarity,9,4,3,7,4,3,7
vulgarity's,11,7,2,9,6,2,8
vulgarization,13,6,1,7,5,1,6
vulgarization's,15,7,0,7,6,0,6
vulgarize,9,4,1,5,4,1,5
vulgarized,10,8,2,10,3,1,4
vulgarizes,10,8,1,9,8,1,9
vulgarizing,11,3,1,4,3,2,5
vulgarly,8,2,5,7,2,3,5
vulnerabilities,15,3,0,3,2,0,2
vulnerability,13,3,1,4,3,1,4
vulnerability's,15,5,0,5,4,0,4
vulnerable,10,3,2,5,3,2,5
vulnerably,10,3,1,4,3,1,4
vulture,7,5,5,10,5,4,9
vulture's,9,7,3,10,7,4,11
vultures,8,6,4,10,6,4,10
vulva,5,3,6,9,3,6,9
vulva's,7,5,5,10,5,5,10
vulvae,6,3,1,4,4,1,5
vulvas,6,4,6,10,4,5,9
vuvuzela,8,3,2,5,2,2,4
vuvuzela's,10,4,1,5,4,1,5
vuvuzelas,9,3,3,6,4,3,7
vying,5,4,9,13,4,9,13
w,1,1,22,23,1,22,23
wack,4,4,11,15,4,11,15
wack's,6,6,10,16,6,10,16
wacker,6,5,10,15,5,10,15
wackest,7,5,3,8,5,4,9
wackier,7,5,6,11,5,8,13
wackiest,8,5,6,11,6,6,12
wackiness,9,7,3,10,5,5,10
wackiness's,11,8,3,11,6,5,11
wacko,5,2,8,10,2,8,10
wacko's,7,5,6,11,4,6,10
wackos,6,4,4,8,4,4,8
wacks,5,5,10,15,5,11,16
wacky,5,4,8,12,4,9,13
wad,3,3,6,9,2,12,14
wad's,5,5,7,12,4,11,15
wadded,6,3,4,7,3,4,7
wadding,7,5,7,12,5,9,14
wadding's,9,7,3,10,7,3,10
waddle,6,4,6,10,4,4,8
waddle's,8,6,5,11,6,6,12
waddled,7,4,6,10,4,6,10
waddles,7,5,5,10,5,4,9
waddling,8,6,4,10,6,6,12
wade,4,4,6,10,4,6,10
wade's,6,6,5,11,6,6,12
waded,5,3,4,7,3,4,7
wader,5,4,3,7,4,3,7
wader's,7,7,2,9,7,2,9
waders,6,6,4,10,6,4,10
wades,5,4,7,11,4,8,12
wadi,4,2,8,10,2,8,10
wadi's,6,4,7,11,4,7,11
wading,6,6,3,9,6,3,9
wadis,5,3,8,11,3,8,11
wads,4,3,9,12,3,10,13
wafer,5,4,8,12,4,8,12
wafer's,7,7,3,10,7,3,10
wafers,6,6,5,11,6,5,11
waffle,6,3,9,12,3,8,11
waffle's,8,5,7,12,5,8,13
waffled,7,4,6,10,4,6,10
waffles,7,4,8,12,5,6,11
waffling,8,5,7,12,6,7,13
waft,4,3,7,10,3,7,10
waft's,6,5,7,12,5,6,11
wafted,6,4,5,9,4,5,9
wafting,7,5,4,9,5,4,9
wafts,5,4,7,11,4,7,11
wag,3,2,12,14,2,12,14
wag's,5,4,12,16,4,12,16
wage,4,3,8,11,3,7,10
wage's,6,5,5,10,5,5,10
waged,5,5,3,8,5,3,8
wager,5,4,5,9,4,6,10
wager's,7,7,4,11,7,4,11
wagered,7,6,2,8,6,2,8
wagering,8,4,2,6,5,1,6
wagers,6,6,6,12,6,6,12
wages,5,4,7,11,4,6,10
wagged,6,4,9,13,4,8,12
wagging,7,4,7,11,4,7,11
waggish,7,4,7,11,5,6,11
waggle,6,4,7,11,4,5,9
waggle's,8,6,4,10,6,4,10
waggled,7,5,3,8,5,5,10
waggles,7,5,7,12,5,3,8
waggling,8,5,4,9,5,4,9
waging,6,4,5,9,4,5,9
wagon,5,3,8,11,3,8,11
wagon's,7,5,6,11,5,6,11
wagoner,7,4,4,8,4,4,8
wagoner's,9,7,3,10,6,2,8
wagoners,8,4,3,7,4,2,6
wagons,6,4,6,10,4,6,10
wags,4,3,10,13,3,11,14
waif,4,2,10,12,2,10,12
waif's,6,4,9,13,4,9,13
waifs,5,3,8,11,3,9,12
wail,4,3,12,15,3,12,15
wail's,6,5,11,16,5,11,16
wailed,6,5,9,14,5,9,14
wailing,7,5,9,14,5,9,14
wails,5,4,11,15,4,11,15
wainscot,8,3,2,5,3,2,5
wainscot's,10,5,1,6,4,1,5
wainscoted,10,4,0,4,3,1,4
wainscoting,11,5,1,6,4,1,5
wainscoting's,13,4,0,4,4,1,5
wainscotings,12,2,1,3,2,1,3
wainscots,9,4,1,5,3,0,3
wainscotted,11,6,0,6,4,2,6
wainscotting,12,5,0,5,4,0,4
wainscotting's,14,2,0,2,2,0,2
wainscottings,13,2,2,4,2,1,3
waist,5,3,5,8,3,5,8
waist's,7,4,5,9,4,5,9
waistband,9,7,1,8,3,1,4
waistband's,11,3,2,5,2,2,4
waistbands,10,7,2,9,3,1,4
waistcoat,9,4,1,5,3,1,4
waistcoat's,11,3,2,5,2,2,4
waistcoats,10,4,2,6,3,1,4
waistline,9,4,0,4,5,0,5
waistline's,11,5,0,5,5,0,5
waistlines,10,6,0,6,4,0,4
waists,6,3,4,7,3,4,7
wait,4,3,8,11,3,8,11
wait's,6,5,7,12,5,6,11
waited,6,5,5,10,5,5,10
waiter,6,5,3,8,5,3,8
waiter's,8,7,3,10,7,3,10
waiters,7,6,3,9,6,4,10
waiting,7,5,4,9,5,4,9
waitress,8,4,2,6,4,2,6
waitress's,10,5,1,6,4,1,5
waitresses,10,4,1,5,4,1,5
waits,5,4,7,11,4,7,11
waive,5,4,6,10,4,6,10
waived,6,4,9,13,3,12,15
waiver,6,4,4,8,4,4,8
waiver's,8,6,6,12,6,7,13
waivers,7,5,6,11,4,9,13
waives,6,4,5,9,4,5,9
waiving,7,4,6,10,4,6,10
wake,4,4,8,12,4,7,11
wake's,6,6,4,10,6,4,10
waked,5,5,4,9,5,4,9
wakeful,7,5,4,9,5,4,9
wakefulness,11,7,2,9,7,2,9
wakefulness's,13,8,2,10,8,2,10
waken,5,4,7,11,4,7,11
wakened,7,3,4,7,3,3,6
wakening,8,5,2,7,5,2,7
wakens,6,4,6,10,4,6,10
wakes,5,4,11,15,4,11,15
waking,6,6,4,10,6,4,10
wale,4,3,11,14,3,11,14
wale's,6,5,10,15,5,10,15
waled,5,5,5,10,5,5,10
wales,5,5,1,6,5,2,7
waling,6,6,5,11,6,5,11
walk,4,3,5,8,3,5,8
walk's,6,5,4,9,5,4,9
walked,6,5,5,10,5,5,10
walker,6,5,5,10,4,6,10
walker's,8,7,3,10,7,3,10
walkers,7,5,3,8,5,5,10
walking,7,6,5,11,6,6,12
walkout,7,3,6,9,3,5,8
walkout's,9,6,3,9,5,3,8
walkouts,8,4,2,6,4,2,6
walks,5,4,6,10,4,5,9
walkway,7,3,5,8,3,5,8
walkway's,9,4,5,9,5,4,9
walkways,8,3,3,6,3,3,6
wall,4,3,5,8,3,5,8
wall's,6,5,4,9,5,4,9
wallabies,9,5,1,6,5,1,6
wallaby,7,3,5,8,3,4,7
wallaby's,9,5,3,8,5,3,8
wallboard,9,3,5,8,3,3,6
wallboard's,11,6,1,7,5,1,6
walled,6,4,5,9,4,5,9
wallet,6,4,7,11,4,7,11
wallet's,8,6,5,11,6,5,11
wallets,7,5,5,10,5,5,10
walleye,7,2,3,5,2,2,4
walleye's,9,4,3,7,4,2,6
walleyed,8,3,5,8,4,5,9
walleyes,8,3,2,5,3,1,4
wallflower,10,4,2,6,4,2,6
wallflower's,12,6,0,6,5,0,5
wallflowers,11,5,1,6,5,0,5
walling,7,5,6,11,5,6,11
wallop,6,4,4,8,4,4,8
wallop's,8,6,3,9,6,3,9
walloped,8,6,2,8,6,3,9
walloping,9,6,2,8,7,3,10
walloping's,11,6,1,7,4,1,5
wallopings,10,3,2,5,3,2,5
wallops,7,5,3,8,5,3,8
wallow,6,4,4,8,4,4,8
wallow's,8,6,3,9,6,3,9
wallowed,8,6,2,8,6,3,9
wallowing,9,6,2,8,7,3,10
wallows,7,5,3,8,5,3,8
wallpaper,9,4,3,7,4,3,7
wallpaper's,11,6,0,6,6,0,6
wallpapered,11,1,3,4,2,1,3
wallpapering,12,5,1,6,4,1,5
wallpapers,10,5,1,6,5,0,5
walls,5,4,3,7,4,2,6
walnut,6,3,3,6,3,3,6
walnut's,8,5,4,9,5,2,7
walnuts,7,3,6,9,3,6,9
walrus,6,3,6,9,3,6,9
walrus's,8,3,4,7,5,2,7
walruses,8,3,3,6,3,3,6
waltz,5,2,7,9,2,7,9
waltz's,7,4,4,8,4,4,8
waltzed,7,3,4,7,3,4,7
waltzes,7,4,3,7,4,2,6
waltzing,8,5,3,8,4,4,8
wampum,6,1,8,9,1,8,9
wampum's,8,5,4,9,3,7,10
wan,3,2,13,15,2,13,15
wand,4,3,9,12,3,9,12
wand's,6,5,8,13,5,8,13
wander,6,5,6,11,5,6,11
wandered,8,6,3,9,6,3,9
wanderer,8,5,2,7,5,2,7
wanderer's,10,7,1,8,7,2,9
wanderers,9,6,1,7,6,2,8
wandering,9,7,4,11,7,4,11
wanderlust,10,3,1,4,3,1,4
wanderlust's,12,4,1,5,3,1,4
wanderlusts,11,2,1,3,2,1,3
wanders,7,5,5,10,6,5,11
wands,5,4,8,12,4,8,12
wane,4,3,12,15,3,13,16
wane's,6,5,11,16,5,11,16
waned,5,5,6,11,5,6,11
wanes,5,4,9,13,4,9,13
wangle,6,5,6,11,5,6,11
wangle's,8,7,5,12,7,5,12
wangled,7,6,5,11,6,5,11
wangles,7,6,6,12,6,6,12
wangling,8,5,6,11,5,6,11
waning,6,4,3,7,4,3,7
wanly,5,4,5,9,4,5,9
wanna,5,2,5,7,2,5,7
wannabe,7,3,4,7,3,3,6
wannabe's,9,5,2,7,5,2,7
wannabes,8,4,1,5,4,1,5
wanner,6,4,4,8,4,5,9
wannest,7,5,4,9,5,3,8
want,4,3,10,13,3,10,13
want's,6,5,9,14,5,9,14
wanted,6,5,5,10,5,5,10
wanting,7,5,6,11,5,6,11
wanton,6,4,4,8,4,4,8
wanton's,8,6,4,10,6,3,9
wantoned,8,5,3,8,4,4,8
wantoning,9,3,2,5,3,2,5
wantonly,8,3,4,7,3,4,7
wantonness,10,3,0,3,3,0,3
wantonness's,12,3,0,3,3,0,3
wantons,7,5,5,10,4,5,9
wants,5,4,9,13,4,9,13
wapiti,6,3,6,9,3,5,8
wapiti's,8,5,2,7,5,4,9
wapitis,7,3,3,6,3,3,6
war,3,3,7,10,2,13,15
war's,5,5,8,13,5,8,13
warble,6,5,3,8,5,3,8
warble's,8,6,2,8,6,3,9
warbled,7,6,3,9,6,4,10
warbler,7,3,5,8,3,5,8
warbler's,9,5,2,7,5,2,7
warblers,8,5,3,8,5,2,7
warbles,7,6,3,9,6,3,9
warbling,8,7,3,10,5,4,9
ward,4,4,7,11,4,7,11
ward's,6,6,5,11,6,5,11
warded,6,4,3,7,4,3,7
warden,6,5,2,7,5,2,7
warden's,8,7,3,10,7,3,10
wardens,7,6,4,10,6,4,10
warder,6,4,5,9,4,5,9
warder's,8,6,6,12,6,6,12
warders,7,5,4,9,5,4,9
warding,7,6,6,12,6,6,12
wardrobe,8,4,2,6,4,2,6
wardrobe's,10,6,1,7,4,0,4
wardrobes,9,5,1,6,5,1,6
wardroom,8,5,3,8,4,3,7
wardroom's,10,7,1,8,6,1,7
wardrooms,9,6,3,9,5,3,8
wards,5,5,7,12,5,9,14
ware,4,4,3,7,4,2,6
ware's,6,6,2,8,6,2,8
warehouse,9,6,1,7,6,1,7
warehouse's,11,5,1,6,7,1,8
warehoused,10,5,0,5,4,0,4
warehouses,10,4,1,5,6,1,7
warehousing,11,5,0,5,4,0,4
wares,5,4,9,13,4,8,12
warfare,7,4,2,6,4,2,6
warfare's,9,5,3,8,5,3,8
warhead,7,3,2,5,3,2,5
warhead's,9,5,2,7,5,1,6
warheads,8,3,2,5,3,2,5
warhorse,8,5,1,6,6,0,6
warhorse's,10,6,2,8,5,0,5
warhorses,9,5,1,6,4,2,6
warier,6,4,7,11,4,8,12
wariest,7,7,2,9,7,2,9
warily,6,6,5,11,6,5,11
wariness,8,7,0,7,7,0,7
wariness's,10,8,0,8,8,0,8
warlike,7,6,2,8,5,4,9
warlock,7,4,3,7,5,3,8
warlock's,9,7,2,9,7,2,9
warlocks,8,6,4,10,5,3,8
warlord,7,3,5,8,4,3,7
warlord's,9,6,2,8,6,2,8
warlords,8,4,4,8,5,3,8
warm,4,3,8,11,3,8,11
warmed,6,5,5,10,5,4,9
warmer,6,4,2,6,4,3,7
warmer's,8,6,2,8,6,2,8
warmers,7,5,2,7,5,2,7
warmest,7,5,4,9,5,4,9
warmhearted,11,5,2,7,4,1,5
warming,7,6,7,13,6,8,14
warmly,6,5,6,11,5,6,11
warmonger,9,5,3,8,5,3,8
warmonger's,11,7,1,8,5,1,6
warmongering,12,3,1,4,3,1,4
warmongering's,14,3,1,4,3,0,3
warmongers,10,6,2,8,4,1,5
warms,5,4,8,12,4,7,11
warmth,6,3,4,7,3,4,7
warmth's,8,4,5,9,5,4,9
warn,4,3,10,13,3,10,13
warned,6,4,7,11,4,7,11
warning,7,5,2,7,5,2,7
warning's,9,4,1,5,4,1,5
warnings,8,4,3,7,4,3,7
warns,5,5,8,13,5,8,13
warp,4,3,11,14,3,11,14
warp's,6,5,10,15,5,10,15
warpath,7,2,5,7,2,5,7
warpath's,9,4,3,7,4,3,7
warpaths,8,3,5,8,4,3,7
warped,6,5,3,8,5,3,8
warping,7,6,5,11,6,5,11
warps,5,4,9,13,4,8,12
warrant,7,2,4,6,2,3,5
warrant's,9,4,2,6,4,2,6
warranted,9,4,2,6,4,4,8
warrantied,10,5,1,6,4,1,5
warranties,10,5,0,5,4,0,4
warranting,10,4,2,6,4,2,6
warrants,8,3,3,6,3,3,6
warranty,8,3,3,6,3,3,6
warranty's,10,4,1,5,4,1,5
warrantying,11,4,1,5,3,2,5
warred,6,4,5,9,4,5,9
warren,6,5,1,6,5,1,6
warren's,8,7,0,7,7,0,7
warrens,7,4,3,7,4,3,7
warring,7,5,8,13,5,8,13
warrior,7,2,6,8,3,4,7
warrior's,9,6,2,8,5,2,7
warriors,8,4,4,8,4,3,7
wars,4,3,10,13,3,13,16
warship,7,4,2,6,4,1,5
warship's,9,8,2,10,3,3,6
warships,8,4,3,7,4,2,6
wart,4,3,9,12,3,9,12
wart's,6,5,8,13,5,8,13
warthog,7,4,4,8,4,4,8
warthog's,9,6,3,9,6,3,9
warthogs,8,4,3,7,4,3,7
wartier,7,5,3,8,5,3,8
wartiest,8,4,1,5,4,1,5
wartime,7,5,3,8,6,2,8
wartime's,9,6,1,7,6,1,7
warts,5,4,8,12,4,9,13
warty,5,4,5,9,4,5,9
wary,4,3,10,13,3,10,13
was,3,3,8,11,3,9,12
wash,4,3,8,11,3,9,12
wash's,6,4,9,13,4,9,13
washable,8,3,1,4,3,1,4
washable's,10,5,2,7,4,1,5
washables,9,4,2,6,3,2,5
washbasin,9,3,0,3,1,2,3
washbasin's,11,2,2,4,2,2,4
washbasins,10,2,0,2,2,0,2
washboard,9,7,2,9,3,2,5
washboard's,11,8,2,10,3,2,5
washboards,10,7,2,9,3,2,5
washbowl,8,3,2,5,3,2,5
washbowl's,10,4,2,6,3,2,5
washbowls,9,3,3,6,3,2,5
washcloth,9,3,2,5,3,2,5
washcloth's,11,3,2,5,2,2,4
washcloths,10,6,3,9,3,2,5
washed,6,5,8,13,5,8,13
washer,6,5,6,11,5,6,11
washer's,8,6,4,10,6,4,10
washers,7,5,4,9,5,4,9
washerwoman,11,3,1,4,3,1,4
washerwoman's,13,3,1,4,3,1,4
washerwomen,11,2,1,3,2,1,3
washes,6,4,7,11,4,7,11
washing,7,6,6,12,6,7,13
washing's,9,7,2,9,7,2,9
washings,8,4,3,7,5,2,7
washout,7,3,3,6,3,3,6
washout's,9,4,3,7,4,3,7
washouts,8,4,2,6,3,1,4
washroom,8,3,2,5,3,2,5
washroom's,10,4,2,6,3,2,5
washrooms,9,3,3,6,3,2,5
washstand,9,3,1,4,1,1,2
washstand's,11,4,0,4,3,0,3
washstands,10,2,1,3,1,1,2
washtub,7,5,3,8,3,3,6
washtub's,9,3,3,6,2,3,5
washtubs,8,2,4,6,3,1,4
wasn't,6,5,3,8,5,3,8
wasp,4,4,3,7,4,3,7
wasp's,6,4,5,9,4,5,9
waspish,7,4,1,5,4,2,6
wasps,5,3,5,8,3,5,8
wassail,7,2,1,3,2,1,3
wassail's,9,3,1,4,3,2,5
wassailed,9,2,0,2,4,1,5
wassailing,10,2,0,2,2,0,2
wassails,8,2,2,4,2,2,4
wastage,7,3,2,5,4,0,4
wastage's,9,4,2,6,4,2,6
waste,5,4,4,8,4,4,8
waste's,7,5,4,9,5,4,9
wastebasket,11,1,1,2,1,1,2
wastebasket's,13,2,1,3,2,0,2
wastebaskets,12,1,1,2,1,1,2
wasted,6,5,6,11,5,6,11
wasteful,8,4,1,5,4,0,4
wastefully,10,5,1,6,4,2,6
wastefulness,12,3,0,3,3,0,3
wastefulness's,14,3,0,3,3,0,3
wasteland,9,4,1,5,4,1,5
wasteland's,11,4,0,4,4,0,4
wastelands,10,4,2,6,5,1,6
wastepaper,10,3,1,4,4,1,5
wastepaper's,12,2,1,3,2,1,3
waster,6,5,5,10,5,5,10
waster's,8,6,4,10,6,4,10
wasters,7,5,4,9,5,4,9
wastes,6,4,6,10,4,6,10
wastewater,10,3,1,4,4,1,5
wasting,7,6,6,12,6,7,13
wastrel,7,4,1,5,3,1,4
wastrel's,9,4,1,5,4,1,5
wastrels,8,3,2,5,3,2,5
watch,5,4,9,13,4,9,13
watch's,7,6,7,13,6,7,13
watchband,9,2,3,5,3,3,6
watchband's,11,4,2,6,5,1,6
watchbands,10,4,3,7,3,3,6
watchdog,8,5,4,9,5,4,9
watchdog's,10,7,3,10,7,1,8
watchdogs,9,3,4,7,3,4,7
watched,7,6,6,12,6,6,12
watcher,7,5,4,9,5,4,9
watcher's,9,7,4,11,7,3,10
watchers,8,6,5,11,6,5,11
watches,7,6,6,12,6,6,12
watchful,8,2,4,6,2,4,6
watchfully,10,2,4,6,2,3,5
watchfulness,12,6,0,6,6,0,6
watchfulness's,14,7,0,7,6,0,6
watching,8,7,8,15,7,8,15
watchmaker,10,6,2,8,3,3,6
watchmaker's,12,8,0,8,5,1,6
watchmakers,11,7,1,8,5,1,6
watchman,8,2,4,6,2,4,6
watchman's,10,4,3,7,4,3,7
watchmen,8,6,4,10,6,5,11
watchtower,10,3,3,6,3,3,6
watchtower's,12,5,1,6,4,1,5
watchtowers,11,4,2,6,4,1,5
watchword,9,5,3,8,4,3,7
watchword's,11,6,1,7,5,1,6
watchwords,10,6,2,8,7,1,8
water,5,4,5,9,4,6,10
water's,7,7,5,12,7,5,12
waterbed,8,4,2,6,4,2,6
waterbed's,10,4,0,4,4,0,4
waterbeds,9,4,1,5,4,1,5
waterboard,10,4,1,5,3,1,4
waterboard's,12,5,0,5,4,0,4
waterboarded,12,3,2,5,3,2,5
waterboarding,13,5,1,6,3,1,4
waterboarding's,15,6,0,6,3,0,3
waterboardings,14,4,0,4,4,0,4
waterboards,11,4,1,5,4,0,4
watercolor,10,4,1,5,4,1,5
watercolor's,12,4,0,4,4,0,4
watercolors,11,3,1,4,4,0,4
watercourse,11,4,0,4,2,1,3
watercourse's,13,3,1,4,2,1,3
watercourses,12,2,1,3,2,1,3
watercraft,10,4,1,5,3,1,4
watercraft's,12,5,0,5,4,0,4
watercress,10,2,1,3,2,1,3
watercress's,12,3,1,4,2,1,3
watered,7,6,3,9,5,2,7
waterfall,9,3,3,6,2,2,4
waterfall's,11,5,2,7,5,0,5
waterfalls,10,4,2,6,5,0,5
waterfowl,9,4,2,6,4,2,6
waterfowl's,11,5,1,6,5,0,5
waterfowls,10,4,1,5,5,1,6
waterfront,10,3,1,4,3,1,4
waterfront's,12,4,0,4,4,0,4
waterfronts,11,3,1,4,4,0,4
waterier,8,2,2,4,2,2,4
wateriest,9,3,0,3,3,0,3
watering,8,7,3,10,7,3,10
waterline,9,5,1,6,3,2,5
waterline's,11,6,0,6,7,0,7
waterlines,10,6,1,7,5,1,6
waterlogged,11,3,2,5,4,2,6
watermark,9,3,2,5,3,3,6
watermark's,11,5,1,6,4,0,4
watermarked,11,3,2,5,3,1,4
watermarking,12,4,1,5,6,1,7
watermarks,10,4,1,5,4,0,4
watermelon,10,2,1,3,2,1,3
watermelon's,12,4,0,4,4,0,4
watermelons,11,3,0,3,3,0,3
waterpower,10,2,2,4,2,2,4
waterpower's,12,6,0,6,6,0,6
waterproof,10,3,2,5,4,1,5
waterproof's,12,5,0,5,5,0,5
waterproofed,12,2,2,4,2,2,4
waterproofing,13,4,1,5,2,1,3
waterproofing's,15,6,0,6,3,0,3
waterproofs,11,3,2,5,4,0,4
waters,6,6,2,8,6,2,8
waters's,8,5,0,5,5,0,5
watershed,9,3,0,3,3,0,3
watershed's,11,2,0,2,2,0,2
watersheds,10,2,0,2,2,0,2
waterside,9,3,1,4,4,0,4
waterside's,11,4,1,5,5,0,5
watersides,10,3,1,4,4,0,4
waterspout,10,4,1,5,4,0,4
waterspout's,12,3,0,3,4,0,4
waterspouts,11,4,1,5,4,1,5
watertight,10,3,1,4,3,1,4
waterway,8,3,3,6,5,2,7
waterway's,10,6,2,8,4,2,6
waterways,9,5,2,7,3,2,5
waterworks,10,4,2,6,5,0,5
waterworks's,12,3,2,5,2,2,4
watery,6,4,4,8,3,2,5
watt,4,3,5,8,3,5,8
watt's,6,4,5,9,5,4,9
wattage,7,4,3,7,4,3,7
wattage's,9,6,2,8,6,2,8
wattle,6,4,8,12,4,5,9
wattle's,8,6,4,10,6,5,11
wattled,7,5,4,9,4,5,9
wattles,7,5,7,12,5,5,10
wattling,8,6,6,12,6,5,11
watts,5,4,5,9,4,5,9
wave,4,3,11,14,3,11,14
wave's,6,4,13,17,4,13,17
waved,5,5,7,12,5,7,12
waveform,8,4,3,7,4,3,7
wavelength,10,3,1,4,3,1,4
wavelength's,12,5,0,5,3,0,3
wavelengths,11,2,1,3,2,1,3
wavelet,7,1,4,5,1,4,5
wavelet's,9,3,2,5,3,2,5
wavelets,8,2,2,4,2,2,4
waver,5,3,9,12,3,9,12
waver's,7,6,6,12,6,6,12
wavered,7,5,4,9,5,3,8
wavering,8,6,4,10,6,4,10
wavers,6,5,7,12,5,7,12
waves,5,4,10,14,4,10,14
wavier,6,5,2,7,5,2,7
waviest,7,7,3,10,7,3,10
waviness,8,7,1,8,7,1,8
waviness's,10,8,1,9,8,1,9
waving,6,6,6,12,6,6,12
wavy,4,4,9,13,4,9,13
wax,3,2,9,11,2,10,12
wax's,5,4,9,13,4,9,13
waxed,5,4,8,12,4,8,12
waxen,5,3,7,10,3,7,10
waxes,5,4,12,16,3,14,17
waxier,6,4,6,10,4,6,10
waxiest,7,6,4,10,6,4,10
waxiness,8,6,2,8,6,2,8
waxiness's,10,7,2,9,7,2,9
waxing,6,5,7,12,5,7,12
waxwing,7,5,8,13,5,9,14
waxwing's,9,7,3,10,7,3,10
waxwings,8,5,6,11,6,6,12
waxwork,7,4,4,8,4,4,8
waxwork's,9,5,4,9,6,3,9
waxworks,8,3,5,8,3,5,8
waxy,4,3,10,13,3,10,13
way,3,2,13,15,2,14,16
way's,5,4,13,17,4,13,17
wayfarer,8,2,3,5,2,2,4
wayfarer's,10,4,1,5,4,1,5
wayfarers,9,3,2,5,3,2,5
wayfaring,9,5,4,9,5,4,9
wayfaring's,11,6,2,8,4,1,5
wayfarings,10,4,2,6,4,1,5
waylaid,7,2,4,6,3,4,7
waylay,6,3,3,6,3,3,6
waylaying,9,6,3,9,6,3,9
waylays,7,3,4,7,3,4,7
ways,4,3,11,14,3,12,15
wayside,7,4,2,6,4,5,9
wayside's,9,4,2,6,4,2,6
waysides,8,2,3,5,4,2,6
wayward,7,4,5,9,5,3,8
waywardly,9,3,3,6,3,3,6
waywardness,11,5,0,5,4,1,5
waywardness's,13,6,0,6,5,1,6
we,2,2,12,14,2,12,14
we'd,4,3,6,9,3,7,10
we'll,5,1,9,10,3,3,6
we're,5,2,2,4,2,2,4
we've,5,2,7,9,1,9,10
weak,4,3,8,11,3,9,12
weaken,6,3,6,9,3,6,9
weakened,8,2,3,5,2,3,5
weakening,9,5,3,8,5,3,8
weakens,7,4,5,9,4,5,9
weaker,6,4,4,8,4,4,8
weakest,7,4,3,7,4,3,7
weakfish,8,3,2,5,3,2,5
weakfish's,10,6,3,9,5,1,6
weakfishes,10,4,2,6,4,1,5
weakling,8,6,4,10,6,5,11
weakling's,10,9,1,10,9,1,10
weaklings,9,8,1,9,8,1,9
weakly,6,4,4,8,3,6,9
weakness,8,3,2,5,3,2,5
weakness's,10,4,2,6,4,2,6
weaknesses,10,2,0,2,2,0,2
weal,4,4,9,13,4,9,13
weal's,6,6,7,13,6,7,13
weals,5,4,7,11,4,7,11
wealth,6,5,3,8,5,3,8
wealth's,8,7,2,9,7,2,9
wealthier,9,6,2,8,4,2,6
wealthiest,10,6,0,6,6,0,6
wealthiness,11,6,0,6,5,0,5
wealthiness's,13,7,0,7,4,0,4
wealthy,7,6,3,9,4,4,8
wean,4,3,8,11,3,7,10
weaned,6,3,7,10,4,5,9
weaning,7,5,4,9,5,4,9
weans,5,4,8,12,4,8,12
weapon,6,4,4,8,4,4,8
weapon's,8,6,3,9,6,2,8
weaponless,10,3,0,3,5,1,6
weaponry,8,3,2,5,3,2,5
weaponry's,10,5,0,5,5,0,5
weapons,7,4,4,8,5,3,8
wear,4,4,10,14,4,10,14
wear's,6,6,7,13,6,7,13
wearable,8,4,1,5,4,1,5
wearer,6,3,4,7,3,4,7
wearer's,8,5,2,7,5,2,7
wearers,7,4,2,6,4,2,6
wearied,7,4,3,7,5,1,6
wearier,7,4,3,7,4,3,7
wearies,7,4,2,6,3,2,5
weariest,8,5,3,8,5,3,8
wearily,7,4,3,7,3,4,7
weariness,9,4,1,5,4,1,5
weariness's,11,6,0,6,6,0,6
wearing,7,6,6,12,6,6,12
wearisome,9,3,0,3,3,0,3
wears,5,5,9,14,5,9,14
weary,5,4,4,8,4,4,8
wearying,8,6,3,9,6,3,9
weasel,6,4,3,7,4,4,8
weasel's,8,5,2,7,5,3,8
weaseled,8,2,0,2,2,0,2
weaseling,9,3,0,3,3,0,3
weasels,7,4,3,7,4,3,7
weather,7,5,4,9,5,4,9
weather's,9,7,2,9,7,2,9
weathercock,11,3,2,5,2,2,4
weathercock's,13,5,0,5,4,0,4
weathercocks,12,8,0,8,8,0,8
weathered,9,6,2,8,6,2,8
weathering,10,8,2,10,8,2,10
weathering's,12,7,1,8,7,1,8
weatherize,10,2,1,3,3,1,4
weatherized,11,2,1,3,3,1,4
weatherizes,11,3,0,3,4,0,4
weatherizing,12,5,1,6,5,1,6
weatherman,10,3,1,4,3,1,4
weatherman's,12,6,0,6,4,0,4
weathermen,10,2,1,3,2,1,3
weatherproof,12,1,2,3,1,2,3
weatherproofed,14,1,2,3,1,2,3
weatherproofing,15,3,1,4,2,1,3
weatherproofs,13,5,0,5,4,0,4
weathers,8,6,3,9,6,4,10
weave,5,3,7,10,3,8,11
weave's,7,5,5,10,5,6,11
weaved,6,4,7,11,4,9,13
weaver,6,5,3,8,5,3,8
weaver's,8,7,3,10,7,3,10
weavers,7,4,4,8,4,4,8
weaves,6,4,4,8,4,4,8
weaving,7,6,7,13,6,8,14
web,3,3,4,7,3,4,7
web's,5,5,3,8,5,5,10
webbed,6,3,7,10,3,6,9
webbing,7,4,8,12,4,8,12
webbing's,9,7,3,10,7,3,10
webcam,6,2,6,8,2,6,8
webcam's,8,5,4,9,4,4,8
webcams,7,3,6,9,3,6,9
webcast,7,4,1,5,4,1,5
webcast's,9,3,2,5,3,1,4
webcasting,10,7,1,8,6,1,7
webcasts,8,4,1,5,3,3,6
webinar,7,3,2,5,4,1,5
webinar's,9,5,1,6,5,1,6
webinars,8,4,1,5,4,1,5
webisode,8,3,0,3,3,0,3
webisode's,10,3,0,3,3,0,3
webisodes,9,3,1,4,2,1,3
webmaster,9,3,0,3,3,0,3
webmaster's,11,3,0,3,3,0,3
webmasters,10,4,0,4,3,0,3
webmistress,11,2,0,2,2,0,2
webmistress's,13,2,0,2,2,0,2
webmistresses,13,2,0,2,2,0,2
webs,4,4,4,8,4,5,9
website,7,4,0,4,2,3,5
website's,9,4,1,5,4,1,5
websites,8,3,0,3,3,0,3
wed,3,3,5,8,3,5,8
wedded,6,2,2,4,2,1,3
wedder,6,3,2,5,3,1,4
wedding,7,5,5,10,5,5,10
wedding's,9,6,4,10,7,2,9
weddings,8,5,4,9,5,4,9
wedge,5,3,4,7,3,4,7
wedge's,7,5,3,8,5,3,8
wedged,6,3,2,5,3,1,4
wedges,6,4,3,7,4,2,6
wedging,7,5,2,7,5,2,7
wedlock,7,5,6,11,5,5,10
wedlock's,9,7,5,12,7,4,11
weds,4,4,6,10,4,5,9
wee,3,1,10,11,1,10,11
wee's,5,3,8,11,3,8,11
weed,4,2,9,11,2,8,10
weed's,6,4,5,9,4,5,9
weeded,6,2,3,5,2,3,5
weeder,6,3,1,4,3,1,4
weeder's,8,5,2,7,4,4,8
weeders,7,4,2,6,3,4,7
weedier,7,5,2,7,4,2,6
weediest,8,5,2,7,5,2,7
weeding,7,5,5,10,5,4,9
weeds,5,3,5,8,3,5,8
weedy,5,3,3,6,3,3,6
weeing,6,4,3,7,4,3,7
week,4,2,8,10,2,7,9
week's,6,4,5,9,4,5,9
weekday,7,2,2,4,2,2,4
weekday's,9,4,1,5,3,2,5
weekdays,8,3,2,5,3,2,5
weekend,7,1,2,3,1,2,3
weekend's,9,2,0,2,2,0,2
weekended,9,2,1,3,2,1,3
weekending,10,2,1,3,2,1,3
weekends,8,2,1,3,2,1,3
weeklies,8,3,0,3,3,0,3
weekly,6,4,3,7,4,3,7
weekly's,8,5,2,7,5,1,6
weeknight,9,2,1,3,2,1,3
weeknight's,11,3,0,3,3,0,3
weeknights,10,2,1,3,3,1,4
weeks,5,4,3,7,4,3,7
weep,4,2,8,10,2,7,9
weep's,6,4,6,10,4,6,10
weeper,6,3,3,6,3,3,6
weeper's,8,5,2,7,5,2,7
weepers,7,4,2,6,4,2,6
weepier,7,4,3,7,3,4,7
weepies,7,2,2,4,2,3,5
weepiest,8,4,4,8,4,4,8
weeping,7,5,3,8,5,3,8
weepings,8,6,2,8,6,1,7
weeps,5,3,5,8,3,5,8
weepy,5,2,6,8,2,6,8
weepy's,7,3,2,5,4,2,6
weer,4,2,8,10,2,7,9
wees,4,2,8,10,2,7,9
weest,5,2,0,2,2,0,2
weevil,6,2,3,5,2,3,5
weevil's,8,5,2,7,5,1,6
weevils,7,2,2,4,3,3,6
weft,4,3,7,10,3,7,10
weft's,6,5,6,11,5,8,13
wefts,5,4,6,10,4,6,10
weigh,5,4,6,10,2,8,10
weigh's,7,4,6,10,4,6,10
weighed,7,3,5,8,3,4,7
weighing,8,4,1,5,4,1,5
weighs,6,3,4,7,3,7,10
weight,6,4,5,9,3,5,8
weight's,8,5,3,8,5,3,8
weighted,8,4,3,7,3,5,8
weightier,9,3,2,5,3,2,5
weightiest,10,5,0,5,4,0,4
weightiness,11,3,1,4,3,1,4
weightiness's,13,4,1,5,2,1,3
weighting,9,2,1,3,2,1,3
weightless,10,2,2,4,4,2,6
weightlessness,14,4,0,4,2,0,2
weightlessness's,16,3,0,3,2,0,2
weightlifter,12,1,1,2,1,1,2
weightlifter's,14,3,0,3,2,0,2
weightlifters,13,3,0,3,3,0,3
weightlifting,13,1,1,2,1,1,2
weightlifting's,15,3,0,3,2,0,2
weights,7,4,5,9,4,5,9
weighty,7,2,2,4,2,5,7
weir,4,3,6,9,3,5,8
weir's,6,5,5,10,5,4,9
weird,5,3,3,6,3,3,6
weirder,7,3,1,4,3,0,3
weirdest,8,5,0,5,5,0,5
weirdly,7,3,1,4,3,4,7
weirdness,9,3,1,4,3,1,4
weirdness's,11,5,0,5,5,0,5
weirdo,6,3,3,6,3,3,6
weirdo's,8,5,1,6,5,2,7
weirdos,7,4,2,6,4,2,6
weirs,5,4,5,9,4,5,9
welch,5,5,6,11,5,3,8
welched,7,3,3,6,6,2,8
welches,7,5,3,8,5,3,8
welching,8,5,4,9,5,4,9
welcome,7,2,3,5,2,4,6
welcome's,9,4,2,6,4,2,6
welcomed,8,3,4,7,4,2,6
welcomes,8,4,1,5,4,1,5
welcoming,9,5,2,7,5,2,7
weld,4,3,7,10,3,6,9
weld's,6,5,5,10,5,4,9
welded,6,3,4,7,3,3,6
welder,6,4,2,6,4,1,5
welder's,8,5,2,7,6,0,6
welders,7,4,3,7,4,3,7
welding,7,6,4,10,6,4,10
welds,5,4,7,11,4,6,10
welfare,7,4,2,6,3,3,6
welfare's,9,4,2,6,4,3,7
welkin,6,5,3,8,5,3,8
welkin's,8,7,2,9,7,1,8
well,4,3,10,13,3,9,12
well's,6,5,8,13,5,8,13
welled,6,4,5,9,4,5,9
welling,7,6,5,11,6,5,11
wellington,10,3,1,4,3,1,4
wells,5,4,3,7,4,2,6
wellspring,10,2,1,3,3,0,3
wellspring's,12,3,0,3,3,1,4
wellsprings,11,3,0,3,3,0,3
welsh,5,3,1,4,3,1,4
welshed,7,4,0,4,5,3,8
welshes,7,3,1,4,3,1,4
welshing,8,7,0,7,7,0,7
welt,4,3,8,11,3,7,10
welt's,6,5,7,12,5,6,11
welted,6,4,5,9,4,5,9
welter,6,4,4,8,4,4,8
welter's,8,6,3,9,5,2,7
weltered,8,4,2,6,4,2,6
weltering,9,6,1,7,4,1,5
welters,7,5,2,7,5,2,7
welterweight,12,2,1,3,2,1,3
welterweight's,14,5,0,5,3,0,3
welterweights,13,4,0,4,2,0,2
welting,7,6,5,11,6,5,11
welts,5,4,8,12,4,7,11
wen,3,3,12,15,2,6,8
wen's,5,5,10,15,5,10,15
wench,5,4,7,11,4,4,8
wench's,7,6,3,9,6,3,9
wenches,7,4,6,10,5,5,10
wend,4,3,9,12,3,8,11
wended,6,3,6,9,3,5,8
wending,7,5,9,14,5,9,14
wends,5,4,10,14,4,10,14
wens,4,4,9,13,4,8,12
went,4,3,11,14,3,10,13
wept,4,3,8,11,3,7,10
were,4,2,5,7,2,4,6
weren't,7,3,1,4,3,1,4
werewolf,8,2,3,5,2,3,5
werewolf's,10,4,3,7,5,2,7
werewolves,10,4,2,6,5,1,6
west,4,4,2,6,4,1,5
west's,6,5,1,6,5,1,6
westbound,9,5,0,5,3,2,5
westerlies,10,4,0,4,2,1,3
westerly,8,3,0,3,4,0,4
westerly's,10,3,0,3,3,0,3
western,7,3,1,4,3,0,3
western's,9,3,0,3,3,0,3
westerner,9,3,0,3,3,0,3
westerner's,11,3,0,3,3,0,3
westerners,10,2,0,2,2,0,2
westernize,10,3,0,3,3,0,3
westernized,11,4,0,4,3,0,3
westernizes,11,3,1,4,2,1,3
westernizing,12,3,0,3,4,0,4
westernmost,11,3,0,3,2,0,2
westerns,8,4,1,5,4,1,5
westward,8,3,2,5,3,2,5
westwards,9,3,2,5,3,2,5
wet,3,2,6,8,3,11,14
wet's,5,4,4,8,4,6,10
wetback,7,3,4,7,2,4,6
wetback's,9,5,2,7,4,3,7
wetbacks,8,3,4,7,3,4,7
wetland,7,5,4,9,5,2,7
wetland's,9,6,1,7,6,2,8
wetlands,8,3,3,6,3,3,6
wetly,5,3,5,8,4,2,6
wetness,7,3,1,4,3,1,4
wetness's,9,4,1,5,3,1,4
wets,4,3,5,8,3,6,9
wetted,6,3,7,10,3,5,8
wetter,6,3,4,7,3,5,8
wettest,7,3,0,3,3,0,3
wetting,7,5,7,12,5,7,12
whack,5,3,5,8,3,5,8
whack's,7,5,4,9,5,4,9
whacked,7,4,4,8,4,4,8
whackier,8,5,3,8,5,2,7
whackiest,9,6,2,8,6,2,8
whacking,8,5,4,9,5,4,9
whacks,6,4,4,8,4,6,10
whacky,6,2,5,7,2,5,7
whale,5,3,2,5,3,2,5
whale's,7,5,1,6,5,3,8
whalebone,9,3,2,5,5,2,7
whalebone's,11,5,1,6,4,1,5
whaled,6,4,3,7,4,3,7
whaler,6,4,2,6,4,2,6
whaler's,8,6,0,6,6,0,6
whalers,7,5,0,5,5,2,7
whales,6,5,3,8,5,4,9
whaling,7,5,4,9,5,4,9
whaling's,9,4,3,7,5,4,9
wham,4,2,7,9,2,8,10
wham's,6,4,6,10,4,8,12
whammed,7,3,7,10,3,7,10
whammies,8,5,2,7,6,2,8
whamming,8,4,7,11,4,7,11
whammy,6,2,6,8,2,6,8
whammy's,8,5,5,10,6,5,11
whams,5,3,8,11,3,9,12
wharf,5,3,4,7,3,4,7
wharf's,7,5,3,8,5,3,8
wharfs,6,4,4,8,4,4,8
wharves,7,5,3,8,5,2,7
what,4,3,5,8,3,7,10
what's,6,5,4,9,5,6,11
whatchamacallit,15,2,1,3,2,1,3
whatchamacallit's,17,2,0,2,2,0,2
whatchamacallits,16,2,1,3,2,0,2
whatever,8,6,2,8,6,3,9
whatnot,7,3,3,6,3,3,6
whatnot's,9,5,2,7,5,1,6
whats,5,4,6,10,4,6,10
whatsoever,10,4,0,4,4,0,4
wheal,5,3,3,6,3,3,6
wheal's,7,5,3,8,5,3,8
wheals,6,4,3,7,4,3,7
wheat,5,2,5,7,2,5,7
wheat's,7,6,3,9,6,3,9
wheaten,7,4,4,8,4,4,8
wheedle,7,1,2,3,2,2,4
wheedled,8,1,2,3,1,2,3
wheedles,8,2,1,3,2,1,3
wheedling,9,2,1,3,2,1,3
wheel,5,2,2,4,2,6,8
wheel's,7,4,1,5,4,3,7
wheelbarrow,11,1,2,3,2,1,3
wheelbarrow's,13,2,1,3,3,0,3
wheelbarrows,12,4,0,4,4,0,4
wheelbase,9,2,0,2,2,0,2
wheelbase's,11,3,1,4,2,0,2
wheelbases,10,2,1,3,2,0,2
wheelchair,10,2,1,3,2,1,3
wheelchair's,12,4,0,4,4,0,4
wheelchairs,11,3,0,3,3,0,3
wheeled,7,3,3,6,3,3,6
wheeler,7,3,1,4,3,0,3
wheeling,8,7,1,8,7,1,8
wheels,6,3,2,5,3,2,5
wheelwright,11,2,1,3,2,1,3
wheelwright's,13,3,0,3,3,0,3
wheelwrights,12,4,0,4,4,0,4
wheeze,6,1,3,4,1,3,4
wheeze's,8,3,2,5,3,2,5
wheezed,7,3,4,7,3,3,6
wheezes,7,3,1,4,2,3,5
wheezier,8,4,2,6,4,2,6
wheeziest,9,4,2,6,4,2,6
wheezing,8,6,2,8,6,2,8
wheezy,6,3,3,6,3,3,6
whelk,5,5,3,8,3,3,6
whelk's,7,7,3,10,7,2,9
whelked,7,6,3,9,6,1,7
whelks,6,4,4,8,3,4,7
whelp,5,4,4,8,2,4,6
whelp's,7,6,4,10,6,3,9
whelped,7,5,4,9,5,2,7
whelping,8,5,2,7,5,2,7
whelps,6,5,3,8,4,3,7
when,4,3,8,11,3,7,10
when's,6,5,5,10,5,5,10
whence,6,4,4,8,1,5,6
whenever,8,2,2,4,2,2,4
whens,5,5,5,10,5,5,10
where,5,3,2,5,3,2,5
where's,7,5,1,6,5,1,6
whereabouts,11,5,0,5,4,0,4
whereabouts's,13,2,1,3,2,1,3
whereas,7,3,1,4,4,1,5
whereat,7,4,1,5,4,1,5
whereby,7,5,3,8,5,3,8
wherefore,9,5,2,7,5,2,7
wherefore's,11,4,0,4,3,0,3
wherefores,10,3,0,3,3,0,3
wherein,7,6,2,8,6,2,8
whereof,7,4,4,8,4,4,8
whereon,7,5,3,8,5,3,8
wheres,6,3,2,5,3,2,5
wheresoever,11,2,0,2,2,0,2
whereupon,9,7,2,9,7,2,9
wherever,8,2,1,3,2,1,3
wherewithal,11,3,1,4,2,1,3
wherewithal's,13,5,0,5,3,0,3
whet,4,4,6,10,4,5,9
whether,7,3,3,6,3,2,5
whets,5,4,6,10,4,6,10
whetstone,9,3,0,3,3,0,3
whetstone's,11,3,0,3,3,0,3
whetstones,10,2,1,3,3,1,4
whetted,7,3,5,8,3,3,6
whetting,8,5,4,9,5,4,9
whew,4,3,6,9,3,5,8
whey,4,3,7,10,3,6,9
whey's,6,4,6,10,4,7,11
which,5,2,7,9,2,7,9
whichever,9,2,3,5,2,2,4
whiff,5,4,8,12,4,8,12
whiff's,7,6,6,12,6,6,12
whiffed,7,6,5,11,3,7,10
whiffing,8,6,4,10,4,7,11
whiffs,6,3,9,12,3,9,12
while,5,4,7,11,4,7,11
while's,7,6,4,10,5,7,12
whiled,6,3,6,9,3,6,9
whiles,6,6,4,10,5,5,10
whiling,7,6,6,12,6,6,12
whilst,6,3,2,5,3,2,5
whim,4,4,6,10,4,8,12
whim's,6,6,5,11,6,6,12
whimper,7,3,5,8,3,5,8
whimper's,9,6,3,9,7,3,10
whimpered,9,4,3,7,3,4,7
whimpering,10,6,1,7,5,3,8
whimpers,8,4,5,9,4,5,9
whims,5,5,7,12,5,7,12
whimsey,7,2,3,5,2,3,5
whimsey's,9,3,2,5,3,3,6
whimseys,8,2,3,5,4,2,6
whimsical,9,2,1,3,2,1,3
whimsicality,12,2,0,2,2,0,2
whimsicality's,14,3,0,3,2,0,2
whimsically,11,2,1,3,2,1,3
whimsies,8,3,1,4,3,0,3
whimsy,6,4,3,7,4,3,7
whimsy's,8,3,1,4,2,3,5
whine,5,3,7,10,3,7,10
whine's,7,6,5,11,6,5,11
whined,6,5,4,9,5,4,9
whiner,6,5,3,8,5,3,8
whiner's,8,5,5,10,5,5,10
whiners,7,4,4,8,4,5,9
whines,6,5,5,10,5,3,8
whinier,7,3,3,6,3,3,6
whiniest,8,4,2,6,4,2,6
whining,7,4,4,8,4,4,8
whinnied,8,3,3,6,3,2,5
whinnies,8,4,1,5,3,4,7
whinny,6,3,6,9,2,6,8
whinny's,8,5,5,10,5,5,10
whinnying,9,2,2,4,2,2,4
whiny,5,3,8,11,3,8,11
whip,4,4,7,11,4,9,13
whip's,6,6,6,12,6,7,13
whipcord,8,3,3,6,3,3,6
whipcord's,10,6,2,8,6,3,9
whiplash,8,2,2,4,2,2,4
whiplash's,10,4,1,5,2,2,4
whiplashes,10,3,1,4,3,0,3
whipped,7,6,6,12,4,6,10
whippersnapper,14,2,0,2,2,0,2
whippersnapper's,16,3,0,3,2,0,2
whippersnappers,15,2,0,2,2,0,2
whippet,7,2,6,8,3,4,7
whippet's,9,5,3,8,3,4,7
whippets,8,3,5,8,3,4,7
whipping,8,6,5,11,5,6,11
whipping's,10,6,5,11,6,5,11
whippings,9,5,5,10,5,5,10
whippoorwill,12,2,1,3,2,1,3
whippoorwill's,14,3,3,6,3,0,3
whippoorwills,13,1,4,5,3,2,5
whips,5,4,8,12,4,8,12
whir,4,2,5,7,2,5,7
whir's,6,4,4,8,4,4,8
whirl,5,4,4,8,3,4,7
whirl's,7,6,3,9,5,3,8
whirled,7,6,2,8,6,2,8
whirligig,9,1,2,3,1,2,3
whirligig's,11,2,3,5,2,3,5
whirligigs,10,2,3,5,2,3,5
whirling,8,6,2,8,6,2,8
whirlpool,9,3,2,5,2,3,5
whirlpool's,11,4,2,6,3,2,5
whirlpools,10,3,2,5,3,2,5
whirls,6,4,6,10,4,4,8
whirlwind,9,2,3,5,2,3,5
whirlwind's,11,3,3,6,3,3,6
whirlwinds,10,3,3,6,3,3,6
whirr,5,2,5,7,2,5,7
whirr's,7,4,4,8,4,4,8
whirred,7,4,2,6,4,2,6
whirring,8,4,2,6,4,2,6
whirrs,6,3,4,7,3,5,8
whirs,5,3,4,7,3,4,7
whisk,5,3,4,7,3,4,7
whisk's,7,3,4,7,3,4,7
whisked,7,4,2,6,4,2,6
whisker,7,7,1,8,7,1,8
whisker's,9,8,1,9,8,1,9
whiskered,9,8,1,9,8,1,9
whiskers,8,7,1,8,7,1,8
whiskey,7,4,4,8,4,4,8
whiskey's,9,3,3,6,2,3,5
whiskeys,8,4,3,7,3,3,6
whiskies,8,3,2,5,3,0,3
whisking,8,5,4,9,5,3,8
whisks,6,2,4,6,2,5,7
whisky,6,3,4,7,3,4,7
whisky's,8,5,3,8,4,3,7
whiskys,7,2,4,6,3,4,7
whisper,7,6,2,8,6,2,8
whisper's,9,7,2,9,7,2,9
whispered,9,7,2,9,7,2,9
whispering,10,6,1,7,6,1,7
whispers,8,6,2,8,6,2,8
whist,5,3,4,7,3,4,7
whist's,7,4,4,8,4,4,8
whistle,7,5,2,7,5,2,7
whistle's,9,6,2,8,5,2,7
whistled,8,4,2,6,3,3,6
whistler,8,5,0,5,5,0,5
whistler's,10,6,0,6,6,0,6
whistlers,9,4,2,6,3,2,5
whistles,8,5,1,6,5,1,6
whistling,9,6,2,8,6,2,8
whit,4,4,8,12,2,9,11
whit's,6,6,7,13,4,7,11
white,5,5,6,11,5,6,11
white's,7,7,4,11,7,4,11
whitecap,8,2,4,6,3,3,6
whitecap's,10,4,2,6,5,0,5
whitecaps,9,3,2,5,4,1,5
whitefish,9,3,0,3,3,0,3
whitefish's,11,4,0,4,3,0,3
whitefishes,11,3,1,4,4,0,4
whiten,6,4,5,9,4,5,9
whitened,8,3,2,5,3,2,5
whitener,8,3,3,6,3,2,5
whitener's,10,5,0,5,5,0,5
whiteners,9,4,0,4,4,0,4
whiteness,9,6,2,8,4,1,5
whiteness's,11,7,2,9,5,1,6
whitening,9,4,1,5,3,1,4
whitens,7,4,3,7,3,3,6
whiter,6,4,5,9,4,6,10
whites,6,6,3,9,6,4,10
whitest,7,3,3,6,3,3,6
whitewall,9,4,2,6,3,3,6
whitewall's,11,6,1,7,4,2,6
whitewalls,10,3,2,5,5,0,5
whitewash,9,3,0,3,3,0,3
whitewash's,11,5,0,5,3,0,3
whitewashed,11,3,0,3,3,0,3
whitewashes,11,3,1,4,4,0,4
whitewashing,12,5,0,5,3,0,3
whither,7,4,2,6,5,1,6
whiting,7,5,7,12,5,7,12
whiting's,9,8,3,11,8,3,11
whitings,8,4,5,9,4,5,9
whitish,7,4,1,5,3,2,5
whits,5,3,8,11,3,8,11
whittle,7,5,4,9,4,3,7
whittled,8,5,4,9,4,2,6
whittler,8,6,2,8,5,1,6
whittler's,10,6,1,7,6,1,7
whittlers,9,6,1,7,6,1,7
whittles,8,5,1,6,5,1,6
whittling,9,5,3,8,5,3,8
whiz,4,3,9,12,3,10,13
whiz's,6,5,8,13,5,8,13
whizz,5,3,9,12,3,9,12
whizz's,7,5,7,12,5,7,12
whizzed,7,5,7,12,4,7,11
whizzes,7,3,5,8,4,2,6
whizzing,8,5,6,11,4,8,12
who,3,2,4,6,2,4,6
who'd,5,2,8,10,3,6,9
who'll,6,2,5,7,2,5,7
who're,6,3,2,5,3,2,5
who's,5,4,4,8,4,4,8
who've,6,3,5,8,2,6,8
whoa,4,2,1,3,2,1,3
whodunit,8,3,3,6,3,3,6
whodunit's,10,3,2,5,3,2,5
whodunits,9,3,2,5,3,2,5
whodunnit,9,2,3,5,2,3,5
whodunnit's,11,3,2,5,3,2,5
whodunnits,10,3,2,5,3,2,5
whodunnits's,12,4,0,4,3,0,3
whoever,7,3,3,6,3,3,6
whole,5,3,3,6,3,3,6
whole's,7,5,2,7,5,2,7
wholehearted,12,2,2,4,2,2,4
wholeheartedly,14,1,2,3,1,2,3
wholeness,9,5,3,8,3,3,6
wholeness's,11,6,3,9,4,3,7
wholes,6,4,4,8,4,4,8
wholesale,9,3,0,3,3,0,3
wholesale's,11,4,0,4,8,0,8
wholesaled,10,8,1,9,8,0,8
wholesaler,10,7,2,9,7,1,8
wholesaler's,12,3,0,3,2,1,3
wholesalers,11,2,1,3,7,1,8
wholesales,10,2,1,3,3,0,3
wholesaling,11,6,0,6,4,0,4
wholesome,9,3,1,4,3,1,4
wholesomeness,13,3,0,3,2,0,2
wholesomeness's,15,3,0,3,2,0,2
wholly,6,2,5,7,2,5,7
whom,4,2,8,10,2,8,10
whomever,8,5,3,8,5,4,9
whomsoever,10,4,0,4,4,0,4
whoop,5,1,5,6,1,5,6
whoop's,7,3,4,7,3,4,7
whooped,7,3,7,10,3,7,10
whoopee,7,2,2,4,2,2,4
whoopees,8,3,1,4,3,1,4
whooping,8,5,6,11,4,7,11
whoops,6,2,5,7,2,5,7
whoosh,6,3,2,5,3,2,5
whoosh's,8,3,4,7,2,3,5
whooshed,8,4,1,5,4,1,5
whooshes,8,3,2,5,3,1,4
whooshing,9,4,3,7,4,3,7
whopper,7,3,5,8,5,5,10
whopper's,9,5,3,8,7,3,10
whoppers,8,4,5,9,4,4,8
whopping,8,5,5,10,4,7,11
whore,5,4,3,7,4,3,7
whore's,7,6,2,8,6,2,8
whorehouse,10,3,1,4,2,1,3
whorehouse's,12,4,1,5,2,1,3
whorehouses,11,2,1,3,2,1,3
whores,6,5,2,7,5,2,7
whorl,5,3,6,9,3,6,9
whorl's,7,5,5,10,5,5,10
whorled,7,3,4,7,3,4,7
whorls,6,4,5,9,4,5,9
whose,5,4,2,6,4,2,6
whosoever,9,5,0,5,4,0,4
why,3,2,9,11,2,9,11
why's,5,3,7,10,3,7,10
whys,4,2,7,9,2,7,9
wick,4,3,12,15,3,12,15
wick's,6,5,11,16,5,11,16
wicked,6,5,10,15,5,10,15
wickeder,8,3,2,5,2,2,4
wickedest,9,4,1,5,4,1,5
wickedly,8,5,3,8,3,4,7
wickedness,10,4,1,5,6,2,8
wickedness's,12,5,1,6,7,2,9
wicker,6,5,7,12,5,7,12
wicker's,8,7,7,14,7,8,15
wickers,7,6,7,13,6,7,13
wickerwork,10,2,3,5,3,2,5
wickerwork's,12,4,2,6,5,1,6
wicket,6,4,8,12,4,8,12
wicket's,8,6,7,13,6,7,13
wickets,7,5,7,12,5,7,12
wicks,5,4,11,15,4,11,15
wide,4,3,10,13,3,10,13
widely,6,6,4,10,4,6,10
widen,5,4,4,8,4,4,8
widened,7,3,2,5,3,1,4
wideness,8,4,4,8,4,4,8
wideness's,10,5,4,9,5,4,9
widening,8,4,3,7,4,3,7
widens,6,3,6,9,3,6,9
wider,5,4,3,7,4,3,7
widescreen,10,2,0,2,2,0,2
widescreen's,12,2,0,2,2,0,2
widescreens,11,2,0,2,2,0,2
widespread,10,4,0,4,4,0,4
widest,6,5,0,5,5,0,5
widgeon,7,5,2,7,3,3,6
widgeon's,9,7,2,9,5,2,7
widgeons,8,5,4,9,4,3,7
widow,5,2,6,8,2,6,8
widow's,7,4,5,9,4,5,9
widowed,7,3,3,6,3,2,5
widower,7,3,3,6,3,3,6
widower's,9,5,2,7,6,2,8
widowers,8,4,5,9,4,4,8
widowhood,9,2,3,5,2,3,5
widowhood's,11,2,2,4,2,2,4
widowing,8,4,5,9,4,2,6
widows,6,3,5,8,3,5,8
width,5,3,9,12,3,9,12
width's,7,5,7,12,5,8,13
widths,6,4,7,11,4,7,11
wield,5,3,4,7,5,3,8
wielded,7,5,3,8,5,2,7
wielding,8,7,2,9,7,2,9
wields,6,6,3,9,6,3,9
wiener,6,4,1,5,4,1,5
wiener's,8,5,0,5,5,0,5
wieners,7,4,1,5,4,0,4
wife,4,4,10,14,4,10,14
wife's,6,5,9,14,5,10,15
wifely,6,5,5,10,5,2,7
wig,3,2,12,14,2,11,13
wig's,5,4,11,15,4,11,15
wigeon,6,5,3,8,5,4,9
wigeon's,8,7,2,9,7,2,9
wigeons,7,6,4,10,6,2,8
wigged,6,4,9,13,4,9,13
wigging,7,3,6,9,3,7,10
wiggle,6,4,5,9,4,3,7
wiggle's,8,6,4,10,6,5,11
wiggled,7,5,6,11,5,5,10
wiggler,7,5,3,8,5,1,6
wiggler's,9,7,2,9,6,4,10
wigglers,8,6,3,9,5,3,8
wiggles,7,5,3,8,5,3,8
wigglier,8,5,2,7,4,1,5
wiggliest,9,6,0,6,5,0,5
wiggling,8,4,3,7,4,3,7
wiggly,6,4,4,8,4,3,7
wight,5,4,11,15,4,11,15
wight's,7,6,10,16,6,10,16
wights,6,5,9,14,5,9,14
wigs,4,3,10,13,3,10,13
wigwag,6,3,7,10,4,6,10
wigwag's,8,6,6,12,6,5,11
wigwagged,9,6,3,9,5,1,6
wigwagging,10,5,2,7,3,2,5
wigwags,7,5,4,9,5,3,8
wigwam,6,3,4,7,3,4,7
wigwam's,8,5,3,8,5,3,8
wigwams,7,5,4,9,4,3,7
wiki,4,2,4,6,2,5,7
wiki's,6,4,4,8,4,4,8
wikis,5,3,4,7,3,4,7
wild,4,3,8,11,3,8,11
wild's,6,5,6,11,5,6,11
wildcat,7,3,4,7,3,4,7
wildcat's,9,5,4,9,4,3,7
wildcats,8,4,2,6,4,2,6
wildcatted,10,3,1,4,3,2,5
wildcatting,11,5,1,6,3,2,5
wildebeest,10,4,0,4,4,0,4
wildebeest's,12,4,0,4,3,0,3
wildebeests,11,3,0,3,3,0,3
wilder,6,6,2,8,6,2,8
wilderness,10,4,0,4,6,2,8
wilderness's,12,5,0,5,7,2,9
wildernesses,12,2,0,2,2,0,2
wildest,7,4,4,8,4,4,8
wildfire,8,3,3,6,3,3,6
wildfire's,10,5,0,5,5,2,7
wildfires,9,4,1,5,4,1,5
wildflower,10,4,1,5,2,3,5
wildflower's,12,5,2,7,4,1,5
wildflowers,11,4,3,7,4,1,5
wildfowl,8,3,3,6,3,3,6
wildfowl's,10,4,3,7,3,2,5
wildfowls,9,3,3,6,4,2,6
wildlife,8,3,3,6,3,3,6
wildlife's,10,5,1,6,5,2,7
wildly,6,4,5,9,4,4,8
wildness,8,4,2,6,4,2,6
wildness's,10,5,2,7,5,2,7
wilds,5,4,8,12,4,8,12
wile,4,3,10,13,3,10,13
wile's,6,5,10,15,5,10,15
wiled,5,4,7,11,4,7,11
wiles,5,5,2,7,5,2,7
wilful,6,3,5,8,2,3,5
wilfully,8,4,4,8,3,4,7
wilfulness,10,4,0,4,4,0,4
wilfulness's,12,5,0,5,5,0,5
wilier,6,4,1,5,4,1,5
wiliest,7,5,1,6,5,1,6
wiliness,8,5,2,7,5,2,7
wiliness's,10,6,2,8,6,2,8
wiling,6,4,8,12,4,8,12
will,4,3,8,11,3,8,11
will's,6,5,7,12,5,7,12
willed,6,4,10,14,4,10,14
willful,7,2,4,6,2,4,6
willfully,9,4,4,8,2,4,6
willfulness,11,5,2,7,4,0,4
willfulness's,13,6,2,8,5,0,5
willies,7,4,4,8,4,4,8
willies's,9,4,0,4,4,0,4
willing,7,4,8,12,4,9,13
willingly,9,2,3,5,2,2,4
willingness,11,3,0,3,3,0,3
willingness's,13,2,0,2,3,0,3
willow,6,4,4,8,4,3,7
willow's,8,6,3,9,5,4,9
willows,7,4,5,9,5,3,8
willowy,7,5,3,8,4,3,7
willpower,9,4,2,6,4,2,6
willpower's,11,5,1,6,5,1,6
wills,5,3,14,17,3,14,17
wilt,4,3,8,11,3,8,11
wilt's,6,5,7,12,5,7,12
wilted,6,5,6,11,5,6,11
wilting,7,5,3,8,5,4,9
wilts,5,4,8,12,4,8,12
wily,4,2,8,10,2,8,10
wimp,4,3,9,12,2,9,11
wimp's,6,4,8,12,4,8,12
wimpier,7,4,2,6,4,2,6
wimpiest,8,5,1,6,5,1,6
wimple,6,5,3,8,5,3,8
wimple's,8,6,2,8,6,5,11
wimpled,7,5,5,10,4,8,12
wimples,7,5,2,7,5,2,7
wimpling,8,5,4,9,4,3,7
wimps,5,4,9,13,4,9,13
wimpy,5,4,8,12,4,9,13
win,3,2,13,15,2,13,15
win's,5,4,11,15,4,12,16
wince,5,4,6,10,4,6,10
wince's,7,6,6,12,6,6,12
winced,6,6,7,13,6,7,13
winces,6,5,6,11,5,5,10
winch,5,4,8,12,4,8,12
winch's,7,6,7,13,6,7,13
winched,7,6,7,13,6,7,13
winches,7,6,4,10,6,4,10
winching,8,5,3,8,5,3,8
wincing,7,5,6,11,5,7,12
wind,4,3,12,15,3,12,15
wind's,6,5,10,15,5,10,15
windbag,7,4,3,7,2,6,8
windbag's,9,6,1,7,6,5,11
windbags,8,4,4,8,4,4,8
windbreak,9,2,2,4,2,2,4
windbreak's,11,4,1,5,4,1,5
windbreaker,11,3,1,4,2,1,3
windbreaker's,13,5,1,6,3,0,3
windbreakers,12,3,0,3,3,0,3
windbreaks,10,6,0,6,5,0,5
windburn,8,2,4,6,2,4,6
windburn's,10,3,3,6,3,3,6
winded,6,4,3,7,4,4,8
windfall,8,3,3,6,3,4,7
windfall's,10,6,2,8,5,4,9
windfalls,9,3,5,8,7,4,11
windier,7,5,1,6,5,1,6
windiest,8,6,0,6,5,2,7
windiness,9,5,0,5,5,0,5
windiness's,11,6,0,6,5,0,5
winding,7,4,6,10,4,7,11
winding's,9,6,5,11,6,5,11
windjammer,10,5,2,7,4,2,6
windjammer's,12,7,0,7,6,1,7
windjammers,11,6,1,7,5,1,6
windlass,8,3,2,5,4,1,5
windlass's,10,5,1,6,3,1,4
windlasses,10,3,1,4,4,0,4
windmill,8,3,3,6,3,2,5
windmill's,10,4,4,8,2,5,7
windmilled,10,3,2,5,2,3,5
windmilling,11,2,1,3,2,2,4
windmills,9,3,5,8,2,5,7
window,6,3,3,6,3,5,8
window's,8,5,2,7,4,3,7
windowed,8,4,1,5,3,2,5
windowing,9,3,2,5,3,2,5
windowpane,10,4,1,5,3,1,4
windowpane's,12,5,0,5,4,1,5
windowpanes,11,4,0,4,5,0,5
windows,7,4,3,7,4,3,7
windowsill,10,3,0,3,3,1,4
windowsill's,12,4,0,4,2,2,4
windowsills,11,2,1,3,2,2,4
windpipe,8,3,2,5,3,2,5
windpipe's,10,5,2,7,4,3,7
windpipes,9,3,2,5,3,2,5
winds,5,4,11,15,4,11,15
windscreen,10,4,0,4,4,0,4
windscreen's,12,5,0,5,4,0,4
windscreens,11,2,0,2,2,0,2
windshield,10,3,0,3,3,0,3
windshield's,12,5,0,5,4,0,4
windshields,11,5,0,5,4,0,4
windsock,8,6,1,7,6,1,7
windsock's,10,4,2,6,6,2,8
windsocks,9,6,1,7,6,3,9
windstorm,9,4,1,5,4,1,5
windstorm's,11,5,2,7,3,3,6
windstorms,10,4,2,6,6,2,8
windsurf,8,5,2,7,5,2,7
windsurfed,10,4,1,5,3,1,4
windsurfing,11,3,1,4,3,1,4
windsurfing's,13,3,1,4,3,1,4
windsurfs,9,5,2,7,2,3,5
windswept,9,3,0,3,4,1,5
windup,6,2,8,10,4,5,9
windup's,8,6,4,10,6,5,11
windups,7,5,5,10,5,6,11
windward,8,4,2,6,3,3,6
windward's,10,6,2,8,5,3,8
windy,5,4,7,11,4,7,11
wine,4,3,11,14,3,11,14
wine's,6,5,8,13,5,8,13
wined,5,4,9,13,4,9,13
wineglass,9,5,0,5,4,0,4
wineglass's,11,6,0,6,5,0,5
wineglasses,11,3,0,3,3,0,3
wineries,8,4,0,4,4,0,4
winery,6,4,3,7,5,4,9
winery's,8,7,3,10,7,3,10
wines,5,4,9,13,4,9,13
wing,4,4,11,15,4,11,15
wing's,6,6,10,16,6,10,16
winged,6,6,8,14,6,8,14
winger,6,6,3,9,6,4,10
wingers,7,7,6,13,7,6,13
winging,7,4,8,12,4,9,13
wingless,8,5,2,7,4,1,5
wingnut,7,2,5,7,1,6,7
wingnut's,9,3,3,6,3,3,6
wingnuts,8,2,4,6,3,3,6
wings,5,5,10,15,5,10,15
wingspan,8,4,2,6,4,2,6
wingspan's,10,4,3,7,5,1,6
wingspans,9,3,0,3,4,0,4
wingspread,10,3,0,3,3,0,3
wingspread's,12,5,0,5,4,0,4
wingspreads,11,5,0,5,4,0,4
wingtip,7,3,4,7,3,4,7
wingtip's,9,5,3,8,5,3,8
wingtips,8,3,4,7,3,4,7
wining,6,3,8,11,3,8,11
wink,4,3,11,14,3,9,12
wink's,6,5,8,13,5,8,13
winked,6,5,7,12,5,7,12
winking,7,4,6,10,4,7,11
winks,5,4,10,14,4,9,13
winner,6,4,2,6,4,3,7
winner's,8,6,4,10,6,4,10
winners,7,5,4,9,5,4,9
winning,7,3,6,9,3,7,10
winning's,9,5,3,8,3,3,6
winnings,8,3,3,6,3,3,6
winnow,6,4,3,7,3,4,7
winnowed,8,5,2,7,3,4,7
winnowing,9,2,2,4,2,2,4
winnows,7,5,3,8,5,2,7
wino,4,3,7,10,3,8,11
wino's,6,5,7,12,5,8,13
winos,5,3,5,8,3,5,8
wins,4,3,9,12,2,11,13
winsome,7,5,0,5,3,2,5
winsomely,9,4,1,5,4,1,5
winsomer,8,4,0,4,4,0,4
winsomest,9,3,0,3,3,0,3
winter,6,4,4,8,5,2,7
winter's,8,7,3,10,7,3,10
wintered,8,5,3,8,5,3,8
wintergreen,11,2,1,3,1,1,2
wintergreen's,13,3,0,3,2,0,2
winterier,9,3,1,4,3,1,4
winteriest,10,3,0,3,3,0,3
wintering,9,6,2,8,6,2,8
winterize,9,2,2,4,2,2,4
winterized,10,5,1,6,4,1,5
winterizes,10,4,0,4,4,0,4
winterizing,11,2,1,3,3,1,4
winters,7,6,2,8,6,2,8
wintertime,10,3,1,4,3,1,4
wintertime's,12,5,0,5,5,0,5
wintery,7,5,5,10,4,1,5
wintrier,8,3,2,5,3,1,4
wintriest,9,4,1,5,4,1,5
wintry,6,3,5,8,3,6,9
wipe,4,3,11,14,3,11,14
wipe's,6,5,11,16,5,11,16
wiped,5,4,8,12,4,6,10
wiper,5,4,8,12,4,7,11
wiper's,7,6,5,11,6,4,10
wipers,6,5,6,11,5,5,10
wipes,5,4,11,15,4,8,12
wiping,6,4,10,14,4,9,13
wire,4,3,9,12,3,9,12
wire's,6,5,7,12,5,7,12
wired,5,4,8,12,4,9,13
wireless,8,5,2,7,5,2,7
wireless's,10,4,3,7,4,3,7
wirelesses,10,4,0,4,3,0,3
wires,5,4,8,12,4,11,15
wiretap,7,2,3,5,2,3,5
wiretap's,9,4,1,5,4,2,6
wiretapped,10,4,2,6,4,2,6
wiretapping,11,5,1,6,5,1,6
wiretaps,8,4,2,6,4,1,5
wirier,6,3,3,6,3,3,6
wiriest,7,5,2,7,5,2,7
wiriness,8,5,1,6,5,1,6
wiriness's,10,6,1,7,6,1,7
wiring,6,4,8,12,4,8,12
wiring's,8,5,8,13,5,8,13
wiry,4,2,10,12,2,10,12
wisdom,6,3,4,7,3,4,7
wisdom's,8,4,4,8,4,4,8
wise,4,4,9,13,4,9,13
wise's,6,5,3,8,5,3,8
wiseacre,8,3,1,4,3,0,3
wiseacre's,10,4,0,4,4,0,4
wiseacres,9,3,0,3,3,0,3
wisecrack,9,3,1,4,4,1,5
wisecrack's,11,3,1,4,4,0,4
wisecracked,11,4,0,4,4,0,4
wisecracking,12,4,1,5,3,1,4
wisecracks,10,4,2,6,4,2,6
wisely,6,4,2,6,4,2,6
wiser,5,4,3,7,4,2,6
wises,5,3,5,8,3,5,8
wisest,6,3,1,4,3,1,4
wish,4,3,7,10,3,7,10
wish's,6,4,6,10,4,6,10
wishbone,8,4,3,7,4,1,5
wishbone's,10,5,2,7,5,2,7
wishbones,9,3,2,5,3,2,5
wished,6,5,7,12,5,7,12
wisher,6,5,7,12,3,9,12
wisher's,8,6,2,8,6,2,8
wishers,7,5,2,7,5,2,7
wishes,6,4,5,9,4,5,9
wishful,7,7,2,9,7,2,9
wishfully,9,8,1,9,8,1,9
wishing,7,5,2,7,5,3,8
wishlist's,10,3,1,4,3,1,4
wisp,4,3,7,10,3,7,10
wisp's,6,4,6,10,4,6,10
wispier,7,4,3,7,4,2,6
wispiest,8,4,2,6,4,2,6
wisps,5,3,6,9,3,6,9
wispy,5,3,6,9,3,6,9
wist,4,3,7,10,3,7,10
wistaria,8,3,1,4,3,1,4
wistaria's,10,4,1,5,3,1,4
wistarias,9,2,1,3,3,1,4
wisteria,8,3,2,5,4,1,5
wisteria's,10,4,0,4,4,0,4
wisterias,9,3,1,4,3,1,4
wistful,7,6,3,9,6,3,9
wistfully,9,7,2,9,7,2,9
wistfulness,11,6,1,7,6,1,7
wistfulness's,13,7,1,8,7,1,8
wit,3,3,12,15,3,12,15
wit's,5,5,10,15,5,10,15
witch,5,4,10,14,4,10,14
witch's,7,6,9,15,6,9,15
witchcraft,10,3,2,5,3,2,5
witchcraft's,12,4,2,6,4,1,5
witched,7,6,6,12,6,6,12
witchery,8,5,2,7,3,3,6
witchery's,10,7,3,10,8,4,12
witches,7,6,4,10,6,4,10
witching,8,6,6,12,5,6,11
with,4,3,9,12,3,8,11
withal,6,3,7,10,3,7,10
withdraw,8,4,2,6,4,2,6
withdrawal,10,2,2,4,2,2,4
withdrawal's,12,3,1,4,3,1,4
withdrawals,11,2,2,4,3,1,4
withdrawing,11,5,1,6,2,3,5
withdrawn,9,2,4,6,3,3,6
withdraws,9,4,2,6,4,2,6
withdrew,8,4,1,5,4,1,5
wither,6,6,3,9,6,2,8
withered,8,5,3,8,5,3,8
withering,9,7,3,10,7,2,9
withers,7,7,3,10,7,2,9
withers's,9,5,0,5,5,0,5
withheld,8,4,1,5,4,2,6
withhold,8,4,4,8,3,3,6
withholding,11,4,3,7,2,3,5
withholding's,13,6,1,7,3,1,4
withholds,9,3,3,6,4,2,6
within,6,2,6,8,2,4,6
within's,8,4,5,9,4,5,9
without,7,3,4,7,3,4,7
withstand,9,7,1,8,6,2,8
withstanding,12,2,0,2,2,0,2
withstands,10,4,2,6,4,1,5
withstood,9,6,2,8,7,1,8
witless,7,4,5,9,4,5,9
witlessly,9,5,2,7,5,2,7
witness,7,5,2,7,5,2,7
witness's,9,6,2,8,6,2,8
witnessed,9,4,1,5,4,1,5
witnesses,9,4,2,6,4,2,6
witnessing,10,3,0,3,3,0,3
wits,4,4,9,13,4,9,13
wits's,6,3,4,7,3,4,7
witticism,9,3,1,4,3,1,4
witticism's,11,4,0,4,3,1,4
witticisms,10,3,0,3,3,1,4
wittier,7,3,7,10,3,7,10
wittiest,8,4,0,4,4,0,4
wittily,7,4,4,8,4,5,9
wittiness,9,4,2,6,5,1,6
wittiness's,11,5,2,7,6,1,7
witting,7,4,7,11,4,7,11
wittingly,9,6,3,9,6,3,9
witty,5,3,7,10,3,9,12
wive,4,3,11,14,3,11,14
wives,5,4,9,13,4,9,13
wiz,3,2,12,14,2,12,14
wiz's,5,4,11,15,4,11,15
wizard,6,5,5,10,3,5,8
wizard's,8,7,4,11,5,4,9
wizardry,8,4,3,7,3,2,5
wizardry's,10,6,2,8,4,1,5
wizards,7,5,2,7,6,3,9
wizened,7,4,3,7,4,3,7
wizes,5,3,12,15,3,12,15
wizzes,6,4,7,11,4,5,9
wobble,6,4,5,9,4,5,9
wobble's,8,6,6,12,6,4,10
wobbled,7,5,6,11,5,5,10
wobbles,7,5,6,11,5,5,10
wobblier,8,4,4,8,5,1,6
wobbliest,9,6,1,7,6,1,7
wobbling,8,6,6,12,6,4,10
wobbly,6,3,7,10,4,6,10
woe,3,3,6,9,3,6,9
woe's,5,4,10,14,4,10,14
woebegone,9,1,2,3,1,2,3
woeful,6,2,5,7,2,5,7
woefuller,9,3,1,4,3,1,4
woefullest,10,3,1,4,3,1,4
woefully,8,3,4,7,2,2,4
woes,4,3,8,11,3,7,10
wok,3,2,7,9,2,7,9
wok's,5,5,5,10,5,5,10
woke,4,4,9,13,4,9,13
woken,5,5,4,9,5,4,9
woks,4,3,6,9,3,6,9
wolf,4,4,6,10,4,5,9
wolf's,6,6,4,10,6,3,9
wolfed,6,5,4,9,5,4,9
wolfhound,9,2,4,6,2,4,6
wolfhound's,11,4,2,6,3,2,5
wolfhounds,10,3,3,6,4,2,6
wolfing,7,5,5,10,5,5,10
wolfish,7,5,3,8,5,2,7
wolfram,7,3,4,7,4,3,7
wolfram's,9,5,3,8,5,3,8
wolfs,5,4,6,10,4,6,10
wolverine,9,5,3,8,5,3,8
wolverine's,11,6,2,8,6,2,8
wolverines,10,5,1,6,6,2,8
wolves,6,4,7,11,4,8,12
woman,5,4,5,9,4,5,9
woman's,7,6,3,9,6,3,9
womanhood,9,2,3,5,2,3,5
womanhood's,11,4,1,5,3,1,4
womanish,8,4,2,6,4,2,6
womanize,8,6,2,8,6,2,8
womanized,9,7,2,9,7,2,9
womanizer,9,7,3,10,5,2,7
womanizer's,11,9,1,10,9,1,10
womanizers,10,8,2,10,8,1,9
womanizes,9,7,1,8,5,2,7
womanizing,10,5,3,8,5,2,7
womankind,9,6,4,10,6,3,9
womankind's,11,5,1,6,4,1,5
womanlier,9,4,3,7,4,2,6
womanliest,10,6,1,7,5,0,5
womanlike,9,4,1,5,4,1,5
womanlike's,11,6,0,6,5,0,5
womanliness,11,3,0,3,3,0,3
womanliness's,13,3,0,3,3,0,3
womanly,7,5,3,8,4,4,8
womb,4,3,11,14,2,11,13
womb's,6,5,9,14,4,7,11
wombat,6,4,4,8,5,5,10
wombat's,8,6,3,9,7,4,11
wombats,7,4,5,9,6,4,10
wombs,5,3,8,11,3,8,11
women,5,5,5,10,5,5,10
women's,7,6,2,8,6,2,8
womenfolk,9,3,1,4,3,1,4
womenfolk's,11,5,0,5,4,1,5
womenfolks,10,4,2,6,4,2,6
womenfolks's,12,4,1,5,3,1,4
won,3,3,11,14,3,11,14
won's,5,4,6,10,4,6,10
won't,5,4,5,9,3,6,9
wonder,6,6,3,9,6,3,9
wonder's,8,7,3,10,7,2,9
wondered,8,5,4,9,5,4,9
wonderful,9,5,2,7,3,2,5
wonderfully,11,2,2,4,3,2,5
wondering,9,7,3,10,7,3,10
wonderland,10,2,2,4,3,2,5
wonderland's,12,8,0,8,6,0,6
wonderlands,11,7,1,8,4,0,4
wonderment,10,4,2,6,5,2,7
wonderment's,12,6,0,6,8,2,10
wonders,7,5,6,11,5,3,8
wondrous,8,4,4,8,3,4,7
wondrously,10,4,1,5,5,1,6
wont,4,3,7,10,3,7,10
wont's,6,5,7,12,5,7,12
wonted,6,5,9,14,4,8,12
woo,3,2,6,8,2,6,8
wood,4,3,7,10,3,8,11
wood's,6,5,4,9,5,4,9
woodbine,8,4,2,6,4,2,6
woodbine's,10,6,1,7,5,1,6
woodcarving,11,6,2,8,7,4,11
woodcarving's,13,5,2,7,9,2,11
woodcarvings,12,4,1,5,3,1,4
woodchuck,9,1,4,5,1,4,5
woodchuck's,11,3,3,6,2,3,5
woodchucks,10,4,3,7,4,3,7
woodcock,8,2,4,6,2,4,6
woodcock's,10,5,2,7,3,2,5
woodcocks,9,3,2,5,3,2,5
woodcraft,9,3,3,6,2,4,6
woodcraft's,11,5,1,6,4,1,5
woodcut,7,3,5,8,3,5,8
woodcut's,9,5,4,9,5,4,9
woodcuts,8,4,5,9,4,5,9
woodcutter,10,4,1,5,3,2,5
woodcutter's,12,5,1,6,4,2,6
woodcutters,11,4,2,6,3,2,5
woodcutting,11,4,3,7,8,3,11
woodcutting's,13,2,0,2,10,1,11
wooded,6,3,4,7,3,3,6
wooden,6,4,2,6,4,2,6
woodener,8,5,1,6,4,1,5
woodenest,9,6,0,6,5,0,5
woodenly,8,3,2,5,3,3,6
woodenness,10,3,1,4,3,1,4
woodenness's,12,4,1,5,3,1,4
woodier,7,5,5,10,5,5,10
woodies,7,5,4,9,5,4,9
woodiest,8,5,6,11,5,5,10
woodiness,9,7,1,8,7,2,9
woodiness's,11,8,1,9,8,2,10
wooding,7,5,10,15,5,10,15
woodland,8,5,3,8,4,3,7
woodland's,10,5,2,7,5,1,6
woodlands,9,3,4,7,4,1,5
woodman,7,5,4,9,5,3,8
woodman's,9,7,2,9,7,2,9
woodmen,7,2,2,4,2,2,4
woodpecker,10,3,2,5,3,2,5
woodpecker's,12,5,2,7,4,1,5
woodpeckers,11,4,2,6,4,1,5
woodpile,8,3,3,6,3,3,6
woodpile's,10,5,2,7,4,2,6
woodpiles,9,4,1,5,4,0,4
woods,5,4,5,9,4,5,9
woods's,7,5,3,8,5,3,8
woodshed,8,3,1,4,3,1,4
woodshed's,10,3,2,5,3,2,5
woodsheds,9,2,2,4,3,2,5
woodsier,8,5,1,6,5,0,5
woodsiest,9,5,0,5,5,0,5
woodsman,8,4,2,6,4,2,6
woodsman's,10,4,1,5,3,2,5
woodsmen,8,5,1,6,4,1,5
woodsy,6,2,2,4,2,2,4
woodwind,8,4,3,7,4,3,7
woodwind's,10,4,4,8,3,3,6
woodwinds,9,5,2,7,4,2,6
woodwork,8,5,4,9,5,4,9
woodwork's,10,5,2,7,3,2,5
woodworking,11,4,2,6,4,2,6
woodworking's,13,3,3,6,3,1,4
woodworm,8,4,5,9,4,5,9
woody,5,3,5,8,3,5,8
woody's,7,5,4,9,5,4,9
wooed,5,3,5,8,3,5,8
wooer,5,3,3,6,3,3,6
wooer's,7,5,1,6,5,1,6
wooers,6,4,1,5,4,1,5
woof,4,2,11,13,2,11,13
woof's,6,4,12,16,4,11,15
woofed,6,3,10,13,4,8,12
woofer,6,3,7,10,3,7,10
woofer's,8,5,5,10,5,5,10
woofers,7,4,5,9,4,4,8
woofing,7,5,9,14,5,9,14
woofs,5,3,10,13,3,11,14
wooing,6,4,6,10,4,6,10
wool,4,2,12,14,2,12,14
wool's,6,4,7,11,4,11,15
woolen,6,2,7,9,3,5,8
woolen's,8,4,5,9,5,3,8
woolens,7,4,6,10,4,6,10
woolgathering,13,4,1,5,2,1,3
woolgathering's,15,3,0,3,3,0,3
woolie,6,4,2,6,4,2,6
woolie's,8,6,3,9,6,2,8
woolier,7,5,2,7,5,1,6
woolies,7,5,3,8,5,3,8
wooliest,8,6,1,7,6,0,6
woollier,8,4,2,6,4,1,5
woollies,8,4,1,5,4,1,5
woolliest,9,6,1,7,6,1,7
woolliness,10,5,0,5,5,1,6
woolliness's,12,6,0,6,6,0,6
woolly,6,3,5,8,3,5,8
woolly's,8,4,4,8,5,3,8
wooly,5,3,6,9,3,6,9
wooly's,7,5,5,10,5,5,10
woos,4,3,11,14,3,11,14
woozier,7,5,4,9,5,3,8
wooziest,8,6,3,9,6,2,8
wooziness,9,6,2,8,6,3,9
wooziness's,11,7,2,9,7,3,10
woozy,5,2,9,11,2,9,11
word,4,3,7,10,3,8,11
word's,6,5,5,10,5,7,12
worded,6,4,4,8,4,4,8
wordier,7,5,2,7,5,2,7
wordiest,8,7,1,8,7,0,7
wordiness,9,7,0,7,7,1,8
wordiness's,11,8,0,8,8,1,9
wording,7,6,7,13,6,9,15
wording's,9,9,2,11,9,2,11
wordings,8,8,3,11,8,3,11
wordplay,8,6,3,9,3,4,7
wordplay's,10,6,2,8,5,1,6
words,5,4,7,11,4,7,11
wordy,5,5,6,11,4,4,8
wore,4,4,10,14,4,10,14
work,4,3,10,13,3,11,14
work's,6,5,9,14,5,9,14
workable,8,5,2,7,5,2,7
workaday,8,4,4,8,3,4,7
workaholic,10,4,2,6,3,3,6
workaholic's,12,4,1,5,4,1,5
workaholics,11,3,2,5,3,2,5
workbench,9,3,2,5,3,2,5
workbench's,11,5,1,6,4,1,5
workbenches,11,4,0,4,3,1,4
workbook,8,2,5,7,2,4,6
workbook's,10,5,2,7,4,2,6
workbooks,9,2,3,5,3,2,5
workday,7,5,4,9,4,4,8
workday's,9,5,3,8,4,3,7
workdays,8,5,2,7,5,2,7
worked,6,6,6,12,6,7,13
worker,6,3,7,10,3,7,10
worker's,8,5,6,11,5,6,11
workers,7,4,5,9,4,5,9
workfare,8,4,3,7,4,3,7
workfare's,10,6,2,8,5,2,7
workflow,8,2,5,7,2,4,6
workflow's,10,4,2,6,3,2,5
workflows,9,3,3,6,3,2,5
workforce,9,2,3,5,2,3,5
workforce's,11,4,2,6,4,2,6
workhorse,9,4,1,5,4,1,5
workhorse's,11,5,2,7,5,1,6
workhorses,10,3,2,5,4,1,5
workhouse,9,6,1,7,6,1,7
workhouse's,11,7,2,9,7,1,8
workhouses,10,6,2,8,6,1,7
working,7,6,7,13,6,9,15
working's,9,8,3,11,8,3,11
workingman,10,3,2,5,3,2,5
workingman's,12,4,1,5,4,1,5
workingmen,10,3,3,6,3,2,5
workings,8,7,4,11,7,4,11
workings's,10,5,2,7,5,2,7
workload,8,4,3,7,3,3,6
workload's,10,6,2,8,4,1,5
workloads,9,5,1,6,4,1,5
workman,7,6,3,9,5,3,8
workman's,9,7,1,8,7,2,9
workmanlike,11,3,1,4,3,2,5
workmanship,11,3,1,4,2,2,4
workmanship's,13,2,1,3,2,1,3
workmen,7,3,4,7,3,4,7
workout,7,3,7,10,3,5,8
workout's,9,5,3,8,5,3,8
workouts,8,4,5,9,4,5,9
workplace,9,3,2,5,3,2,5
workplace's,11,5,0,5,5,2,7
workplaces,10,4,1,5,7,1,8
works,5,4,10,14,4,10,14
works's,7,5,5,10,5,5,10
worksheet,9,2,0,2,2,0,2
worksheet's,11,2,0,2,2,0,2
worksheets,10,2,0,2,2,0,2
workshop,8,3,3,6,3,3,6
workshop's,10,4,3,7,3,3,6
workshops,9,5,3,8,3,2,5
workstation,11,4,1,5,4,1,5
workstation's,13,7,1,8,4,1,5
workstations,12,3,1,4,3,1,4
workweek,8,3,2,5,3,2,5
workweek's,10,5,1,6,5,1,6
workweeks,9,4,1,5,4,2,6
world,5,3,8,11,3,8,11
world's,7,5,7,12,5,7,12
worldlier,9,3,1,4,3,1,4
worldliest,10,6,1,7,5,1,6
worldliness,11,4,1,5,6,0,6
worldliness's,13,5,1,6,7,0,7
worldly,7,3,5,8,2,5,7
worlds,6,3,6,9,2,7,9
worldwide,9,3,3,6,3,3,6
worm,4,3,9,12,3,10,13
worm's,6,5,8,13,5,9,14
wormed,6,5,7,12,5,8,13
wormhole,8,5,4,9,5,4,9
wormhole's,10,7,3,10,7,2,9
wormholes,9,6,3,9,6,3,9
wormier,7,4,3,7,4,3,7
wormiest,8,6,5,11,5,6,11
worming,7,5,8,13,5,9,14
worms,5,5,4,9,5,4,9
wormwood,8,2,5,7,2,4,6
wormwood's,10,5,2,7,4,3,7
wormy,5,4,7,11,3,9,12
worn,4,3,11,14,3,11,14
worried,7,4,3,7,4,3,7
worrier,7,3,3,6,3,3,6
worrier's,9,5,3,8,5,3,8
worriers,8,4,3,7,4,2,6
worries,7,5,4,9,5,4,9
worrisome,9,3,1,4,4,0,4
worry,5,3,4,7,3,6,9
worry's,7,5,3,8,5,5,10
worrying,8,5,5,10,5,5,10
worryings,9,5,4,9,5,3,8
worrywart,9,3,3,6,3,3,6
worrywart's,11,4,1,5,3,1,4
worrywarts,10,4,2,6,4,1,5
worse,5,4,5,9,4,5,9
worse's,7,5,4,9,5,4,9
worsen,6,4,4,8,4,4,8
worsened,8,5,0,5,4,0,4
worsening,9,6,0,6,5,1,6
worsens,7,4,3,7,4,3,7
worship,7,5,2,7,4,2,6
worship's,9,7,3,10,4,2,6
worshiped,9,4,2,6,4,1,5
worshiper,9,3,1,4,4,1,5
worshiper's,11,3,0,3,3,0,3
worshipers,10,3,1,4,3,1,4
worshipful,10,3,1,4,2,2,4
worshiping,10,3,1,4,3,1,4
worshipped,10,5,1,6,3,1,4
worshipper,10,3,0,3,3,0,3
worshipper's,12,4,0,4,4,1,5
worshippers,11,3,1,4,3,1,4
worshipping,11,4,1,5,3,1,4
worships,8,5,3,8,3,4,7
worst,5,3,5,8,3,5,8
worst's,7,4,4,8,4,4,8
worsted,7,5,1,6,5,1,6
worsted's,9,5,1,6,5,1,6
worsting,8,6,3,9,6,3,9
worsts,6,3,5,8,3,5,8
worth,5,4,8,12,2,9,11
worth's,7,4,7,11,4,8,12
worthier,8,5,3,8,3,2,5
worthies,8,5,1,6,5,1,6
worthiest,9,6,1,7,6,1,7
worthily,8,4,5,9,3,5,8
worthiness,10,5,1,6,7,1,8
worthiness's,12,6,1,7,6,1,7
worthless,9,5,2,7,5,2,7
worthlessness,13,6,1,7,6,1,7
worthlessness's,15,7,1,8,7,1,8
worthwhile,10,4,2,6,3,3,6
worthy,6,5,7,12,5,7,12
worthy's,8,7,5,12,7,5,12
wot,3,2,11,13,2,11,13
would,5,4,8,12,3,7,10
would've,8,2,4,6,2,4,6
wouldn't,8,7,5,12,7,5,12
woulds,6,4,6,10,4,6,10
wound,5,4,10,14,4,10,14
wound's,7,6,8,14,6,7,13
wounded,7,5,7,12,5,7,12
wounder,7,6,6,12,6,6,12
wounding,8,6,8,14,6,8,14
wounds,6,5,9,14,5,9,14
wove,4,3,12,15,3,12,15
woven,5,4,6,10,4,6,10
wow,3,2,6,8,2,6,8
wow's,5,4,5,9,4,5,9
wowed,5,4,3,7,4,2,6
wowing,6,5,4,9,5,3,8
wows,4,3,6,9,3,6,9
wrack,5,4,5,9,4,5,9
wrack's,7,5,4,9,5,4,9
wraith,6,3,4,7,3,4,7
wraith's,8,5,3,8,4,7,11
wraiths,7,3,4,7,3,4,7
wrangle,7,5,1,6,5,0,5
wrangle's,9,7,0,7,7,0,7
wrangled,8,5,4,9,5,4,9
wrangler,8,3,4,7,2,4,6
wrangler's,10,6,1,7,5,2,7
wranglers,9,5,2,7,5,2,7
wrangles,8,6,1,7,6,1,7
wrangling,9,3,3,6,3,3,6
wrap,4,2,10,12,2,10,12
wrap's,6,5,7,12,5,7,12
wraparound,10,2,3,5,1,3,4
wraparound's,12,4,1,5,2,2,4
wraparounds,11,2,2,4,3,1,4
wrapped,7,5,6,11,5,5,10
wrapper,7,3,7,10,4,6,10
wrapper's,9,5,5,10,5,5,10
wrappers,8,4,6,10,5,4,9
wrapping,8,5,6,11,6,6,12
wrapping's,10,6,2,8,4,5,9
wrappings,9,7,4,11,7,3,10
wraps,5,4,5,9,4,5,9
wrapt,5,3,5,8,3,5,8
wrath,5,3,3,6,3,2,5
wrath's,7,5,1,6,5,1,6
wrathful,8,5,4,9,2,4,6
wrathfully,10,5,4,9,3,3,6
wreak,5,4,6,10,4,6,10
wreaked,7,5,4,9,5,3,8
wreaking,8,7,5,12,7,5,12
wreaks,6,5,5,10,5,5,10
wreath,6,5,4,9,5,2,7
wreath's,8,7,1,8,7,1,8
wreathe,7,5,2,7,5,1,6
wreathed,8,6,3,9,6,3,9
wreathes,8,6,1,7,6,1,7
wreathing,9,8,3,11,7,3,10
wreaths,7,6,2,8,6,2,8
wreck,5,3,3,6,3,4,7
wreck's,7,5,2,7,5,3,8
wreckage,8,3,2,5,3,2,5
wreckage's,10,5,0,5,5,0,5
wrecked,7,3,4,7,3,3,6
wrecker,7,2,5,7,2,5,7
wrecker's,9,4,4,8,4,4,8
wreckers,8,3,3,6,3,3,6
wrecking,8,5,4,9,5,4,9
wrecks,6,4,3,7,3,4,7
wren,4,3,2,5,3,3,6
wren's,6,5,1,6,5,1,6
wrench,6,5,5,10,5,5,10
wrench's,8,7,2,9,5,4,9
wrenched,8,5,3,8,5,3,8
wrenches,8,6,3,9,6,3,9
wrenching,9,7,3,10,7,3,10
wrens,5,4,1,5,4,1,5
wrest,5,4,2,6,4,2,6
wrest's,7,5,2,7,5,2,7
wrested,7,5,2,7,4,1,5
wresting,8,7,1,8,7,1,8
wrestle,7,4,1,5,3,1,4
wrestle's,9,5,0,5,5,0,5
wrestled,8,4,1,5,4,1,5
wrestler,8,3,0,3,3,0,3
wrestler's,10,3,0,3,3,0,3
wrestlers,9,3,0,3,3,0,3
wrestles,8,4,1,5,4,1,5
wrestling,9,6,1,7,6,1,7
wrestling's,11,6,0,6,3,1,4
wrests,6,3,2,5,3,2,5
wretch,6,3,3,6,3,2,5
wretch's,8,5,1,6,5,1,6
wretched,8,6,2,8,6,2,8
wretcheder,10,2,1,3,2,1,3
wretchedest,11,3,1,4,2,1,3
wretchedly,10,1,2,3,1,2,3
wretchedness,12,4,0,4,3,0,3
wretchedness's,14,5,0,5,3,0,3
wretches,8,4,0,4,4,0,4
wrier,5,3,5,8,3,5,8
wriest,6,5,2,7,5,2,7
wriggle,7,4,7,11,4,6,10
wriggle's,9,6,6,12,6,6,12
wriggled,8,7,5,12,5,4,9
wriggler,8,3,3,6,4,2,6
wriggler's,10,6,1,7,5,2,7
wrigglers,9,5,2,7,5,2,7
wriggles,8,7,2,9,7,3,10
wriggling,9,3,2,5,3,2,5
wriggly,7,4,5,9,4,5,9
wright,6,6,4,10,6,4,10
wring,5,3,9,12,3,9,12
wring's,7,5,6,11,6,7,13
wringer,7,4,3,7,4,3,7
wringer's,9,6,2,8,6,4,10
wringers,8,5,5,10,3,5,8
wringing,8,4,5,9,4,5,9
wrings,6,5,6,11,5,7,12
wrinkle,7,5,3,8,5,3,8
wrinkle's,9,7,2,9,7,2,9
wrinkled,8,6,6,12,4,6,10
wrinkles,8,6,3,9,6,4,10
wrinklier,9,5,3,8,5,3,8
wrinklies,9,5,1,6,5,1,6
wrinkliest,10,7,1,8,7,1,8
wrinkling,9,6,3,9,6,3,9
wrinkly,7,5,4,9,5,5,10
wrinkly's,9,6,4,10,4,4,8
wrist,5,4,4,8,4,4,8
wrist's,7,5,4,9,5,4,9
wristband,9,7,1,8,3,1,4
wristband's,11,4,2,6,3,2,5
wristbands,10,7,2,9,3,1,4
wrists,6,3,4,7,3,4,7
wristwatch,10,3,1,4,3,1,4
wristwatch's,12,4,1,5,2,2,4
wristwatches,12,4,0,4,4,0,4
writ,4,3,6,9,3,6,9
writ's,6,5,5,10,5,5,10
writable,8,6,1,7,5,2,7
write,5,4,5,9,4,5,9
writer,6,4,2,6,4,2,6
writer's,8,5,4,9,5,4,9
writers,7,4,4,8,4,4,8
writes,6,5,4,9,5,4,9
writhe,6,3,3,6,3,3,6
writhe's,8,5,3,8,6,3,9
writhed,7,5,2,7,5,4,9
writhes,7,4,4,8,4,4,8
writhing,8,5,2,7,4,7,11
writing,7,4,7,11,4,7,11
writing's,9,7,4,11,7,4,11
writings,8,5,5,10,5,5,10
writs,5,4,5,9,4,5,9
written,7,5,3,8,5,3,8
wrong,5,4,6,10,4,6,10
wrong's,7,6,5,11,6,5,11
wrongdoer,9,2,1,3,2,1,3
wrongdoer's,11,4,1,5,3,1,4
wrongdoers,10,3,2,5,3,1,4
wrongdoing,10,3,2,5,3,2,5
wrongdoing's,12,2,2,4,3,2,5
wrongdoings,11,3,2,5,3,2,5
wronged,7,6,4,10,5,4,9
wronger,7,3,6,9,3,6,9
wrongest,8,5,4,9,6,4,10
wrongful,8,2,4,6,1,5,6
wrongfully,10,2,3,5,2,4,6
wrongfulness,12,6,1,7,6,1,7
wrongfulness's,14,7,1,8,7,1,8
wrongheaded,11,2,2,4,2,1,3
wrongheadedly,13,2,2,4,2,2,4
wrongheadedness,15,2,0,2,2,0,2
wrongheadedness's,17,1,1,2,2,1,3
wronging,8,3,4,7,3,4,7
wrongly,7,2,5,7,2,5,7
wrongness,9,4,3,7,4,3,7
wrongness's,11,5,3,8,5,3,8
wrongs,6,5,5,10,5,5,10
wrote,5,3,8,11,3,8,11
wroth,5,4,6,10,4,6,10
wrought,7,6,6,12,6,6,12
wrung,5,3,8,11,3,8,11
wry,3,2,11,13,2,11,13
wryer,5,3,4,7,3,4,7
wryest,6,5,2,7,5,2,7
wryly,5,3,7,10,3,7,10
wryness,7,5,4,9,3,5,8
wryness's,9,6,4,10,4,5,9
wuss,4,2,9,11,2,9,11
wuss's,6,3,9,12,3,9,12
wusses,6,3,8,11,3,8,11
x,1,1,23,24,1,23,24
xenon,5,3,6,9,3,4,7
xenon's,7,5,4,9,5,3,8
xenophobia,10,9,1,10,9,1,10
xenophobia's,12,4,0,4,5,0,5
xenophobic,10,8,2,10,8,2,10
xerographic,11,6,1,7,4,1,5
xerography,10,3,2,5,3,2,5
xerography's,12,7,0,7,4,1,5
xylem,5,3,4,7,3,4,7
xylem's,7,5,2,7,5,2,7
xylophone,9,2,3,5,2,3,5
xylophone's,11,4,2,6,3,2,5
xylophones,10,3,2,5,3,2,5
xylophonist,11,4,0,4,4,0,4
xylophonist's,13,6,0,6,4,0,4
xylophonists,12,3,0,3,3,0,3
y,1,1,24,25,1,24,25
y'all,5,2,4,6,2,4,6
yacht,5,3,2,5,2,4,6
yacht's,7,4,7,11,4,7,11
yachted,7,5,5,10,4,5,9
yachting,8,4,4,8,5,4,9
yachting's,10,7,3,10,4,3,7
yachts,6,2,5,7,2,5,7
yachtsman,9,2,2,4,2,2,4
yachtsman's,11,2,2,4,2,2,4
yachtsmen,9,3,2,5,3,2,5
yack,4,3,12,15,3,12,15
yack's,6,5,11,16,5,11,16
yacked,6,5,9,14,5,10,15
yacking,7,6,9,15,6,9,15
yacks,5,4,11,15,4,12,16
yahoo,5,3,2,5,3,2,5
yahoo's,7,5,4,9,5,4,9
yahoos,6,3,4,7,3,4,7
yak,3,3,2,5,3,3,6
yak's,5,5,1,6,5,1,6
yakked,6,5,11,16,4,8,12
yakking,7,6,9,15,5,7,12
yaks,4,4,2,6,4,3,7
yam,3,2,9,11,2,9,11
yam's,5,5,2,7,5,2,7
yammer,6,4,6,10,4,6,10
yammer's,8,6,4,10,6,4,10
yammered,8,5,4,9,5,3,8
yammering,9,7,3,10,7,3,10
yammers,7,5,3,8,5,7,12
yams,4,4,3,7,4,4,8
yank,4,4,5,9,4,6,10
yank's,6,6,5,11,6,5,11
yanked,6,5,5,10,5,5,10
yanking,7,5,6,11,5,6,11
yanks,5,5,5,10,5,6,11
yap,3,3,8,11,3,8,11
yap's,5,5,3,8,5,3,8
yapped,6,4,12,16,5,8,13
yapping,7,5,10,15,6,7,13
yaps,4,4,7,11,4,8,12
yard,4,4,5,9,4,5,9
yard's,6,5,8,13,5,8,13
yardage,7,4,2,6,4,3,7
yardage's,9,6,2,8,6,2,8
yardages,8,5,2,7,4,3,7
yardarm,7,3,3,6,3,3,6
yardarm's,9,5,1,6,5,2,7
yardarms,8,3,2,5,3,2,5
yards,5,4,8,12,4,10,14
yardstick,9,5,2,7,5,2,7
yardstick's,11,5,1,6,6,1,7
yardsticks,10,3,2,5,3,2,5
yarmulke,8,4,4,8,2,4,6
yarmulke's,10,6,3,9,6,1,7
yarmulkes,9,3,2,5,3,2,5
yarn,4,3,6,9,3,6,9
yarn's,6,5,7,12,5,8,13
yarns,5,4,9,13,4,9,13
yaw,3,2,3,5,2,4,6
yaw's,5,4,4,8,4,4,8
yawed,5,4,6,10,4,6,10
yawing,6,5,7,12,5,7,12
yawl,4,3,6,9,3,6,9
yawl's,6,5,5,10,5,5,10
yawls,5,4,7,11,4,6,10
yawn,4,3,8,11,3,8,11
yawn's,6,5,7,12,5,7,12
yawned,6,5,5,10,5,6,11
yawning,7,5,5,10,5,5,10
yawns,5,4,8,12,4,8,12
yaws,4,3,4,7,3,5,8
yaws's,6,4,4,8,3,6,9
ye,2,1,13,14,1,13,14
yea,3,2,4,6,2,4,6
yea's,5,4,8,12,4,8,12
yeah,4,2,9,11,3,7,10
yeah's,6,4,7,11,5,6,11
yeahs,5,4,6,10,4,6,10
year,4,3,11,14,3,11,14
year's,6,5,8,13,5,8,13
yearbook,8,3,3,6,3,3,6
yearbook's,10,5,1,6,5,1,6
yearbooks,9,4,2,6,4,3,7
yearlies,8,5,1,6,5,2,7
yearling,8,7,2,9,7,2,9
yearling's,10,8,2,10,8,2,10
yearlings,9,7,2,9,7,2,9
yearly,6,4,1,5,4,1,5
yearly's,8,4,3,7,5,3,8
yearn,5,4,1,5,4,1,5
yearned,7,5,2,7,4,2,6
yearning,8,6,2,8,6,2,8
yearning's,10,8,2,10,8,2,10
yearnings,9,4,1,5,4,1,5
yearns,6,5,2,7,4,4,8
years,5,4,10,14,4,10,14
yeas,4,3,7,10,3,9,12
yeast,5,4,3,7,4,3,7
yeast's,7,5,3,8,5,3,8
yeastier,8,5,1,6,5,1,6
yeastiest,9,4,0,4,4,0,4
yeasts,6,4,3,7,4,3,7
yeasty,6,4,1,5,4,1,5
yell,4,2,11,13,2,10,12
yell's,6,4,9,13,4,9,13
yelled,6,3,6,9,3,6,9
yelling,7,5,6,11,5,6,11
yellow,6,4,6,10,4,6,10
yellow's,8,6,4,10,6,4,10
yellowed,8,5,4,9,5,4,9
yellower,8,5,3,8,5,4,9
yellowest,9,6,1,7,6,1,7
yellowing,9,7,4,11,7,4,11
yellowish,9,6,0,6,5,2,7
yellows,7,5,6,11,5,6,11
yells,5,3,11,14,3,10,13
yelp,4,3,6,9,3,5,8
yelp's,6,5,6,11,5,5,10
yelped,6,4,3,7,4,3,7
yelping,7,6,2,8,6,2,8
yelps,5,3,6,9,3,5,8
yen,3,2,13,15,2,13,15
yen's,5,4,11,15,4,11,15
yens,4,3,10,13,3,9,12
yeoman,6,4,3,7,4,3,7
yeoman's,8,6,2,8,6,2,8
yeomen,6,3,5,8,3,5,8
yep,3,3,8,11,2,9,11
yep's,5,4,7,11,4,3,7
yeps,4,3,8,11,3,4,7
yes,3,2,9,11,2,12,14
yes's,5,3,2,5,3,2,5
yeses,5,2,0,2,2,0,2
yeshiva,7,3,2,5,4,3,7
yeshiva's,9,6,1,7,5,1,6
yeshivah,8,4,0,4,4,0,4
yeshivah's,10,6,1,7,4,1,5
yeshivahs,9,6,1,7,5,1,6
yeshivas,8,3,3,6,4,1,5
yeshivot,8,4,0,4,4,0,4
yeshivoth,9,3,0,3,3,0,3
yessed,6,3,6,9,3,4,7
yessing,7,5,1,6,5,2,7
yest,4,3,11,14,3,10,13
yesterday,9,3,1,4,3,0,3
yesterday's,11,4,0,4,3,0,3
yesterdays,10,3,0,3,3,0,3
yesteryear,10,3,1,4,2,2,4
yesteryear's,12,3,1,4,2,2,4
yet,3,2,12,14,2,12,14
yeti,4,2,8,10,2,7,9
yew,3,2,11,13,2,12,14
yew's,5,4,7,11,4,7,11
yews,4,3,8,11,3,8,11
yield,5,4,5,9,4,4,8
yield's,7,6,3,9,6,2,8
yielded,7,4,4,8,4,3,7
yielding,8,6,3,9,6,3,9
yieldings,9,4,2,6,4,1,5
yields,6,5,4,9,5,4,9
yip,3,3,11,14,3,11,14
yip's,5,5,11,16,5,10,15
yipped,6,5,8,13,5,8,13
yippee,6,1,3,4,1,3,4
yipping,7,5,7,12,5,8,13
yips,4,4,9,13,4,9,13
yo,2,1,11,12,1,11,12
yock,4,3,11,14,3,11,14
yock's,6,5,9,14,5,9,14
yocks,5,4,11,15,4,11,15
yodel,5,3,5,8,3,5,8
yodel's,7,6,6,12,7,6,13
yodeled,7,4,2,6,4,1,5
yodeler,7,2,1,3,2,1,3
yodeler's,9,4,2,6,4,2,6
yodelers,8,4,2,6,4,0,4
yodeling,8,7,3,10,7,3,10
yodelled,8,4,3,7,4,3,7
yodeller,8,3,1,4,3,1,4
yodeller's,10,6,1,7,5,0,5
yodellers,9,5,2,7,3,2,5
yodelling,9,7,4,11,7,2,9
yodels,6,5,6,11,6,5,11
yoga,4,3,5,8,3,6,9
yoga's,6,5,5,10,5,5,10
yoghourt,8,2,5,7,1,6,7
yoghourt's,10,4,3,7,4,3,7
yoghourts,9,3,4,7,3,4,7
yoghurt,7,3,5,8,3,5,8
yoghurt's,9,5,4,9,5,4,9
yoghurts,8,5,4,9,4,4,8
yogi,4,2,8,10,2,8,10
yogi's,6,4,7,11,3,11,14
yogin,5,2,4,6,2,4,6
yogin's,7,4,3,7,5,5,10
yogins,6,5,5,10,5,6,11
yogis,5,2,10,12,2,10,12
yogurt,6,2,5,7,2,5,7
yogurt's,8,4,4,8,4,4,8
yogurts,7,3,4,7,3,4,7
yoke,4,3,10,13,3,10,13
yoke's,6,5,9,14,5,9,14
yoked,5,4,9,13,4,8,12
yokel,5,3,8,11,3,8,11
yokel's,7,5,7,12,6,7,13
yokels,6,4,6,10,5,6,11
yokes,5,4,11,15,4,12,16
yoking,6,5,10,15,5,10,15
yolk,4,3,8,11,3,7,10
yolk's,6,5,7,12,5,6,11
yolks,5,3,6,9,3,6,9
yon,3,2,12,14,2,12,14
yonder,6,5,6,11,5,6,11
yore,4,3,11,14,3,11,14
yore's,6,5,8,13,5,8,13
you,3,2,7,9,2,7,9
you'd,5,4,4,8,4,4,8
you'll,6,3,4,7,3,4,7
you're,6,4,5,9,4,4,8
you's,5,4,9,13,4,9,13
you've,6,3,6,9,3,6,9
young,5,4,3,7,4,3,7
young's,7,6,2,8,5,4,9
younger,7,5,6,11,5,6,11
youngest,8,5,1,6,5,1,6
youngish,8,4,3,7,3,5,8
youngster,9,5,1,6,4,1,5
youngster's,11,5,1,6,4,1,5
youngsters,10,5,0,5,5,1,6
your,4,3,8,11,3,9,12
yours,5,4,8,12,4,8,12
yourself,8,4,0,4,6,0,6
yourselves,10,3,0,3,2,1,3
yous,4,3,11,14,3,11,14
youth,5,3,5,8,3,5,8
youth's,7,5,3,8,4,3,7
youthful,8,6,5,11,6,5,11
youthfully,10,3,4,7,4,4,8
youthfulness,12,6,0,6,6,0,6
youthfulness's,14,7,0,7,6,0,6
youths,6,5,6,11,5,6,11
yowl,4,3,9,12,3,8,11
yowl's,6,5,8,13,5,7,12
yowled,6,5,6,11,5,6,11
yowling,7,6,8,14,6,8,14
yowls,5,4,8,12,4,8,12
yttrium,7,2,5,7,2,5,7
yttrium's,9,3,3,6,3,4,7
yucca,5,2,7,9,2,7,9
yucca's,7,4,6,10,4,6,10
yuccas,6,3,7,10,4,6,10
yuck,4,3,15,18,3,15,18
yuck's,6,5,13,18,5,14,19
yucked,6,5,10,15,4,12,16
yuckier,7,5,6,11,6,7,13
yuckiest,8,6,8,14,6,7,13
yucking,7,6,10,16,6,11,17
yucks,5,4,14,18,4,14,18
yucky,5,3,5,8,2,7,9
yuk,3,1,15,16,1,14,15
yuk's,5,3,14,17,3,13,16
yukked,6,4,8,12,4,10,14
yukking,7,4,11,15,4,11,15
yuks,4,2,15,17,2,15,17
yule,4,4,3,7,4,4,8
yule's,6,6,3,9,6,3,9
yuletide,8,3,2,5,4,2,6
yuletide's,10,5,0,5,4,1,5
yum,3,2,11,13,2,11,13
yummier,7,5,4,9,5,4,9
yummiest,8,6,3,9,6,2,8
yummy,5,3,6,9,3,5,8
yup,3,2,11,13,2,11,13
yup's,5,4,10,14,4,10,14
yuppie,6,3,5,8,4,2,6
yuppie's,8,5,5,10,6,4,10
yuppies,7,5,5,10,5,4,9
yuppy,5,2,7,9,3,6,9
yuppy's,7,4,4,8,4,4,8
yups,4,3,9,12,3,8,11
z,1,0,25,25,0,25,25
zanier,6,5,2,7,5,2,7
zanies,6,4,6,10,5,4,9
zaniest,7,6,1,7,6,1,7
zaniness,8,3,2,5,4,2,6
zaniness's,10,4,2,6,5,2,7
zany,4,2,10,12,2,10,12
zany's,6,4,8,12,4,8,12
zap,3,2,9,11,2,9,11
zap's,5,4,9,13,4,9,13
zapped,6,4,10,14,4,9,13
zapper,6,4,9,13,4,8,12
zapper's,8,5,9,14,6,5,11
zappers,7,5,7,12,5,3,8
zapping,7,4,11,15,5,8,13
zaps,4,3,8,11,3,9,12
zeal,4,3,10,13,3,10,13
zeal's,6,5,8,13,5,8,13
zealot,6,4,3,7,4,3,7
zealot's,8,6,2,8,6,2,8
zealots,7,5,4,9,5,4,9
zealous,7,6,4,10,6,4,10
zealously,9,7,1,8,7,1,8
zealousness,11,5,1,6,5,1,6
zealousness's,13,6,1,7,6,1,7
zebra,5,4,3,7,4,2,6
zebra's,7,6,2,8,6,1,7
zebras,6,3,4,7,4,1,5
zebu,4,2,9,11,3,9,12
zebu's,6,4,8,12,5,5,10
zebus,5,3,8,11,3,8,11
zed,3,2,10,12,2,10,12
zed's,5,4,6,10,4,6,10
zeds,4,3,7,10,3,6,9
zenith,6,4,4,8,3,4,7
zenith's,8,6,2,8,6,2,8
zeniths,7,4,3,7,4,3,7
zephyr,6,2,3,5,2,3,5
zephyr's,8,4,2,6,4,4,8
zephyrs,7,3,3,6,3,3,6
zeppelin,8,2,2,4,2,2,4
zeppelin's,10,4,0,4,3,1,4
zeppelins,9,2,4,6,2,3,5
zero,4,2,12,14,2,12,14
zero's,6,4,10,14,4,10,14
zeroed,6,3,4,7,3,5,8
zeroes,6,3,6,9,3,7,10
zeroing,7,5,5,10,5,5,10
zeros,5,3,8,11,3,8,11
zest,4,4,3,7,4,2,6
zest's,6,5,2,7,5,2,7
zestful,7,6,3,9,6,3,9
zestfully,9,7,2,9,7,2,9
zests,5,3,8,11,3,8,11
zeta,4,3,6,9,3,6,9
zigzag,6,2,8,10,3,7,10
zigzag's,8,5,7,12,5,6,11
zigzagged,9,5,4,9,4,2,6
zigzagging,10,4,3,7,2,3,5
zigzags,7,3,6,9,4,4,8
zilch,5,4,9,13,4,9,13
zilch's,7,5,7,12,5,7,12
zillion,7,4,5,9,4,6,10
zillion's,9,6,5,11,6,5,11
zillions,8,5,5,10,5,5,10
zinc,4,2,10,12,2,10,12
zinc's,6,4,9,13,4,9,13
zinced,6,5,8,13,5,8,13
zincing,7,4,7,11,4,8,12
zincked,7,5,5,10,4,6,10
zincking,8,4,3,7,4,3,7
zincs,5,3,10,13,3,10,13
zing,4,3,12,15,3,12,15
zing's,6,5,11,16,5,11,16
zinged,6,5,9,14,5,9,14
zinger,6,5,4,9,5,5,10
zinger's,8,7,4,11,7,4,11
zingers,7,6,7,13,6,7,13
zinging,7,3,9,12,3,10,13
zings,5,4,11,15,4,11,15
zinnia,6,2,3,5,2,3,5
zinnia's,8,3,3,6,3,3,6
zinnias,7,3,2,5,3,1,4
zip,3,2,12,14,2,12,14
zip's,5,4,12,16,4,11,15
zipped,6,4,9,13,4,9,13
zipper,6,4,6,10,4,6,10
zipper's,8,6,7,13,6,6,12
zippered,8,5,3,8,5,4,9
zippering,9,6,2,8,6,3,9
zippers,7,5,7,12,5,7,12
zippier,7,4,2,6,4,2,6
zippiest,8,5,1,6,5,2,7
zipping,7,4,8,12,4,9,13
zippy,5,3,9,12,3,9,12
zips,4,3,10,13,3,10,13
zircon,6,4,4,8,3,5,8
zircon's,8,6,3,9,6,5,11
zirconium,9,2,2,4,2,2,4
zirconium's,11,5,2,7,4,2,6
zircons,7,5,3,8,5,2,7
zit,3,2,13,15,2,13,15
zit's,5,4,11,15,4,11,15
zither,6,5,4,9,5,3,8
zither's,8,7,3,10,7,3,10
zithers,7,6,4,10,6,3,9
zits,4,3,10,13,3,10,13
zodiac,6,3,3,6,3,7,10
zodiac's,8,5,2,7,5,6,11
zodiacal,8,2,2,4,2,2,4
zodiacs,7,4,5,9,4,4,8
zombi,5,3,6,9,3,7,10
zombi's,7,5,5,10,5,6,11
zombie,6,4,3,7,4,2,6
zombie's,8,6,2,8,6,3,9
zombies,7,5,3,8,5,2,7
zombis,6,3,7,10,3,7,10
zonal,5,4,3,7,4,3,7
zone,4,3,10,13,3,10,13
zone's,6,5,9,14,5,8,13
zoned,5,4,8,12,3,12,15
zones,5,4,9,13,4,10,14
zoning,6,4,6,10,4,6,10
zonked,6,4,10,14,5,7,12
zoo,3,1,7,8,1,7,8
zoo's,5,3,11,14,2,12,14
zoological,10,4,2,6,3,2,5
zoologist,9,3,1,4,3,1,4
zoologist's,11,6,0,6,3,1,4
zoologists,10,5,0,5,4,1,5
zoology,7,1,5,6,1,5,6
zoology's,9,3,3,6,3,3,6
zoom,4,2,6,8,2,6,8
zoom's,6,4,7,11,4,8,12
zoomed,6,4,8,12,4,8,12
zooming,7,5,8,13,5,9,14
zooms,5,3,6,9,3,6,9
zoos,4,2,12,14,2,12,14
zucchini,8,2,2,4,1,3,4
zucchini's,10,2,3,5,2,3,5
zucchinis,9,2,3,5,2,3,5
zwieback,8,3,3,6,3,3,6
zwieback's,10,5,2,7,4,1,5
zygote,6,4,4,8,2,4,6
zygote's,8,6,3,9,6,5,11
zygotes,7,5,4,9,5,4,9
Ångström,8,2,4,6,1,5,6
Ångström's,10,3,4,7,2,4,6
éclair,6,3,4,7,3,4,7
éclair's,8,5,2,7,5,2,7
éclairs,7,4,2,6,3,3,6
éclat,5,1,6,7,1,6,7
éclat's,7,3,5,8,3,5,8
élan,4,3,7,10,3,7,10
élan's,6,5,6,11,5,6,11
émigré,6,2,5,7,2,5,7
émigré's,8,3,5,8,3,5,8
émigrés,7,2,5,7,2,5,7
épée,4,1,6,7,2,5,7
épée's,6,3,6,9,4,5,9
épées,5,2,6,8,3,5,8
étude,5,3,6,9,3,7,10
étude's,7,5,5,10,5,6,11
études,6,3,3,6,3,3,6
